7684438814;376523
7684459223;376524
7684479632;376525
7684500041;376526
7684520434;376527
7684540842;376528
7684561252;376529
7684581660;376530
7684602070;376531
7684622478;376532
7684642887;376533
7684663300;376534
7684683705;376535
7684704118;376536
7684724527;376537
7684744932;376538
7684765341;376539
7684785750;376540
7684806159;376541
7684826568;376542
7684846976;376543
7684867386;376544
7684887794;376545
7684908207;376546
7684928612;376547
7684949021;376548
7684969434;376549
7684989839;376550
7685010248;376551
7685030657;376552
7685051065;376553
7685071475;376554
7685091883;376555
7685112293;376556
7685132701;376557
7685153110;376558
7685173519;376559
7685193928;376560
7685214338;376561
7685234746;376562
7685255155;376563
7685275564;376564
7685295973;376565
7685316382;376566
7685336791;376567
7685357199;376568
7685377609;376569
7685398017;376570
7685418427;376571
7685438835;376572
7685459244;376573
7685479653;376574
7685500062;376575
7685520471;376576
7685540880;376577
7685561292;376578
7685581698;376579
7685602106;376580
7685622516;376581
7685642924;376582
7685663334;376583
7685683743;376584
7685704151;376585
7685724561;376586
7685744969;376587
7685765379;376588
7685785787;376589
7685806200;376590
7685826605;376591
7685847014;376592
7685867423;376593
7685887832;376594
7685908240;376595
7685928650;376596
7685949058;376597
7685969468;376598
7685989876;376599
7686010285;376600
7686030694;376601
7686051103;376602
7686071512;376603
7686091921;376604
7686112329;376605
7686132739;376606
7686153147;376607
7686173557;376608
7686193966;376609
7686214374;376610
7686234788;376611
7686255192;376612
7686275602;376613
7686296010;376614
7686316419;376615
7686336828;376616
7686357237;376617
7686377646;376618
7686398055;376619
7686418463;376620
7686438873;376621
7686459285;376622
7686479691;376623
7686500099;376624
7686520508;376625
7686540917;376626
7686561326;376627
7686581735;376628
7686602144;376629
7686622552;376630
7686642962;376631
7686663370;376632
7686683780;376633
7686704193;376634
7686724597;376635
7686745007;376636
7686765415;376637
7686785825;376638
7686806233;376639
7686826642;376640
7686847051;376641
7686867460;376642
7686887869;376643
7686908278;376644
7686928686;376645
7686949096;376646
7686969504;376647
7686989914;376648
7687010322;376649
7687030731;376650
7687051140;376651
7687071549;376652
7687091958;376653
7687112371;376654
7687132775;376655
7687153189;376656
7687173597;376657
7687194003;376658
7687214412;376659
7687234820;376660
7687255230;376661
7687275638;376662
7687296048;376663
7687316456;376664
7687336869;376665
7687357274;376666
7687377683;376667
7687398096;376668
7687418501;376669
7687438909;376670
7687459319;376671
7687479727;376672
7687500137;376673
7687520545;376674
7687540958;376675
7687561363;376676
7687581772;376677
7687602181;376678
7687622590;376679
7687642999;376680
7687663408;376681
7687683817;376682
7687704226;376683
7687724635;376684
7687745044;376685
7687765453;376686
7687785861;376687
7687806271;376688
7687826679;376689
7687847089;376690
7687867497;376691
7687887906;376692
7687908315;376693
7687928724;376694
7687949132;376695
7687969546;376696
7687989950;376697
7688010360;376698
7688030768;376699
7688051178;376700
7688071586;376701
7688091995;376702
7688112408;376703
7688132813;376704
7688153225;376705
7688173635;376706
7688194044;376707
7688214449;376708
7688234858;376709
7688255267;376710
7688275676;376711
7688296084;376712
7688316494;376713
7688336902;376714
7688357312;376715
7688377720;376716
7688398129;376717
7688418538;376718
7688438947;376719
7688459356;376720
7688479765;376721
7688500173;376722
7688520583;376723
7688540991;376724
7688561401;376725
7688581809;376726
7688602218;376727
7688622627;376728
7688643036;376729
7688663445;376730
7688683854;376731
7688704267;376732
7688724672;376733
7688745081;376734
7688765490;376735
7688785899;376736
7688806307;376737
7688826717;376738
7688847125;376739
7688867535;376740
7688887943;376741
7688908352;376742
7688928761;376743
7688949170;376744
7688969579;376745
7688989988;376746
7689010396;376747
7689030806;376748
7689051214;376749
7689071624;376750
7689092032;376751
7689112441;376752
7689132850;376753
7689153259;376754
7689173668;376755
7689194077;376756
7689214486;376757
7689234895;376758
7689255304;376759
7689275713;376760
7689296122;376761
7689316530;376762
7689336940;376763
7689357348;376764
7689377762;376765
7689398166;376766
7689418575;376767
7689438984;376768
7689459397;376769
7689479802;376770
7689500211;376771
7689520620;376772
7689541033;376773
7689561437;376774
7689581847;376775
7689602259;376776
7689622664;376777
7689643073;376778
7689663482;376779
7689683892;376780
7689704300;376781
7689724710;376782
7689745118;376783
7689765527;376784
7689785936;376785
7689806345;376786
7689826753;376787
7689847163;376788
7689867571;376789
7689887981;376790
7689908389;376791
7689928799;376792
7689949211;376793
7689969616;376794
7689990025;376795
7690010434;376796
7690030843;376797
7690051252;376798
7690071664;376799
7690092070;376800
7690112478;376801
7690132887;376802
7690153296;376803
7690173705;376804
7690194115;376805
7690214523;376806
7690234933;376807
7690255341;376808
7690275754;376809
7690296159;376810
7690316568;376811
7690336977;376812
7690357386;376813
7690377794;376814
7690398204;376815
7690418612;376816
7690439022;376817
7690459430;376818
7690479839;376819
7690500248;376820
7690520657;376821
7690541066;376822
7690561475;376823
7690581883;376824
7690602293;376825
7690622705;376826
7690643111;376827
7690663519;376828
7690683928;376829
7690704338;376830
7690724746;376831
7690745156;376832
7690765564;376833
7690785973;376834
7690806382;376835
7690826791;376836
7690847200;376837
7690867609;376838
7690888017;376839
7690908431;376840
7690928835;376841
7690949245;376842
7690969653;376843
7690990066;376844
7691010471;376845
7691030880;376846
7691051289;376847
7691071698;376848
7691092106;376849
7691112516;376850
7691132924;376851
7691153334;376852
7691173742;376853
7691194155;376854
7691214561;376855
7691234969;376856
7691255379;376857
7691275787;376858
7691296196;376859
7691316605;376860
7691337014;376861
7691357423;376862
7691377832;376863
7691398240;376864
7691418650;376865
7691439058;376866
7691459468;376867
7691479876;376868
7691500285;376869
7691520698;376870
7691541103;376871
7691561516;376872
7691581921;376873
7691602329;376874
7691622739;376875
7691643147;376876
7691663557;376877
7691683965;376878
7691704374;376879
7691724784;376880
7691745192;376881
7691765602;376882
7691786014;376883
7691806419;376884
