7684447510;376523
7684467919;376524
7684488328;376525
7684508721;376526
7684529134;376527
7684549539;376528
7684569948;376529
7684590357;376530
7684610766;376531
7684631175;376532
7684651584;376533
7684671993;376534
7684692405;376535
7684712811;376536
7684733219;376537
7684753629;376538
7684774041;376539
7684794446;376540
7684814855;376541
7684835264;376542
7684855673;376543
7684876082;376544
7684896491;376545
7684916900;376546
7684937312;376547
7684957718;376548
7684978127;376549
7684998536;376550
7685018945;376551
7685039354;376552
7685059767;376553
7685080171;376554
7685100581;376555
7685120989;376556
7685141399;376557
7685161807;376558
7685182217;376559
7685202625;376560
7685223034;376561
7685243443;376562
7685263852;376563
7685284261;376564
7685304670;376565
7685325079;376566
7685345488;376567
7685365896;376568
7685386306;376569
7685406714;376570
7685427124;376571
7685447532;376572
7685467942;376573
7685488351;376574
7685508759;376575
7685529169;376576
7685549577;376577
7685569987;376578
7685590399;376579
7685610804;376580
7685631213;376581
7685651622;376582
7685672035;376583
7685692440;376584
7685712849;376585
7685733258;376586
7685753667;376587
7685774076;376588
7685794484;376589
7685814894;376590
7685835302;376591
7685855712;376592
7685876124;376593
7685896530;376594
7685916938;376595
7685937347;376596
7685957756;376597
7685978165;376598
7685998575;376599
7686018983;376600
7686039392;376601
7686059801;376602
7686080214;376603
7686100619;376604
7686121032;376605
7686141437;376606
7686161846;376607
7686182254;376608
7686202664;376609
7686223072;376610
7686243482;376611
7686263890;376612
7686284300;376613
7686304708;376614
7686325117;376615
7686345526;376616
7686365935;376617
7686386344;376618
7686406753;376619
7686427162;376620
7686447571;376621
7686467980;376622
7686488389;376623
7686508802;376624
7686529207;376625
7686549616;376626
7686570025;376627
7686590434;376628
7686610842;376629
7686631252;376630
7686651660;376631
7686672070;376632
7686692478;376633
7686712887;376634
7686733296;376635
7686753705;376636
7686774114;376637
7686794527;376638
7686814932;376639
7686835341;376640
7686855749;376641
7686876159;376642
7686896567;376643
7686916977;376644
7686937385;376645
7686957795;376646
7686978204;376647
7686998612;376648
7687019026;376649
7687039430;376650
7687059840;376651
7687080248;376652
7687100658;376653
7687121066;376654
7687141475;376655
7687161884;376656
7687182293;376657
7687202702;376658
7687223111;376659
7687243520;376660
7687263929;376661
7687284337;376662
7687304747;376663
7687325155;376664
7687345565;376665
7687365977;376666
7687386383;376667
7687406795;376668
7687427200;376669
7687447613;376670
7687468018;376671
7687488428;376672
7687508836;376673
7687529245;376674
7687549654;376675
7687570063;376676
7687590476;376677
7687610881;376678
7687631294;376679
7687651699;376680
7687672107;376681
7687692517;376682
7687712925;376683
7687733335;376684
7687753743;376685
7687774153;376686
7687794565;376687
7687814970;376688
7687835379;376689
7687855788;376690
7687876197;376691
7687896606;376692
7687917015;376693
7687937424;376694
7687957832;376695
7687978242;376696
7687998655;376697
7688019060;376698
7688039469;376699
7688059878;376700
7688080287;376701
7688100695;376702
7688121105;376703
7688141513;376704
7688161923;376705
7688182331;376706
7688202740;376707
7688223149;376708
7688243558;376709
7688263970;376710
7688284376;376711
7688304785;376712
7688325194;376713
7688345602;376714
7688366012;376715
7688386420;376716
7688406830;376717
7688427238;376718
7688447648;376719
7688468056;376720
7688488465;376721
7688508875;376722
7688529283;376723
7688549693;376724
7688570101;376725
7688590511;376726
7688610919;376727
7688631328;376728
7688651737;376729
7688672146;376730
7688692555;376731
7688712964;376732
7688733373;376733
7688753782;376734
7688774190;376735
7688794600;376736
7688815008;376737
7688835422;376738
7688855826;376739
7688876235;376740
7688896648;376741
7688917053;376742
7688937462;376743
7688957871;376744
7688978281;376745
7688998689;376746
7689019098;376747
7689039511;376748
7689059916;376749
7689080325;376750
7689100734;376751
7689121143;376752
7689141552;376753
7689161961;376754
7689182370;376755
7689202778;376756
7689223188;376757
7689243596;376758
7689264006;376759
7689284414;376760
7689304823;376761
7689325232;376762
7689345641;376763
7689366050;376764
7689386459;376765
7689406868;376766
7689427277;376767
7689447685;376768
7689468095;376769
7689488504;376770
7689508913;376771
7689529322;376772
7689549731;376773
7689570140;376774
7689590548;376775
7689610958;376776
7689631366;376777
7689651776;376778
7689672184;376779
7689692594;376780
7689713002;376781
7689733411;376782
7689753820;376783
7689774229;376784
7689794638;376785
7689815047;376786
7689835455;376787
7689855869;376788
7689876273;376789
7689896683;376790
7689917091;376791
7689937501;376792
7689957909;376793
7689978318;376794
7689998728;376795
7690019136;376796
7690039546;376797
7690059954;376798
7690080364;376799
7690100776;376800
7690121181;376801
7690141590;376802
7690161999;376803
7690182408;376804
7690202817;376805
7690223226;376806
7690243635;376807
7690264043;376808
7690284453;376809
7690304861;376810
7690325271;376811
7690345679;376812
7690366089;376813
7690386497;376814
7690406906;376815
7690427315;376816
7690447724;376817
7690468133;376818
7690488542;376819
7690508952;376820
7690529360;376821
7690549769;376822
7690570178;376823
7690590587;376824
7690610996;376825
7690631405;376826
7690651813;376827
7690672223;376828
7690692631;376829
7690713041;376830
7690733449;376831
7690753859;376832
7690774267;376833
7690794680;376834
7690815085;376835
7690835494;376836
7690855903;376837
7690876312;376838
7690896721;376839
7690917130;376840
7690937538;376841
7690957948;376842
7690978357;376843
7690998766;376844
7691019175;376845
7691039584;376846
7691059993;376847
7691080401;376848
7691100811;376849
7691121219;376850
7691141629;376851
7691162037;376852
7691182447;376853
7691202855;376854
7691223264;376855
7691243677;376856
7691264082;376857
7691284491;376858
7691304900;376859
7691325309;376860
7691345718;376861
7691366130;376862
7691386536;376863
7691406944;376864
7691427354;376865
7691447762;376866
7691468172;376867
7691488581;376868
7691508989;376869
7691529399;376870
7691549807;376871
7691570217;376872
7691590625;376873
7691611034;376874
7691631443;376875
7691651852;376876
7691672261;376877
7691692670;376878
7691713079;376879
7691733488;376880
7691753896;376881
7691774306;376882
7691794714;376883
7691815124;376884
