7684442917;376523
7684463325;376524
7684483734;376525
7684504143;376526
7684524536;376527
7684544945;376528
7684565354;376529
7684585767;376530
7684606172;376531
7684626581;376532
7684646990;376533
7684667399;376534
7684687808;376535
7684708217;376536
7684728625;376537
7684749035;376538
7684769443;376539
7684789853;376540
7684810265;376541
7684830670;376542
7684851079;376543
7684871488;376544
7684891897;376545
7684912306;376546
7684932714;376547
7684953124;376548
7684973532;376549
7684993942;376550
7685014350;376551
7685034759;376552
7685055168;376553
7685075577;376554
7685095987;376555
7685116395;376556
7685136805;376557
7685157213;376558
7685177622;376559
7685198031;376560
7685218440;376561
7685238849;376562
7685259258;376563
7685279670;376564
7685300076;376565
7685320484;376566
7685340894;376567
7685361302;376568
7685381715;376569
7685402120;376570
7685422529;376571
7685442938;376572
7685463347;376573
7685483756;376574
7685504165;376575
7685524573;376576
7685544983;376577
7685565391;376578
7685585801;376579
7685606210;376580
7685626618;376581
7685647028;376582
7685667436;376583
7685687846;376584
7685708254;376585
7685728663;376586
7685749072;376587
7685769481;376588
7685789890;376589
7685810299;376590
7685830708;376591
7685851117;376592
7685871525;376593
7685891935;376594
7685912343;376595
7685932753;376596
7685953161;376597
7685973570;376598
7685993979;376599
7686014388;376600
7686034797;376601
7686055206;376602
7686075614;376603
7686096024;376604
7686116433;376605
7686136842;376606
7686157251;376607
7686177660;376608
7686198069;376609
7686218477;376610
7686238887;376611
7686259295;376612
7686279705;376613
7686300113;376614
7686320522;376615
7686340931;376616
7686361340;376617
7686381749;376618
7686402158;376619
7686422567;376620
7686442976;376621
7686463384;376622
7686483798;376623
7686504202;376624
7686524612;376625
7686545020;376626
7686565429;376627
7686585839;376628
7686606247;376629
7686626657;376630
7686647069;376631
7686667474;376632
7686687883;376633
7686708292;376634
7686728701;376635
7686749110;376636
7686769522;376637
7686789932;376638
7686810336;376639
7686830746;376640
7686851158;376641
7686871564;376642
7686891972;376643
7686912381;376644
7686932790;376645
7686953199;376646
7686973608;376647
7686994017;376648
7687014425;376649
7687034839;376650
7687055243;376651
7687075653;376652
7687096062;376653
7687116471;376654
7687136880;376655
7687157288;376656
7687177698;376657
7687198106;376658
7687218516;376659
7687238924;376660
7687259333;376661
7687279742;376662
7687300151;376663
7687320560;376664
7687340969;376665
7687361378;376666
7687381791;376667
7687402195;376668
7687422605;376669
7687443013;376670
7687463423;376671
7687483831;376672
7687504244;376673
7687524649;376674
7687545058;376675
7687565467;376676
7687585876;376677
7687606285;376678
7687626694;376679
7687647103;376680
7687667512;376681
7687687921;376682
7687708330;376683
7687728739;376684
7687749147;376685
7687769557;376686
7687789965;376687
7687810375;376688
7687830783;376689
7687851192;376690
7687871601;376691
7687892010;376692
7687912419;376693
7687932828;376694
7687953240;376695
7687973646;376696
7687994054;376697
7688014468;376698
7688034872;376699
7688055282;376700
7688075690;376701
7688096099;376702
7688116509;376703
7688136917;376704
7688157327;376705
7688177735;376706
7688198144;376707
7688218553;376708
7688238962;376709
7688259371;376710
7688279780;376711
7688300192;376712
7688320598;376713
7688341006;376714
7688361416;376715
7688381824;376716
7688402234;376717
7688422642;376718
7688443051;376719
7688463460;376720
7688483869;376721
7688504278;376722
7688524687;376723
7688545095;376724
7688565505;376725
7688585914;376726
7688606323;376727
7688626732;376728
7688647144;376729
7688667550;376730
7688687962;376731
7688708368;376732
7688728776;376733
7688749186;376734
7688769594;376735
7688790003;376736
7688810412;376737
7688830821;376738
7688851230;376739
7688871639;376740
7688892047;376741
7688912457;376742
7688932865;376743
7688953275;376744
7688973687;376745
7688994093;376746
7689014501;376747
7689034910;376748
7689055319;376749
7689075728;376750
7689096138;376751
7689116546;376752
7689136955;376753
7689157368;376754
7689177773;376755
7689198186;376756
7689218591;376757
7689239000;376758
7689259409;376759
7689279817;376760
7689300227;376761
7689320635;376762
7689341045;376763
7689361453;376764
7689381862;376765
7689402271;376766
7689422680;376767
7689443092;376768
7689463498;376769
7689483906;376770
7689504316;376771
7689524724;376772
7689545134;376773
7689565542;376774
7689585952;376775
7689606365;376776
7689626769;376777
7689647179;376778
7689667587;376779
7689687997;376780
7689708405;376781
7689728814;376782
7689749223;376783
7689769632;376784
7689790041;376785
7689810450;376786
7689830858;376787
7689851272;376788
7689871676;376789
7689892086;376790
7689912498;376791
7689932907;376792
7689953312;376793
7689973721;376794
7689994130;376795
7690014539;376796
7690034948;376797
7690055357;376798
7690075765;376799
7690096175;376800
7690116584;376801
7690136993;376802
7690157402;376803
7690177810;376804
7690198220;376805
7690218628;376806
7690239038;376807
7690259446;376808
7690279856;376809
7690300264;376810
7690320677;376811
7690341082;376812
7690361491;376813
7690381903;376814
7690402309;376815
7690422717;376816
7690443127;376817
7690463535;376818
7690483945;376819
7690504353;376820
7690524762;376821
7690545175;376822
7690565580;376823
7690585990;376824
7690606398;376825
7690626807;376826
7690647216;376827
7690667625;376828
7690688034;376829
7690708443;376830
7690728852;376831
7690749261;376832
7690769669;376833
7690790079;376834
7690810487;376835
7690830897;376836
7690851305;376837
7690871714;376838
7690892127;376839
7690912532;376840
7690932941;376841
7690953350;376842
7690973759;376843
7690994168;376844
7691014576;376845
7691034986;376846
7691055394;376847
7691075804;376848
7691096217;376849
7691116621;376850
7691137031;376851
7691157443;376852
7691177849;376853
7691198257;376854
7691218666;376855
7691239075;376856
7691259484;376857
7691279893;376858
7691300302;376859
7691320711;376860
7691341120;376861
7691361528;376862
7691381938;376863
7691402346;376864
7691422756;376865
7691443164;376866
7691463573;376867
7691483982;376868
7691504391;376869
7691524800;376870
7691545209;376871
7691565618;376872
7691586027;376873
7691606436;376874
7691626845;376875
7691647258;376876
7691667663;376877
7691688072;376878
7691708484;376879
7691728890;376880
7691749298;376881
7691769708;376882
7691790116;376883
7691810525;376884
