7684434491;376523
7684454899;376524
7684475309;376525
7684495717;376526
7684516110;376527
7684536519;376528
7684556928;376529
7684577337;376530
7684597746;376531
7684618154;376532
7684638564;376533
7684658972;376534
7684679385;376535
7684699790;376536
7684720199;376537
7684740608;376538
7684761017;376539
7684781425;376540
7684801835;376541
7684822244;376542
7684842653;376543
7684863062;376544
7684883470;376545
7684903880;376546
7684924288;376547
7684944698;376548
7684965106;376549
7684985515;376550
7685005924;376551
7685026333;376552
7685046742;376553
7685067151;376554
7685087559;376555
7685107969;376556
7685128377;376557
7685148786;376558
7685169195;376559
7685189604;376560
7685210013;376561
7685230422;376562
7685250830;376563
7685271240;376564
7685291649;376565
7685312058;376566
7685332467;376567
7685352875;376568
7685373285;376569
7685393693;376570
7685414103;376571
7685434511;376572
7685454920;376573
7685475329;376574
7685495738;376575
7685516146;376576
7685536556;376577
7685556964;376578
7685577374;376579
7685597782;376580
7685618191;376581
7685638600;376582
7685659009;376583
7685679418;376584
7685699827;376585
7685720235;376586
7685740645;376587
7685761053;376588
7685781462;376589
7685801876;376590
7685822280;376591
7685842690;376592
7685863098;376593
7685883507;376594
7685903916;376595
7685924325;376596
7685944734;376597
7685965143;376598
7685985551;376599
7686005961;376600
7686026369;376601
7686046779;376602
7686067187;376603
7686087596;376604
7686108005;376605
7686128418;376606
7686148822;376607
7686169232;376608
7686189640;376609
7686210054;376610
7686230462;376611
7686250867;376612
7686271276;376613
7686291685;376614
7686312099;376615
7686332503;376616
7686352912;376617
7686373321;376618
7686393730;376619
7686414139;376620
7686434548;376621
7686454956;376622
7686475366;376623
7686495774;376624
7686516184;376625
7686536592;376626
7686557001;376627
7686577410;376628
7686597819;376629
7686618228;376630
7686638637;376631
7686659045;376632
7686679455;376633
7686699863;376634
7686720272;376635
7686740681;376636
7686761090;376637
7686781499;376638
7686801908;376639
7686822317;376640
7686842726;376641
7686863135;376642
7686883544;376643
7686903953;376644
7686924361;376645
7686944771;376646
7686965179;376647
7686985589;376648
7687005997;376649
7687026406;376650
7687046815;376651
7687067224;376652
7687087633;376653
7687108042;376654
7687128450;376655
7687148860;376656
7687169268;376657
7687189677;376658
7687210090;376659
7687230499;376660
7687250904;376661
7687271313;376662
7687291722;376663
7687312131;376664
7687332540;376665
7687352949;376666
7687373358;376667
7687393766;376668
7687414176;376669
7687434584;376670
7687454993;376671
7687475402;376672
7687495811;376673
7687516220;376674
7687536629;376675
7687557037;376676
7687577447;376677
7687597855;376678
7687618265;376679
7687638673;376680
7687659082;376681
7687679491;376682
7687699904;376683
7687720313;376684
7687740722;376685
7687761126;376686
7687781536;376687
7687801945;376688
7687822354;376689
7687842767;376690
7687863171;376691
7687883581;376692
7687903989;376693
7687924398;376694
7687944807;376695
7687965216;376696
7687985625;376697
7688006034;376698
7688026442;376699
7688046852;376700
7688067260;376701
7688087670;376702
7688108078;376703
7688128491;376704
7688148896;376705
7688169305;376706
7688189714;376707
7688210127;376708
7688230531;376709
7688250941;376710
7688271349;376711
7688291759;376712
7688312168;376713
7688332576;376714
7688352990;376715
7688373394;376716
7688393803;376717
7688414212;376718
7688434621;376719
7688455034;376720
7688475439;376721
7688495847;376722
7688516257;376723
7688536665;376724
7688557075;376725
7688577483;376726
7688597892;376727
7688618301;376728
7688638710;376729
7688659119;376730
7688679528;376731
7688699936;376732
7688720346;376733
7688740754;376734
7688761163;376735
7688781572;376736
7688801981;376737
7688822391;376738
7688842799;376739
7688863208;376740
7688883617;376741
7688904026;376742
7688924435;376743
7688944844;376744
7688965252;376745
7688985662;376746
7689006070;376747
7689026480;376748
7689046888;376749
7689067297;376750
7689087706;376751
7689108115;376752
7689128523;376753
7689148933;376754
7689169341;376755
7689189751;376756
7689210159;376757
7689230568;376758
7689250977;376759
7689271386;376760
7689291796;376761
7689312204;376762
7689332613;376763
7689353022;376764
7689373431;376765
7689393840;376766
7689414249;376767
7689434657;376768
7689455067;376769
7689475475;376770
7689495884;376771
7689516293;376772
7689536702;376773
7689557111;376774
7689577520;376775
7689597929;376776
7689618342;376777
7689638746;376778
7689659160;376779
7689679564;376780
7689699973;376781
7689720382;376782
7689740791;376783
7689761200;376784
7689781609;376785
7689802018;376786
7689822427;376787
7689842836;376788
7689863245;376789
7689883658;376790
7689904062;376791
7689924472;376792
7689944880;376793
7689965290;376794
7689985698;376795
7690006107;376796
7690026516;376797
7690046929;376798
7690067333;376799
7690087743;376800
7690108151;376801
7690128561;376802
7690148973;376803
7690169378;376804
7690189787;376805
7690210196;376806
7690230605;376807
7690251014;376808
7690271422;376809
7690291832;376810
7690312241;376811
7690332650;376812
7690353059;376813
7690373467;376814
7690393877;376815
7690414285;376816
7690434694;376817
7690455107;376818
7690475516;376819
7690495921;376820
7690516330;376821
7690536738;376822
7690557148;376823
7690577556;376824
7690597966;376825
7690618374;376826
7690638783;376827
7690659192;376828
7690679601;376829
7690700010;376830
7690720423;376831
7690740827;376832
7690761237;376833
7690781645;376834
7690802054;376835
7690822464;376836
7690842872;376837
7690863282;376838
7690883690;376839
7690904099;376840
7690924508;376841
7690944917;376842
7690965326;376843
7690985735;376844
7691006143;376845
7691026553;376846
7691046961;376847
7691067371;376848
7691087779;376849
7691108188;376850
7691128597;376851
7691149006;376852
7691169414;376853
7691189828;376854
7691210232;376855
7691230642;376856
7691251050;376857
7691271459;376858
7691291869;376859
7691312281;376860
7691332691;376861
7691353095;376862
7691373504;376863
7691393913;376864
7691414322;376865
7691434734;376866
7691455140;376867
7691475548;376868
7691495958;376869
7691516366;376870
7691536775;376871
7691557184;376872
7691577593;376873
7691598002;376874
7691618415;376875
7691638819;376876
7691659229;376877
7691679637;376878
7691700047;376879
7691720455;376880
7691740864;376881
7691761273;376882
7691781682;376883
7691802091;376884
