7684442643;376523
7684463051;376524
7684483461;376525
7684503869;376526
7684524262;376527
7684544671;376528
7684565080;376529
7684585489;376530
7684605898;376531
7684626307;376532
7684646716;376533
7684667125;376534
7684687534;376535
7684707943;376536
7684728352;376537
7684748761;376538
7684769169;376539
7684789579;376540
7684809991;376541
7684830397;376542
7684850805;376543
7684871214;376544
7684891623;376545
7684912032;376546
7684932441;376547
7684952850;376548
7684973258;376549
7684993668;376550
7685014076;376551
7685034486;376552
7685054894;376553
7685075304;376554
7685095713;376555
7685116121;376556
7685136531;376557
7685156939;376558
7685177349;376559
7685197757;376560
7685218170;376561
7685238575;376562
7685258988;376563
7685279393;376564
7685299802;376565
7685320210;376566
7685340620;376567
7685361028;376568
7685381438;376569
7685401846;376570
7685422256;376571
7685442664;376572
7685463073;376573
7685483482;376574
7685503891;376575
7685524300;376576
7685544709;376577
7685565117;376578
7685585527;376579
7685605936;376580
7685626345;376581
7685646754;376582
7685667162;376583
7685687572;376584
7685707980;376585
7685728390;376586
7685748798;376587
7685769211;376588
7685789616;376589
7685810025;376590
7685830434;376591
7685850843;376592
7685871252;376593
7685891665;376594
7685912069;376595
7685932479;376596
7685952887;376597
7685973297;376598
7685993705;376599
7686014114;376600
7686034527;376601
7686054932;376602
7686075341;376603
7686095750;376604
7686116160;376605
7686136568;376606
7686156977;376607
7686177390;376608
7686197795;376609
7686218204;376610
7686238617;376611
7686259021;376612
7686279431;376613
7686299839;376614
7686320249;376615
7686340657;376616
7686361067;376617
7686381479;376618
7686401884;376619
7686422293;376620
7686442706;376621
7686463111;376622
7686483524;376623
7686503932;376624
7686524338;376625
7686544746;376626
7686565156;376627
7686585568;376628
7686605973;376629
7686626383;376630
7686646791;376631
7686667201;376632
7686687609;376633
7686708019;376634
7686728427;376635
7686748836;376636
7686769249;376637
7686789654;376638
7686810063;376639
7686830472;376640
7686850880;376641
7686871290;376642
7686891698;376643
7686912108;376644
7686932516;376645
7686952925;376646
7686973334;376647
7686993743;376648
7687014152;376649
7687034561;376650
7687054969;376651
7687075379;376652
7687095788;376653
7687116197;376654
7687136606;376655
7687157015;376656
7687177428;376657
7687197832;376658
7687218242;376659
7687238650;376660
7687259060;376661
7687279468;376662
7687299881;376663
7687320286;376664
7687340695;376665
7687361104;376666
7687381513;376667
7687401925;376668
7687422331;376669
7687442739;376670
7687463149;376671
7687483557;376672
7687503967;376673
7687524375;376674
7687544784;376675
7687565193;376676
7687585602;376677
7687606012;376678
7687626420;376679
7687646829;376680
7687667238;376681
7687687647;376682
7687708056;376683
7687728465;376684
7687748877;376685
7687769283;376686
7687789695;376687
7687810101;376688
7687830509;376689
7687850919;376690
7687871331;376691
7687891736;376692
7687912145;376693
7687932554;376694
7687952963;376695
7687973372;376696
7687993780;376697
7688014190;376698
7688034598;376699
7688055008;376700
7688075416;376701
7688095826;376702
7688116235;376703
7688136647;376704
7688157053;376705
7688177461;376706
7688197875;376707
7688218279;376708
7688238688;376709
7688259097;376710
7688279506;376711
7688299915;376712
7688320324;376713
7688340733;376714
7688361142;376715
7688381550;376716
7688401960;376717
7688422372;376718
7688442778;376719
7688463186;376720
7688483599;376721
7688504004;376722
7688524413;376723
7688544822;376724
7688565231;376725
7688585639;376726
7688606049;376727
7688626458;376728
7688646867;376729
7688667276;376730
7688687684;376731
7688708094;376732
7688728502;376733
7688748912;376734
7688769320;376735
7688789733;376736
7688810138;376737
7688830547;376738
7688850956;376739
7688871369;376740
7688891774;376741
7688912183;376742
7688932591;376743
7688953001;376744
7688973409;376745
7688993819;376746
7689014227;376747
7689034636;376748
7689055045;376749
7689075454;376750
7689095864;376751
7689116272;376752
7689136682;376753
7689157090;376754
7689177503;376755
7689197908;376756
7689218321;376757
7689238726;376758
7689259135;376759
7689279543;376760
7689299953;376761
7689320361;376762
7689340771;376763
7689361179;376764
7689381588;376765
7689401997;376766
7689422406;376767
7689442819;376768
7689463224;376769
7689483633;376770
7689504042;376771
7689524450;376772
7689544860;376773
7689565268;376774
7689585678;376775
7689606087;376776
7689626495;376777
7689646905;376778
7689667313;376779
7689687723;376780
7689708131;376781
7689728540;376782
7689748949;376783
7689769358;376784
7689789767;376785
7689810176;376786
7689830585;376787
7689850994;376788
7689871402;376789
7689891812;376790
7689912220;376791
7689932630;376792
7689953038;376793
7689973447;376794
7689993856;376795
7690014265;376796
7690034674;376797
7690055083;376798
7690075491;376799
7690095901;376800
7690116310;376801
7690136719;376802
7690157128;376803
7690177537;376804
7690197946;376805
7690218354;376806
7690238764;376807
7690259176;376808
7690279582;376809
7690299990;376810
7690320399;376811
7690340808;376812
7690361217;376813
7690381626;376814
7690402035;376815
7690422444;376816
7690442853;376817
7690463261;376818
7690483671;376819
7690504079;376820
7690524489;376821
7690544897;376822
7690565306;376823
7690585715;376824
7690606124;376825
7690626534;376826
7690646942;376827
7690667351;376828
7690687760;376829
7690708169;376830
7690728578;376831
7690748991;376832
7690769396;376833
7690789805;376834
7690810213;376835
7690830623;376836
7690851031;376837
7690871441;376838
7690891849;376839
7690912258;376840
7690932667;376841
7690953076;376842
7690973485;376843
7690993894;376844
7691014306;376845
7691034712;376846
7691055120;376847
7691075530;376848
7691095939;376849
7691116348;376850
7691136757;376851
7691157165;376852
7691177575;376853
7691197983;376854
7691218396;376855
7691238801;376856
7691259214;376857
7691279619;376858
7691300028;376859
7691320437;376860
7691340846;376861
7691361254;376862
7691381664;376863
7691402072;376864
7691422482;376865
7691442890;376866
7691463299;376867
7691483708;376868
7691504117;376869
7691524526;376870
7691544935;376871
7691565343;376872
7691585753;376873
7691606162;376874
7691626571;376875
7691646980;376876
7691667389;376877
7691687798;376878
7691708206;376879
7691728616;376880
7691749024;376881
7691769438;376882
7691789842;376883
7691810251;376884
