323332526;15843
323352935;15844
323373344;15845
323393753;15846
323414162;15847
323434571;15848
323454981;15849
323475389;15850
323495798;15851
323516207;15852
323536616;15853
323557024;15854
323577434;15855
323597842;15856
323618252;15857
323638661;15858
323659069;15859
323679479;15860
323699887;15861
323720297;15862
323740705;15863
323761114;15864
323781524;15865
323801932;15866
323822345;15867
323842750;15868
323863159;15869
323883568;15870
323903977;15871
323924386;15872
323944795;15873
323965204;15874
323985617;15875
324006026;15876
324026430;15877
324046840;15878
324067248;15879
324087658;15880
324108066;15881
324128475;15882
324148885;15883
324169293;15884
324189703;15885
324210111;15886
324230520;15887
324250929;15888
324271338;15889
324291747;15890
324312156;15891
324332565;15892
324352974;15893
324373383;15894
324393792;15895
324414201;15896
324434609;15897
324455019;15898
324475428;15899
324495840;15900
324516246;15901
324536654;15902
324557064;15903
324577476;15904
324597882;15905
324618290;15906
324638699;15907
324659109;15908
324679517;15909
324699930;15910
324720335;15911
324740744;15912
324761153;15913
324781562;15914
324801971;15915
324822380;15916
324842789;15917
324863198;15918
324883607;15919
324904015;15920
324924425;15921
324944833;15922
324965243;15923
324985651;15924
325006060;15925
325026470;15926
325046878;15927
325067288;15928
325087696;15929
325108105;15930
325128514;15931
325148927;15932
325169332;15933
325189745;15934
325210150;15935
325230559;15936
325250968;15937
325271380;15938
325291786;15939
325312194;15940
325332604;15941
325353013;15942
325373421;15943
325393831;15944
325414239;15945
325434649;15946
325455061;15947
325475470;15948
325495879;15949
325516284;15950
325536694;15951
325557106;15952
325577515;15953
325597920;15954
325618329;15955
325638741;15956
325659147;15957
325679556;15958
325699965;15959
325720374;15960
325740786;15961
325761192;15962
325781600;15963
325802010;15964
325822418;15965
325842828;15966
325863237;15967
325883649;15968
325904055;15969
325924463;15970
325944873;15971
325965281;15972
325985694;15973
326006103;15974
326026508;15975
326046917;15976
326067326;15977
326087735;15978
326108144;15979
326128553;15980
326148961;15981
326169371;15982
326189779;15983
326210189;15984
326230598;15985
326251006;15986
326271416;15987
326291824;15988
326312234;15989
326332642;15990
326353051;15991
326373461;15992
326393869;15993
326414278;15994
326434687;15995
326455096;15996
326475509;15997
326495914;15998
326516322;15999
326536736;16000
326557141;16001
326577550;16002
326597959;16003
326618367;16004
326638777;16005
326659185;16006
326679595;16007
326700007;16008
326720412;16009
326740822;16010
326761234;16011
326781643;16012
326802048;16013
326822457;16014
326842866;16015
326863275;16016
326883684;16017
326904093;16018
326924506;16019
326944911;16020
326965320;16021
326985729;16022
327006138;16023
327026546;16024
327046956;16025
327067369;16026
327087773;16027
327108183;16028
327128591;16029
327149001;16030
327169409;16031
327189818;16032
327210227;16033
327230640;16034
327251046;16035
327271458;16036
327291867;16037
327312272;16038
327332681;16039
327353090;16040
327373499;16041
327393907;16042
327414317;16043
327434726;16044
327455135;16045
327475544;16046
327495952;16047
327516362;16048
327536770;16049
327557180;16050
327577593;16051
327597997;16052
327618407;16053
327638815;16054
327659225;16055
327679633;16056
327700042;16057
327720451;16058
327740860;16059
327761273;16060
327781682;16061
327802087;16062
327822496;16063
327842905;16064
327863317;16065
327883723;16066
327904131;16067
327924541;16068
327944950;16069
327965358;16070
327985768;16071
328006180;16072
328026589;16073
328046994;16074
328067403;16075
328087812;16076
328108221;16077
328128631;16078
328149039;16079
328169418;16080
328189831;16081
328210236;16082
328230648;16083
328251054;16084
328271462;16085
328291872;16086
328312280;16087
328332693;16088
328353098;16089
328373507;16090
328393916;16091
328414325;16092
328434733;16093
328455143;16094
328475555;16095
328495965;16096
328516369;16097
328536778;16098
328557187;16099
328577596;16100
328598005;16101
328618414;16102
328638822;16103
328659232;16104
328679640;16105
328700050;16106
328720458;16107
328740867;16108
328761276;16109
328781685;16110
328802094;16111
328822503;16112
328842911;16113
328863321;16114
328883729;16115
328904138;16116
328924547;16117
328944960;16118
328965365;16119
328985774;16120
329006182;16121
329026592;16122
329047000;16123
329067414;16124
329087818;16125
329108231;16126
329128636;16127
329149045;16128
329169454;16129
329189863;16130
329210271;16131
329230681;16132
329251089;16133
329271499;16134
329291907;16135
329312316;16136
329332725;16137
329353134;16138
329373543;16139
329393952;16140
329414360;16141
329434770;16142
329455178;16143
329475591;16144
329495996;16145
329516405;16146
329536814;16147
329557223;16148
329577635;16149
329598041;16150
329618449;16151
329638859;16152
329659267;16153
329679676;16154
329700085;16155
329720498;16156
329740903;16157
329761316;16158
329781720;16159
329802134;16160
329822538;16161
329842948;16162
329863356;16163
329883769;16164
329904174;16165
329924583;16166
329944995;16167
329965401;16168
329985809;16169
330006219;16170
330026627;16171
330047037;16172
330067445;16173
330087854;16174
330108263;16175
330128671;16176
330149080;16177
330169489;16178
330189898;16179
330210311;16180
330230716;16181
330251124;16182
330271534;16183
330291946;16184
330312352;16185
330332764;16186
330353169;16187
330373578;16188
330393991;16189
330414396;16190
330434805;16191
330455213;16192
330475623;16193
330496031;16194
330516444;16195
330536849;16196
330557258;16197
330577667;16198
330598076;16199
330618484;16200
330638894;16201
330659302;16202
330679712;16203
330700120;16204
330720533;16205
330740942;16206
330761347;16207
330781756;16208
330802169;16209
330822577;16210
330842983;16211
330863391;16212
330883805;16213
330904209;16214
330924618;16215
330945027;16216
330965436;16217
330985849;16218
331006254;16219
331026662;16220
331047072;16221
331067480;16222
331087890;16223
331108298;16224
331128711;16225
331149116;16226
331169525;16227
331189934;16228
331210347;16229
331230751;16230
331251161;16231
331271569;16232
331291982;16233
331312387;16234
331332796;16235
331353205;16236
331373614;16237
331394023;16238
331414432;16239
331434840;16240
331455250;16241
331475658;16242
331496067;16243
331516476;16244
331536885;16245
331557297;16246
331577703;16247
331598111;16248
331618521;16249
331638929;16250
331659339;16251
331679747;16252
331700156;16253
331720565;16254
331740974;16255
331761386;16256
331781792;16257
331802204;16258
331822610;16259
331843018;16260
331863428;16261
331883836;16262
331904245;16263
331924658;16264
331945067;16265
331965472;16266
331985881;16267
332006293;16268
332026699;16269
332047107;16270
332067516;16271
332087925;16272
332108334;16273
332128743;16274
332149152;16275
332169560;16276
332189970;16277
332210378;16278
332230788;16279
332251196;16280
332271609;16281
332292014;16282
332312423;16283
332332832;16284
332353241;16285
332373649;16286
332394063;16287
332414467;16288
332434876;16289
332455285;16290
332475698;16291
332496103;16292
332516512;16293
332536920;16294
332557330;16295
332577738;16296
332598148;16297
332618556;16298
332638966;16299
332659374;16300
332679783;16301
332700192;16302
332720601;16303
332741009;16304
332761419;16305
332781827;16306
332802237;16307
332822645;16308
332843054;16309
332863463;16310
332883872;16311
332904281;16312
332924690;16313
332945098;16314
332965512;16315
332985916;16316
333006326;16317
333026738;16318
333047143;16319
333067556;16320
333087961;16321
333108370;16322
333128779;16323
333149187;16324
333169597;16325
333190009;16326
333210415;16327
333230823;16328
333251232;16329
333271641;16330
333292050;16331
333312462;16332
333332868;16333
333353276;16334
333373686;16335
333394094;16336
333414503;16337
333434912;16338
333455321;16339
333475730;16340
333496139;16341
333516547;16342
333536957;16343
333557369;16344
333577775;16345
333598183;16346
333618592;16347
333639001;16348
333659410;16349
333679819;16350
333700228;16351
333720636;16352
333741046;16353
333761458;16354
333781864;16355
333802276;16356
333822685;16357
333843090;16358
333863499;16359
333883908;16360
333904321;16361
333924725;16362
333945135;16363
333965543;16364
333985953;16365
334006365;16366
334026774;16367
334047179;16368
334067588;16369
334087997;16370
334108406;16371
334128814;16372
334149224;16373
334169632;16374
334190041;16375
334210450;16376
334230859;16377
334251271;16378
334271677;16379
334292085;16380
334312499;16381
334332903;16382
334353313;16383
334373721;16384
334394130;16385
334414543;16386
334434948;16387
334455357;16388
334475766;16389
334496174;16390
334516584;16391
334536992;16392
334557402;16393
334577814;16394
334598219;16395
334618628;16396
334639041;16397
334659445;16398
334679855;16399
334700263;16400
334720673;16401
334741085;16402
334761490;16403
334781899;16404
334802308;16405
334822717;16406
334843126;16407
334863534;16408
334883944;16409
334904352;16410
334924762;16411
334945170;16412
334965579;16413
334985988;16414
335006397;16415
335026806;16416
335047215;16417
335067627;16418
335088032;16419
335108441;16420
335128850;16421
335149263;16422
335169667;16423
335190077;16424
335210485;16425
335230894;16426
335251303;16427
335271716;16428
335292121;16429
335312534;16430
335332938;16431
335353348;16432
335373756;16433
335394166;16434
335414578;16435
335434983;16436
335455392;16437
335475801;16438
335496214;16439
335516619;16440
335537027;16441
335557437;16442
335577845;16443
335598255;16444
335618663;16445
335639072;16446
335659481;16447
335679894;16448
335700298;16449
335720708;16450
335741116;16451
335761526;16452
335781934;16453
335802343;16454
335822752;16455
335843161;16456
335863570;16457
335883979;16458
335904387;16459
335924797;16460
335945209;16461
335965615;16462
335986023;16463
336006436;16464
336026841;16465
336047250;16466
336067659;16467
336088068;16468
336108480;16469
336128886;16470
336149294;16471
336169704;16472
336190112;16473
336210525;16474
336230934;16475
336251339;16476
336271748;16477
336292157;16478
336312565;16479
336332979;16480
336353383;16481
336373792;16482
336394205;16483
336414610;16484
336435019;16485
336455428;16486
336475836;16487
336496246;16488
336516654;16489
336537064;16490
336557472;16491
336577885;16492
336598290;16493
336618699;16494
336639108;16495
336659517;16496
336679929;16497
336700339;16498
336720743;16499
336741153;16500
336761561;16501
336781970;16502
336802379;16503
336822788;16504
336843196;16505
336863606;16506
336884014;16507
336904424;16508
336924832;16509
336945241;16510
336965650;16511
336986059;16512
337006468;16513
337026877;16514
337047285;16515
337067695;16516
337088103;16517
337108513;16518
337128921;16519
337149330;16520
337169739;16521
337190148;16522
337210561;16523
337230966;16524
337251374;16525
337271784;16526
337292196;16527
337312605;16528
337333010;16529
337353419;16530
337373828;16531
337394237;16532
337414646;16533
337435055;16534
337455463;16535
337475873;16536
337496281;16537
337516694;16538
337537099;16539
337557508;16540
337577917;16541
337598326;16542
337618734;16543
337639144;16544
337659552;16545
337679966;16546
337700370;16547
337720783;16548
337741188;16549
337761601;16550
337782006;16551
337802419;16552
337822823;16553
337843237;16554
337863641;16555
337884051;16556
337904459;16557
337924868;16558
337945277;16559
337965686;16560
337986095;16561
338006504;16562
338026912;16563
338047326;16564
338067730;16565
338088140;16566
338108548;16567
338128957;16568
338149366;16569
338169845;16570
338190253;16571
338210667;16572
338231072;16573
338251481;16574
338271890;16575
338292299;16576
338312712;16577
338333117;16578
338353527;16579
338373935;16580
338394344;16581
338414753;16582
338435162;16583
338455572;16584
338475980;16585
338496389;16586
338516799;16587
338537207;16588
338557617;16589
338578026;16590
338598434;16591
338618844;16592
338639252;16593
338659662;16594
338680071;16595
338700479;16596
338720893;16597
338741298;16598
338761706;16599
338782116;16600
338802525;16601
338822934;16602
338843343;16603
338863752;16604
338884161;16605
338904570;16606
338924982;16607
338945388;16608
338965797;16609
338986206;16610
339006619;16611
339027025;16612
339047433;16613
339067842;16614
339088252;16615
339108660;16616
339129070;16617
339149479;16618
339169887;16619
339190297;16620
339210705;16621
339231115;16622
339251528;16623
339271932;16624
339292342;16625
339312751;16626
339333163;16627
339353569;16628
339373978;16629
339394387;16630
339414796;16631
339435204;16632
339455614;16633
339476023;16634
339496432;16635
339516841;16636
339537250;16637
339557663;16638
339578068;16639
339598481;16640
339618886;16641
339639299;16642
339659705;16643
339680113;16644
339700523;16645
339720931;16646
339741340;16647
339761750;16648
339782162;16649
339802568;16650
339822977;16651
339843385;16652
339863795;16653
339884204;16654
339904613;16655
339925022;16656
339945431;16657
339965840;16658
339986249;16659
340006658;16660
340027067;16661
340047476;16662
340067885;16663
340088294;16664
340108703;16665
340129112;16666
340149521;16667
340169931;16668
340190339;16669
340210752;16670
340231157;16671
340251566;16672
340271976;16673
340292384;16674
340312793;16675
340333203;16676
340353611;16677
340374021;16678
340394430;16679
340414838;16680
340435248;16681
340455657;16682
340476066;16683
340496475;16684
340516883;16685
340537293;16686
340557702;16687
340578110;16688
340598520;16689
340618929;16690
340639338;16691
340659747;16692
340680156;16693
340700565;16694
340720978;16695
340741383;16696
340761792;16697
340782201;16698
340802610;16699
340823019;16700
340843429;16701
340863841;16702
340884246;16703
340904656;16704
340925068;16705
340945478;16706
340965883;16707
340986291;16708
341006701;16709
341027109;16710
341047519;16711
341067928;16712
341088340;16713
341108746;16714
341129159;16715
341149567;16716
341169973;16717
341190382;16718
341210791;16719
341231200;16720
341251609;16721
341272018;16722
341292427;16723
341312836;16724
341333249;16725
341353654;16726
341374063;16727
341394472;16728
341414882;16729
341435290;16730
341455699;16731
341476109;16732
341496517;16733
341516927;16734
341537335;16735
341557744;16736
341578154;16737
341598562;16738
341618972;16739
341639385;16740
341659789;16741
341680199;16742
341700612;16743
341721017;16744
341741426;16745
341761835;16746
341782244;16747
341802653;16748
341823062;16749
341843471;16750
341863880;16751
341884289;16752
341904698;16753
341925108;16754
341945516;16755
341965925;16756
341986335;16757
342006743;16758
342027152;16759
342047562;16760
342067970;16761
342088380;16762
342108788;16763
342129197;16764
342149607;16765
342170015;16766
342190429;16767
342210838;16768
342231242;16769
342251652;16770
342272061;16771
342292470;16772
342312879;16773
342333291;16774
342353697;16775
342374106;16776
342394515;16777
342414924;16778
342435333;16779
342455742;16780
342476151;16781
342496561;16782
342516969;16783
342537378;16784
342557788;16785
342578196;16786
342598606;16787
342619014;16788
342639423;16789
342659833;16790
342680241;16791
342700651;16792
342721060;16793
342741468;16794
342761878;16795
342782287;16796
342802696;16797
342823105;16798
342843517;16799
342863923;16800
342884332;16801
342904740;16802
342925150;16803
342945559;16804
342965968;16805
342986377;16806
343006786;16807
343027195;16808
343047604;16809
343068014;16810
343088422;16811
343108835;16812
343129240;16813
343149649;16814
343170059;16815
343190467;16816
343210880;16817
343231286;16818
343251694;16819
343272104;16820
343292517;16821
343312921;16822
343333331;16823
343353740;16824
343374148;16825
343394558;16826
343414966;16827
343435376;16828
343455785;16829
343476193;16830
343496603;16831
343517012;16832
343537421;16833
343557830;16834
343578239;16835
343598648;16836
343619057;16837
343639466;16838
343659875;16839
343680284;16840
343700693;16841
343721102;16842
343741512;16843
343761920;16844
343782329;16845
343802739;16846
343823147;16847
343843557;16848
343863970;16849
343884374;16850
343904784;16851
343925192;16852
343945602;16853
343966011;16854
343986419;16855
344006829;16856
344027238;16857
344047647;16858
344068056;16859
344088465;16860
344108874;16861
344129283;16862
344149692;16863
344170101;16864
344190510;16865
344210919;16866
344231328;16867
344251737;16868
344272146;16869
344292555;16870
344312969;16871
344333377;16872
344353782;16873
344374192;16874
344394600;16875
344415010;16876
344435418;16877
344455827;16878
344476241;16879
344496645;16880
344517055;16881
344537464;16882
344557872;16883
344578282;16884
344598695;16885
344619099;16886
344639509;16887
344659918;16888
344680327;16889
344700736;16890
344721144;16891
344741554;16892
344761963;16893
344782372;16894
344802781;16895
344823190;16896
344843599;16897
344864008;16898
344884418;16899
344904830;16900
344925239;16901
344945648;16902
344966053;16903
344986463;16904
345006875;16905
345027280;16906
345047694;16907
345068102;16908
345088508;16909
345108921;16910
345129329;16911
345149735;16912
345170148;16913
345190553;16914
345210962;16915
345231370;16916
345251780;16917
345272189;16918
345292597;16919
345313007;16920
345333416;16921
345353825;16922
345374234;16923
345394643;16924
345415052;16925
345435465;16926
345455871;16927
345476283;16928
345496688;16929
345517101;16930
345537510;16931
345557916;16932
345578324;16933
345598737;16934
345619143;16935
345639551;16936
345659964;16937
345680374;16938
345700778;16939
345721188;16940
345741596;16941
345762005;16942
345782415;16943
345802823;16944
345823233;16945
345843642;16946
345864050;16947
345884464;16948
345904869;16949
345925282;16950
345945687;16951
345966096;16952
345986509;16953
346006914;16954
346027326;16955
346047732;16956
346068141;16957
346088550;16958
346108959;16959
346129369;16960
346149777;16961
346170186;16962
346190596;16963
346211004;16964
346231414;16965
346251827;16966
346272235;16967
346292641;16968
346313049;16969
346333462;16970
346353868;16971
346374276;16972
346394686;16973
346415095;16974
346435503;16975
346455913;16976
346476322;16977
346496731;16978
346517140;16979
346537548;16980
346557958;16981
346578367;16982
346598776;16983
346619185;16984
346639594;16985
346660003;16986
346680412;16987
346700822;16988
346721230;16989
346741639;16990
346762053;16991
346782457;16992
346802867;16993
346823275;16994
346843684;16995
346864094;16996
346884502;16997
346904911;16998
346925325;16999
346945729;17000
346966139;17001
346986548;17002
347006956;17003
347027366;17004
347047775;17005
347068188;17006
347088593;17007
347109001;17008
347129415;17009
347149820;17010
347170233;17011
347190638;17012
347211047;17013
347231456;17014
347251865;17015
347272275;17016
347292683;17017
347313092;17018
347333505;17019
347353910;17020
347374320;17021
347394728;17022
347415137;17023
347435547;17024
347455955;17025
347476364;17026
347496774;17027
347517182;17028
347537592;17029
347558001;17030
347578409;17031
347598823;17032
347619227;17033
347639637;17034
347660046;17035
347680454;17036
347700864;17037
347721277;17038
347741682;17039
347762091;17040
347782500;17041
347802909;17042
347823318;17043
347843727;17044
347864136;17045
347884545;17046
347904954;17047
347925363;17048
347945773;17049
347966181;17050
347986590;17051
348007004;17052
348027408;17053
348047818;17054
348068227;17055
348088635;17056
348109045;17057
348129453;17058
348149863;17059
348170241;17060
348190649;17061
348211059;17062
348231467;17063
348251876;17064
348272286;17065
348292694;17066
348313104;17067
348333512;17068
348353921;17069
348374330;17070
348394739;17071
348415149;17072
348435557;17073
348455966;17074
348476375;17075
348496784;17076
348517194;17077
348537602;17078
348558011;17079
348578424;17080
348598829;17081
348619238;17082
348639647;17083
348660060;17084
348680469;17085
348700874;17086
348721282;17087
348741692;17088
348762100;17089
348782510;17090
348802923;17091
348823331;17092
348843737;17093
348864145;17094
348884555;17095
348904964;17096
348925372;17097
348945786;17098
348966190;17099
348986600;17100
349007008;17101
349027417;17102
349047831;17103
349068239;17104
349088648;17105
349109053;17106
349129466;17107
349149871;17108
349170284;17109
349190693;17110
349211098;17111
349231507;17112
349251916;17113
349272325;17114
349292734;17115
349313143;17116
349333552;17117
349353961;17118
349374370;17119
349394778;17120
349415188;17121
349435597;17122
349456006;17123
349476415;17124
349496827;17125
349517237;17126
349537645;17127
349558051;17128
349578460;17129
349598872;17130
349619278;17131
349639686;17132
349660100;17133
349680504;17134
349700913;17135
349721323;17136
349741731;17137
349762140;17138
349782549;17139
349802958;17140
349823367;17141
349843776;17142
349864186;17143
349884594;17144
349905003;17145
349925412;17146
349945821;17147
349966231;17148
349986639;17149
350007048;17150
350027457;17151
350047866;17152
350068278;17153
350088684;17154
350109093;17155
350129502;17156
350149911;17157
350170319;17158
350190729;17159
350211141;17160
350231547;17161
350251956;17162
350272364;17163
350292778;17164
350313182;17165
350333596;17166
350354005;17167
350374409;17168
350394819;17169
350415227;17170
350435637;17171
350456049;17172
350476458;17173
350496864;17174
350517272;17175
350537682;17176
350558090;17177
350578503;17178
350598908;17179
350619317;17180
350639726;17181
350660135;17182
350680544;17183
350700953;17184
350721362;17185
350741770;17186
350762180;17187
350782593;17188
350802998;17189
350823407;17190
350843815;17191
350864225;17192
350884634;17193
350905043;17194
350925452;17195
350945860;17196
350966274;17197
350986678;17198
351007088;17199
351027497;17200
351047905;17201
351068315;17202
351088723;17203
351109133;17204
351129541;17205
351149950;17206
351170360;17207
351190768;17208
351211181;17209
351231586;17210
351251995;17211
351272405;17212
351292813;17213
351313222;17214
351333631;17215
351354040;17216
351374449;17217
351394858;17218
351415271;17219
351435680;17220
351456085;17221
351476494;17222
351496903;17223
351517315;17224
351537721;17225
351558130;17226
351578539;17227
351598952;17228
351619356;17229
351639766;17230
351660174;17231
351680584;17232
351700993;17233
351721401;17234
351741811;17235
351762219;17236
351782629;17237
351803038;17238
351823446;17239
351843856;17240
351864264;17241
351884674;17242
351905082;17243
351925491;17244
351945901;17245
351966313;17246
351986718;17247
352007127;17248
352027536;17249
352047945;17250
352068358;17251
352088763;17252
352109172;17253
352129581;17254
352149990;17255
352170399;17256
352190807;17257
352211217;17258
352231626;17259
352252035;17260
352272444;17261
352292852;17262
352313262;17263
352333675;17264
352354083;17265
352374489;17266
352394897;17267
352415307;17268
352435715;17269
352456125;17270
352476534;17271
352496942;17272
352517356;17273
352537764;17274
352558173;17275
352578578;17276
352598987;17277
352619397;17278
352639805;17279
352660214;17280
352680627;17281
352701032;17282
352721442;17283
352741850;17284
352762259;17285
352782668;17286
352803077;17287
352823486;17288
352843895;17289
352864304;17290
352884717;17291
352905122;17292
352925531;17293
352945944;17294
352966352;17295
352986762;17296
353007167;17297
353027576;17298
353047985;17299
353068393;17300
353088803;17301
353109215;17302
353129621;17303
353150030;17304
353170438;17305
353190848;17306
353211256;17307
353231665;17308
353252075;17309
353272483;17310
353292893;17311
353313305;17312
353333710;17313
353354119;17314
353374532;17315
353394938;17316
353415346;17317
353435755;17318
353456164;17319
353476573;17320
353496982;17321
353517391;17322
353537800;17323
353558209;17324
353578622;17325
353599030;17326
353619440;17327
353639844;17328
353660254;17329
353680663;17330
353701072;17331
353721481;17332
353741889;17333
353762299;17334
353782708;17335
353803117;17336
353823526;17337
353843934;17338
353864344;17339
353884752;17340
353905161;17341
353925571;17342
353945979;17343
353966389;17344
353986797;17345
354007206;17346
354027615;17347
354048024;17348
354068434;17349
354088842;17350
354109255;17351
354129660;17352
354150069;17353
354170479;17354
354190887;17355
354211296;17356
354231705;17357
354252114;17358
354272522;17359
354292932;17360
354313341;17361
354333750;17362
354354159;17363
354374568;17364
354394977;17365
354415385;17366
354435795;17367
354456204;17368
354476612;17369
354497022;17370
354517434;17371
354537840;17372
354558248;17373
354578657;17374
354599067;17375
354619475;17376
354639885;17377
354660293;17378
354680702;17379
354701112;17380
354721520;17381
354741930;17382
354762338;17383
354782747;17384
354803156;17385
354823565;17386
354843975;17387
354864383;17388
354884792;17389
354905201;17390
354925614;17391
354946018;17392
354966428;17393
354986837;17394
355007246;17395
355027655;17396
355048064;17397
355068473;17398
355088881;17399
355109291;17400
355129700;17401
355150112;17402
355170518;17403
355190926;17404
355211336;17405
355231745;17406
355252153;17407
355272563;17408
355292971;17409
355313385;17410
355333789;17411
355354198;17412
355374612;17413
355395016;17414
355415426;17415
355435834;17416
355456243;17417
355476652;17418
355497061;17419
355517471;17420
355537879;17421
355558288;17422
355578697;17423
355599106;17424
355619515;17425
355639928;17426
355660337;17427
355680742;17428
355701151;17429
355721559;17430
355741969;17431
355762378;17432
355782787;17433
355803196;17434
355823604;17435
355844018;17436
355864422;17437
355884832;17438
355905241;17439
355925649;17440
