323332470;15843
323352883;15844
323373288;15845
323393697;15846
323414106;15847
323434515;15848
323454924;15849
323475333;15850
323495742;15851
323516150;15852
323536560;15853
323556968;15854
323577378;15855
323597786;15856
323618195;15857
323638605;15858
323659013;15859
323679423;15860
323699831;15861
323720240;15862
323740649;15863
323761062;15864
323781467;15865
323801880;15866
323822285;15867
323842698;15868
323863103;15869
323883511;15870
323903921;15871
323924329;15872
323944739;15873
323965148;15874
323985556;15875
324005966;15876
324026374;15877
324046784;15878
324067192;15879
324087601;15880
324108010;15881
324128419;15882
324148832;15883
324169237;15884
324189646;15885
324210055;15886
324230464;15887
324250872;15888
324271282;15889
324291690;15890
324312100;15891
324332509;15892
324352917;15893
324373327;15894
324393735;15895
324414145;15896
324434553;15897
324454962;15898
324475372;15899
324495780;15900
324516190;15901
324536598;15902
324557011;15903
324577416;15904
324597825;15905
324618233;15906
324638647;15907
324659052;15908
324679461;15909
324699870;15910
324720278;15911
324740688;15912
324761100;15913
324781506;15914
324801914;15915
324822323;15916
324842733;15917
324863141;15918
324883551;15919
324903959;15920
324924368;15921
324944777;15922
324965186;15923
324985595;15924
325006004;15925
325026413;15926
325046822;15927
325067231;15928
325087639;15929
325108049;15930
325128457;15931
325148867;15932
325169276;15933
325189684;15934
325210094;15935
325230502;15936
325250912;15937
325271320;15938
325291729;15939
325312138;15940
325332547;15941
325352957;15942
325373365;15943
325393774;15944
325414183;15945
325434596;15946
325455000;15947
325475410;15948
325495818;15949
325516228;15950
325536637;15951
325557045;15952
325577455;15953
325597867;15954
325618277;15955
325638681;15956
325659090;15957
325679500;15958
325699908;15959
325720318;15960
325740726;15961
325761135;15962
325781544;15963
325801953;15964
325822361;15965
325842771;15966
325863180;15967
325883589;15968
325903998;15969
325924410;15970
325944816;15971
325965224;15972
325985634;15973
326006042;15974
326026451;15975
326046861;15976
326067273;15977
326087679;15978
326108087;15979
326128496;15980
326148905;15981
326169314;15982
326189723;15983
326210132;15984
326230541;15985
326250950;15986
326271363;15987
326291767;15988
326312177;15989
326332585;15990
326352999;15991
326373404;15992
326393812;15993
326414222;15994
326434630;15995
326455040;15996
326475448;15997
326495857;15998
326516266;15999
326536675;16000
326557085;16001
326577493;16002
326597902;16003
326618311;16004
326638720;16005
326659129;16006
326679542;16007
326699946;16008
326720356;16009
326740765;16010
326761173;16011
326781583;16012
326801991;16013
326822405;16014
326842809;16015
326863222;16016
326883627;16017
326904036;16018
326924446;16019
326944854;16020
326965263;16021
326985672;16022
327006081;16023
327026489;16024
327046899;16025
327067308;16026
327087717;16027
327108126;16028
327128535;16029
327148948;16030
327169352;16031
327189762;16032
327210170;16033
327230579;16034
327250989;16035
327271397;16036
327291807;16037
327312219;16038
327332624;16039
327353033;16040
327373442;16041
327393854;16042
327414260;16043
327434669;16044
327455078;16045
327475487;16046
327495896;16047
327516305;16048
327536717;16049
327557123;16050
327577532;16051
327597940;16052
327618350;16053
327638758;16054
327659168;16055
327679576;16056
327699985;16057
327720394;16058
327740803;16059
327761213;16060
327781621;16061
327802030;16062
327822439;16063
327842848;16064
327863257;16065
327883666;16066
327904074;16067
327924488;16068
327944897;16069
327965301;16070
327985711;16071
328006119;16072
328026529;16073
328046937;16074
328067346;16075
328087755;16076
328108164;16077
328128574;16078
328148982;16079
328169361;16080
328189770;16081
328210179;16082
328230588;16083
328250997;16084
328271405;16085
328291815;16086
328312223;16087
328332633;16088
328353041;16089
328373450;16090
328393859;16091
328414268;16092
328434676;16093
328455090;16094
328475494;16095
328495904;16096
328516312;16097
328536721;16098
328557130;16099
328577539;16100
328597948;16101
328618357;16102
328638765;16103
328659179;16104
328679587;16105
328699993;16106
328720401;16107
328740814;16108
328761219;16109
328781628;16110
328802037;16111
328822446;16112
328842854;16113
328863268;16114
328883672;16115
328904081;16116
328924490;16117
328944899;16118
328965308;16119
328985717;16120
329006125;16121
329026535;16122
329046947;16123
329067353;16124
329087761;16125
329108170;16126
329128579;16127
329148988;16128
329169400;16129
329189806;16130
329210214;16131
329230628;16132
329251032;16133
329271442;16134
329291850;16135
329312259;16136
329332668;16137
329353077;16138
329373485;16139
329393895;16140
329414303;16141
329434713;16142
329455121;16143
329475530;16144
329495939;16145
329516348;16146
329536757;16147
329557166;16148
329577574;16149
329597984;16150
329618392;16151
329638802;16152
329659210;16153
329679619;16154
329700028;16155
329720437;16156
329740845;16157
329761259;16158
329781663;16159
329802073;16160
329822484;16161
329842890;16162
329863299;16163
329883708;16164
329904117;16165
329924526;16166
329944934;16167
329965344;16168
329985752;16169
330006162;16170
330026570;16171
330046979;16172
330067388;16173
330087797;16174
330108205;16175
330128614;16176
330149023;16177
330169432;16178
330189841;16179
330210249;16180
330230659;16181
330251067;16182
330271481;16183
330291885;16184
330312294;16185
330332707;16186
330353112;16187
330373521;16188
330393930;16189
330414338;16190
330434748;16191
330455156;16192
330475566;16193
330495974;16194
330516383;16195
330536792;16196
330557201;16197
330577609;16198
330598019;16199
330618427;16200
330638837;16201
330659245;16202
330679654;16203
330700063;16204
330720472;16205
330740881;16206
330761290;16207
330781698;16208
330802108;16209
330822516;16210
330842925;16211
330863334;16212
330883743;16213
330904152;16214
330924561;16215
330944969;16216
330965379;16217
330985787;16218
331006197;16219
331026605;16220
331047014;16221
331067427;16222
331087832;16223
331108241;16224
331128650;16225
331149058;16226
331169468;16227
331189876;16228
331210286;16229
331230694;16230
331251107;16231
331271512;16232
331291921;16233
331312330;16234
331332739;16235
331353151;16236
331373561;16237
331393965;16238
331414378;16239
331434783;16240
331455192;16241
331475601;16242
331496010;16243
331516418;16244
331536832;16245
331557236;16246
331577646;16247
331598054;16248
331618463;16249
331638872;16250
331659281;16251
331679690;16252
331700099;16253
331720507;16254
331740917;16255
331761325;16256
331781734;16257
331802147;16258
331822552;16259
331842961;16260
331863370;16261
331883778;16262
331904188;16263
331924596;16264
331945010;16265
331965414;16266
331985823;16267
332006232;16268
332026641;16269
332047050;16270
332067459;16271
332087867;16272
332108277;16273
332128685;16274
332149095;16275
332169503;16276
332189912;16277
332210321;16278
332230730;16279
332251138;16280
332271548;16281
332291956;16282
332312366;16283
332332774;16284
332353183;16285
332373592;16286
332394001;16287
332414414;16288
332434819;16289
332455227;16290
332475637;16291
332496045;16292
332516455;16293
332536863;16294
332557272;16295
332577681;16296
332598090;16297
332618498;16298
332638908;16299
332659316;16300
332679726;16301
332700134;16302
332720543;16303
332740952;16304
332761361;16305
332781770;16306
332802179;16307
332822587;16308
332842997;16309
332863405;16310
332883815;16311
332904223;16312
332924632;16313
332945045;16314
332965450;16315
332985859;16316
333006268;16317
333026680;16318
333047086;16319
333067494;16320
333087904;16321
333108312;16322
333128721;16323
333149130;16324
333169539;16325
333189947;16326
333210357;16327
333230765;16328
333251175;16329
333271583;16330
333291992;16331
333312401;16332
333332810;16333
333353223;16334
333373628;16335
333394036;16336
333414446;16337
333434854;16338
333455263;16339
333475672;16340
333496081;16341
333516490;16342
333536899;16343
333557307;16344
333577717;16345
333598125;16346
333618535;16347
333638943;16348
333659352;16349
333679761;16350
333700170;16351
333720579;16352
333740988;16353
333761396;16354
333781806;16355
333802214;16356
333822624;16357
333843032;16358
333863441;16359
333883850;16360
333904259;16361
333924668;16362
333945077;16363
333965485;16364
333985895;16365
334006303;16366
334026713;16367
334047121;16368
334067530;16369
334087939;16370
334108348;16371
334128756;16372
334149166;16373
334169574;16374
334189984;16375
334210392;16376
334230801;16377
334251210;16378
334271619;16379
334292028;16380
334312437;16381
334332845;16382
334353255;16383
334373663;16384
334394073;16385
334414481;16386
334434890;16387
334455299;16388
334475708;16389
334496116;16390
334516530;16391
334536934;16392
334557344;16393
334577752;16394
334598161;16395
334618570;16396
334638979;16397
334659388;16398
334679797;16399
334700205;16400
334720615;16401
334741023;16402
334761433;16403
334781841;16404
334802250;16405
334822663;16406
334843068;16407
334863476;16408
334883890;16409
334904294;16410
334924704;16411
334945112;16412
334965521;16413
334985934;16414
335006339;16415
335026748;16416
335047157;16417
335067565;16418
335087974;16419
335108383;16420
335128792;16421
335149201;16422
335169613;16423
335190019;16424
335210427;16425
335230836;16426
335251245;16427
335271654;16428
335292063;16429
335312472;16430
335332880;16431
335353290;16432
335373698;16433
335394108;16434
335414520;16435
335434925;16436
335455334;16437
335475743;16438
335496152;16439
335516561;16440
335536969;16441
335557379;16442
335577791;16443
335598196;16444
335618605;16445
335639014;16446
335659427;16447
335679832;16448
335700244;16449
335720650;16450
335741058;16451
335761468;16452
335781876;16453
335802285;16454
335822694;16455
335843103;16456
335863512;16457
335883921;16458
335904329;16459
335924739;16460
335945147;16461
335965557;16462
335985965;16463
336006374;16464
336026783;16465
336047196;16466
336067600;16467
336088010;16468
336108418;16469
336128828;16470
336149236;16471
336169645;16472
336190054;16473
336210463;16474
336230872;16475
336251281;16476
336271689;16477
336292099;16478
336312507;16479
336332917;16480
336353325;16481
336373734;16482
336394143;16483
336414552;16484
336434960;16485
336455370;16486
336475782;16487
336496188;16488
336516596;16489
336537005;16490
336557414;16491
336577823;16492
336598232;16493
336618641;16494
336639049;16495
336659459;16496
336679867;16497
336700277;16498
336720685;16499
336741094;16500
336761503;16501
336781912;16502
336802320;16503
336822730;16504
336843138;16505
336863548;16506
336883956;16507
336904365;16508
336924774;16509
336945183;16510
336965592;16511
336986001;16512
337006409;16513
337026819;16514
337047227;16515
337067637;16516
337088048;16517
337108454;16518
337128867;16519
337149272;16520
337169681;16521
337190090;16522
337210498;16523
337230908;16524
337251316;16525
337271725;16526
337292134;16527
337312543;16528
337332956;16529
337353365;16530
337373769;16531
337394179;16532
337414587;16533
337434997;16534
337455405;16535
337475814;16536
337496223;16537
337516632;16538
337537041;16539
337557450;16540
337577858;16541
337598268;16542
337618676;16543
337639085;16544
337659494;16545
337679903;16546
337700312;16547
337720721;16548
337741129;16549
337761539;16550
337781947;16551
337802357;16552
337822765;16553
337843174;16554
337863583;16555
337883992;16556
337904401;16557
337924810;16558
337945218;16559
337965628;16560
337986036;16561
338006445;16562
338026854;16563
338047263;16564
338067672;16565
338088081;16566
338108489;16567
338128899;16568
338149307;16569
338169787;16570
338190195;16571
338210604;16572
338231014;16573
338251422;16574
338271832;16575
338292241;16576
338312649;16577
338333059;16578
338353468;16579
338373877;16580
338394286;16581
338414694;16582
338435104;16583
338455513;16584
338475922;16585
338496331;16586
338516740;16587
338537149;16588
338557558;16589
338577967;16590
338598376;16591
338618789;16592
338639194;16593
338659607;16594
338680016;16595
338700421;16596
338720830;16597
338741240;16598
338761648;16599
338782057;16600
338802467;16601
338822875;16602
338843284;16603
338863694;16604
338884102;16605
338904516;16606
338924920;16607
338945329;16608
338965739;16609
338986147;16610
339006561;16611
339026966;16612
339047374;16613
339067784;16614
339088193;16615
339108602;16616
339129011;16617
339149420;16618
339169829;16619
339190238;16620
339210647;16621
339231056;16622
339251465;16623
339271874;16624
339292283;16625
339312693;16626
339333101;16627
339353510;16628
339373920;16629
339394328;16630
339414738;16631
339435146;16632
339455555;16633
339475965;16634
339496373;16635
339516782;16636
339537192;16637
339557600;16638
339578010;16639
339598419;16640
339618827;16641
339639241;16642
339659646;16643
339680055;16644
339700464;16645
339720872;16646
339741282;16647
339761691;16648
339782100;16649
339802509;16650
339822922;16651
339843327;16652
339863736;16653
339884145;16654
339904554;16655
339924963;16656
339945372;16657
339965781;16658
339986190;16659
340006599;16660
340027008;16661
340047418;16662
340067826;16663
340088235;16664
340108645;16665
340129053;16666
340149463;16667
340169876;16668
340190280;16669
340210690;16670
340231098;16671
340251508;16672
340271917;16673
340292325;16674
340312735;16675
340333144;16676
340353552;16677
340373962;16678
340394371;16679
340414780;16680
340435189;16681
340455598;16682
340476011;16683
340496420;16684
340516825;16685
340537238;16686
340557643;16687
340578052;16688
340598461;16689
340618870;16690
340639279;16691
340659688;16692
340680098;16693
340700506;16694
340720915;16695
340741324;16696
340761733;16697
340782143;16698
340802551;16699
340822960;16700
340843370;16701
340863778;16702
340884188;16703
340904597;16704
340925005;16705
340945415;16706
340965824;16707
340986233;16708
341006642;16709
341027050;16710
341047460;16711
341067869;16712
341088277;16713
341108687;16714
341129096;16715
341149505;16716
341169914;16717
341190324;16718
341210732;16719
341231141;16720
341251551;16721
341271959;16722
341292368;16723
341312777;16724
341333186;16725
341353596;16726
341374004;16727
341394413;16728
341414823;16729
341435231;16730
341455641;16731
341476050;16732
341496458;16733
341516868;16734
341537276;16735
341557685;16736
341578095;16737
341598503;16738
341618913;16739
341639322;16740
341659730;16741
341680140;16742
341700549;16743
341720958;16744
341741367;16745
341761776;16746
341782185;16747
341802594;16748
341823003;16749
341843412;16750
341863825;16751
341884230;16752
341904639;16753
341925049;16754
341945457;16755
341965866;16756
341986275;16757
342006684;16758
342027094;16759
342047503;16760
342067911;16761
342088321;16762
342108729;16763
342129138;16764
342149548;16765
342169960;16766
342190366;16767
342210775;16768
342231183;16769
342251593;16770
342272002;16771
342292411;16772
342312820;16773
342333228;16774
342353638;16775
342374047;16776
342394456;16777
342414865;16778
342435278;16779
342455683;16780
342476092;16781
342496502;16782
342516910;16783
342537319;16784
342557729;16785
342578137;16786
342598546;16787
342618959;16788
342639364;16789
342659774;16790
342680182;16791
342700591;16792
342721001;16793
342741409;16794
342761819;16795
342782232;16796
342802636;16797
342823050;16798
342843454;16799
342863864;16800
342884273;16801
342904681;16802
342925095;16803
342945500;16804
342965909;16805
342986318;16806
343006727;16807
343027136;16808
343047545;16809
343067958;16810
343088363;16811
343108772;16812
343129181;16813
343149590;16814
343169999;16815
343190408;16816
343210817;16817
343231227;16818
343251635;16819
343272044;16820
343292454;16821
343312862;16822
343333272;16823
343353681;16824
343374089;16825
343394499;16826
343414907;16827
343435316;16828
343455726;16829
343476134;16830
343496544;16831
343516953;16832
343537361;16833
343557771;16834
343578184;16835
343598589;16836
343618998;16837
343639410;16838
343659816;16839
343680225;16840
343700634;16841
343721043;16842
343741452;16843
343761861;16844
343782270;16845
343802679;16846
343823092;16847
343843497;16848
343863907;16849
343884315;16850
343904725;16851
343925133;16852
343945542;16853
343965952;16854
343986360;16855
344006769;16856
344027179;16857
344047587;16858
344067997;16859
344088406;16860
344108814;16861
344129224;16862
344149633;16863
344170042;16864
344190451;16865
344210859;16866
344231269;16867
344251682;16868
344272086;16869
344292496;16870
344312905;16871
344333314;16872
344353723;16873
344374132;16874
344394541;16875
344414950;16876
344435359;16877
344455768;16878
344476177;16879
344496586;16880
344516995;16881
344537405;16882
344557813;16883
344578226;16884
344598632;16885
344619040;16886
344639450;16887
344659859;16888
344680271;16889
344700677;16890
344721085;16891
344741494;16892
344761904;16893
344782312;16894
344802726;16895
344823131;16896
344843539;16897
344863949;16898
344884358;16899
344904767;16900
344925176;16901
344945584;16902
344965994;16903
344986403;16904
345006811;16905
345027221;16906
345047630;16907
345068039;16908
345088448;16909
345108857;16910
345129266;16911
345149675;16912
345170085;16913
345190493;16914
345210902;16915
345231311;16916
345251720;16917
345272130;16918
345292538;16919
345312947;16920
345333357;16921
345353765;16922
345374175;16923
345394584;16924
345414992;16925
345435402;16926
345455811;16927
345476219;16928
345496629;16929
345517037;16930
345537447;16931
345557856;16932
345578264;16933
345598674;16934
345619083;16935
345639492;16936
345659901;16937
345680310;16938
345700719;16939
345721128;16940
345741537;16941
345761946;16942
345782355;16943
345802764;16944
345823173;16945
345843583;16946
345863991;16947
345884400;16948
345904810;16949
345925218;16950
345945628;16951
345966037;16952
345986445;16953
346006855;16954
346027267;16955
346047672;16956
346068082;16957
346088490;16958
346108900;16959
346129309;16960
346149717;16961
346170127;16962
346190536;16963
346210945;16964
346231354;16965
346251763;16966
346272172;16967
346292581;16968
346312989;16969
346333403;16970
346353808;16971
346374217;16972
346394626;16973
346415035;16974
346435444;16975
346455853;16976
346476263;16977
346496671;16978
346517080;16979
346537493;16980
346557898;16981
346578308;16982
346598716;16983
346619125;16984
346639535;16985
346659943;16986
346680353;16987
346700762;16988
346721170;16989
346741580;16990
346761989;16991
346782397;16992
346802807;16993
346823219;16994
346843625;16995
346864034;16996
346884442;16997
346904852;16998
346925261;16999
346945670;17000
346966079;17001
346986488;17002
347006897;17003
347027306;17004
347047715;17005
347068124;17006
347088533;17007
347108942;17008
347129351;17009
347149760;17010
347170169;17011
347190578;17012
347210988;17013
347231396;17014
347251805;17015
347272215;17016
347292623;17017
347313033;17018
347333441;17019
347353850;17020
347374260;17021
347394668;17022
347415077;17023
347435487;17024
347455895;17025
347476305;17026
347496714;17027
347517123;17028
347537532;17029
347557941;17030
347578350;17031
347598759;17032
347619171;17033
347639577;17034
347659986;17035
347680395;17036
347700804;17037
347721213;17038
347741622;17039
347762035;17040
347782441;17041
347802849;17042
347823258;17043
347843667;17044
347864076;17045
347884486;17046
347904894;17047
347925303;17048
347945713;17049
347966121;17050
347986534;17051
348006944;17052
348027348;17053
348047758;17054
348068167;17055
348088575;17056
348108985;17057
348129393;17058
348149803;17059
348170185;17060
348190589;17061
348210999;17062
348231407;17063
348251821;17064
348272226;17065
348292634;17066
348313044;17067
348333452;17068
348353861;17069
348374270;17070
348394683;17071
348415089;17072
348435497;17073
348455906;17074
348476315;17075
348496724;17076
348517134;17077
348537542;17078
348557951;17079
348578360;17080
348598773;17081
348619178;17082
348639587;17083
348659996;17084
348680405;17085
348700814;17086
348721223;17087
348741632;17088
348762040;17089
348782450;17090
348802859;17091
348823268;17092
348843677;17093
348864085;17094
348884495;17095
348904908;17096
348925312;17097
348945722;17098
348966130;17099
348986540;17100
349006948;17101
349027357;17102
349047767;17103
349068175;17104
349088585;17105
349108993;17106
349129402;17107
349149811;17108
349170220;17109
349190629;17110
349211038;17111
349231447;17112
349251856;17113
349272269;17114
349292674;17115
349313087;17116
349333492;17117
349353901;17118
349374310;17119
349394722;17120
349415128;17121
349435537;17122
349455946;17123
349476355;17124
349496763;17125
349517177;17126
349537581;17127
349557991;17128
349578400;17129
349598808;17130
349619218;17131
349639626;17132
349660036;17133
349680444;17134
349700853;17135
349721263;17136
349741671;17137
349762080;17138
349782489;17139
349802902;17140
349823307;17141
349843716;17142
349864125;17143
349884534;17144
349904943;17145
349925352;17146
349945761;17147
349966170;17148
349986579;17149
350006988;17150
350027396;17151
350047806;17152
350068214;17153
350088624;17154
350109033;17155
350129441;17156
350149851;17157
350170259;17158
350190669;17159
350211077;17160
350231486;17161
350251896;17162
350272304;17163
350292714;17164
350313122;17165
350333535;17166
350353941;17167
350374353;17168
350394759;17169
350415167;17170
350435576;17171
350455985;17172
350476394;17173
350496804;17174
350517212;17175
350537621;17176
350558030;17177
350578443;17178
350598851;17179
350619257;17180
350639666;17181
350660075;17182
350680484;17183
350700892;17184
350721302;17185
350741710;17186
350762120;17187
350782529;17188
350802937;17189
350823347;17190
350843755;17191
350864165;17192
350884574;17193
350904982;17194
350925392;17195
350945800;17196
350966209;17197
350986618;17198
351007027;17199
351027437;17200
351047845;17201
351068254;17202
351088667;17203
351109072;17204
351129481;17205
351149890;17206
351170299;17207
351190708;17208
351211117;17209
351231525;17210
351251935;17211
351272343;17212
351292753;17213
351313162;17214
351333571;17215
351353984;17216
351374392;17217
351394798;17218
351415207;17219
351435616;17220
351456025;17221
351476433;17222
351496843;17223
351517251;17224
351537660;17225
351558070;17226
351578478;17227
351598888;17228
351619296;17229
351639705;17230
351660114;17231
351680523;17232
351700933;17233
351721341;17234
351741754;17235
351762159;17236
351782568;17237
351802977;17238
351823386;17239
351843795;17240
351864204;17241
351884613;17242
351905021;17243
351925431;17244
351945840;17245
351966249;17246
351986658;17247
352007066;17248
352027476;17249
352047884;17250
352068294;17251
352088703;17252
352109111;17253
352129521;17254
352149929;17255
352170339;17256
352190747;17257
352211156;17258
352231566;17259
352251974;17260
352272383;17261
352292792;17262
352313201;17263
352333615;17264
352354019;17265
352374428;17266
352394837;17267
352415246;17268
352435655;17269
352456064;17270
352476473;17271
352496882;17272
352517291;17273
352537699;17274
352558109;17275
352578521;17276
352598927;17277
352619336;17278
352639748;17279
352660158;17280
352680562;17281
352700972;17282
352721381;17283
352741789;17284
352762199;17285
352782607;17286
352803017;17287
352823425;17288
352843834;17289
352864248;17290
352884652;17291
352905062;17292
352925470;17293
352945879;17294
352966288;17295
352986697;17296
353007107;17297
353027515;17298
353047924;17299
353068333;17300
353088746;17301
353109151;17302
353129560;17303
353149969;17304
353170378;17305
353190787;17306
353211195;17307
353231605;17308
353252014;17309
353272423;17310
353292832;17311
353313244;17312
353333650;17313
353354058;17314
353374468;17315
353394877;17316
353415285;17317
353435695;17318
353456103;17319
353476513;17320
353496921;17321
353517330;17322
353537740;17323
353558148;17324
353578558;17325
353598966;17326
353619375;17327
353639784;17328
353660193;17329
353680602;17330
353701011;17331
353721420;17332
353741829;17333
353762238;17334
353782647;17335
353803056;17336
353823465;17337
353843874;17338
353864283;17339
353884691;17340
353905101;17341
353925510;17342
353945918;17343
353966332;17344
353986736;17345
354007146;17346
354027554;17347
354047963;17348
354068373;17349
354088781;17350
354109191;17351
354129599;17352
354150008;17353
354170418;17354
354190826;17355
354211236;17356
354231644;17357
354252053;17358
354272462;17359
354292875;17360
354313281;17361
354333689;17362
354354098;17363
354374511;17364
354394916;17365
354415324;17366
354435734;17367
354456143;17368
354476552;17369
354496961;17370
354517369;17371
354537779;17372
354558187;17373
354578597;17374
354599006;17375
354619414;17376
354639824;17377
354660232;17378
354680642;17379
354701051;17380
354721463;17381
354741869;17382
354762277;17383
354782686;17384
354803095;17385
354823508;17386
354843918;17387
354864322;17388
354884731;17389
354905140;17390
354925549;17391
354945958;17392
354966367;17393
354986776;17394
355007185;17395
355027594;17396
355048003;17397
355068412;17398
355088820;17399
355109234;17400
355129639;17401
355150047;17402
355170457;17403
355190865;17404
355211275;17405
355231684;17406
355252096;17407
355272502;17408
355292910;17409
355313320;17410
355333728;17411
355354137;17412
355374547;17413
355394955;17414
355415365;17415
355435773;17416
355456182;17417
355476591;17418
355497000;17419
355517410;17420
355537818;17421
355558227;17422
355578636;17423
355599045;17424
355619455;17425
355639863;17426
355660272;17427
355680681;17428
355701090;17429
355721498;17430
355741908;17431
355762317;17432
355782726;17433
355803135;17434
355823543;17435
355843953;17436
355864361;17437
355884771;17438
355905184;17439
355925588;17440
