323332800;15843
323353213;15844
323373617;15845
323394027;15846
323414435;15847
323434845;15848
323455254;15849
323475663;15850
323496072;15851
323516480;15852
323536890;15853
323557298;15854
323577708;15855
323598116;15856
323618526;15857
323638935;15858
323659343;15859
323679753;15860
323700161;15861
323720574;15862
323740979;15863
323761388;15864
323781798;15865
323802206;15866
323822616;15867
323843028;15868
323863433;15869
323883842;15870
323904251;15871
323924660;15872
323945069;15873
323965482;15874
323985887;15875
324006296;15876
324026705;15877
324047114;15878
324067523;15879
324087932;15880
324108344;15881
324128750;15882
324149159;15883
324169568;15884
324189981;15885
324210385;15886
324230795;15887
324251203;15888
324271613;15889
324292025;15890
324312430;15891
324332840;15892
324353248;15893
324373658;15894
324394066;15895
324414476;15896
324434884;15897
324455293;15898
324475703;15899
324496111;15900
324516521;15901
324536929;15902
324557338;15903
324577747;15904
324598156;15905
324618568;15906
324638978;15907
324659383;15908
324679792;15909
324700201;15910
324720610;15911
324741023;15912
324761428;15913
324781837;15914
324802245;15915
324822655;15916
324843064;15917
324863473;15918
324883882;15919
324904294;15920
324924700;15921
324945112;15922
324965518;15923
324985926;15924
325006336;15925
325026745;15926
325047153;15927
325067563;15928
325087971;15929
325108380;15930
325128789;15931
325149198;15932
325169608;15933
325190016;15934
325210426;15935
325230834;15936
325251243;15937
325271652;15938
325292061;15939
325312470;15940
325332879;15941
325353289;15942
325373697;15943
325394106;15944
325414515;15945
325434924;15946
325455332;15947
325475742;15948
325496150;15949
325516560;15950
325536969;15951
325557378;15952
325577787;15953
325598195;15954
325618605;15955
325639013;15956
325659423;15957
325679832;15958
325700241;15959
325720650;15960
325741058;15961
325761468;15962
325781876;15963
325802286;15964
325822698;15965
325843103;15966
325863513;15967
325883921;15968
325904331;15969
325924739;15970
325945148;15971
325965557;15972
325985966;15973
326006375;15974
326026784;15975
326047194;15976
326067602;15977
326088011;15978
326108420;15979
326128829;15980
326149237;15981
326169647;15982
326190055;15983
326210465;15984
326230874;15985
326251283;15986
326271692;15987
326292100;15988
326312510;15989
326332918;15990
326353328;15991
326373737;15992
326394145;15993
326414555;15994
326434963;15995
326455373;15996
326475781;15997
326496194;15998
326516599;15999
326537008;16000
326557418;16001
326577826;16002
326598236;16003
326618644;16004
326639053;16005
326659462;16006
326679871;16007
326700280;16008
326720689;16009
326741098;16010
326761511;16011
326781916;16012
326802325;16013
326822734;16014
326843143;16015
326863552;16016
326883961;16017
326904370;16018
326924779;16019
326945188;16020
326965601;16021
326986005;16022
327006415;16023
327026823;16024
327047233;16025
327067642;16026
327088051;16027
327108460;16028
327128868;16029
327149278;16030
327169686;16031
327190096;16032
327210504;16033
327230913;16034
327251323;16035
327271731;16036
327292141;16037
327312549;16038
327332962;16039
327353367;16040
327373776;16041
327394185;16042
327414598;16043
327435004;16044
327455412;16045
327475821;16046
327496230;16047
327516639;16048
327537048;16049
327557457;16050
327577866;16051
327598275;16052
327618684;16053
327639093;16054
327659506;16055
327679910;16056
327700320;16057
327720728;16058
327741138;16059
327761547;16060
327781956;16061
327802365;16062
327822773;16063
327843183;16064
327863595;16065
327884005;16066
327904409;16067
327924818;16068
327945228;16069
327965636;16070
327986046;16071
328006454;16072
328026863;16073
328047272;16074
328067681;16075
328088090;16076
328108499;16077
328128909;16078
328149317;16079
328169696;16080
328190105;16081
328210514;16082
328230923;16083
328251332;16084
328271740;16085
328292150;16086
328312558;16087
328332968;16088
328353376;16089
328373785;16090
328394194;16091
328414603;16092
328435016;16093
328455421;16094
328475830;16095
328496239;16096
328516647;16097
328537057;16098
328557465;16099
328577875;16100
328598283;16101
328618692;16102
328639101;16103
328659510;16104
328679919;16105
328700328;16106
328720737;16107
328741146;16108
328761554;16109
328781964;16110
328802372;16111
328822782;16112
328843190;16113
328863599;16114
328884008;16115
328904417;16116
328924826;16117
328945235;16118
328965643;16119
328986053;16120
329006465;16121
329026871;16122
329047279;16123
329067688;16124
329088097;16125
329108510;16126
329128915;16127
329149324;16128
329169733;16129
329190142;16130
329210550;16131
329230960;16132
329251368;16133
329271778;16134
329292186;16135
329312595;16136
329333004;16137
329353413;16138
329373822;16139
329394231;16140
329414640;16141
329435049;16142
329455457;16143
329475867;16144
329496275;16145
329516685;16146
329537093;16147
329557502;16148
329577911;16149
329598320;16150
329618729;16151
329639138;16152
329659546;16153
329679956;16154
329700364;16155
329720774;16156
329741182;16157
329761595;16158
329782000;16159
329802409;16160
329822818;16161
329843227;16162
329863636;16163
329884045;16164
329904457;16165
329924863;16166
329945271;16167
329965681;16168
329986089;16169
330006498;16170
330026907;16171
330047316;16172
330067725;16173
330088134;16174
330108543;16175
330128952;16176
330149364;16177
330169770;16178
330190178;16179
330210587;16180
330230996;16181
330251404;16182
330271814;16183
330292222;16184
330312632;16185
330333044;16186
330353449;16187
330373858;16188
330394267;16189
330414676;16190
330435085;16191
330455494;16192
330475903;16193
330496315;16194
330516721;16195
330537129;16196
330557539;16197
330577947;16198
330598356;16199
330618765;16200
330639174;16201
330659583;16202
330679992;16203
330700400;16204
330720810;16205
330741218;16206
330761628;16207
330782036;16208
330802445;16209
330822854;16210
330843263;16211
330863672;16212
330884081;16213
330904490;16214
330924899;16215
330945307;16216
330965717;16217
330986125;16218
331006535;16219
331026943;16220
331047352;16221
331067761;16222
331088170;16223
331108579;16224
331128988;16225
331149396;16226
331169806;16227
331190214;16228
331210624;16229
331231032;16230
331251442;16231
331271850;16232
331292259;16233
331312668;16234
331333077;16235
331353486;16236
331373895;16237
331394307;16238
331414713;16239
331435121;16240
331455531;16241
331475939;16242
331496348;16243
331516757;16244
331537166;16245
331557575;16246
331577984;16247
331598393;16248
331618802;16249
331639210;16250
331659620;16251
331680028;16252
331700438;16253
331720846;16254
331741255;16255
331761664;16256
331782077;16257
331802482;16258
331822895;16259
331843300;16260
331863709;16261
331884117;16262
331904527;16263
331924935;16264
331945345;16265
331965753;16266
331986162;16267
332006571;16268
332026980;16269
332047389;16270
332067798;16271
332088206;16272
332108616;16273
332129028;16274
332149434;16275
332169842;16276
332190252;16277
332210660;16278
332231069;16279
332251478;16280
332271887;16281
332292296;16282
332312705;16283
332333113;16284
332353523;16285
332373931;16286
332394341;16287
332414749;16288
332435158;16289
332455567;16290
332475976;16291
332496385;16292
332516794;16293
332537203;16294
332557612;16295
332578024;16296
332598430;16297
332618838;16298
332639248;16299
332659656;16300
332680065;16301
332700474;16302
332720883;16303
332741292;16304
332761701;16305
332782110;16306
332802519;16307
332822927;16308
332843337;16309
332863745;16310
332884155;16311
332904563;16312
332924972;16313
332945381;16314
332965790;16315
332986199;16316
333006612;16317
333027017;16318
333047426;16319
333067834;16320
333088244;16321
333108652;16322
333129062;16323
333149470;16324
333169879;16325
333190288;16326
333210697;16327
333231106;16328
333251515;16329
333271923;16330
333292333;16331
333312741;16332
333333151;16333
333353559;16334
333373969;16335
333394377;16336
333414786;16337
333435195;16338
333455604;16339
333476013;16340
333496422;16341
333516830;16342
333537240;16343
333557648;16344
333578058;16345
333598466;16346
333618875;16347
333639284;16348
333659693;16349
333680102;16350
333700511;16351
333720919;16352
333741329;16353
333761737;16354
333782147;16355
333802555;16356
333822965;16357
333843373;16358
333863782;16359
333884191;16360
333904600;16361
333925009;16362
333945418;16363
333965826;16364
333986236;16365
334006644;16366
334027054;16367
334047466;16368
334067872;16369
334088280;16370
334108689;16371
334129098;16372
334149507;16373
334169916;16374
334190325;16375
334210733;16376
334231143;16377
334251551;16378
334271961;16379
334292369;16380
334312778;16381
334333187;16382
334353596;16383
334374005;16384
334394414;16385
334414822;16386
334435232;16387
334455640;16388
334476050;16389
334496458;16390
334516868;16391
334537276;16392
334557685;16393
334578094;16394
334598503;16395
334618912;16396
334639321;16397
334659729;16398
334680139;16399
334700547;16400
334720957;16401
334741365;16402
334761775;16403
334782183;16404
334802592;16405
334823005;16406
334843410;16407
334863819;16408
334884228;16409
334904636;16410
334925046;16411
334945454;16412
334965864;16413
334986272;16414
335006681;16415
335027090;16416
335047499;16417
335067908;16418
335088317;16419
335108729;16420
335129135;16421
335149543;16422
335169956;16423
335190361;16424
335210770;16425
335231179;16426
335251587;16427
335271997;16428
335292405;16429
335312819;16430
335333223;16431
335353632;16432
335374041;16433
335394454;16434
335414863;16435
335435268;16436
335455676;16437
335476086;16438
335496494;16439
335516904;16440
335537312;16441
335557721;16442
335578130;16443
335598539;16444
335618948;16445
335639361;16446
335659766;16447
335680175;16448
335700583;16449
335720993;16450
335741401;16451
335761811;16452
335782219;16453
335802628;16454
335823037;16455
335843446;16456
335863855;16457
335884264;16458
335904673;16459
335925082;16460
335945490;16461
335965900;16462
335986308;16463
336006718;16464
336027126;16465
336047535;16466
336067944;16467
336088353;16468
336108762;16469
336129171;16470
336149579;16471
336169989;16472
336190397;16473
336210807;16474
336231215;16475
336251625;16476
336272033;16477
336292442;16478
336312851;16479
336333264;16480
336353669;16481
336374078;16482
336394486;16483
336414896;16484
336435304;16485
336455714;16486
336476122;16487
336496531;16488
336516940;16489
336537353;16490
336557762;16491
336578167;16492
336598576;16493
336618985;16494
336639397;16495
336659803;16496
336680211;16497
336700621;16498
336721029;16499
336741438;16500
336761847;16501
336782256;16502
336802665;16503
336823078;16504
336843483;16505
336863892;16506
336884300;16507
336904710;16508
336925118;16509
336945527;16510
336965936;16511
336986345;16512
337006754;16513
337027163;16514
337047572;16515
337067981;16516
337088389;16517
337108799;16518
337129207;16519
337149617;16520
337170025;16521
337190435;16522
337210843;16523
337231252;16524
337251661;16525
337272070;16526
337292483;16527
337312888;16528
337333296;16529
337353706;16530
337374114;16531
337394524;16532
337414932;16533
337435341;16534
337455750;16535
337476159;16536
337496568;16537
337516977;16538
337537386;16539
337557795;16540
337578203;16541
337598613;16542
337619021;16543
337639431;16544
337659843;16545
337680248;16546
337700657;16547
337721066;16548
337741475;16549
337761884;16550
337782292;16551
337802702;16552
337823110;16553
337843520;16554
337863928;16555
337884337;16556
337904746;16557
337925155;16558
337945564;16559
337965973;16560
337986386;16561
338006791;16562
338027199;16563
338047609;16564
338068017;16565
338088427;16566
338108835;16567
338129244;16568
338149653;16569
338170132;16570
338190541;16571
338210950;16572
338231359;16573
338251768;16574
338272181;16575
338292587;16576
338312995;16577
338333408;16578
338353814;16579
338374222;16580
338394632;16581
338415040;16582
338435450;16583
338455859;16584
338476267;16585
338496677;16586
338517086;16587
338537495;16588
338557904;16589
338578314;16590
338598722;16591
338619131;16592
338639540;16593
338659949;16594
338680359;16595
338700767;16596
338721176;16597
338741586;16598
338761994;16599
338782404;16600
338802813;16601
338823221;16602
338843631;16603
338864040;16604
338884449;16605
338904858;16606
338925267;16607
338945676;16608
338966085;16609
338986494;16610
339006903;16611
339027313;16612
339047721;16613
339068130;16614
339088540;16615
339108948;16616
339129358;16617
339149767;16618
339170175;16619
339190585;16620
339210993;16621
339231403;16622
339251812;16623
339272221;16624
339292630;16625
339313039;16626
339333448;16627
339353857;16628
339374267;16629
339394675;16630
339415084;16631
339435493;16632
339455902;16633
339476312;16634
339496720;16635
339517129;16636
339537539;16637
339557947;16638
339578357;16639
339598766;16640
339619178;16641
339639584;16642
339659993;16643
339680402;16644
339700811;16645
339721220;16646
339741629;16647
339762038;16648
339782447;16649
339802856;16650
339823266;16651
339843674;16652
339864087;16653
339884493;16654
339904905;16655
339925311;16656
339945720;16657
339966129;16658
339986538;16659
340006950;16660
340027356;16661
340047765;16662
340068174;16663
340088583;16664
340108996;16665
340129401;16666
340149810;16667
340170220;16668
340190628;16669
340211037;16670
340231446;16671
340251855;16672
340272265;16673
340292673;16674
340313083;16675
340333492;16676
340353900;16677
340374310;16678
340394719;16679
340415128;16680
340435537;16681
340455946;16682
340476355;16683
340496764;16684
340517173;16685
340537582;16686
340557992;16687
340578400;16688
340598809;16689
340619219;16690
340639627;16691
340660036;16692
340680446;16693
340700854;16694
340721264;16695
340741673;16696
340762082;16697
340782491;16698
340802899;16699
340823309;16700
340843722;16701
340864127;16702
340884536;16703
340904949;16704
340925354;16705
340945763;16706
340966177;16707
340986581;16708
341006991;16709
341027399;16710
341047808;16711
341068218;16712
341088626;16713
341109036;16714
341129445;16715
341149853;16716
341170263;16717
341190672;16718
341211081;16719
341231490;16720
341251900;16721
341272308;16722
341292717;16723
341313130;16724
341333535;16725
341353945;16726
341374353;16727
341394762;16728
341415172;16729
341435580;16730
341455994;16731
341476399;16732
341496808;16733
341517217;16734
341537625;16735
341558035;16736
341578444;16737
341598853;16738
341619262;16739
341639671;16740
341660080;16741
341680489;16742
341700899;16743
341721307;16744
341741716;16745
341762126;16746
341782534;16747
341802944;16748
341823352;16749
341843761;16750
341864171;16751
341884579;16752
341904989;16753
341925398;16754
341945807;16755
341966220;16756
341986625;16757
342007034;16758
342027447;16759
342047853;16760
342068261;16761
342088670;16762
342109079;16763
342129488;16764
342149902;16765
342170306;16766
342190715;16767
342211125;16768
342231533;16769
342251943;16770
342272352;16771
342292761;16772
342313170;16773
342333578;16774
342353992;16775
342374397;16776
342394806;16777
342415215;16778
342435624;16779
342456033;16780
342476442;16781
342496852;16782
342517260;16783
342537669;16784
342558079;16785
342578487;16786
342598897;16787
342619305;16788
342639715;16789
342660124;16790
342680532;16791
342700942;16792
342721351;16793
342741760;16794
342762169;16795
342782578;16796
342802987;16797
342823396;16798
342843806;16799
342864214;16800
342884624;16801
342905036;16802
342925441;16803
342945851;16804
342966259;16805
342986669;16806
343007082;16807
343027486;16808
343047896;16809
343068305;16810
343088714;16811
343109123;16812
343129531;16813
343149941;16814
343170350;16815
343190759;16816
343211168;16817
343231578;16818
343251986;16819
343272395;16820
343292805;16821
343313213;16822
343333623;16823
343354032;16824
343374440;16825
343394854;16826
343415258;16827
343435668;16828
343456077;16829
343476485;16830
343496895;16831
343517308;16832
343537713;16833
343558122;16834
343578532;16835
343598940;16836
343619349;16837
343639758;16838
343660167;16839
343680577;16840
343700985;16841
343721394;16842
343741804;16843
343762212;16844
343782626;16845
343803031;16846
343823440;16847
343843849;16848
343864258;16849
343884667;16850
343905076;16851
343925485;16852
343945894;16853
343966307;16854
343986712;16855
344007121;16856
344027531;16857
344047939;16858
344068348;16859
344088758;16860
344109166;16861
344129576;16862
344149985;16863
344170394;16864
344190803;16865
344211211;16866
344231621;16867
344252030;16868
344272439;16869
344292848;16870
344313257;16871
344333666;16872
344354075;16873
344374485;16874
344394893;16875
344415302;16876
344435711;16877
344456124;16878
344476534;16879
344496938;16880
344517348;16881
344537757;16882
344558169;16883
344578579;16884
344598984;16885
344619393;16886
344639802;16887
344660211;16888
344680620;16889
344701029;16890
344721438;16891
344741847;16892
344762256;16893
344782665;16894
344803074;16895
344823484;16896
344843892;16897
344864301;16898
344884711;16899
344905119;16900
344925529;16901
344945938;16902
344966347;16903
344986756;16904
345007164;16905
345027574;16906
345047983;16907
345068392;16908
345088801;16909
345109214;16910
345129619;16911
345150028;16912
345170438;16913
345190846;16914
345211256;16915
345231664;16916
345252073;16917
345272487;16918
345292891;16919
345313301;16920
345333710;16921
345354122;16922
345374528;16923
345394937;16924
345415346;16925
345435755;16926
345456164;16927
345476573;16928
345496982;16929
345517391;16930
345537800;16931
345558213;16932
345578618;16933
345599027;16934
345619441;16935
345639845;16936
345660255;16937
345680664;16938
345701072;16939
345721482;16940
345741890;16941
345762300;16942
345782709;16943
345803117;16944
345823527;16945
345843936;16946
345864345;16947
345884754;16948
345905164;16949
345925572;16950
345945981;16951
345966391;16952
345986799;16953
346007209;16954
346027617;16955
346048026;16956
346068436;16957
346088844;16958
346109254;16959
346129663;16960
346150071;16961
346170481;16962
346190890;16963
346211303;16964
346231708;16965
346252121;16966
346272530;16967
346292935;16968
346313344;16969
346333753;16970
346354163;16971
346374571;16972
346394980;16973
346415390;16974
346435798;16975
346456208;16976
346476617;16977
346497025;16978
346517435;16979
346537843;16980
346558257;16981
346578662;16982
346599074;16983
346619480;16984
346639889;16985
346660298;16986
346680707;16987
346701117;16988
346721525;16989
346741934;16990
346762344;16991
346782752;16992
346803162;16993
346823570;16994
346843979;16995
346864389;16996
346884797;16997
346905207;16998
346925616;16999
346946024;17000
346966437;17001
346986843;17002
347007252;17003
347027661;17004
347048071;17005
347068479;17006
347088888;17007
347109301;17008
347129706;17009
347150116;17010
347170524;17011
347190933;17012
347211343;17013
347231751;17014
347252161;17015
347272570;17016
347292978;17017
347313388;17018
347333796;17019
347354206;17020
347374615;17021
347395024;17022
347415433;17023
347435842;17024
347456251;17025
347476660;17026
347497070;17027
347517478;17028
347537887;17029
347558297;17030
347578705;17031
347599115;17032
347619523;17033
347639932;17034
347660342;17035
347680750;17036
347701160;17037
347721573;17038
347741978;17039
347762387;17040
347782796;17041
347803205;17042
347823614;17043
347844024;17044
347864432;17045
347884842;17046
347905250;17047
347925659;17048
347946069;17049
347966477;17050
347986887;17051
348007296;17052
348027704;17053
348048114;17054
348068523;17055
348088932;17056
348109341;17057
348129749;17058
348150159;17059
348170537;17060
348190946;17061
348211355;17062
348231763;17063
348252173;17064
348272582;17065
348292991;17066
348313400;17067
348333808;17068
348354218;17069
348374626;17070
348395036;17071
348415449;17072
348435854;17073
348456263;17074
348476671;17075
348497081;17076
348517490;17077
348537899;17078
348558312;17079
348578716;17080
348599126;17081
348619534;17082
348639944;17083
348660353;17084
348680761;17085
348701171;17086
348721579;17087
348741989;17088
348762397;17089
348782807;17090
348803216;17091
348823624;17092
348844034;17093
348864442;17094
348884852;17095
348905261;17096
348925669;17097
348946079;17098
348966487;17099
348986897;17100
349007305;17101
349027715;17102
349048124;17103
349068532;17104
349088942;17105
349109350;17106
349129760;17107
349150168;17108
349170577;17109
349190987;17110
349211395;17111
349231805;17112
349252217;17113
349272622;17114
349293031;17115
349313440;17116
349333850;17117
349354258;17118
349374667;17119
349395076;17120
349415485;17121
349435895;17122
349456303;17123
349476713;17124
349497121;17125
349517530;17126
349537939;17127
349558348;17128
349578758;17129
349599166;17130
349619575;17131
349639984;17132
349660393;17133
349680802;17134
349701211;17135
349721621;17136
349742029;17137
349762438;17138
349782847;17139
349803256;17140
349823666;17141
349844074;17142
349864483;17143
349884892;17144
349905301;17145
349925710;17146
349946123;17147
349966529;17148
349986937;17149
350007346;17150
350027755;17151
350048164;17152
350068573;17153
350088982;17154
350109391;17155
350129800;17156
350150209;17157
350170618;17158
350191027;17159
350211435;17160
350231845;17161
350252254;17162
350272663;17163
350293072;17164
350313480;17165
350333890;17166
350354299;17167
350374708;17168
350395117;17169
350415526;17170
350435935;17171
350456343;17172
350476753;17173
350497166;17174
350517571;17175
350537980;17176
350558388;17177
350578802;17178
350599206;17179
350619616;17180
350640025;17181
350660433;17182
350680843;17183
350701251;17184
350721661;17185
350742069;17186
350762479;17187
350782888;17188
350803296;17189
350823706;17190
350844118;17191
350864524;17192
350884933;17193
350905345;17194
350925755;17195
350946159;17196
350966569;17197
350986977;17198
351007387;17199
351027796;17200
351048204;17201
351068618;17202
351089022;17203
351109432;17204
351129840;17205
351150249;17206
351170659;17207
351191067;17208
351211477;17209
351231885;17210
351252294;17211
351272704;17212
351293112;17213
351313522;17214
351333930;17215
351354340;17216
351374748;17217
351395157;17218
351415567;17219
351435975;17220
351456385;17221
351476793;17222
351497202;17223
351517611;17224
351538020;17225
351558430;17226
351578838;17227
351599248;17228
351619656;17229
351640065;17230
351660474;17231
351680883;17232
351701293;17233
351721701;17234
351742110;17235
351762519;17236
351782928;17237
351803338;17238
351823746;17239
351844155;17240
351864564;17241
351884977;17242
351905382;17243
351925791;17244
351946200;17245
351966609;17246
351987018;17247
352007427;17248
352027836;17249
352048245;17250
352068654;17251
352089063;17252
352109472;17253
352129881;17254
352150290;17255
352170699;17256
352191107;17257
352211517;17258
352231926;17259
352252335;17260
352272744;17261
352293152;17262
352313562;17263
352333971;17264
352354380;17265
352374789;17266
352395198;17267
352415607;17268
352436015;17269
352456425;17270
352476834;17271
352497243;17272
352517652;17273
352538060;17274
352558470;17275
352578878;17276
352599288;17277
352619697;17278
352640106;17279
352660515;17280
352680923;17281
352701333;17282
352721742;17283
352742151;17284
352762560;17285
352782968;17286
352803378;17287
352823786;17288
352844196;17289
352864605;17290
352885013;17291
352905423;17292
352925831;17293
352946241;17294
352966649;17295
352987059;17296
353007468;17297
353027876;17298
353048286;17299
353068694;17300
353089104;17301
353109512;17302
353129921;17303
353150331;17304
353170739;17305
353191149;17306
353211557;17307
353231967;17308
353252376;17309
353272784;17310
353293194;17311
353313602;17312
353334011;17313
353354420;17314
353374829;17315
353395239;17316
353415651;17317
353436057;17318
353456465;17319
353476878;17320
353497283;17321
353517692;17322
353538102;17323
353558510;17324
353578919;17325
353599328;17326
353619737;17327
353640147;17328
353660555;17329
353680965;17330
353701373;17331
353721782;17332
353742191;17333
353762600;17334
353783010;17335
353803418;17336
353823827;17337
353844236;17338
353864645;17339
353885054;17340
353905463;17341
353925876;17342
353946281;17343
353966690;17344
353987099;17345
354007508;17346
354027917;17347
354048326;17348
354068735;17349
354089144;17350
354109553;17351
354129962;17352
354150371;17353
354170780;17354
354191189;17355
354211598;17356
354232007;17357
354252416;17358
354272824;17359
354293234;17360
354313643;17361
354334052;17362
354354461;17363
354374869;17364
354395279;17365
354415687;17366
354436097;17367
354456506;17368
354476915;17369
354497324;17370
354517732;17371
354538142;17372
354558550;17373
354578964;17374
354599369;17375
354619778;17376
354640187;17377
354660595;17378
354681005;17379
354701414;17380
354721823;17381
354742232;17382
354762640;17383
354783050;17384
354803458;17385
354823868;17386
354844277;17387
354864685;17388
354885095;17389
354905503;17390
354925917;17391
354946321;17392
354966734;17393
354987140;17394
355007548;17395
355027958;17396
355048366;17397
355068776;17398
355089185;17399
355109593;17400
355130007;17401
355150411;17402
355170821;17403
355191229;17404
355211638;17405
355232048;17406
355252456;17407
355272866;17408
355293274;17409
355313683;17410
355334092;17411
355354501;17412
355374911;17413
355395319;17414
355415729;17415
355436137;17416
355456546;17417
355476955;17418
355497368;17419
355517774;17420
355538182;17421
355558591;17422
355579000;17423
355599409;17424
355619819;17425
355640227;17426
355660637;17427
355681045;17428
355701454;17429
355721863;17430
355742272;17431
355762682;17432
355783090;17433
355803499;17434
355823908;17435
355844317;17436
355864726;17437
355885139;17438
355905545;17439
355925953;17440
