7532477579;369077
7532497988;369078
7532518397;369079
7532538806;369080
7532559215;369081
7532579624;369082
7532600033;369083
7532620442;369084
7532640851;369085
7532661264;369086
7532681669;369087
7532702078;369088
7532722487;369089
7532742896;369090
7532763306;369091
7532783718;369092
7532804123;369093
7532824532;369094
7532844941;369095
7532865355;369096
7532885759;369097
7532906172;369098
7532926578;369099
7532946986;369100
7532967396;369101
7532987804;369102
7533008214;369103
7533028623;369104
7533049031;369105
7533069441;369106
7533089850;369107
7533110259;369108
7533130668;369109
7533151076;369110
7533171486;369111
7533191895;369112
7533212304;369113
7533232713;369114
7533253122;369115
7533273531;369116
7533293940;369117
7533314349;369118
7533334758;369119
7533355168;369120
7533375576;369121
7533395985;369122
7533416395;369123
7533436803;369124
7533457213;369125
7533477621;369126
7533498031;369127
7533518440;369128
7533538848;369129
7533559258;369130
7533579667;369131
7533600076;369132
7533620485;369133
7533640893;369134
7533661303;369135
7533681712;369136
7533702121;369137
7533722530;369138
7533742938;369139
7533763348;369140
7533783757;369141
7533804166;369142
7533824575;369143
7533844984;369144
7533865393;369145
7533885802;369146
7533906211;369147
7533926620;369148
7533947030;369149
7533967438;369150
7533987847;369151
7534008257;369152
7534028665;369153
7534049074;369154
7534069483;369155
7534089892;369156
7534110302;369157
7534130710;369158
7534151120;369159
7534171529;369160
7534191937;369161
7534212347;369162
7534232755;369163
7534253165;369164
7534273574;369165
7534293983;369166
7534314392;369167
7534334801;369168
7534355210;369169
7534375619;369170
7534396028;369171
7534416437;369172
7534436846;369173
7534457255;369174
7534477664;369175
7534498026;369176
7534518434;369177
7534538843;369178
7534559256;369179
7534579665;369180
7534600070;369181
7534620479;369182
7534640891;369183
7534661297;369184
7534681705;369185
7534702115;369186
7534722523;369187
7534742933;369188
7534763341;369189
7534783750;369190
7534804159;369191
7534824568;369192
7534844977;369193
7534865390;369194
7534885795;369195
7534906204;369196
7534926613;369197
7534947022;369198
7534967431;369199
7534987839;369200
7535008249;369201
7535028657;369202
7535049067;369203
7535069475;369204
7535089885;369205
7535110293;369206
7535130702;369207
7535151111;369208
7535171520;369209
7535191929;369210
7535212338;369211
7535232746;369212
7535253156;369213
7535273568;369214
7535293974;369215
7535314386;369216
7535334792;369217
7535355201;369218
7535375609;369219
7535396019;369220
7535416427;369221
7535436837;369222
7535457245;369223
7535477654;369224
7535498063;369225
7535518472;369226
7535538881;369227
7535559290;369228
7535579698;369229
7535600112;369230
7535620516;369231
7535640926;369232
7535661334;369233
7535681744;369234
7535702152;369235
7535722561;369236
7535742971;369237
7535763379;369238
7535783789;369239
7535804197;369240
7535824606;369241
7535845015;369242
7535865424;369243
7535885833;369244
7535906242;369245
7535926650;369246
7535947060;369247
7535967468;369248
7535987878;369249
7536008286;369250
7536028699;369251
7536049104;369252
7536069513;369253
7536089922;369254
7536110331;369255
7536130740;369256
7536151149;369257
7536171558;369258
7536191971;369259
7536212376;369260
7536232785;369261
7536253194;369262
7536273602;369263
7536294012;369264
7536314420;369265
7536334830;369266
7536355238;369267
7536375648;369268
7536396056;369269
7536416465;369270
7536436874;369271
7536457283;369272
7536477692;369273
7536498101;369274
7536518509;369275
7536538919;369276
7536559327;369277
7536579737;369278
7536600146;369279
7536620554;369280
7536640964;369281
7536661372;369282
7536681782;369283
7536702190;369284
7536722600;369285
7536743008;369286
7536763421;369287
7536783826;369288
7536804235;369289
7536824644;369290
7536845053;369291
7536865461;369292
7536885871;369293
7536906279;369294
7536926689;369295
7536947097;369296
7536967507;369297
7536987916;369298
7537008324;369299
7537028734;369300
7537049142;369301
7537069552;369302
7537089960;369303
7537110369;369304
7537130778;369305
7537151187;369306
7537171596;369307
7537192005;369308
7537212413;369309
7537232823;369310
7537253231;369311
7537273641;369312
7537294049;369313
7537314458;369314
7537334867;369315
7537355276;369316
7537375685;369317
7537396094;369318
7537416504;369319
7537436912;369320
7537457321;369321
7537477730;369322
7537498139;369323
7537518548;369324
7537538957;369325
7537559365;369326
7537579775;369327
7537600183;369328
7537620593;369329
7537641001;369330
7537661410;369331
7537681819;369332
7537702228;369333
7537722637;369334
7537743046;369335
7537763455;369336
7537783864;369337
7537804276;369338
7537824682;369339
7537845091;369340
7537865500;369341
7537885909;369342
7537906317;369343
7537926727;369344
7537947135;369345
7537967545;369346
7537987953;369347
7538008366;369348
7538028771;369349
7538049180;369350
7538069589;369351
7538089998;369352
7538110406;369353
7538130816;369354
7538151224;369355
7538171634;369356
7538192042;369357
7538212452;369358
7538232860;369359
7538253269;369360
7538273679;369361
7538294087;369362
7538314497;369363
7538334909;369364
7538355318;369365
7538375723;369366
7538396136;369367
7538416541;369368
7538436950;369369
7538457359;369370
7538477768;369371
7538498176;369372
7538518586;369373
7538538994;369374
7538559404;369375
7538579812;369376
7538600221;369377
7538620630;369378
7538641039;369379
7538661449;369380
7538681857;369381
7538702267;369382
7538722675;369383
7538743084;369384
7538763493;369385
7538783906;369386
7538804310;369387
7538824720;369388
7538845128;369389
7538865538;369390
7538885946;369391
7538906356;369392
7538926764;369393
7538947173;369394
7538967582;369395
7538987991;369396
7539008404;369397
7539028809;369398
7539049217;369399
7539069627;369400
7539090036;369401
7539110445;369402
7539130854;369403
7539151263;369404
7539171672;369405
7539192080;369406
7539212490;369407
7539232898;369408
7539253308;369409
7539273720;369410
7539294125;369411
7539314534;369412
7539334943;369413
7539355352;369414
7539375761;369415
7539396169;369416
7539416579;369417
7539436987;369418
7539457401;369419
7539477805;369420
7539498214;369421
7539518624;369422
7539539032;369423
7539559442;369424
7539579850;369425
7539600260;369426
7539620668;369427
7539641077;369428
7539661486;369429
7539681895;369430
7539702304;369431
7539722713;369432
7539743125;369433
7539763531;369434
7539783939;369435
7539804349;369436
7539824757;369437
7539845167;369438
7539865575;369439
7539885984;369440
7539906394;369441
7539926802;369442
7539947215;369443
7539967620;369444
7539988029;369445
7540008438;369446
7540028847;369447
7540049256;369448
7540069665;369449
7540090073;369450
7540110483;369451
7540130891;369452
7540151301;369453
7540171709;369454
7540192118;369455
7540212527;369456
7540232936;369457
7540253345;369458
7540273754;369459
7540294162;369460
7540314572;369461
7540334981;369462
7540355390;369463
7540375799;369464
7540396211;369465
7540416617;369466
7540437025;369467
7540457435;369468
7540477843;369469
7540498253;369470
7540518661;369471
7540539070;369472
7540559479;369473
7540579888;369474
7540600297;369475
7540620706;369476
7540641114;369477
7540661524;369478
7540681932;369479
7540702342;369480
7540722750;369481
7540743159;369482
7540763569;369483
7540783981;369484
7540804387;369485
7540824795;369486
7540845205;369487
7540865617;369488
7540886022;369489
7540906431;369490
7540926840;369491
7540947249;369492
7540967662;369493
