7532480579;369069
7532500989;369070
7532521398;369071
7532541808;369072
7532562217;369073
7532582627;369074
7532603040;369075
7532623449;369076
7532643859;369077
7532664265;369078
7532684674;369079
7532705088;369080
7532725493;369081
7532745903;369082
7532766312;369083
7532786721;369084
7532807131;369085
7532827545;369086
7532847950;369087
7532868360;369088
7532888768;369089
7532909178;369090
7532929588;369091
7532949997;369092
7532970407;369093
7532990821;369094
7533011226;369095
7533031636;369096
7533052044;369097
7533072454;369098
7533092864;369099
7533113273;369100
7533133683;369101
7533154097;369102
7533174502;369103
7533194911;369104
7533215320;369105
7533235730;369106
7533256140;369107
7533276549;369108
7533296959;369109
7533317369;369110
7533337781;369111
7533358187;369112
7533378596;369113
7533399006;369114
7533419416;369115
7533439825;369116
7533460235;369117
7533480643;369118
7533501053;369119
7533521467;369120
7533541872;369121
7533562286;369122
7533582692;369123
7533603105;369124
7533623510;369125
7533643923;369126
7533664333;369127
7533684743;369128
7533705148;369129
7533725558;369130
7533745971;369131
7533766376;369132
7533786786;369133
7533807195;369134
7533827605;369135
7533848015;369136
7533868428;369137
7533888838;369138
7533909244;369139
7533929656;369140
7533950066;369141
7533970471;369142
7533990881;369143
7534011291;369144
7534031700;369145
7534052110;369146
7534072519;369147
7534092928;369148
7534113338;369149
7534133747;369150
7534154157;369151
7534174567;369152
7534194976;369153
7534215385;369154
7534235795;369155
7534256204;369156
7534276614;369157
7534297023;369158
7534317433;369159
7534337843;369160
7534358251;369161
7534378661;369162
7534399071;369163
7534419480;369164
7534439890;369165
7534460299;369166
7534480708;369167
7534501070;369168
7534521479;369169
7534541889;369170
7534562298;369171
7534582708;369172
7534603117;369173
7534623527;369174
7534643935;369175
7534664345;369176
7534684754;369177
7534705164;369178
7534725573;369179
7534745987;369180
7534766395;369181
7534786801;369182
7534807210;369183
7534827620;369184
7534848030;369185
7534868443;369186
7534888849;369187
7534909258;369188
7534929667;369189
7534950076;369190
7534970486;369191
7534990899;369192
7535011305;369193
7535031718;369194
7535052123;369195
7535072532;369196
7535092942;369197
7535113351;369198
7535133761;369199
7535154170;369200
7535174580;369201
7535194989;369202
7535215398;369203
7535235807;369204
7535256217;369205
7535276627;369206
7535297036;369207
7535317446;369208
7535337855;369209
7535358264;369210
7535378673;369211
7535399083;369212
7535419492;369213
7535439902;369214
7535460311;369215
7535480724;369216
7535501133;369217
7535521539;369218
7535541948;369219
7535562358;369220
7535582767;369221
7535603181;369222
7535623586;369223
7535643999;369224
7535664404;369225
7535684814;369226
7535705224;369227
7535725633;369228
7535746043;369229
7535766452;369230
7535786861;369231
7535807270;369232
7535827680;369233
7535848089;369234
7535868499;369235
7535888908;369236
7535909318;369237
7535929726;369238
7535950136;369239
7535970549;369240
7535990955;369241
7536011368;369242
7536031778;369243
7536052183;369244
7536072593;369245
7536093002;369246
7536113411;369247
7536133821;369248
7536154230;369249
7536174640;369250
7536195049;369251
7536215458;369252
7536235867;369253
7536256277;369254
7536276686;369255
7536297100;369256
7536317509;369257
7536337915;369258
7536358323;369259
7536378733;369260
7536399146;369261
7536419552;369262
7536439961;369263
7536460371;369264
7536480780;369265
7536501190;369266
7536521599;369267
7536542008;369268
7536562422;369269
7536582827;369270
7536603237;369271
7536623646;369272
7536644055;369273
7536664464;369274
7536684874;369275
7536705287;369276
7536725693;369277
7536746102;369278
7536766512;369279
7536786921;369280
7536807330;369281
7536827739;369282
7536848149;369283
7536868558;369284
7536888968;369285
7536909377;369286
7536929787;369287
7536950196;369288
7536970605;369289
7536991015;369290
7537011424;369291
7537031834;369292
7537052243;369293
7537072656;369294
7537093061;369295
7537113471;369296
7537133880;369297
7537154290;369298
7537174699;369299
7537195109;369300
7537215518;369301
7537235931;369302
7537256336;369303
7537276746;369304
7537297155;369305
7537317569;369306
7537337974;369307
7537358384;369308
7537378793;369309
7537399202;369310
7537419612;369311
7537440021;369312
7537460431;369313
7537480840;369314
7537501250;369315
7537521662;369316
7537542072;369317
7537562477;369318
7537582887;369319
7537603296;369320
7537623706;369321
7537644115;369322
7537664524;369323
7537684933;369324
7537705343;369325
7537725756;369326
7537746162;369327
7537766572;369328
7537786981;369329
7537807394;369330
7537827799;369331
7537848209;369332
7537868618;369333
7537889028;369334
7537909437;369335
7537929847;369336
7537950255;369337
7537970665;369338
7537991074;369339
7538011484;369340
7538031893;369341
7538052303;369342
7538072712;369343
7538093122;369344
7538113530;369345
7538133940;369346
7538154349;369347
7538174759;369348
7538195173;369349
7538215578;369350
7538235987;369351
7538256396;369352
7538276806;369353
7538297215;369354
7538317625;369355
7538338034;369356
7538358448;369357
7538378853;369358
7538399266;369359
7538419671;369360
7538440081;369361
7538460494;369362
7538480900;369363
7538501309;369364
7538521718;369365
7538542131;369366
7538562541;369367
7538582946;369368
7538603356;369369
7538623766;369370
7538644175;369371
7538664584;369372
7538684993;369373
7538705403;369374
7538725812;369375
7538746222;369376
7538766631;369377
7538787041;369378
7538807449;369379
7538827859;369380
7538848272;369381
7538868678;369382
7538889087;369383
7538909497;369384
7538929906;369385
7538950316;369386
7538970724;369387
7538991134;369388
7539011544;369389
7539031953;369390
7539052363;369391
7539072776;369392
7539093185;369393
7539113590;369394
7539134000;369395
7539154409;369396
7539174819;369397
7539195228;369398
7539215638;369399
7539236047;369400
7539256456;369401
7539276865;369402
7539297279;369403
7539317684;369404
7539338098;369405
7539358507;369406
7539378912;369407
7539399321;369408
7539419731;369409
7539440141;369410
7539460550;369411
7539480960;369412
7539501369;369413
7539521779;369414
7539542187;369415
7539562597;369416
7539583010;369417
7539603416;369418
7539623825;369419
7539644239;369420
7539664647;369421
7539685053;369422
7539705466;369423
7539725872;369424
7539746281;369425
7539766691;369426
7539787100;369427
7539807510;369428
7539827918;369429
7539848328;369430
7539868742;369431
7539889151;369432
7539909557;369433
7539929966;369434
7539950375;369435
7539970784;369436
7539991198;369437
7540011603;369438
7540032013;369439
7540052426;369440
7540072832;369441
7540093244;369442
7540113650;369443
7540134059;369444
7540154473;369445
7540174882;369446
7540195288;369447
7540215697;369448
7540236107;369449
7540256519;369450
7540276925;369451
7540297335;369452
7540317744;369453
7540338154;369454
7540358563;369455
7540378973;369456
7540399381;369457
7540419791;369458
7540440200;369459
7540460610;369460
7540481019;369461
7540501429;369462
7540521838;369463
7540542247;369464
7540562656;369465
7540583066;369466
7540603475;369467
7540623885;369468
7540644294;369469
7540664704;369470
7540685113;369471
7540705526;369472
7540725932;369473
7540746341;369474
7540766755;369475
7540787164;369476
7540807573;369477
7540827978;369478
7540848392;369479
7540868797;369480
7540889207;369481
7540909616;369482
7540930030;369483
7540950435;369484
7540970844;369485
