7532469411;369077
7532489819;369078
7532510232;369079
7532530638;369080
7532551046;369081
7532571455;369082
7532591864;369083
7532612273;369084
7532632683;369085
7532653091;369086
7532673500;369087
7532693909;369088
7532714318;369089
7532734732;369090
7532755140;369091
7532775545;369092
7532795955;369093
7532816367;369094
7532836773;369095
7532857181;369096
7532877590;369097
7532898000;369098
7532918412;369099
7532938818;369100
7532959227;369101
7532979635;369102
7533000049;369103
7533020453;369104
7533040862;369105
7533061272;369106
7533081680;369107
7533102090;369108
7533122499;369109
7533142911;369110
7533163317;369111
7533183725;369112
7533204135;369113
7533224544;369114
7533244952;369115
7533265362;369116
7533285771;369117
7533306183;369118
7533326589;369119
7533346997;369120
7533367407;369121
7533387816;369122
7533408225;369123
7533428634;369124
7533449043;369125
7533469456;369126
7533489861;369127
7533510269;369128
7533530683;369129
7533551092;369130
7533571497;369131
7533591910;369132
7533612315;369133
7533632724;369134
7533653133;369135
7533673542;369136
7533693951;369137
7533714360;369138
7533734769;369139
7533755178;369140
7533775587;369141
7533795996;369142
7533816405;369143
7533836814;369144
7533857223;369145
7533877632;369146
7533898041;369147
7533918450;369148
7533938863;369149
7533959272;369150
7533979681;369151
7534000086;369152
7534020495;369153
7534040905;369154
7534061313;369155
7534081722;369156
7534102131;369157
7534122540;369158
7534142953;369159
7534163358;369160
7534183767;369161
7534204177;369162
7534224585;369163
7534244994;369164
7534265403;369165
7534285812;369166
7534306226;369167
7534326630;369168
7534347039;369169
7534367449;369170
7534387857;369171
7534408267;369172
7534428675;369173
7534449084;369174
7534469494;369175
7534489902;369176
7534510264;369177
7534530672;369178
7534551081;369179
7534571490;369180
7534591899;369181
7534612311;369182
7534632717;369183
7534653126;369184
7534673535;369185
7534693944;369186
7534714352;369187
7534734762;369188
7534755170;369189
7534775584;369190
7534795988;369191
7534816397;369192
7534836806;369193
7534857215;369194
7534877624;369195
7534898033;369196
7534918441;369197
7534938851;369198
7534959259;369199
7534979668;369200
7535000077;369201
7535020490;369202
7535040895;369203
7535061304;369204
7535081713;369205
7535102126;369206
7535122531;369207
7535142940;369208
7535163349;369209
7535183757;369210
7535204167;369211
7535224579;369212
7535244984;369213
7535265393;369214
7535285802;369215
7535306211;369216
7535326624;369217
7535347028;369218
7535367438;369219
7535387846;369220
7535408256;369221
7535428664;369222
7535449073;369223
7535469482;369224
7535489895;369225
7535510304;369226
7535530709;369227
7535551118;369228
7535571527;369229
7535591936;369230
7535612348;369231
7535632754;369232
7535653162;369233
7535673572;369234
7535693980;369235
7535714393;369236
7535734798;369237
7535755207;369238
7535775616;369239
7535796025;369240
7535816433;369241
7535836843;369242
7535857251;369243
7535877664;369244
7535898073;369245
7535918478;369246
7535938892;369247
7535959296;369248
7535979705;369249
7536000114;369250
7536020523;369251
7536040932;369252
7536061341;369253
7536081749;369254
7536102159;369255
7536122567;369256
7536142977;369257
7536163385;369258
7536183794;369259
7536204207;369260
7536224616;369261
7536245021;369262
7536265430;369263
7536285838;369264
7536306248;369265
7536326657;369266
7536347065;369267
7536367475;369268
7536387883;369269
7536408293;369270
7536428701;369271
7536449110;369272
7536469519;369273
7536489932;369274
7536510337;369275
7536530746;369276
7536551158;369277
7536571564;369278
7536591972;369279
7536612381;369280
7536632790;369281
7536653199;369282
7536673612;369283
7536694021;369284
7536714425;369285
7536734835;369286
7536755244;369287
7536775657;369288
7536796062;369289
7536816470;369290
7536836880;369291
7536857288;369292
7536877698;369293
7536898106;369294
7536918515;369295
7536938924;369296
7536959333;369297
7536979741;369298
7537000151;369299
7537020559;369300
7537040969;369301
7537061377;369302
7537081786;369303
7537102195;369304
7537122608;369305
7537143017;369306
7537163426;369307
7537183831;369308
7537204240;369309
7537224649;369310
7537245057;369311
7537265467;369312
7537285875;369313
7537306289;369314
7537326693;369315
7537347102;369316
7537367511;369317
7537387920;369318
7537408329;369319
7537428738;369320
7537449150;369321
7537469560;369322
7537489964;369323
7537510377;369324
7537530782;369325
7537551191;369326
7537571601;369327
7537592009;369328
7537612419;369329
7537632827;369330
7537653236;369331
7537673645;369332
7537694054;369333
7537714462;369334
7537734872;369335
7537755280;369336
7537775690;369337
7537796098;369338
7537816511;369339
7537836916;369340
7537857325;369341
7537877734;369342
7537898143;369343
7537918551;369344
7537938961;369345
7537959373;369346
7537979778;369347
7538000192;369348
7538020600;369349
7538041006;369350
7538061414;369351
7538081827;369352
7538102232;369353
7538122645;369354
7538143050;369355
7538163459;369356
7538183867;369357
7538204277;369358
7538224685;369359
7538245095;369360
7538265503;369361
7538285912;369362
7538306321;369363
7538326730;369364
7538347139;369365
7538367552;369366
7538387956;369367
7538408370;369368
7538428775;369369
7538449183;369370
7538469593;369371
7538490001;369372
7538510411;369373
7538530819;369374
7538551228;369375
7538571637;369376
7538592046;369377
7538612455;369378
7538632868;369379
7538653276;369380
7538673682;369381
7538694090;369382
7538714500;369383
7538734908;369384
7538755321;369385
7538775726;369386
7538796135;369387
7538816543;369388
7538836953;369389
7538857362;369390
7538877771;369391
7538898180;369392
7538918588;369393
7538938998;369394
7538959410;369395
7538979816;369396
7539000224;369397
7539020633;369398
7539041042;369399
7539061451;369400
7539081859;369401
7539102269;369402
7539122677;369403
7539143087;369404
7539163495;369405
7539183904;369406
7539204317;369407
7539224726;369408
7539245132;369409
7539265544;369410
7539285949;369411
7539306358;369412
7539326771;369413
7539347176;369414
7539367585;369415
7539387993;369416
7539408403;369417
7539428811;369418
7539449221;369419
7539469629;369420
7539490038;369421
7539510447;369422
7539530856;369423
7539551264;369424
7539571674;369425
7539592082;369426
7539612492;369427
7539632900;369428
7539653309;369429
7539673719;369430
7539694127;369431
7539714536;369432
7539734945;369433
7539755354;369434
7539775763;369435
7539796172;369436
7539816584;369437
7539836990;369438
7539857398;369439
7539877808;369440
7539898216;369441
7539918625;369442
7539939034;369443
7539959443;369444
7539979851;369445
7540000261;369446
7540020669;369447
7540041083;369448
7540061487;369449
7540081896;369450
7540102306;369451
7540122714;369452
7540143128;369453
7540163532;369454
7540183941;369455
7540204350;369456
7540224759;369457
7540245168;369458
7540265581;369459
7540285985;369460
7540306395;369461
7540326807;369462
7540347212;369463
7540367621;369464
7540388030;369465
7540408443;369466
7540428852;369467
7540449256;369468
7540469666;369469
7540490075;369470
7540510484;369471
7540530897;369472
7540551301;369473
7540571711;369474
7540592119;369475
7540612529;369476
7540632937;369477
7540653346;369478
7540673755;369479
7540694164;369480
7540714572;369481
7540734986;369482
7540755394;369483
7540775800;369484
7540796208;369485
7540816617;369486
7540837026;369487
7540857435;369488
7540877844;369489
7540898253;369490
7540918662;369491
7540939071;369492
7540959480;369493
