1415008416;69333
1415028826;69334
1415049234;69335
1415069644;69336
1415090056;69337
1415110461;69338
1415130870;69339
1415151279;69340
1415171688;69341
1415192097;69342
1415212505;69343
1415232915;69344
1415253323;69345
1415273733;69346
1415294141;69347
1415314551;69348
1415334959;69349
1415355368;69350
1415375777;69351
1415396186;69352
1415416595;69353
1415437004;69354
1415457413;69355
1415477822;69356
1415498230;69357
1415518640;69358
1415539048;69359
1415559458;69360
1415579866;69361
1415600275;69362
1415620684;69363
1415641093;69364
1415661503;69365
1415681911;69366
1415702321;69367
1415722729;69368
1415743142;69369
1415763547;69370
1415783956;69371
1415804369;69372
1415824774;69373
1415845183;69374
1415865592;69375
1415886000;69376
1415906410;69377
1415926818;69378
1415947228;69379
1415967640;69380
1415988045;69381
1416008454;69382
1416028863;69383
1416049272;69384
1416069681;69385
1416090090;69386
1416110499;69387
1416130907;69388
1416151321;69389
1416171725;69390
1416192135;69391
1416212543;69392
1416232953;69393
1416253361;69394
1416273774;69395
1416294179;69396
1416314592;69397
1416334997;69398
1416355406;69399
1416375814;69400
1416396224;69401
1416416632;69402
1416437042;69403
1416457451;69404
1416477860;69405
1416498269;69406
1416518677;69407
1416539087;69408
1416559495;69409
1416579905;69410
1416600313;69411
1416620723;69412
1416641131;69413
1416661540;69414
1416681949;69415
1416702358;69416
1416722767;69417
1416743176;69418
1416763584;69419
1416783998;69420
1416804402;69421
1416824812;69422
1416845220;69423
1416865630;69424
1416886038;69425
1416906447;69426
1416926856;69427
1416947265;69428
1416967674;69429
1416988083;69430
1417008492;69431
1417028901;69432
1417049309;69433
1417069719;69434
1417090127;69435
1417110541;69436
1417130945;69437
1417151354;69438
1417171763;69439
1417192172;69440
1417212581;69441
1417232990;69442
1417253399;69443
1417273808;69444
1417294217;69445
1417314626;69446
1417335035;69447
1417355444;69448
1417375853;69449
1417396265;69450
1417416671;69451
1417437079;69452
1417457489;69453
1417477897;69454
1417498307;69455
1417518715;69456
1417539128;69457
1417559533;69458
1417579942;69459
1417600351;69460
1417620760;69461
1417641169;69462
1417661578;69463
1417681986;69464
1417702396;69465
1417722804;69466
1417743214;69467
1417763622;69468
1417784032;69469
1417804440;69470
1417824849;69471
1417845258;69472
1417865667;69473
1417886076;69474
1417906485;69475
1417926894;69476
1417947303;69477
1417967715;69478
1417988125;69479
1418008529;69480
1418028939;69481
1418049347;69482
1418069756;69483
1418090165;69484
1418110574;69485
1418130984;69486
1418151392;69487
1418171802;69488
1418192210;69489
1418212619;69490
1418233028;69491
1418253437;69492
1418273846;69493
1418294255;69494
1418314663;69495
1418335073;69496
1418355481;69497
1418375891;69498
1418396299;69499
1418416709;69500
1418437117;69501
1418457526;69502
1418477935;69503
1418498344;69504
1418518753;69505
1418539162;69506
1418559571;69507
1418579980;69508
1418600388;69509
1418620798;69510
1418641206;69511
1418661620;69512
1418682024;69513
1418702434;69514
1418722842;69515
1418743251;69516
1418763660;69517
1418784069;69518
1418804478;69519
1418824887;69520
1418845296;69521
1418865705;69522
1418886113;69523
1418906523;69524
1418926931;69525
1418947341;69526
1418967754;69527
1418988158;69528
1419008568;69529
1419028976;69530
1419049390;69531
1419069794;69532
1419090203;69533
1419110612;69534
1419131021;69535
1419151430;69536
1419171839;69537
1419192248;69538
1419212657;69539
1419233066;69540
1419253475;69541
1419273883;69542
1419294293;69543
1419314701;69544
1419335115;69545
1419355519;69546
1419375928;69547
1419396337;69548
1419416746;69549
1419437155;69550
1419457564;69551
1419477973;69552
1419498382;69553
1419518790;69554
1419539200;69555
1419559608;69556
1419580018;69557
1419600426;69558
1419620836;69559
1419641244;69560
1419661653;69561
1419682062;69562
1419702471;69563
1419722880;69564
1419743289;69565
1419763697;69566
1419784111;69567
1419804516;69568
1419824925;69569
1419845334;69570
1419865743;69571
1419886152;69572
1419906560;69573
1419926970;69574
1419947378;69575
1419967788;69576
1419988196;69577
1420008609;69578
1420029014;69579
1420049423;69580
1420069832;69581
1420090241;69582
1420110650;69583
1420131059;69584
1420151467;69585
1420171877;69586
1420192285;69587
1420212695;69588
1420233103;69589
1420253513;69590
1420273921;69591
1420294330;69592
1420314739;69593
1420335152;69594
1420355557;69595
1420375966;69596
1420396375;69597
1420416784;69598
1420437192;69599
1420457602;69600
1420478010;69601
1420498420;69602
1420518828;69603
1420539238;69604
1420559646;69605
1420580055;69606
1420600468;69607
1420620873;69608
1420641283;69609
1420661691;69610
1420682100;69611
1420702509;69612
1420722918;69613
1420743327;69614
1420763736;69615
1420784145;69616
1420804554;69617
1420824962;69618
1420845372;69619
1420865780;69620
1420886190;69621
1420906598;69622
1420927008;69623
1420947416;69624
1420967825;69625
1420988234;69626
1421008643;69627
1421029052;69628
1421049461;69629
1421069869;69630
1421090283;69631
1421110687;69632
1421131097;69633
1421151505;69634
1421171915;69635
1421192323;69636
1421212732;69637
1421233141;69638
1421253550;69639
1421273959;69640
1421294368;69641
1421314777;69642
1421335186;69643
1421355594;69644
1421376004;69645
1421396412;69646
1421416822;69647
1421437230;69648
1421457640;69649
1421478049;69650
1421498457;69651
1421518867;69652
1421539275;69653
1421559685;69654
1421580093;69655
1421600503;69656
1421620911;69657
1421641320;69658
1421661729;69659
1421682138;69660
1421702547;69661
1421722956;69662
1421743364;69663
1421763774;69664
1421784182;69665
1421804592;69666
1421825000;69667
1421845410;69668
1421865818;69669
1421886227;69670
1421906640;69671
1421927045;69672
1421947454;69673
1421967863;69674
1421988271;69675
1422008681;69676
1422029089;69677
1422049499;69678
1422069907;69679
1422090317;69680
1422110725;69681
1422131134;69682
1422151543;69683
1422171952;69684
1422192361;69685
1422212770;69686
1422233178;69687
1422253592;69688
1422273996;69689
1422294406;69690
1422314815;69691
1422335224;69692
1422355633;69693
1422376042;69694
1422396455;69695
1422416859;69696
1422437269;69697
1422457677;69698
1422478087;69699
1422498495;69700
1422518905;69701
1422539313;69702
1422559726;69703
1422580131;69704
1422600540;69705
1422620949;69706
1422641358;69707
1422661766;69708
1422682176;69709
1422702584;69710
1422722994;69711
1422743402;69712
1422763811;69713
1422784220;69714
1422804633;69715
1422825042;69716
1422845447;69717
1422865856;69718
1422886265;69719
1422906674;69720
1422927083;69721
1422947495;69722
1422967901;69723
1422988313;69724
1423008719;69725
1423029127;69726
1423049536;69727
1423069945;69728
1423090354;69729
1423110767;69730
1423131172;69731
1423151585;69732
1423171990;69733
1423192399;69734
1423212808;69735
1423233217;69736
1423253626;69737
1423274035;69738
1423294443;69739
1423314853;69740
1423335261;69741
1423355675;69742
1423376079;69743
1423396489;69744
1423416897;69745
1423437306;69746
1423457715;69747
1423478124;69748
1423498533;69749
1423518942;69750
1423539350;69751
1423559760;69752
1423580168;69753
1423600578;69754
1423620986;69755
1423641400;69756
1423661804;69757
1423682217;69758
1423702622;69759
1423723031;69760
1423743440;69761
1423763849;69762
1423784258;69763
1423804667;69764
1423825075;69765
1423845485;69766
1423865893;69767
1423886303;69768
1423906711;69769
1423927124;69770
1423947529;69771
1423967938;69772
1423988348;69773
1424008756;69774
1424029166;69775
1424049574;69776
1424069983;69777
1424090392;69778
1424110875;69779
1424131284;69780
1424151693;69781
1424172103;69782
1424192511;69783
1424212924;69784
1424233330;69785
1424253738;69786
1424274148;69787
1424294557;69788
1424314966;69789
1424335375;69790
1424355788;69791
1424376193;69792
1424396602;69793
1424417016;69794
1424437420;69795
1424457830;69796
1424478239;69797
1424498647;69798
1424519057;69799
1424539466;69800
1424559875;69801
1424580284;69802
1424600697;69803
1424621102;69804
1424641511;69805
1424661921;69806
1424682329;69807
1424702739;69808
1424723152;69809
1424743556;69810
1424763966;69811
1424784375;69812
1424804788;69813
1424825197;69814
1424845601;69815
1424866011;69816
1424886420;69817
1424906829;69818
1424927238;69819
1424947648;69820
1424968056;69821
1424988469;69822
1425008879;69823
1425029283;69824
1425049693;69825
1425070102;69826
1425090511;69827
1425110920;69828
1425131329;69829
1425151738;69830
1425172147;69831
1425192557;69832
1425212965;69833
1425233375;69834
1425253788;69835
1425274192;69836
1425294606;69837
1425315011;69838
1425335420;69839
1425355833;69840
1425376239;69841
1425396647;69842
1425417056;69843
1425437466;69844
1425457874;69845
1425478284;69846
1425498693;69847
1425519101;69848
1425539511;69849
1425559920;69850
1425580329;69851
1425600742;69852
1425621148;69853
1425641556;69854
1425661965;69855
1425682375;69856
1425702783;69857
1425723193;69858
1425743602;69859
1425764011;69860
1425784420;69861
1425804829;69862
1425825242;69863
1425845647;69864
1425866057;69865
1425886465;69866
1425906874;69867
1425927284;69868
1425947696;69869
1425968102;69870
1425988511;69871
1426008919;69872
1426029329;69873
1426049738;69874
1426070147;69875
1426090556;69876
1426110970;69877
1426131374;69878
1426151784;69879
1426172193;69880
1426192601;69881
1426213011;69882
1426233420;69883
1426253829;69884
1426274238;69885
1426294647;69886
1426315056;69887
1426335465;69888
1426355879;69889
1426376283;69890
1426396693;69891
1426417102;69892
1426437510;69893
1426457920;69894
1426478329;69895
1426498738;69896
1426519147;69897
1426539557;69898
1426559965;69899
1426580374;69900
1426600784;69901
1426621192;69902
1426641602;69903
1426662011;69904
1426682419;69905
1426702829;69906
1426723238;69907
1426743647;69908
1426764056;69909
1426784466;69910
1426804874;69911
1426825283;69912
1426845692;69913
1426866101;69914
1426886511;69915
1426906919;69916
1426927329;69917
1426947738;69918
1426968146;69919
1426988556;69920
1427008965;69921
1427029374;69922
1427049783;69923
1427070193;69924
1427090601;69925
1427111014;69926
1427131420;69927
1427151828;69928
1427172238;69929
1427192647;69930
1427213055;69931
1427233465;69932
1427253874;69933
1427274283;69934
1427294692;69935
1427315102;69936
1427335510;69937
1427355923;69938
1427376329;69939
1427396737;69940
1427417147;69941
1427437556;69942
1427457965;69943
1427478374;69944
1427498783;69945
1427519195;69946
1427539601;69947
1427560011;69948
1427580419;69949
1427600828;69950
1427621238;69951
1427641646;69952
1427662056;69953
1427682465;69954
1427702874;69955
1427723283;69956
1427743692;69957
1427764101;69958
1427784510;69959
1427804920;69960
1427825328;69961
1427845737;69962
1427866147;69963
1427886555;69964
1427906965;69965
1427927374;69966
1427947783;69967
1427968192;69968
1427988602;69969
1428009010;69970
1428029419;69971
1428049829;69972
1428070237;69973
1428090647;69974
1428111056;69975
1428131464;69976
1428151874;69977
1428172283;69978
1428192692;69979
1428213101;69980
1428233511;69981
1428253919;69982
1428274328;69983
1428294738;69984
1428315146;69985
1428335556;69986
1428355965;69987
1428376377;69988
1428396783;69989
1428417192;69990
1428437601;69991
1428458010;69992
1428478420;69993
1428498828;69994
1428519237;69995
1428539647;69996
1428560055;69997
1428580465;69998
1428600874;69999
1428621282;70000
1428641692;70001
1428662101;70002
1428682510;70003
1428702919;70004
1428723329;70005
1428743741;70006
1428764146;70007
1428784556;70008
1428804964;70009
1428825374;70010
1428845782;70011
1428866192;70012
1428886601;70013
1428907009;70014
1428927419;70015
1428947828;70016
1428968237;70017
1428988646;70018
1429009056;70019
1429029464;70020
1429049873;70021
1429070283;70022
1429090691;70023
1429111101;70024
1429131510;70025
1429151918;70026
1429172332;70027
1429192737;70028
1429213146;70029
1429233559;70030
1429253969;70031
1429274373;70032
1429294782;70033
1429315192;70034
1429335600;70035
1429356010;70036
1429376419;70037
1429396828;70038
1429417237;70039
1429437646;70040
1429458055;70041
1429478464;70042
1429498878;70043
1429519282;70044
1429539692;70045
1429560105;70046
1429580509;70047
1429600919;70048
1429621328;70049
1429641737;70050
1429662146;70051
1429682556;70052
1429702968;70053
1429723373;70054
1429743787;70055
1429764191;70056
1429784601;70057
1429805010;70058
1429825418;70059
1429845828;70060
1429866237;70061
1429886646;70062
1429907055;70063
1429927464;70064
1429947873;70065
1429968282;70066
1429988692;70067
1430009100;70068
1430029510;70069
1430049919;70070
1430070328;70071
1430090737;70072
1430111146;70073
1430131555;70074
1430151964;70075
1430172374;70076
1430192782;70077
1430213191;70078
1430233601;70079
1430254013;70080
1430274419;70081
1430294828;70082
1430315237;70083
1430335646;70084
1430356055;70085
1430376464;70086
1430396873;70087
1430417283;70088
1430437691;70089
1430458100;70090
1430478510;70091
1430498918;70092
1430519328;70093
1430539737;70094
1430560146;70095
1430580559;70096
1430600964;70097
1430621373;70098
1430641782;70099
1430662192;70100
1430682600;70101
1430703010;70102
1430723419;70103
1430743827;70104
1430764237;70105
1430784645;70106
1430805055;70107
1430825464;70108
1430845872;70109
1430866282;70110
1430886691;70111
1430907100;70112
1430927509;70113
1430947919;70114
1430968327;70115
1430988736;70116
1431009146;70117
1431029558;70118
1431049964;70119
1431070373;70120
1431090782;70121
1431111191;70122
1431131600;70123
1431152009;70124
1431172422;70125
1431192828;70126
1431213236;70127
1431233646;70128
1431254055;70129
1431274463;70130
1431294873;70131
1431315282;70132
1431335691;70133
1431356100;70134
1431376509;70135
1431396922;70136
1431417331;70137
1431437737;70138
1431458149;70139
1431478555;70140
1431498964;70141
1431519372;70142
1431539782;70143
1431560191;70144
1431580600;70145
1431601009;70146
1431621419;70147
1431641827;70148
1431662236;70149
1431682646;70150
1431703054;70151
1431723464;70152
1431743873;70153
1431764281;70154
1431784691;70155
1431805100;70156
1431825509;70157
1431845918;70158
1431866328;70159
1431886736;70160
1431907145;70161
1431927555;70162
1431947963;70163
1431968373;70164
1431988782;70165
1432009194;70166
1432029600;70167
1432050009;70168
1432070418;70169
1432090827;70170
1432111237;70171
1432131645;70172
1432152055;70173
1432172464;70174
1432192872;70175
1432213282;70176
1432233691;70177
1432254100;70178
1432274509;70179
1432294918;70180
1432315327;70181
1432335736;70182
1432356146;70183
1432376558;70184
1432396963;70185
1432417373;70186
1432437781;70187
1432458191;70188
1432478600;70189
1432499009;70190
1432519418;70191
1432539827;70192
1432560236;70193
1432580645;70194
1432601055;70195
1432621463;70196
1432641873;70197
1432662282;70198
1432682690;70199
1432703100;70200
1432723513;70201
1432743918;70202
1432764327;70203
1432784736;70204
1432805145;70205
1432825554;70206
1432845963;70207
1432866372;70208
1432886782;70209
1432907190;70210
1432927600;70211
1432948009;70212
1432968417;70213
1432988827;70214
1433009236;70215
1433029645;70216
1433050054;70217
1433070463;70218
1433090872;70219
1433111281;70220
1433131691;70221
1433152099;70222
1433172509;70223
1433192918;70224
1433213326;70225
1433233736;70226
1433254145;70227
1433274554;70228
1433294963;70229
1433315373;70230
1433335781;70231
1433356190;70232
1433376600;70233
1433397008;70234
1433417418;70235
1433437827;70236
1433458236;70237
1433478645;70238
1433499054;70239
1433519463;70240
1433539872;70241
1433560282;70242
1433580690;70243
1433601099;70244
1433621509;70245
1433641917;70246
1433662327;70247
1433682736;70248
1433703145;70249
1433723554;70250
1433743963;70251
1433764372;70252
1433784781;70253
1433805191;70254
1433825599;70255
1433846009;70256
1433866418;70257
1433886826;70258
1433907236;70259
1433927645;70260
1433948054;70261
1433968463;70262
1433988872;70263
1434009281;70264
1434029690;70265
1434050100;70266
1434070508;70267
1434090918;70268
1434111324;70269
1434131732;70270
1434152142;70271
1434172551;70272
1434192960;70273
1434213369;70274
1434233779;70275
1434254187;70276
1434274596;70277
1434295006;70278
1434315414;70279
1434335828;70280
1434356232;70281
1434376642;70282
1434397051;70283
1434417459;70284
1434437869;70285
1434458278;70286
1434478687;70287
1434499096;70288
1434519505;70289
1434539914;70290
1434560323;70291
1434580733;70292
1434601141;70293
1434621551;70294
1434641960;70295
1434662368;70296
1434682778;70297
1434703187;70298
1434723596;70299
1434744005;70300
1434764414;70301
1434784823;70302
1434805232;70303
1434825642;70304
1434846050;70305
1434866460;70306
1434886869;70307
1434907277;70308
1434927687;70309
1434948096;70310
1434968505;70311
1434988914;70312
1435009324;70313
1435029732;70314
1435050141;70315
1435070550;70316
1435090959;70317
1435111369;70318
1435131777;70319
1435152187;70320
1435172596;70321
1435193004;70322
1435213414;70323
1435233823;70324
1435254232;70325
1435274641;70326
1435295051;70327
1435315463;70328
1435335868;70329
1435356278;70330
1435376686;70331
1435397096;70332
1435417505;70333
1435437913;70334
1435458323;70335
1435478732;70336
1435499141;70337
1435519550;70338
1435539960;70339
1435560368;70340
1435580777;70341
1435601187;70342
1435621595;70343
1435642005;70344
1435662414;70345
1435682823;70346
1435703232;70347
1435723641;70348
1435744050;70349
1435764459;70350
1435784868;70351
1435805277;70352
1435825686;70353
1435846095;70354
1435866504;70355
1435886914;70356
1435907322;70357
1435927732;70358
1435948145;70359
1435968549;70360
1435988959;70361
1436009368;70362
1436029777;70363
1436050186;70364
1436070595;70365
1436091004;70366
1436111413;70367
1436131823;70368
1436152231;70369
1436172641;70370
1436193050;70371
1436213458;70372
1436233868;70373
1436254277;70374
1436274686;70375
1436295095;70376
1436315505;70377
1436335917;70378
1436356322;70379
1436376732;70380
1436397140;70381
1436417550;70382
1436437959;70383
1436458367;70384
1436478781;70385
1436499185;70386
1436519595;70387
1436540004;70388
1436560413;70389
1436580822;70390
1436601231;70391
1436621640;70392
1436642049;70393
1436662459;70394
1436682867;70395
1436703277;70396
1436723686;70397
1436744094;70398
1436764504;70399
1436784913;70400
1436805322;70401
1436825731;70402
1436846140;70403
1436866549;70404
1436886958;70405
1436907368;70406
1436927776;70407
1436948190;70408
1436968595;70409
1436989003;70410
1437009413;70411
1437029822;70412
1437050231;70413
1437070640;70414
1437091049;70415
1437111458;70416
1437131867;70417
1437152277;70418
1437172685;70419
1437193095;70420
1437213503;70421
1437233912;70422
1437254322;70423
1437274730;70424
1437295140;70425
1437315553;70426
1437335961;70427
1437356367;70428
1437376776;70429
1437397185;70430
1437417594;70431
1437438004;70432
1437458416;70433
1437478822;70434
1437499231;70435
1437519639;70436
1437540049;70437
1437560458;70438
1437580867;70439
1437601276;70440
1437621689;70441
1437642094;70442
1437662503;70443
1437682913;70444
1437703321;70445
1437723734;70446
1437744140;70447
1437764548;70448
1437784958;70449
1437805367;70450
1437825776;70451
1437846185;70452
1437866595;70453
1437887003;70454
1437907412;70455
1437927821;70456
1437948230;70457
1437968640;70458
1437989048;70459
1438009458;70460
1438029867;70461
1438050275;70462
1438070685;70463
1438091094;70464
1438111503;70465
1438131912;70466
1438152321;70467
1438172730;70468
1438193139;70469
1438213549;70470
1438233957;70471
1438254366;70472
1438274776;70473
1438295184;70474
1438315594;70475
1438336003;70476
1438356412;70477
1438376821;70478
1438397230;70479
1438417639;70480
1438438048;70481
1438458458;70482
1438478866;70483
1438499276;70484
1438519685;70485
1438540094;70486
1438560503;70487
1438580916;70488
1438601321;70489
1438621730;70490
1438642139;70491
1438662548;70492
1438682957;70493
1438703366;70494
1438723775;70495
1438744185;70496
1438764593;70497
1438785003;70498
1438805412;70499
1438825821;70500
1438846230;70501
1438866639;70502
1438887048;70503
1438907457;70504
1438927867;70505
1438948275;70506
1438968685;70507
1438989094;70508
1439009506;70509
1439029912;70510
1439050321;70511
1439070730;70512
1439091139;70513
1439111549;70514
1439131957;70515
1439152367;70516
1439172776;70517
1439193188;70518
1439213594;70519
1439234003;70520
1439254412;70521
1439274821;70522
1439295231;70523
1439315639;70524
1439336049;70525
1439356457;70526
1439376870;70527
1439397276;70528
1439417684;70529
1439438094;70530
1439458503;70531
1439478912;70532
1439499321;70533
1439519731;70534
1439540139;70535
1439560548;70536
1439580958;70537
1439601366;70538
1439621776;70539
1439642185;70540
1439662594;70541
1439683003;70542
1439703413;70543
1439723821;70544
1439744231;70545
1439764640;70546
1439785052;70547
1439805458;70548
1439825867;70549
1439846276;70550
1439866685;70551
1439887095;70552
1439907503;70553
1439927913;70554
1439948322;70555
1439968731;70556
1439989140;70557
1440009549;70558
1440029958;70559
1440050367;70560
1440070776;70561
1440091185;70562
1440111595;70563
1440132003;70564
1440152413;70565
1440172822;70566
1440193231;70567
1440213640;70568
1440234049;70569
1440254462;70570
1440274867;70571
1440295277;70572
1440315685;70573
1440336095;70574
1440356504;70575
1440376913;70576
1440397322;70577
1440417732;70578
1440438140;70579
1440458549;70580
1440478959;70581
1440499371;70582
1440519777;70583
1440540186;70584
1440560595;70585
1440581004;70586
1440601414;70587
1440621822;70588
1440642232;70589
1440662641;70590
1440683050;70591
1440703459;70592
1440723869;70593
1440744277;70594
1440764687;70595
1440785095;70596
1440805504;70597
1440825914;70598
1440846322;70599
1440866732;70600
1440887141;70601
1440907550;70602
1440927959;70603
1440948369;70604
1440968777;70605
1440989187;70606
1441009596;70607
1441030005;70608
1441050414;70609
1441070824;70610
1441091232;70611
1441111641;70612
1441132051;70613
1441152459;70614
1441172869;70615
1441193278;70616
1441213691;70617
1441234096;70618
1441254506;70619
1441274914;70620
1441295324;70621
1441315733;70622
1441336142;70623
1441356551;70624
1441376961;70625
1441397369;70626
1441417779;70627
1441438188;70628
1441458600;70629
1441479006;70630
1441499414;70631
1441519824;70632
1441540233;70633
1441560646;70634
1441581051;70635
1441601461;70636
1441621869;70637
1441642279;70638
1441662688;70639
1441683097;70640
1441703506;70641
1441723919;70642
1441744328;70643
1441764733;70644
1441785143;70645
1441805551;70646
1441825961;70647
1441846370;70648
1441866779;70649
1441887188;70650
1441907598;70651
1441928006;70652
1441948416;70653
1441968825;70654
1441989234;70655
1442009643;70656
1442030052;70657
1442050461;70658
1442070870;70659
1442091280;70660
1442111688;70661
1442132098;70662
1442152507;70663
1442172916;70664
1442193325;70665
1442213734;70666
1442234143;70667
1442254553;70668
1442274961;70669
1442295370;70670
1442315780;70671
1442336188;70672
1442356598;70673
1442377007;70674
1442397416;70675
1442417825;70676
1442438235;70677
1442458647;70678
1442479057;70679
1442499462;70680
1442519871;70681
1442540280;70682
1442560690;70683
1442581098;70684
1442601508;70685
1442621917;70686
1442642325;70687
1442662735;70688
1442683144;70689
1442703553;70690
1442723962;70691
1442744372;70692
1442764780;70693
1442785190;70694
1442805599;70695
1442826008;70696
1442846417;70697
1442866826;70698
1442887235;70699
1442907644;70700
1442928053;70701
1442948466;70702
1442968876;70703
1442989280;70704
1443009690;70705
1443030099;70706
1443050508;70707
1443070917;70708
1443091326;70709
1443111735;70710
1443132144;70711
1443152554;70712
1443172962;70713
1443193372;70714
1443213781;70715
1443234190;70716
1443254599;70717
1443275009;70718
1443295421;70719
1443315830;70720
1443336236;70721
1443356644;70722
1443377054;70723
1443397463;70724
1443417872;70725
1443438281;70726
1443458691;70727
1443479099;70728
1443499509;70729
1443519922;70730
1443540327;70731
1443560736;70732
1443581145;70733
1443601554;70734
1443621963;70735
1443642372;70736
1443662781;70737
1443683190;70738
1443703599;70739
1443724009;70740
1443744418;70741
1443764830;70742
1443785240;70743
1443805645;70744
1443826058;70745
1443846467;70746
1443866873;70747
1443887281;70748
1443907691;70749
1443928100;70750
1443948512;70751
1443968922;70752
1443989327;70753
1444009740;70754
1444030145;70755
1444050555;70756
1444070963;70757
1444091373;70758
1444111751;70759
1444132160;70760
1444152573;70761
1444172977;70762
1444193387;70763
1444213796;70764
1444234205;70765
1444254614;70766
1444275023;70767
1444295432;70768
1444315842;70769
1444336250;70770
1444356660;70771
1444377068;70772
1444397477;70773
1444417886;70774
1444438299;70775
1444458709;70776
1444479113;70777
1444499523;70778
1444519931;70779
1444540341;70780
1444560750;70781
1444581158;70782
1444601568;70783
1444621976;70784
1444642386;70785
1444662795;70786
1444683204;70787
1444703613;70788
1444724022;70789
1444744435;70790
1444764840;70791
1444785249;70792
1444805658;70793
1444826067;70794
1444846476;70795
1444866886;70796
1444887294;70797
1444907704;70798
1444928112;70799
1444948521;70800
1444968931;70801
1444989339;70802
1445009749;70803
1445030157;70804
1445050567;70805
1445070976;70806
1445091385;70807
1445111794;70808
1445132202;70809
1445152612;70810
1445173020;70811
1445193430;70812
1445213839;70813
1445234248;70814
1445254657;70815
1445275065;70816
1445295475;70817
1445315884;70818
1445336293;70819
1445356702;70820
1445377111;70821
1445397520;70822
1445417930;70823
1445438338;70824
1445458748;70825
1445479156;70826
1445499565;70827
1445519975;70828
1445540383;70829
1445560793;70830
1445581201;70831
1445601614;70832
1445622020;70833
1445642428;70834
1445662838;70835
1445683246;70836
1445703656;70837
1445724065;70838
1445744474;70839
1445764883;70840
1445785291;70841
1445805701;70842
1445826109;70843
1445846523;70844
1445866928;70845
1445887337;70846
1445907746;70847
1445928155;70848
1445948564;70849
1445968973;70850
1445989382;70851
1446009791;70852
1446030200;70853
1446050609;70854
1446071019;70855
1446091427;70856
1446111837;70857
1446132245;70858
1446152654;70859
1446173064;70860
1446193472;70861
1446213882;70862
1446234290;70863
1446254703;70864
1446275109;70865
1446295518;70866
1446315927;70867
1446336339;70868
1446356745;70869
1446377154;70870
1446397563;70871
1446417972;70872
1446438384;70873
1446458790;70874
1446479198;70875
1446499608;70876
1446520017;70877
1446540430;70878
1446560839;70879
1446581244;70880
1446601653;70881
1446622062;70882
1446642471;70883
1446662884;70884
1446683289;70885
1446703698;70886
1446724108;70887
1446744516;70888
1446764925;70889
1446785334;70890
1446805743;70891
1446826153;70892
1446846561;70893
1446866971;70894
1446887383;70895
1446907789;70896
1446928198;70897
1446948606;70898
1446969020;70899
1446989428;70900
1447009838;70901
1447030243;70902
1447050652;70903
1447071061;70904
1447091469;70905
1447111879;70906
1447132287;70907
1447152697;70908
1447173106;70909
1447193515;70910
1447213924;70911
1447234332;70912
1447254742;70913
1447275151;70914
1447295560;70915
1447315969;70916
1447336378;70917
1447356787;70918
1447377196;70919
1447397605;70920
1447418014;70921
1447438423;70922
1447458832;70923
1447479242;70924
1447499650;70925
1447520060;70926
1447540468;70927
1447560877;70928
1447581287;70929
1447601695;70930
1447622105;70931
1447642513;70932
1447662922;70933
1447683332;70934
1447703740;70935
1447724150;70936
1447744558;70937
1447764968;70938
1447785376;70939
1447805785;70940
1447826195;70941
1447846603;70942
1447867013;70943
1447887421;70944
1447907831;70945
1447928240;70946
1447948649;70947
1447969058;70948
1447989466;70949
1448009880;70950
1448030285;70951
1448050694;70952
1448071103;70953
1448091512;70954
1448111921;70955
1448132330;70956
1448152739;70957
1448173148;70958
1448193557;70959
1448213966;70960
1448234376;70961
1448254784;70962
1448275193;70963
1448295602;70964
1448316011;70965
1448336421;70966
1448356829;70967
1448377239;70968
1448397647;70969
1448418056;70970
1448438465;70971
1448458874;70972
1448479284;70973
1448499692;70974
1448520102;70975
1448540514;70976
1448560919;70977
1448581329;70978
1448601737;70979
1448622151;70980
1448642555;70981
1448662965;70982
1448683378;70983
1448703782;70984
1448724192;70985
1448744600;70986
1448765010;70987
1448785419;70988
1448805828;70989
1448826237;70990
1448846645;70991
1448867055;70992
1448887464;70993
1448907873;70994
1448928282;70995
1448948691;70996
1448969100;70997
1448989509;70998
1449009918;70999
1449030327;71000
1449050736;71001
1449071145;71002
1449091554;71003
1449111963;71004
1449132372;71005
1449152781;71006
1449173190;71007
1449193599;71008
1449214008;71009
1449234418;71010
1449254826;71011
1449275235;71012
1449295644;71013
1449316057;71014
1449336463;71015
1449356871;71016
1449377280;71017
1449397689;71018
1449418098;71019
1449438508;71020
1449458916;71021
1449479326;71022
1449499734;71023
1449520144;71024
1449540553;71025
1449560961;71026
1449581371;71027
1449601779;71028
1449622189;71029
1449642598;71030
1449663010;71031
1449683416;71032
1449703824;71033
1449724234;71034
1449744642;71035
1449765052;71036
1449785461;71037
1449805869;71038
1449826279;71039
1449846691;71040
1449867097;71041
1449887506;71042
1449907915;71043
1449928324;71044
1449948732;71045
1449969142;71046
1449989551;71047
1450009960;71048
1450030369;71049
1450050777;71050
1450071187;71051
1450091596;71052
1450112005;71053
1450132414;71054
1450152823;71055
1450173232;71056
1450193642;71057
1450214050;71058
1450234459;71059
1450254868;71060
1450275277;71061
1450295691;71062
1450316095;71063
1450336504;71064
1450356913;71065
1450377322;71066
1450397731;71067
1450418140;71068
1450438553;71069
1450458958;71070
1450479367;71071
1450499776;71072
1450520185;71073
1450540595;71074
1450561003;71075
1450581413;71076
1450601821;71077
1450622230;71078
1450642640;71079
1450663048;71080
1450683458;71081
1450703866;71082
1450724276;71083
1450744685;71084
1450765093;71085
1450785503;71086
1450805911;71087
1450826321;71088
1450846730;71089
1450867138;71090
1450887548;71091
1450907956;71092
1450928366;71093
1450948775;71094
1450969184;71095
1450989593;71096
1451010005;71097
1451030411;71098
1451050820;71099
1451071229;71100
1451091638;71101
1451112047;71102
1451132456;71103
1451152864;71104
1451173274;71105
1451193683;71106
1451214092;71107
1451234501;71108
1451254909;71109
1451275323;71110
1451295728;71111
1451316137;71112
1451336546;71113
1451356958;71114
1451377364;71115
1451397773;71116
1451418182;71117
1451438591;71118
1451459000;71119
1451479409;71120
1451499819;71121
1451520227;71122
1451540636;71123
1451561045;71124
1451581454;71125
1451601867;71126
1451622272;71127
1451642681;71128
1451663090;71129
1451683499;71130
1451703909;71131
1451724317;71132
1451744727;71133
1451765135;71134
1451785544;71135
1451805953;71136
1451826362;71137
1451846772;71138
1451867180;71139
1451887590;71140
1451907998;71141
1451928411;71142
1451948817;71143
1451969225;71144
1451989635;71145
1452010043;71146
1452030452;71147
1452050862;71148
1452071270;71149
1452091680;71150
1452112088;71151
1452132498;71152
1452152907;71153
1452173315;71154
1452193725;71155
1452214133;71156
1452234543;71157
1452254952;71158
1452275361;71159
1452295770;71160
1452316178;71161
1452336588;71162
1452356997;71163
1452377406;71164
1452397815;71165
1452418224;71166
1452438633;71167
1452459041;71168
1452479451;71169
1452499860;71170
1452520269;71171
1452540678;71172
1452561086;71173
1452581496;71174
1452601905;71175
1452622314;71176
1452642723;71177
1452663131;71178
1452683541;71179
1452703950;71180
1452724359;71181
1452744772;71182
1452765177;71183
1452785586;71184
1452805996;71185
1452826404;71186
1452846817;71187
1452867222;71188
1452887631;71189
1452908040;71190
1452928449;71191
1452948859;71192
1452969267;71193
1452989676;71194
1453010086;71195
1453030494;71196
1453050904;71197
1453071312;71198
1453091721;71199
1453112130;71200
1453132539;71201
1453152949;71202
1453173357;71203
1453193766;71204
1453214175;71205
1453234584;71206
1453254998;71207
1453275402;71208
1453295812;71209
1453316220;71210
1453336629;71211
1453357039;71212
1453377451;71213
1453397857;71214
1453418265;71215
1453438674;71216
1453459084;71217
1453479492;71218
1453499902;71219
1453520310;71220
1453540720;71221
1453561129;71222
1453581538;71223
1453601947;71224
1453622355;71225
1453642769;71226
1453663174;71227
1453683583;71228
1453703992;71229
1453724400;71230
1453744810;71231
1453765218;71232
1453785628;71233
1453806041;71234
1453826446;71235
1453846859;71236
1453867263;71237
1453887673;71238
1453908082;71239
1453928491;71240
1453948900;71241
1453969308;71242
1453989718;71243
1454010127;71244
1454030536;71245
1454050949;71246
1454071354;71247
1454091763;71248
1454112193;71249
1454132602;71250
1454153011;71251
1454173420;71252
1454193829;71253
1454214238;71254
1454234647;71255
1454255056;71256
1454275466;71257
1454295874;71258
1454316284;71259
1454336693;71260
1454357105;71261
1454377511;71262
1454397920;71263
1454418329;71264
1454438738;71265
1454459146;71266
1454479556;71267
1454499965;71268
1454520374;71269
1454540783;71270
1454561193;71271
1454581601;71272
1454602010;71273
1454622420;71274
1454642828;71275
1454663238;71276
1454683646;71277
1454704056;71278
1454724465;71279
1454744877;71280
1454765283;71281
1454785692;71282
1454806101;71283
1454826514;71284
1454846920;71285
1454867328;71286
1454887737;71287
1454908146;71288
1454928555;71289
1454948965;71290
1454969377;71291
1454989782;71292
1455010192;71293
1455030600;71294
1455051010;71295
1455071419;71296
1455091827;71297
1455112237;71298
1455132645;71299
1455153055;71300
1455173464;71301
1455193873;71302
1455214282;71303
1455234691;71304
1455255100;71305
1455275509;71306
1455295919;71307
1455316327;71308
1455336737;71309
1455357145;71310
1455377554;71311
1455397964;71312
1455418372;71313
1455438782;71314
1455459191;71315
1455479599;71316
1455500009;71317
1455520418;71318
1455540827;71319
1455561236;71320
1455581645;71321
1455602058;71322
1455622463;71323
1455642872;71324
1455663281;71325
1455683691;71326
1455704099;71327
1455724508;71328
1455744918;71329
1455765326;71330
1455785736;71331
1455806144;71332
1455826554;71333
1455846963;71334
1455867371;71335
1455887781;71336
1455908190;71337
1455928598;71338
1455949008;71339
1455969418;71340
1455989826;71341
1456010235;71342
1456030644;71343
1456051053;71344
1456071463;71345
1456091871;71346
1456112284;71347
1456132690;71348
1456153098;71349
1456173508;71350
1456193917;71351
1456214326;71352
1456234735;71353
1456255143;71354
1456275553;71355
1456295962;71356
1456316371;71357
1456336780;71358
1456357189;71359
1456377598;71360
1456398007;71361
1456418417;71362
1456438825;71363
1456459235;71364
1456479643;71365
1456500052;71366
1456520462;71367
1456540870;71368
1456561284;71369
1456581689;71370
1456602097;71371
1456622507;71372
1456642916;71373
1456663325;71374
1456683734;71375
1456704143;71376
1456724552;71377
1456744961;71378
1456765370;71379
1456785779;71380
1456806189;71381
1456826597;71382
1456847006;71383
1456867416;71384
1456887824;71385
1456908234;71386
1456928642;71387
1456949052;71388
1456969461;71389
1456989869;71390
1457010279;71391
1457030688;71392
1457051097;71393
1457071506;71394
1457091915;71395
1457112328;71396
1457132733;71397
1457153142;71398
1457173551;71399
1457193961;71400
1457214373;71401
1457234778;71402
1457255188;71403
1457275596;71404
1457296006;71405
1457316415;71406
1457336823;71407
1457357233;71408
1457377641;71409
1457398051;71410
1457418460;71411
1457438869;71412
1457459278;71413
1457479687;71414
1457500096;71415
1457520505;71416
1457540915;71417
1457561323;71418
1457581733;71419
1457602145;71420
1457622550;71421
1457642960;71422
1457663368;71423
1457683778;71424
1457704187;71425
1457724596;71426
1457745005;71427
1457765414;71428
1457785823;71429
1457806232;71430
1457826641;71431
1457847050;71432
1457867459;71433
1457887868;71434
1457908277;71435
1457928687;71436
1457949099;71437
1457969509;71438
1457989914;71439
1458010322;71440
1458030732;71441
1458051140;71442
1458071550;71443
1458091963;71444
1458112371;71445
1458132777;71446
1458153186;71447
1458173595;71448
1458194004;71449
1458214414;71450
1458234822;71451
1458255231;71452
1458275640;71453
1458296053;71454
1458316459;71455
1458336867;71456
1458357276;71457
1458377686;71458
1458398094;71459
1458418504;71460
1458438913;71461
1458459322;71462
1458479731;71463
1458500139;71464
1458520549;71465
1458540958;71466
1458561367;71467
1458581776;71468
1458602189;71469
1458622594;71470
1458643003;71471
1458663413;71472
1458683821;71473
1458704234;71474
1458724639;71475
1458745048;71476
1458765458;71477
1458785870;71478
1458806276;71479
1458826685;71480
1458847094;71481
1458867503;71482
1458887912;71483
1458908321;71484
1458928730;71485
1458949139;71486
1458969548;71487
1458989958;71488
1459010366;71489
1459030775;71490
1459051185;71491
1459071593;71492
1459092003;71493
1459112412;71494
1459132820;71495
1459153230;71496
1459173638;71497
1459194048;71498
1459214457;71499
1459234866;71500
1459255275;71501
1459275684;71502
1459296093;71503
1459316502;71504
1459336912;71505
1459357320;71506
1459377729;71507
1459398138;71508
1459418547;71509
1459438957;71510
1459459365;71511
1459479774;71512
1459500184;71513
1459520592;71514
1459541002;71515
1459561415;71516
1459581820;71517
1459602233;71518
1459622642;71519
1459643051;71520
1459663456;71521
1459683865;71522
1459704274;71523
1459724684;71524
1459745092;71525
1459765501;71526
1459785911;71527
1459806319;71528
1459826729;71529
1459847138;71530
1459867550;71531
1459887956;71532
1459908364;71533
1459928774;71534
1459949187;71535
1459969592;71536
1459990001;71537
1460010411;71538
1460030819;71539
1460051228;71540
1460071638;71541
1460092046;71542
1460112455;71543
1460132864;71544
1460153273;71545
1460173686;71546
1460194091;71547
1460214501;71548
1460234910;71549
1460255319;71550
1460275728;71551
1460296137;71552
1460316546;71553
1460336955;71554
1460357364;71555
1460377773;71556
1460398182;71557
1460418591;71558
1460439000;71559
1460459410;71560
1460479818;71561
1460500227;71562
1460520637;71563
1460541045;71564
1460561455;71565
1460581863;71566
1460602273;71567
1460622682;71568
1460643090;71569
1460663500;71570
1460683909;71571
1460704318;71572
1460724727;71573
1460745137;71574
1460765549;71575
1460785954;71576
1460806363;71577
1460826772;71578
1460847182;71579
1460867590;71580
1460888000;71581
1460908409;71582
1460928817;71583
1460949231;71584
1460969636;71585
1460990045;71586
1461010458;71587
1461030862;71588
1461051272;71589
1461071681;71590
1461092090;71591
1461112499;71592
1461132908;71593
1461153317;71594
1461173726;71595
1461194136;71596
1461214544;71597
1461234954;71598
1461255362;71599
1461275771;71600
1461296185;71601
1461316589;71602
1461336999;71603
1461357408;71604
1461377816;71605
1461398226;71606
1461418635;71607
1461439044;71608
1461459453;71609
1461479862;71610
1461500271;71611
1461520680;71612
1461541089;71613
1461561498;71614
1461581908;71615
1461602316;71616
1461622725;71617
1461643135;71618
1461663543;71619
1461683953;71620
1461704361;71621
1461724771;71622
1461745180;71623
1461765592;71624
1461785998;71625
1461806407;71626
1461826816;71627
1461847225;71628
1461867635;71629
1461888043;71630
1461908452;71631
1461928861;71632
1461949270;71633
1461969680;71634
1461990088;71635
1462010497;71636
1462030907;71637
1462051315;71638
1462071725;71639
1462092134;71640
1462112543;71641
1462132952;71642
1462153360;71643
1462173774;71644
1462194179;71645
1462214588;71646
1462234997;71647
1462255407;71648
1462275815;71649
1462296224;71650
1462316634;71651
1462337042;71652
1462357452;71653
1462377860;71654
1462398269;71655
1462418679;71656
1462439087;71657
1462459497;71658
1462479906;71659
1462500315;71660
1462520724;71661
1462541133;71662
1462561542;71663
1462581955;71664
1462602360;71665
1462622769;71666
1462643178;71667
1462663587;71668
1462683996;71669
1462704406;71670
1462724814;71671
1462745224;71672
1462765633;71673
1462786041;71674
1462806451;71675
1462826859;71676
1462847269;71677
1462867678;71678
1462888086;71679
1462908496;71680
1462928905;71681
1462949314;71682
1462969723;71683
1462990133;71684
1463010541;71685
1463030950;71686
1463051359;71687
1463071768;71688
1463092178;71689
1463112586;71690
1463132996;71691
1463153405;71692
1463173813;71693
1463194223;71694
1463214632;71695
1463235041;71696
1463255450;71697
1463275858;71698
1463296272;71699
1463316677;71700
1463337086;71701
1463357495;71702
1463377908;71703
1463398313;71704
1463418722;71705
1463439132;71706
1463459540;71707
1463479950;71708
1463500358;71709
1463520767;71710
1463541177;71711
1463561585;71712
1463581995;71713
1463602404;71714
1463622812;71715
1463643222;71716
1463663631;71717
1463684044;71718
