1415006835;69333
1415027244;69334
1415047652;69335
1415068062;69336
1415088470;69337
1415108880;69338
1415129288;69339
1415149697;69340
1415170106;69341
1415190515;69342
1415210924;69343
1415231333;69344
1415251741;69345
1415272151;69346
1415292559;69347
1415312973;69348
1415333377;69349
1415353786;69350
1415374199;69351
1415394604;69352
1415415013;69353
1415435422;69354
1415455830;69355
1415476240;69356
1415496648;69357
1415517058;69358
1415537466;69359
1415557875;69360
1415578284;69361
1415598693;69362
1415619102;69363
1415639511;69364
1415659919;69365
1415680329;69366
1415700738;69367
1415721147;69368
1415741556;69369
1415761964;69370
1415782374;69371
1415802782;69372
1415823192;69373
1415843600;69374
1415864009;69375
1415884418;69376
1415904831;69377
1415925240;69378
1415945645;69379
1415966057;69380
1415986463;69381
1416006871;69382
1416027280;69383
1416047689;69384
1416068098;69385
1416088507;69386
1416108916;69387
1416129325;69388
1416149734;69389
1416170142;69390
1416190552;69391
1416210960;69392
1416231370;69393
1416251778;69394
1416272187;69395
1416292596;69396
1416313005;69397
1416333417;69398
1416353823;69399
1416374231;69400
1416394641;69401
1416415049;69402
1416435459;69403
1416455867;69404
1416476276;69405
1416496685;69406
1416517098;69407
1416537504;69408
1416557916;69409
1416578321;69410
1416598730;69411
1416619139;69412
1416639551;69413
1416659957;69414
1416680365;69415
1416700775;69416
1416721183;69417
1416741592;69418
1416762001;69419
1416782410;69420
1416802819;69421
1416823228;69422
1416843636;69423
1416864046;69424
1416884454;69425
1416904864;69426
1416925272;69427
1416945682;69428
1416966090;69429
1416986499;69430
1417006908;69431
1417027321;69432
1417047725;69433
1417068135;69434
1417088547;69435
1417108953;69436
1417129361;69437
1417149770;69438
1417170179;69439
1417190588;69440
1417210997;69441
1417231406;69442
1417251814;69443
1417272228;69444
1417292632;69445
1417313042;69446
1417333450;69447
1417353859;69448
1417374269;69449
1417394677;69450
1417415087;69451
1417435495;69452
1417455904;69453
1417476313;69454
1417496722;69455
1417517131;69456
1417537540;69457
1417557948;69458
1417578358;69459
1417598766;69460
1417619176;69461
1417639584;69462
1417659993;69463
1417680402;69464
1417700811;69465
1417721220;69466
1417741629;69467
1417762041;69468
1417782447;69469
1417802855;69470
1417823265;69471
1417843673;69472
1417864082;69473
1417884491;69474
1417904900;69475
1417925309;69476
1417945722;69477
1417966126;69478
1417986540;69479
1418006944;69480
1418027354;69481
1418047762;69482
1418068171;69483
1418088580;69484
1418108989;69485
1418129398;69486
1418149807;69487
1418170215;69488
1418190625;69489
1418211038;69490
1418231447;69491
1418251856;69492
1418272264;69493
1418292670;69494
1418313078;69495
1418333488;69496
1418353896;69497
1418374305;69498
1418394714;69499
1418415123;69500
1418435532;69501
1418455941;69502
1418476349;69503
1418496759;69504
1418517167;69505
1418537577;69506
1418557985;69507
1418578394;69508
1418598803;69509
1418619212;69510
1418639621;69511
1418660030;69512
1418680438;69513
1418700852;69514
1418721256;69515
1418741669;69516
1418762074;69517
1418782483;69518
1418802892;69519
1418823301;69520
1418843710;69521
1418864119;69522
1418884527;69523
1418904937;69524
1418925345;69525
1418945755;69526
1418966163;69527
1418986572;69528
1419006981;69529
1419027390;69530
1419047800;69531
1419068208;69532
1419088617;69533
1419109026;69534
1419129435;69535
1419149844;69536
1419170253;69537
1419190661;69538
1419211071;69539
1419231479;69540
1419251889;69541
1419272297;69542
1419292706;69543
1419313115;69544
1419333524;69545
1419353933;69546
1419374342;69547
1419394750;69548
1419415160;69549
1419435568;69550
1419455978;69551
1419476386;69552
1419496795;69553
1419517204;69554
1419537613;69555
1419558022;69556
1419578431;69557
1419598839;69558
1419619249;69559
1419639657;69560
1419660067;69561
1419680475;69562
1419700884;69563
1419721293;69564
1419741702;69565
1419762111;69566
1419782520;69567
1419802928;69568
1419823338;69569
1419843746;69570
1419864156;69571
1419884565;69572
1419904973;69573
1419925383;69574
1419945791;69575
1419966200;69576
1419986609;69577
1420007018;69578
1420027427;69579
1420047836;69580
1420068245;69581
1420088654;69582
1420109062;69583
1420129472;69584
1420149880;69585
1420170290;69586
1420190698;69587
1420211107;69588
1420231516;69589
1420251925;69590
1420272334;69591
1420292743;69592
1420313151;69593
1420333561;69594
1420353969;69595
1420374378;69596
1420394787;69597
1420415196;69598
1420435609;69599
1420456014;69600
1420476423;69601
1420496832;69602
1420517240;69603
1420537650;69604
1420558058;69605
1420578467;69606
1420598876;69607
1420619285;69608
1420639694;69609
1420660103;69610
1420680511;69611
1420700921;69612
1420721330;69613
1420741739;69614
1420762148;69615
1420782556;69616
1420802966;69617
1420823374;69618
1420843784;69619
1420864196;69620
1420884602;69621
1420905010;69622
1420925419;69623
1420945828;69624
1420966237;69625
1420986646;69626
1421007055;69627
1421027463;69628
1421047873;69629
1421068281;69630
1421088690;69631
1421109099;69632
1421129508;69633
1421149917;69634
1421170326;69635
1421190734;69636
1421211144;69637
1421231552;69638
1421251966;69639
1421272370;69640
1421292779;69641
1421313188;69642
1421333601;69643
1421354006;69644
1421374415;69645
1421394823;69646
1421415233;69647
1421435641;69648
1421456051;69649
1421476463;69650
1421496872;69651
1421517277;69652
1421537686;69653
1421558096;69654
1421578504;69655
1421598913;69656
1421619322;69657
1421639735;69658
1421660140;69659
1421680549;69660
1421700957;69661
1421721367;69662
1421741775;69663
1421762185;69664
1421782593;69665
1421803002;69666
1421823411;69667
1421843820;69668
1421864229;69669
1421884638;69670
1421905046;69671
1421925456;69672
1421945864;69673
1421966274;69674
1421986682;69675
1422007091;69676
1422027500;69677
1422047909;69678
1422068318;69679
1422088727;69680
1422109136;69681
1422129545;69682
1422149953;69683
1422170363;69684
1422190771;69685
1422211181;69686
1422231589;69687
1422251998;69688
1422272407;69689
1422292816;69690
1422313224;69691
1422333634;69692
1422354042;69693
1422374452;69694
1422394861;69695
1422415269;69696
1422435679;69697
1422456087;69698
1422476497;69699
1422496905;69700
1422517314;69701
1422537723;69702
1422558132;69703
1422578541;69704
1422598950;69705
1422619358;69706
1422639768;69707
1422660176;69708
1422680586;69709
1422700994;69710
1422721403;69711
1422741812;69712
1422762221;69713
1422782630;69714
1422803039;69715
1422823447;69716
1422843857;69717
1422864265;69718
1422884675;69719
1422905087;69720
1422925492;69721
1422945901;69722
1422966310;69723
1422986719;69724
1423007128;69725
1423027536;69726
1423047946;69727
1423068354;69728
1423088764;69729
1423109172;69730
1423129581;69731
1423149990;69732
1423170399;69733
1423190812;69734
1423211217;69735
1423231626;69736
1423252035;69737
1423272444;69738
1423292853;69739
1423313262;69740
1423333670;69741
1423354080;69742
1423374488;69743
1423394898;69744
1423415306;69745
1423435715;69746
1423456124;69747
1423476533;69748
1423496942;69749
1423517351;69750
1423537759;69751
1423558169;69752
1423578577;69753
1423598987;69754
1423619399;69755
1423639804;69756
1423660213;69757
1423680622;69758
1423701031;69759
1423721440;69760
1423741848;69761
1423762258;69762
1423782666;69763
1423803076;69764
1423823484;69765
1423843893;69766
1423864302;69767
1423884711;69768
1423905120;69769
1423925529;69770
1423945937;69771
1423966347;69772
1423986755;69773
1424007165;69774
1424027573;69775
1424047982;69776
1424068392;69777
1424088800;69778
1424109283;69779
1424129692;69780
1424150101;69781
1424170511;69782
1424190919;69783
1424211332;69784
1424231738;69785
1424252146;69786
1424272556;69787
1424292965;69788
1424313377;69789
1424333783;69790
1424354192;69791
1424374601;69792
1424395010;69793
1424415420;69794
1424435828;69795
1424456237;69796
1424476647;69797
1424497059;69798
1424517465;69799
1424537873;69800
1424558282;69801
1424578692;69802
1424599100;69803
1424619510;69804
1424639923;69805
1424660327;69806
1424680737;69807
1424701146;69808
1424721555;69809
1424741964;69810
1424762373;69811
1424782782;69812
1424803191;69813
1424823601;69814
1424844009;69815
1424864418;69816
1424884828;69817
1424905236;69818
1424925645;69819
1424946055;69820
1424966463;69821
1424986873;69822
1425007282;69823
1425027691;69824
1425048100;69825
1425068509;69826
1425088918;69827
1425109327;69828
1425129736;69829
1425150145;69830
1425170554;69831
1425190964;69832
1425211376;69833
1425231781;69834
1425252191;69835
1425272599;69836
1425293009;69837
1425313418;69838
1425333826;69839
1425354236;69840
1425374645;69841
1425395054;69842
1425415463;69843
1425435872;69844
1425456281;69845
1425476694;69846
1425497100;69847
1425517508;69848
1425537917;69849
1425558327;69850
1425578735;69851
1425599145;69852
1425619558;69853
1425639962;69854
1425660372;69855
1425680781;69856
1425701194;69857
1425721599;69858
1425742008;69859
1425762417;69860
1425782826;69861
1425803236;69862
1425823644;69863
1425844053;69864
1425864463;69865
1425884871;69866
1425905281;69867
1425925690;69868
1425946098;69869
1425966508;69870
1425986917;69871
1426007326;69872
1426027735;69873
1426048144;69874
1426068553;69875
1426088966;69876
1426109372;69877
1426129780;69878
1426150189;69879
1426170599;69880
1426191007;69881
1426211417;69882
1426231826;69883
1426252234;69884
1426272644;69885
1426293053;69886
1426313462;69887
1426333871;69888
1426354280;69889
1426374689;69890
1426395098;69891
1426415508;69892
1426435916;69893
1426456325;69894
1426476735;69895
1426497143;69896
1426517553;69897
1426537965;69898
1426558374;69899
1426578780;69900
1426599188;69901
1426619598;69902
1426640007;69903
1426660415;69904
1426680825;69905
1426701234;69906
1426721646;69907
1426742052;69908
1426762461;69909
1426782870;69910
1426803279;69911
1426823689;69912
1426844097;69913
1426864506;69914
1426884916;69915
1426905324;69916
1426925734;69917
1426946143;69918
1426966551;69919
1426986961;69920
1427007370;69921
1427027779;69922
1427048188;69923
1427068597;69924
1427089006;69925
1427109415;69926
1427129825;69927
1427150233;69928
1427170642;69929
1427191052;69930
1427211460;69931
1427231869;69932
1427252279;69933
1427272687;69934
1427293097;69935
1427313510;69936
1427333918;69937
1427354324;69938
1427374733;69939
1427395142;69940
1427415551;69941
1427435961;69942
1427456369;69943
1427476778;69944
1427497188;69945
1427517596;69946
1427538005;69947
1427558415;69948
1427578827;69949
1427599233;69950
1427619642;69951
1427640050;69952
1427660460;69953
1427680869;69954
1427701278;69955
1427721687;69956
1427742096;69957
1427762505;69958
1427782918;69959
1427803324;69960
1427823732;69961
1427844141;69962
1427864551;69963
1427884959;69964
1427905369;69965
1427925778;69966
1427946187;69967
1427966596;69968
1427987005;69969
1428007414;69970
1428027823;69971
1428048232;69972
1428068641;69973
1428089050;69974
1428109460;69975
1428129872;69976
1428150278;69977
1428170687;69978
1428191095;69979
1428211505;69980
1428231914;69981
1428252322;69982
1428272732;69983
1428293141;69984
1428313554;69985
1428333959;69986
1428354368;69987
1428374777;69988
1428395186;69989
1428415596;69990
1428436004;69991
1428456414;69992
1428476822;69993
1428497231;69994
1428517641;69995
1428538049;69996
1428558459;69997
1428578868;69998
1428599276;69999
1428619686;70000
1428640095;70001
1428660504;70002
1428680913;70003
1428701322;70004
1428721735;70005
1428742140;70006
1428762550;70007
1428782958;70008
1428803371;70009
1428823777;70010
1428844185;70011
1428864594;70012
1428885008;70013
1428905412;70014
1428925822;70015
1428946231;70016
1428966643;70017
1428987049;70018
1429007462;70019
1429027867;70020
1429048276;70021
1429068685;70022
1429089094;70023
1429109503;70024
1429129913;70025
1429150321;70026
1429170731;70027
1429191140;70028
1429211548;70029
1429231962;70030
1429252367;70031
1429272775;70032
1429293189;70033
1429313598;70034
1429334003;70035
1429354412;70036
1429374825;70037
1429395234;70038
1429415643;70039
1429436049;70040
1429456457;70041
1429476870;70042
1429497276;70043
1429517684;70044
1429538094;70045
1429558503;70046
1429578911;70047
1429599321;70048
1429619730;70049
1429640139;70050
1429660548;70051
1429680957;70052
1429701366;70053
1429721775;70054
1429742185;70055
1429762593;70056
1429783002;70057
1429803412;70058
1429823820;70059
1429844230;70060
1429864639;70061
1429885051;70062
1429905457;70063
1429925866;70064
1429946275;70065
1429966684;70066
1429987093;70067
1430007502;70068
1430027911;70069
1430048321;70070
1430068729;70071
1430089138;70072
1430109548;70073
1430129956;70074
1430150366;70075
1430170775;70076
1430191183;70077
1430211593;70078
1430232002;70079
1430252415;70080
1430272820;70081
1430293229;70082
1430313638;70083
1430334047;70084
1430354457;70085
1430374869;70086
1430395274;70087
1430415684;70088
1430436092;70089
1430456502;70090
1430476914;70091
1430497319;70092
1430517733;70093
1430538137;70094
1430558547;70095
1430578956;70096
1430599364;70097
1430619774;70098
1430640183;70099
1430660592;70100
1430681001;70101
1430701410;70102
1430721819;70103
1430742228;70104
1430762638;70105
1430783046;70106
1430803455;70107
1430823865;70108
1430844273;70109
1430864682;70110
1430885092;70111
1430905500;70112
1430925910;70113
1430946319;70114
1430966731;70115
1430987137;70116
1431007546;70117
1431027955;70118
1431048364;70119
1431068774;70120
1431089182;70121
1431109591;70122
1431130005;70123
1431150409;70124
1431170822;70125
1431191228;70126
1431211636;70127
1431232046;70128
1431252455;70129
1431272864;70130
1431293273;70131
1431313682;70132
1431334091;70133
1431354500;70134
1431374910;70135
1431395318;70136
1431415727;70137
1431436137;70138
1431456545;70139
1431476954;70140
1431497364;70141
1431517776;70142
1431538182;70143
1431558591;70144
1431579000;70145
1431599409;70146
1431619818;70147
1431640227;70148
1431660636;70149
1431681046;70150
1431701454;70151
1431721863;70152
1431742273;70153
1431762681;70154
1431783090;70155
1431803500;70156
1431823908;70157
1431844318;70158
1431864727;70159
1431885135;70160
1431905545;70161
1431925954;70162
1431946363;70163
1431966772;70164
1431987181;70165
1432007590;70166
1432027999;70167
1432048409;70168
1432068817;70169
1432089226;70170
1432109636;70171
1432130044;70172
1432150454;70173
1432170863;70174
1432191271;70175
1432211681;70176
1432232090;70177
1432252499;70178
1432272908;70179
1432293317;70180
1432313726;70181
1432334135;70182
1432354545;70183
1432374953;70184
1432395366;70185
1432415772;70186
1432436180;70187
1432456593;70188
1432476998;70189
1432497411;70190
1432517817;70191
1432538225;70192
1432558635;70193
1432579044;70194
1432599452;70195
1432619862;70196
1432640271;70197
1432660680;70198
1432681093;70199
1432701502;70200
1432721907;70201
1432742316;70202
1432762726;70203
1432783138;70204
1432803547;70205
1432823957;70206
1432844361;70207
1432864771;70208
1432885180;70209
1432905588;70210
1432925998;70211
1432946411;70212
1432966816;70213
1432987225;70214
1433007634;70215
1433028043;70216
1433048452;70217
1433068862;70218
1433089270;70219
1433109679;70220
1433130089;70221
1433150497;70222
1433170907;70223
1433191316;70224
1433211724;70225
1433232134;70226
1433252543;70227
1433272956;70228
1433293361;70229
1433313770;70230
1433334179;70231
1433354588;70232
1433374998;70233
1433395406;70234
1433415815;70235
1433436225;70236
1433456633;70237
1433477043;70238
1433497452;70239
1433517860;70240
1433538270;70241
1433558679;70242
1433579088;70243
1433599497;70244
1433619906;70245
1433640315;70246
1433660724;70247
1433681134;70248
1433701542;70249
1433721951;70250
1433742361;70251
1433762773;70252
1433783179;70253
1433803588;70254
1433823996;70255
1433844406;70256
1433864815;70257
1433885224;70258
1433905633;70259
1433926042;70260
1433946451;70261
1433966860;70262
1433987270;70263
1434007678;70264
1434028087;70265
1434048497;70266
1434068905;70267
1434089315;70268
1434109721;70269
1434130129;70270
1434150539;70271
1434170948;70272
1434191357;70273
1434211766;70274
1434232174;70275
1434252584;70276
1434272993;70277
1434293402;70278
1434313811;70279
1434334220;70280
1434354629;70281
1434375038;70282
1434395448;70283
1434415856;70284
1434436265;70285
1434456675;70286
1434477083;70287
1434497493;70288
1434517901;70289
1434538310;70290
1434558720;70291
1434579129;70292
1434599538;70293
1434619947;70294
1434640356;70295
1434660769;70296
1434681174;70297
1434701584;70298
1434721992;70299
1434742401;70300
1434762811;70301
1434783219;70302
1434803629;70303
1434824038;70304
1434844446;70305
1434864856;70306
1434885265;70307
1434905674;70308
1434926083;70309
1434946491;70310
1434966901;70311
1434987310;70312
1435007719;70313
1435028132;70314
1435048537;70315
1435068946;70316
1435089355;70317
1435109768;70318
1435130173;70319
1435150582;70320
1435170992;70321
1435191400;70322
1435211810;70323
1435232219;70324
1435252627;70325
1435273037;70326
1435293446;70327
1435313855;70328
1435334264;70329
1435354673;70330
1435375082;70331
1435395491;70332
1435415901;70333
1435436309;70334
1435456718;70335
1435477128;70336
1435497536;70337
1435517946;70338
1435538355;70339
1435558763;70340
1435579173;70341
1435599582;70342
1435619991;70343
1435640400;70344
1435660808;70345
1435681218;70346
1435701631;70347
1435722039;70348
1435742445;70349
1435762854;70350
1435783267;70351
1435803672;70352
1435824085;70353
1435844490;70354
1435864899;70355
1435885309;70356
1435905717;70357
1435926126;70358
1435946536;70359
1435966944;70360
1435987354;70361
1436007763;70362
1436028175;70363
1436048581;70364
1436068994;70365
1436089399;70366
1436109808;70367
1436130217;70368
1436150626;70369
1436171039;70370
1436191445;70371
1436211853;70372
1436232262;70373
1436252672;70374
1436273080;70375
1436293490;70376
1436313899;70377
1436334308;70378
1436354717;70379
1436375125;70380
1436395535;70381
1436415948;70382
1436436352;70383
1436456762;70384
1436477171;70385
1436497584;70386
1436517989;70387
1436538398;70388
1436558807;70389
1436579216;70390
1436599626;70391
1436620034;70392
1436640443;70393
1436660853;70394
1436681261;70395
1436701671;70396
1436722080;70397
1436742488;70398
1436762898;70399
1436783307;70400
1436803716;70401
1436824129;70402
1436844534;70403
1436864943;70404
1436885352;70405
1436905762;70406
1436926170;70407
1436946579;70408
1436966989;70409
1436987401;70410
1437007807;70411
1437028216;70412
1437048624;70413
1437069034;70414
1437089442;70415
1437109852;70416
1437130261;70417
1437150669;70418
1437171079;70419
1437191488;70420
1437211897;70421
1437232306;70422
1437252715;70423
1437273124;70424
1437293533;70425
1437313943;70426
1437334355;70427
1437354760;70428
1437375170;70429
1437395578;70430
1437415988;70431
1437436397;70432
1437456805;70433
1437477215;70434
1437497624;70435
1437518036;70436
1437538442;70437
1437558851;70438
1437579264;70439
1437599669;70440
1437620079;70441
1437640487;70442
1437660896;70443
1437681306;70444
1437701718;70445
1437722124;70446
1437742533;70447
1437762941;70448
1437783351;70449
1437803759;70450
1437824169;70451
1437844578;70452
1437864986;70453
1437885400;70454
1437905805;70455
1437926214;70456
1437946623;70457
1437967032;70458
1437987441;70459
1438007850;70460
1438028263;70461
1438048668;70462
1438069077;70463
1438089487;70464
1438109895;70465
1438130305;70466
1438150714;70467
1438171122;70468
1438191532;70469
1438211941;70470
1438232349;70471
1438252759;70472
1438273168;70473
1438293577;70474
1438313986;70475
1438334395;70476
1438354804;70477
1438375213;70478
1438395623;70479
1438416031;70480
1438436440;70481
1438456850;70482
1438477258;70483
1438497668;70484
1438518076;70485
1438538486;70486
1438558895;70487
1438579303;70488
1438599713;70489
1438620122;70490
1438640531;70491
1438660940;70492
1438681349;70493
1438701758;70494
1438722167;70495
1438742577;70496
1438762985;70497
1438783394;70498
1438803804;70499
1438824212;70500
1438844622;70501
1438865031;70502
1438885440;70503
1438905849;70504
1438926258;70505
1438946667;70506
1438967080;70507
1438987486;70508
1439007894;70509
1439028304;70510
1439048713;70511
1439069121;70512
1439089531;70513
1439109940;70514
1439130349;70515
1439150758;70516
1439171167;70517
1439191576;70518
1439211985;70519
1439232394;70520
1439252803;70521
1439273216;70522
1439293621;70523
1439314030;70524
1439334440;70525
1439354848;70526
1439375258;70527
1439395667;70528
1439416075;70529
1439436485;70530
1439456894;70531
1439477303;70532
1439497712;70533
1439518122;70534
1439538530;70535
1439558939;70536
1439579349;70537
1439599757;70538
1439620167;70539
1439640576;70540
1439660985;70541
1439681394;70542
1439701803;70543
1439722212;70544
1439742621;70545
1439763031;70546
1439783439;70547
1439803849;70548
1439824258;70549
1439844666;70550
1439865076;70551
1439885489;70552
1439905894;70553
1439926303;70554
1439946712;70555
1439967121;70556
1439987530;70557
1440007939;70558
1440028348;70559
1440048758;70560
1440069166;70561
1440089576;70562
1440109985;70563
1440130393;70564
1440150803;70565
1440171212;70566
1440191621;70567
1440212030;70568
1440232440;70569
1440252852;70570
1440273258;70571
1440293667;70572
1440314075;70573
1440334485;70574
1440354894;70575
1440375303;70576
1440395712;70577
1440416122;70578
1440436530;70579
1440456939;70580
1440477349;70581
1440497757;70582
1440518167;70583
1440538576;70584
1440558985;70585
1440579394;70586
1440599804;70587
1440620212;70588
1440640621;70589
1440661030;70590
1440681439;70591
1440701849;70592
1440722257;70593
1440742667;70594
1440763076;70595
1440783485;70596
1440803894;70597
1440824303;70598
1440844712;70599
1440865121;70600
1440885531;70601
1440905939;70602
1440926349;70603
1440946758;70604
1440967167;70605
1440987576;70606
1441007985;70607
1441028398;70608
1441048803;70609
1441069213;70610
1441089621;70611
1441110031;70612
1441130440;70613
1441150849;70614
1441171258;70615
1441191667;70616
1441212076;70617
1441232485;70618
1441252895;70619
1441273303;70620
1441293713;70621
1441314122;70622
1441334531;70623
1441354940;70624
1441375349;70625
1441395758;70626
1441416167;70627
1441436576;70628
1441456985;70629
1441477395;70630
1441497803;70631
1441518213;70632
1441538626;70633
1441559030;70634
1441579440;70635
1441599849;70636
1441620258;70637
1441640667;70638
1441661077;70639
1441681485;70640
1441701895;70641
1441722304;70642
1441742712;70643
1441763122;70644
1441783531;70645
1441803940;70646
1441824349;70647
1441844759;70648
1441865167;70649
1441885577;70650
1441905986;70651
1441926394;70652
1441946804;70653
1441967217;70654
1441987622;70655
1442008031;70656
1442028441;70657
1442048849;70658
1442069258;70659
1442089671;70660
1442110076;70661
1442130486;70662
1442150894;70663
1442171304;70664
1442191713;70665
1442212126;70666
1442232531;70667
1442252941;70668
1442273349;70669
1442293762;70670
1442314168;70671
1442334576;70672
1442354986;70673
1442375395;70674
1442395804;70675
1442416213;70676
1442436623;70677
1442457031;70678
1442477440;70679
1442497850;70680
1442518258;70681
1442538668;70682
1442559077;70683
1442579486;70684
1442599895;70685
1442620304;70686
1442640713;70687
1442661122;70688
1442681532;70689
1442701940;70690
1442722350;70691
1442742759;70692
1442763167;70693
1442783577;70694
1442803985;70695
1442824395;70696
1442844804;70697
1442865213;70698
1442885622;70699
1442906032;70700
1442926440;70701
1442946849;70702
1442967263;70703
1442987667;70704
1443008081;70705
1443028486;70706
1443048895;70707
1443069304;70708
1443089713;70709
1443110122;70710
1443130531;70711
1443150941;70712
1443171349;70713
1443191759;70714
1443212168;70715
1443232577;70716
1443252986;70717
1443273395;70718
1443293804;70719
1443314213;70720
1443334623;70721
1443355031;70722
1443375441;70723
1443395854;70724
1443416258;70725
1443436668;70726
1443457077;70727
1443477486;70728
1443497895;70729
1443518304;70730
1443538713;70731
1443559122;70732
1443579531;70733
1443599940;70734
1443620350;70735
1443640758;70736
1443661168;70737
1443681577;70738
1443701985;70739
1443722395;70740
1443742804;70741
1443763213;70742
1443783622;70743
1443804035;70744
1443824440;70745
1443844849;70746
1443865259;70747
1443885667;70748
1443906081;70749
1443926490;70750
1443946894;70751
1443967304;70752
1443987713;70753
1444008122;70754
1444028531;70755
1444048941;70756
1444069349;70757
1444089759;70758
1444110137;70759
1444130545;70760
1444150955;70761
1444171363;70762
1444191773;70763
1444212186;70764
1444232591;70765
1444253000;70766
1444273408;70767
1444293818;70768
1444314226;70769
1444334636;70770
1444355045;70771
1444375453;70772
1444395867;70773
1444416275;70774
1444436681;70775
1444457090;70776
1444477503;70777
1444497908;70778
1444518316;70779
1444538726;70780
1444559135;70781
1444579548;70782
1444599957;70783
1444620362;70784
1444640771;70785
1444661180;70786
1444681589;70787
1444701998;70788
1444722407;70789
1444742816;70790
1444763225;70791
1444783634;70792
1444804043;70793
1444824452;70794
1444844865;70795
1444865271;70796
1444885679;70797
1444906088;70798
1444926497;70799
1444946906;70800
1444967315;70801
1444987724;70802
1445008134;70803
1445028542;70804
1445048951;70805
1445069360;70806
1445089769;70807
1445110183;70808
1445130587;70809
1445150996;70810
1445171405;70811
1445191814;70812
1445212224;70813
1445232632;70814
1445253042;70815
1445273450;70816
1445293859;70817
1445314269;70818
1445334677;70819
1445355087;70820
1445375495;70821
1445395905;70822
1445416314;70823
1445436722;70824
1445457132;70825
1445477540;70826
1445497950;70827
1445518363;70828
1445538768;70829
1445559177;70830
1445579585;70831
1445599995;70832
1445620403;70833
1445640813;70834
1445661222;70835
1445681630;70836
1445702040;70837
1445722448;70838
1445742858;70839
1445763267;70840
1445783676;70841
1445804085;70842
1445824493;70843
1445844903;70844
1445865312;70845
1445885720;70846
1445906130;70847
1445926538;70848
1445946948;70849
1445967357;70850
1445987766;70851
1446008175;70852
1446028583;70853
1446048993;70854
1446069402;70855
1446089811;70856
1446110220;70857
1446130629;70858
1446151038;70859
1446171447;70860
1446191856;70861
1446212265;70862
1446232674;70863
1446253083;70864
1446273491;70865
1446293901;70866
1446314310;70867
1446334719;70868
1446355128;70869
1446375537;70870
1446395946;70871
1446416355;70872
1446436764;70873
1446457173;70874
1446477586;70875
1446497991;70876
1446518400;70877
1446538809;70878
1446559218;70879
1446579627;70880
1446600036;70881
1446620445;70882
1446640854;70883
1446661263;70884
1446681672;70885
1446702081;70886
1446722491;70887
1446742899;70888
1446763308;70889
1446783717;70890
1446804126;70891
1446824536;70892
1446844944;70893
1446865353;70894
1446885762;70895
1446906171;70896
1446926580;70897
1446946989;70898
1446967398;70899
1446987807;70900
1447008216;70901
1447028625;70902
1447049034;70903
1447069444;70904
1447089852;70905
1447110261;70906
1447130670;70907
1447151079;70908
1447171489;70909
1447191897;70910
1447212306;70911
1447232715;70912
1447253124;70913
1447273534;70914
1447293946;70915
1447314351;70916
1447334760;70917
1447355169;70918
1447375579;70919
1447395987;70920
1447416396;70921
1447436805;70922
1447457214;70923
1447477624;70924
1447498032;70925
1447518442;70926
1447538850;70927
1447559259;70928
1447579668;70929
1447600077;70930
1447620487;70931
1447640895;70932
1447661304;70933
1447681713;70934
1447702122;70935
1447722532;70936
1447742940;70937
1447763349;70938
1447783758;70939
1447804171;70940
1447824577;70941
1447844985;70942
1447865394;70943
1447885803;70944
1447906212;70945
1447926622;70946
1447947030;70947
1447967439;70948
1447987848;70949
1448008257;70950
1448028667;70951
1448049075;70952
1448069484;70953
1448089893;70954
1448110302;70955
1448130716;70956
1448151120;70957
1448171530;70958
1448191938;70959
1448212347;70960
1448232757;70961
1448253165;70962
1448273575;70963
1448293983;70964
1448314396;70965
1448334801;70966
1448355210;70967
1448375620;70968
1448396028;70969
1448416437;70970
1448436846;70971
1448457255;70972
1448477665;70973
1448498073;70974
1448518483;70975
1448538891;70976
1448559300;70977
1448579710;70978
1448600118;70979
1448620528;70980
1448640936;70981
1448661345;70982
1448681755;70983
1448702163;70984
1448722573;70985
1448742981;70986
1448763390;70987
1448783800;70988
1448804208;70989
1448824618;70990
1448845026;70991
1448865435;70992
1448885845;70993
1448906253;70994
1448926663;70995
1448947071;70996
1448967480;70997
1448987889;70998
1449008298;70999
1449028708;71000
1449049116;71001
1449069529;71002
1449089934;71003
1449110343;71004
1449130753;71005
1449151161;71006
1449171574;71007
1449191979;71008
1449212388;71009
1449232798;71010
1449253210;71011
1449273615;71012
1449294024;71013
1449314433;71014
1449334843;71015
1449355251;71016
1449375660;71017
1449396069;71018
1449416478;71019
1449436888;71020
1449457296;71021
1449477706;71022
1449498114;71023
1449518523;71024
1449538933;71025
1449559341;71026
1449579750;71027
1449600159;71028
1449620568;71029
1449640977;71030
1449661386;71031
1449681796;71032
1449702204;71033
1449722613;71034
1449743026;71035
1449763431;71036
1449783840;71037
1449804249;71038
1449824658;71039
1449845067;71040
1449865476;71041
1449885886;71042
1449906294;71043
1449926703;71044
1449947112;71045
1449967521;71046
1449987930;71047
1450008339;71048
1450028748;71049
1450049157;71050
1450069566;71051
1450089976;71052
1450110388;71053
1450130793;71054
1450151202;71055
1450171611;71056
1450192020;71057
1450212429;71058
1450232842;71059
1450253247;71060
1450273656;71061
1450294064;71062
1450314474;71063
1450334883;71064
1450355292;71065
1450375701;71066
1450396110;71067
1450416519;71068
1450436928;71069
1450457337;71070
1450477746;71071
1450498155;71072
1450518564;71073
1450538973;71074
1450559382;71075
1450579791;71076
1450600200;71077
1450620609;71078
1450641018;71079
1450661427;71080
1450681836;71081
1450702245;71082
1450722654;71083
1450743063;71084
1450763472;71085
1450783881;71086
1450804290;71087
1450824703;71088
1450845108;71089
1450865517;71090
1450885926;71091
1450906338;71092
1450926744;71093
1450947152;71094
1450967562;71095
1450987975;71096
1451008383;71097
1451028789;71098
1451049197;71099
1451069607;71100
1451090016;71101
1451110425;71102
1451130834;71103
1451151242;71104
1451171652;71105
1451192061;71106
1451212470;71107
1451232879;71108
1451253287;71109
1451273697;71110
1451294106;71111
1451314515;71112
1451334924;71113
1451355332;71114
1451375742;71115
1451396151;71116
1451416560;71117
1451436969;71118
1451457377;71119
1451477787;71120
1451498196;71121
1451518605;71122
1451539014;71123
1451559422;71124
1451579832;71125
1451600240;71126
1451620650;71127
1451641059;71128
1451661467;71129
1451681881;71130
1451702285;71131
1451722695;71132
1451743104;71133
1451763512;71134
1451783922;71135
1451804330;71136
1451824740;71137
1451845149;71138
1451865557;71139
1451885967;71140
1451906375;71141
1451926785;71142
1451947194;71143
1451967602;71144
1451988012;71145
1452008420;71146
1452028829;71147
1452049239;71148
1452069647;71149
1452090057;71150
1452110465;71151
1452130875;71152
1452151284;71153
1452171692;71154
1452192102;71155
1452212514;71156
1452232919;71157
1452253332;71158
1452273737;71159
1452294147;71160
1452314555;71161
1452334968;71162
1452355373;71163
1452375782;71164
1452396192;71165
1452416600;71166
1452437009;71167
1452457418;71168
1452477827;71169
1452498237;71170
1452518649;71171
1452539055;71172
1452559463;71173
1452579872;71174
1452600282;71175
1452620690;71176
1452641099;71177
1452661508;71178
1452681917;71179
1452702327;71180
1452722735;71181
1452743144;71182
1452763553;71183
1452783962;71184
1452804372;71185
1452824780;71186
1452845189;71187
1452865598;71188
1452886007;71189
1452906420;71190
1452926825;71191
1452947234;71192
1452967643;71193
1452988052;71194
1453008461;71195
1453028870;71196
1453049279;71197
1453069688;71198
1453090097;71199
1453110506;71200
1453130915;71201
1453151324;71202
1453171733;71203
1453192142;71204
1453212550;71205
1453232960;71206
1453253369;71207
1453273778;71208
1453294187;71209
1453314596;71210
1453335005;71211
1453355414;71212
1453375823;71213
1453396232;71214
1453416641;71215
1453437050;71216
1453457459;71217
1453477868;71218
1453498277;71219
1453518686;71220
1453539095;71221
1453559504;71222
1453579913;71223
1453600322;71224
1453620731;71225
1453641140;71226
1453661548;71227
1453681958;71228
1453702367;71229
1453722776;71230
1453743185;71231
1453763593;71232
1453784003;71233
1453804412;71234
1453824821;71235
1453845230;71236
1453865638;71237
1453886048;71238
1453906457;71239
1453926865;71240
1453947279;71241
1453967683;71242
1453988093;71243
1454008502;71244
1454028910;71245
1454049320;71246
1454069732;71247
1454090142;71248
1454110568;71249
1454130976;71250
1454151386;71251
1454171794;71252
1454192204;71253
1454212613;71254
1454233021;71255
1454253435;71256
1454273840;71257
1454294249;71258
1454314658;71259
1454335068;71260
1454355480;71261
1454375885;71262
1454396294;71263
1454416703;71264
1454437112;71265
1454457521;71266
1454477930;71267
1454498340;71268
1454518748;71269
1454539157;71270
1454559571;71271
1454579975;71272
1454600385;71273
1454620793;71274
1454641202;71275
1454661612;71276
1454682020;71277
1454702430;71278
1454722843;71279
1454743247;71280
1454763657;71281
1454784066;71282
1454804478;71283
1454824884;71284
1454845292;71285
1454865702;71286
1454886111;71287
1454906519;71288
1454926929;71289
1454947338;71290
1454967747;71291
1454988156;71292
1455008565;71293
1455028974;71294
1455049383;71295
1455069792;71296
1455090205;71297
1455110610;71298
1455131019;71299
1455151428;71300
1455171838;71301
1455192246;71302
1455212659;71303
1455233065;71304
1455253477;71305
1455273883;71306
1455294291;71307
1455314704;71308
1455335110;71309
1455355518;71310
1455375928;71311
1455396337;71312
1455416745;71313
1455437155;71314
1455457564;71315
1455477973;71316
1455498382;71317
1455518790;71318
1455539200;71319
1455559609;71320
1455580018;71321
1455600427;71322
1455620836;71323
1455641249;71324
1455661658;71325
1455682064;71326
1455702472;71327
1455722881;71328
1455743290;71329
1455763699;71330
1455784109;71331
1455804517;71332
1455824926;71333
1455845336;71334
1455865744;71335
1455886154;71336
1455906563;71337
1455926971;71338
1455947381;71339
1455967789;71340
1455988198;71341
1456008608;71342
1456029020;71343
1456049426;71344
1456069835;71345
1456090244;71346
1456110653;71347
1456131062;71348
1456151471;71349
1456171880;71350
1456192289;71351
1456212698;71352
1456233107;71353
1456253520;71354
1456273925;71355
1456294334;71356
1456314743;71357
1456335152;71358
1456355562;71359
1456375970;71360
1456396379;71361
1456416788;71362
1456437197;71363
1456457607;71364
1456478015;71365
1456498424;71366
1456518834;71367
1456539242;71368
1456559652;71369
1456580061;71370
1456600469;71371
1456620879;71372
1456641287;71373
1456661697;71374
1456682106;71375
1456702514;71376
1456722924;71377
1456743333;71378
1456763742;71379
1456784151;71380
1456804564;71381
1456824969;71382
1456845382;71383
1456865787;71384
1456886196;71385
1456906605;71386
1456927018;71387
1456947423;71388
1456967833;71389
1456988241;71390
1457008650;71391
1457029060;71392
1457049468;71393
1457069878;71394
1457090286;71395
1457110695;71396
1457131105;71397
1457151513;71398
1457171922;71399
1457192332;71400
1457212740;71401
1457233150;71402
1457253559;71403
1457273967;71404
1457294377;71405
1457314786;71406
1457335195;71407
1457355604;71408
1457376012;71409
1457396422;71410
1457416831;71411
1457437240;71412
1457457649;71413
1457478058;71414
1457498467;71415
1457518876;71416
1457539286;71417
1457559694;71418
1457580103;71419
1457600516;71420
1457620921;71421
1457641331;71422
1457661739;71423
1457682152;71424
1457702558;71425
1457722966;71426
1457743376;71427
1457763785;71428
1457784193;71429
1457804603;71430
1457825011;71431
1457845421;71432
1457865830;71433
1457886238;71434
1457906648;71435
1457927057;71436
1457947466;71437
1457967879;71438
1457988288;71439
1458008693;71440
1458029106;71441
1458049511;71442
1458069920;71443
1458090329;71444
1458110738;71445
1458131147;71446
1458151560;71447
1458171965;71448
1458192374;71449
1458212784;71450
1458233192;71451
1458253602;71452
1458274010;71453
1458294423;71454
1458314829;71455
1458335237;71456
1458355646;71457
1458376056;71458
1458396464;71459
1458416874;71460
1458437287;71461
1458457692;71462
1458478101;71463
1458498509;71464
1458518919;71465
1458539328;71466
1458559736;71467
1458580146;71468
1458600555;71469
1458620964;71470
1458641373;71471
1458661782;71472
1458682195;71473
1458702600;71474
1458723009;71475
1458743418;71476
1458763827;71477
1458784236;71478
1458804645;71479
1458825055;71480
1458845467;71481
1458865872;71482
1458886282;71483
1458906690;71484
1458927100;71485
1458947508;71486
1458967917;71487
1458988331;71488
1459008735;71489
1459029148;71490
1459049554;71491
1459069966;71492
1459090376;71493
1459110781;71494
1459131190;71495
1459151599;71496
1459172007;71497
1459192417;71498
1459212826;71499
1459233234;71500
1459253644;71501
1459274053;71502
1459294466;71503
1459314871;71504
1459335281;71505
1459355689;71506
1459376098;71507
1459396511;71508
1459416916;71509
1459437326;71510
1459457734;71511
1459478143;71512
1459498553;71513
1459518961;71514
1459539370;71515
1459559780;71516
1459580188;71517
1459600598;71518
1459621006;71519
1459641416;71520
1459661825;71521
1459682233;71522
1459702643;71523
1459723056;71524
1459743460;71525
1459763870;71526
1459784279;71527
1459804692;71528
1459825097;71529
1459845505;71530
1459865915;71531
1459886324;71532
1459906733;71533
1459927142;71534
1459947551;71535
1459967964;71536
1459988369;71537
1460008779;71538
1460029187;71539
1460049596;71540
1460070005;71541
1460090414;71542
1460110824;71543
1460131232;71544
1460151645;71545
1460172051;71546
1460192459;71547
1460212869;71548
1460233278;71549
1460253686;71550
1460274100;71551
1460294504;71552
1460314914;71553
1460335327;71554
1460355731;71555
1460376141;71556
1460396550;71557
1460416959;71558
1460437368;71559
1460457777;71560
1460478186;71561
1460498595;71562
1460519004;71563
1460539413;71564
1460559822;71565
1460580231;71566
1460600640;71567
1460621049;71568
1460641458;71569
1460661867;71570
1460682277;71571
1460702685;71572
1460723095;71573
1460743503;71574
1460763912;71575
1460784322;71576
1460804730;71577
1460825139;71578
1460845549;71579
1460865957;71580
1460886367;71581
1460906776;71582
1460927184;71583
1460947594;71584
1460968002;71585
1460988412;71586
1461008821;71587
1461029229;71588
1461049639;71589
1461070048;71590
1461090457;71591
1461110866;71592
1461131275;71593
1461151684;71594
1461172093;71595
1461192502;71596
1461212911;71597
1461233320;71598
1461253729;71599
1461274138;71600
1461294548;71601
1461314956;71602
1461335365;71603
1461355775;71604
1461376183;71605
1461396593;71606
1461417001;71607
1461437410;71608
1461457820;71609
1461478228;71610
1461498637;71611
1461519047;71612
1461539455;71613
1461559869;71614
1461580274;71615
1461600682;71616
1461621092;71617
1461641500;71618
1461661910;71619
1461682319;71620
1461702728;71621
1461723137;71622
1461743546;71623
1461763959;71624
1461784364;71625
1461804773;71626
1461825182;71627
1461845591;71628
1461866000;71629
1461886409;71630
1461906818;71631
1461927227;71632
1461947636;71633
1461968050;71634
1461988458;71635
1462008867;71636
1462029273;71637
1462049681;71638
1462070091;71639
1462090499;71640
1462110908;71641
1462131318;71642
1462151726;71643
1462172136;71644
1462192545;71645
1462212953;71646
1462233363;71647
1462253772;71648
1462274181;71649
1462294590;71650
1462314998;71651
1462335408;71652
1462355817;71653
1462376226;71654
1462396635;71655
1462417044;71656
1462437453;71657
1462457866;71658
1462478275;71659
1462498680;71660
1462519089;71661
1462539503;71662
1462559907;71663
1462580317;71664
1462600725;71665
1462621134;71666
1462641544;71667
1462661952;71668
1462682361;71669
1462702771;71670
1462723179;71671
1462743589;71672
1462763998;71673
1462784406;71674
1462804820;71675
1462825224;71676
1462845634;71677
1462866043;71678
1462886451;71679
1462906865;71680
1462927270;71681
1462947679;71682
1462968088;71683
1462988497;71684
1463008906;71685
1463029315;71686
1463049724;71687
1463070133;71688
1463090542;71689
1463110955;71690
1463131360;71691
1463151770;71692
1463172178;71693
1463192587;71694
1463212997;71695
1463233405;71696
1463253815;71697
1463274223;71698
1463294632;71699
1463315042;71700
1463335450;71701
1463355859;71702
1463376269;71703
1463396677;71704
1463417087;71705
1463437496;71706
1463457905;71707
1463478314;71708
1463498722;71709
1463519132;71710
1463539541;71711
1463559949;71712
1463580359;71713
1463600772;71714
1463621177;71715
1463641586;71716
1463661996;71717
1463682404;71718
