1415000320;69331
1415020729;69332
1415041139;69333
1415061548;69334
1415081958;69335
1415102367;69336
1415122777;69337
1415143186;69338
1415163595;69339
1415184005;69340
1415204414;69341
1415224824;69342
1415245233;69343
1415265643;69344
1415286052;69345
1415306462;69346
1415326871;69347
1415347280;69348
1415367689;69349
1415388099;69350
1415408508;69351
1415428918;69352
1415449331;69353
1415469737;69354
1415490146;69355
1415510556;69356
1415530964;69357
1415551374;69358
1415571783;69359
1415592193;69360
1415612606;69361
1415633016;69362
1415653421;69363
1415673831;69364
1415694240;69365
1415714650;69366
1415735062;69367
1415755468;69368
1415775877;69369
1415796287;69370
1415816696;69371
1415837110;69372
1415857515;69373
1415877925;69374
1415898337;69375
1415918743;69376
1415939156;69377
1415959566;69378
1415979976;69379
1416000381;69380
1416020791;69381
1416041200;69382
1416061610;69383
1416082019;69384
1416102432;69385
1416122837;69386
1416143251;69387
1416163656;69388
1416184066;69389
1416204475;69390
1416224885;69391
1416245294;69392
1416265704;69393
1416286113;69394
1416306522;69395
1416326931;69396
1416347341;69397
1416367750;69398
1416388160;69399
1416408569;69400
1416428979;69401
1416449388;69402
1416469798;69403
1416490207;69404
1416510616;69405
1416531025;69406
1416551435;69407
1416571844;69408
1416592258;69409
1416612663;69410
1416633073;69411
1416653482;69412
1416673892;69413
1416694301;69414
1416714710;69415
1416735119;69416
1416755533;69417
1416775938;69418
1416796348;69419
1416816758;69420
1416837167;69421
1416857581;69422
1416877989;69423
1416898395;69424
1416918804;69425
1416939214;69426
1416959623;69427
1416980033;69428
1417000442;69429
1417020852;69430
1417041261;69431
1417061671;69432
1417082080;69433
1417102489;69434
1417122898;69435
1417143308;69436
1417163717;69437
1417184127;69438
1417204536;69439
1417224946;69440
1417245355;69441
1417265765;69442
1417286177;69443
1417306583;69444
1417326992;69445
1417347402;69446
1417367811;69447
1417388221;69448
1417408630;69449
1417429040;69450
1417449453;69451
1417469859;69452
1417490267;69453
1417510681;69454
1417531086;69455
1417551496;69456
1417571905;69457
1417592315;69458
1417612724;69459
1417633138;69460
1417653544;69461
1417673952;69462
1417694362;69463
1417714771;69464
1417735181;69465
1417755590;69466
1417776000;69467
1417796413;69468
1417816819;69469
1417837228;69470
1417857638;69471
1417878046;69472
1417898456;69473
1417918865;69474
1417939275;69475
1417959684;69476
1417980094;69477
1418000503;69478
1418020913;69479
1418041322;69480
1418061731;69481
1418082140;69482
1418102550;69483
1418122963;69484
1418143369;69485
1418163778;69486
1418184188;69487
1418204597;69488
1418225011;69489
1418245419;69490
1418265825;69491
1418286234;69492
1418306648;69493
1418327053;69494
1418347463;69495
1418367872;69496
1418388282;69497
1418408691;69498
1418429105;69499
1418449510;69500
1418469919;69501
1418490329;69502
1418510738;69503
1418531148;69504
1418551557;69505
1418571967;69506
1418592376;69507
1418612786;69508
1418633195;69509
1418653604;69510
1418674013;69511
1418694423;69512
1418714832;69513
1418735242;69514
1418755651;69515
1418776061;69516
1418796474;69517
1418816880;69518
1418837288;69519
1418857698;69520
1418878107;69521
1418898521;69522
1418918926;69523
1418939336;69524
1418959745;69525
1418980155;69526
1419000564;69527
1419020974;69528
1419041382;69529
1419061792;69530
1419082201;69531
1419102611;69532
1419123020;69533
1419143434;69534
1419163839;69535
1419184249;69536
1419204662;69537
1419225067;69538
1419245476;69539
1419265886;69540
1419286296;69541
1419306705;69542
1419327119;69543
1419347524;69544
1419367934;69545
1419388343;69546
1419408753;69547
1419429161;69548
1419449571;69549
1419469980;69550
1419490394;69551
1419510803;69552
1419531209;69553
1419551622;69554
1419572028;69555
1419592437;69556
1419612846;69557
1419633255;69558
1419653665;69559
1419674074;69560
1419694488;69561
1419714893;69562
1419735303;69563
1419755712;69564
1419776122;69565
1419796531;69566
1419816940;69567
1419837349;69568
1419857759;69569
1419878168;69570
1419898578;69571
1419918987;69572
1419939397;69573
1419959810;69574
1419980216;69575
1420000625;69576
1420021038;69577
1420041443;69578
1420061853;69579
1420082262;69580
1420102672;69581
1420123082;69582
1420143491;69583
1420163905;69584
1420184310;69585
1420204720;69586
1420225128;69587
1420245538;69588
1420265947;69589
1420286357;69590
1420306766;69591
1420327176;69592
1420347585;69593
1420367995;69594
1420388407;69595
1420408817;69596
1420429226;69597
1420449632;69598
1420470041;69599
1420490451;69600
1420510860;69601
1420531274;69602
1420551683;69603
1420572089;69604
1420592498;69605
1420612907;69606
1420633316;69607
1420653726;69608
1420674135;69609
1420694545;69610
1420714954;69611
1420735364;69612
1420755773;69613
1420776182;69614
1420796595;69615
1420817005;69616
1420837414;69617
1420857820;69618
1420878229;69619
1420898639;69620
1420919048;69621
1420939462;69622
1420959868;69623
1420980277;69624
1421000686;69625
1421021095;69626
1421041509;69627
1421061914;69628
1421082324;69629
1421102733;69630
1421123143;69631
1421143552;69632
1421163966;69633
1421184370;69634
1421204780;69635
1421225189;69636
1421245603;69637
1421266008;69638
1421286422;69639
1421306827;69640
1421327237;69641
1421347646;69642
1421368059;69643
1421388464;69644
1421408874;69645
1421429283;69646
1421449697;69647
1421470102;69648
1421490512;69649
1421510921;69650
1421531331;69651
1421551740;69652
1421572149;69653
1421592558;69654
1421612968;69655
1421633377;69656
1421653787;69657
1421674196;69658
1421694606;69659
1421715015;69660
1421735425;69661
1421755834;69662
1421776243;69663
1421796653;69664
1421817062;69665
1421837472;69666
1421857881;69667
1421878295;69668
1421898700;69669
1421919114;69670
1421939519;69671
1421959928;69672
1421980341;69673
1422000747;69674
1422021160;69675
1422041566;69676
1422061975;69677
1422082385;69678
1422102798;69679
1422123203;69680
1422143616;69681
1422164022;69682
1422184431;69683
1422204841;69684
1422225250;69685
1422245660;69686
1422266069;69687
1422286479;69688
1422306888;69689
1422327298;69690
1422347706;69691
1422368116;69692
1422388525;69693
1422408939;69694
1422429344;69695
1422449754;69696
1422470167;69697
1422490573;69698
1422510985;69699
1422531391;69700
1422551800;69701
1422572210;69702
1422592619;69703
1422613029;69704
1422633439;69705
1422653848;69706
1422674262;69707
1422694667;69708
1422715077;69709
1422735486;69710
1422755895;69711
1422776304;69712
1422796714;69713
1422817127;69714
1422837537;69715
1422857942;69716
1422878352;69717
1422898761;69718
1422919171;69719
1422939579;69720
1422959989;69721
1422980398;69722
1423000808;69723
1423021217;69724
1423041631;69725
1423062036;69726
1423082446;69727
1423102855;69728
1423123265;69729
1423143673;69730
1423164083;69731
1423184492;69732
1423204902;69733
1423225311;69734
1423245721;69735
1423266134;69736
1423286540;69737
1423306948;69738
1423327362;69739
1423347771;69740
1423368177;69741
1423388586;69742
1423408996;69743
1423429405;69744
1423449815;69745
1423470225;69746
1423490634;69747
1423511044;69748
1423531452;69749
1423551862;69750
1423572271;69751
1423592685;69752
1423613090;69753
1423633500;69754
1423653909;69755
1423674319;69756
1423694728;69757
1423715137;69758
1423735546;69759
1423755956;69760
1423776365;69761
1423796775;69762
1423817184;69763
1423837594;69764
1423858003;69765
1423878413;69766
1423898821;69767
1423919231;69768
1423939640;69769
1423960054;69770
1423980459;69771
1424000869;69772
1424021278;69773
1424041692;69774
1424062097;69775
1424082507;69776
1424102915;69777
1424123399;69778
1424143809;69779
1424164222;69780
1424184628;69781
1424205038;69782
1424225447;69783
1424245857;69784
1424266270;69785
1424286679;69786
1424307085;69787
1424327495;69788
1424347904;69789
1424368314;69790
1424388724;69791
1424409133;69792
1424429543;69793
1424449953;69794
1424470362;69795
1424490771;69796
1424511181;69797
1424531590;69798
1424552000;69799
1424572410;69800
1424592819;69801
1424613229;69802
1424633639;69803
1424654048;69804
1424674458;69805
1424694867;69806
1424715276;69807
1424735686;69808
1424756100;69809
1424776505;69810
1424796915;69811
1424817325;69812
1424837734;69813
1424858144;69814
1424878553;69815
1424898962;69816
1424919372;69817
1424939782;69818
1424960191;69819
1424980601;69820
1425001011;69821
1425021420;69822
1425041830;69823
1425062239;69824
1425082652;69825
1425103058;69826
1425123468;69827
1425143877;69828
1425164287;69829
1425184697;69830
1425205106;69831
1425225516;69832
1425245929;69833
1425266334;69834
1425286744;69835
1425307153;69836
1425327563;69837
1425347973;69838
1425368382;69839
1425388792;69840
1425409202;69841
1425429611;69842
1425450021;69843
1425470430;69844
1425490839;69845
1425511249;69846
1425531659;69847
1425552068;69848
1425572478;69849
1425592888;69850
1425613297;69851
1425633707;69852
1425654120;69853
1425674525;69854
1425694935;69855
1425715345;69856
1425735754;69857
1425756164;69858
1425776574;69859
1425796983;69860
1425817393;69861
1425837806;69862
1425858211;69863
1425878621;69864
1425899031;69865
1425919440;69866
1425939850;69867
1425960260;69868
1425980669;69869
1426001079;69870
1426021489;69871
1426041897;69872
1426062307;69873
1426082717;69874
1426103126;69875
1426123536;69876
1426143946;69877
1426164359;69878
1426184765;69879
1426205175;69880
1426225583;69881
1426245993;69882
1426266403;69883
1426286812;69884
1426307222;69885
1426327632;69886
1426348041;69887
1426368451;69888
1426388861;69889
1426409270;69890
1426429679;69891
1426450089;69892
1426470502;69893
1426490912;69894
1426511318;69895
1426531727;69896
1426552141;69897
1426572551;69898
1426592956;69899
1426613365;69900
1426633775;69901
1426654184;69902
1426674594;69903
1426695004;69904
1426715413;69905
1426735823;69906
1426756233;69907
1426776642;69908
1426797051;69909
1426817461;69910
1426837870;69911
1426858280;69912
1426878690;69913
1426899103;69914
1426919509;69915
1426939919;69916
1426960328;69917
1426980738;69918
1427001148;69919
1427021556;69920
1427041966;69921
1427062376;69922
1427082789;69923
1427103199;69924
1427123605;69925
1427144014;69926
1427164424;69927
1427184834;69928
1427205246;69929
1427225652;69930
1427246066;69931
1427266471;69932
1427286881;69933
1427307290;69934
1427327700;69935
1427348110;69936
1427368522;69937
1427388929;69938
1427409338;69939
1427429747;69940
1427450157;69941
1427470567;69942
1427490976;69943
1427511386;69944
1427531796;69945
1427552205;69946
1427572615;69947
1427593024;69948
1427613437;69949
1427633843;69950
1427654257;69951
1427674662;69952
1427695072;69953
1427715482;69954
1427735891;69955
1427756301;69956
1427776711;69957
1427797119;69958
1427817529;69959
1427837939;69960
1427858352;69961
1427878758;69962
1427899168;69963
1427919577;69964
1427939991;69965
1427960397;69966
1427980809;69967
1428001215;69968
1428021625;69969
1428042034;69970
1428062444;69971
1428082854;69972
1428103263;69973
1428123673;69974
1428144083;69975
1428164491;69976
1428184901;69977
1428205315;69978
1428225720;69979
1428246130;69980
1428266544;69981
1428286949;69982
1428307359;69983
1428327773;69984
1428348178;69985
1428368588;69986
1428388997;69987
1428409406;69988
1428429816;69989
1428450226;69990
1428470635;69991
1428491045;69992
1428511455;69993
1428531864;69994
1428552274;69995
1428572683;69996
1428593092;69997
1428613502;69998
1428633912;69999
1428654321;70000
1428674731;70001
1428695141;70002
1428715550;70003
1428735960;70004
1428756369;70005
1428776778;70006
1428797188;70007
1428817598;70008
1428838007;70009
1428858417;70010
1428878827;70011
1428899236;70012
1428919650;70013
1428940056;70014
1428960464;70015
1428980878;70016
1429001284;70017
1429021697;70018
1429042103;70019
1429062513;70020
1429082926;70021
1429103332;70022
1429123742;70023
1429144150;70024
1429164560;70025
1429184974;70026
1429205379;70027
1429225789;70028
1429246199;70029
1429266608;70030
1429287022;70031
1429307427;70032
1429327837;70033
1429348246;70034
1429368659;70035
1429389065;70036
1429409475;70037
1429429884;70038
1429450294;70039
1429470704;70040
1429491113;70041
1429511523;70042
1429531933;70043
1429552341;70044
1429572755;70045
1429593161;70046
1429613570;70047
1429633984;70048
1429654390;70049
1429674803;70050
1429695209;70051
1429715619;70052
1429736027;70053
1429756437;70054
1429776847;70055
1429797256;70056
1429817666;70057
1429838076;70058
1429858485;70059
1429878899;70060
1429899305;70061
1429919714;70062
1429940123;70063
1429960533;70064
1429980946;70065
1430001352;70066
1430021762;70067
1430042171;70068
1430062585;70069
1430082991;70070
1430103400;70071
1430123813;70072
1430144219;70073
1430164628;70074
1430185038;70075
1430205448;70076
1430225857;70077
1430246267;70078
1430266677;70079
1430287086;70080
1430307496;70081
1430327905;70082
1430348314;70083
1430368724;70084
1430389138;70085
1430409543;70086
1430429953;70087
1430450363;70088
1430470772;70089
1430491182;70090
1430511591;70091
1430532000;70092
1430552414;70093
1430572820;70094
1430593233;70095
1430613639;70096
1430634049;70097
1430654458;70098
1430674868;70099
1430695278;70100
1430715686;70101
1430736096;70102
1430756506;70103
1430776919;70104
1430797325;70105
1430817735;70106
1430838144;70107
1430858554;70108
1430878964;70109
1430899372;70110
1430919782;70111
1430940192;70112
1430960601;70113
1430981011;70114
1431001421;70115
1431021830;70116
1431042240;70117
1431062654;70118
1431083059;70119
1431103468;70120
1431123878;70121
1431144287;70122
1431164697;70123
1431185107;70124
1431205516;70125
1431225926;70126
1431246336;70127
1431266744;70128
1431287154;70129
1431307563;70130
1431327973;70131
1431348383;70132
1431368792;70133
1431389202;70134
1431409616;70135
1431430021;70136
1431450431;70137
1431470844;70138
1431491249;70139
1431511659;70140
1431532069;70141
1431552478;70142
1431572888;70143
1431593298;70144
1431613707;70145
1431634121;70146
1431654527;70147
1431674935;70148
1431695345;70149
1431715755;70150
1431736164;70151
1431756574;70152
1431776984;70153
1431797393;70154
1431817803;70155
1431838213;70156
1431858621;70157
1431879031;70158
1431899445;70159
1431919850;70160
1431940260;70161
1431960670;70162
1431981079;70163
1432001489;70164
1432021899;70165
1432042308;70166
1432062717;70167
1432083127;70168
1432103536;70169
1432123950;70170
1432144356;70171
1432164765;70172
1432185175;70173
1432205585;70174
1432225994;70175
1432246404;70176
1432266813;70177
1432287226;70178
1432307632;70179
1432328042;70180
1432348451;70181
1432368861;70182
1432389271;70183
1432409680;70184
1432430090;70185
1432450499;70186
1432470908;70187
1432491318;70188
1432511728;70189
1432532137;70190
1432552547;70191
1432572957;70192
1432593370;70193
1432613780;70194
1432634186;70195
1432654598;70196
1432675004;70197
1432695414;70198
1432715823;70199
1432736233;70200
1432756643;70201
1432777056;70202
1432797462;70203
1432817872;70204
1432838280;70205
1432858690;70206
1432879100;70207
1432899509;70208
1432919919;70209
1432940329;70210
1432960738;70211
1432981148;70212
1433001558;70213
1433021967;70214
1433042376;70215
1433062786;70216
1433083195;70217
1433103605;70218
1433124015;70219
1433144424;70220
1433164834;70221
1433185244;70222
1433205653;70223
1433226066;70224
1433246472;70225
1433266881;70226
1433287291;70227
1433307700;70228
1433328110;70229
1433348520;70230
1433368929;70231
1433389339;70232
1433409749;70233
1433430157;70234
1433450567;70235
1433470977;70236
1433491386;70237
1433511796;70238
1433532206;70239
1433552615;70240
1433573025;70241
1433593435;70242
1433613843;70243
1433634253;70244
1433654663;70245
1433675072;70246
1433695482;70247
1433715892;70248
1433736301;70249
1433756711;70250
1433777121;70251
1433797530;70252
1433817939;70253
1433838349;70254
1433858758;70255
1433879172;70256
1433899582;70257
1433919987;70258
1433940397;70259
1433960807;70260
1433981216;70261
1434001625;70262
1434022035;70263
1434042444;70264
1434062854;70265
1434083264;70266
1434103673;70267
1434124080;70268
1434144490;70269
1434164899;70270
1434185309;70271
1434205722;70272
1434226127;70273
1434246537;70274
1434266947;70275
1434287356;70276
1434307766;70277
1434328176;70278
1434348585;70279
1434368995;70280
1434389404;70281
1434409813;70282
1434430223;70283
1434450633;70284
1434471042;70285
1434491452;70286
1434511862;70287
1434532271;70288
1434552681;70289
1434573093;70290
1434593499;70291
1434613909;70292
1434634318;70293
1434654728;70294
1434675138;70295
1434695547;70296
1434715957;70297
1434736367;70298
1434756776;70299
1434777185;70300
1434797595;70301
1434818004;70302
1434838414;70303
1434858824;70304
1434879233;70305
1434899647;70306
1434920053;70307
1434940462;70308
1434960872;70309
1434981281;70310
1435001690;70311
1435022100;70312
1435042510;70313
1435062919;70314
1435083329;70315
1435103739;70316
1435124152;70317
1435144558;70318
1435164967;70319
1435185380;70320
1435205786;70321
1435226196;70322
1435246605;70323
1435267015;70324
1435287424;70325
1435307834;70326
1435328248;70327
1435348653;70328
1435369066;70329
1435389476;70330
1435409881;70331
1435430291;70332
1435450701;70333
1435471114;70334
1435491520;70335
1435511930;70336
1435532339;70337
1435552752;70338
1435573162;70339
1435593571;70340
1435613977;70341
1435634387;70342
1435654796;70343
1435675206;70344
1435695616;70345
1435716025;70346
1435736435;70347
1435756845;70348
1435777257;70349
1435797663;70350
1435818073;70351
1435838482;70352
1435858892;70353
1435879306;70354
1435899711;70355
1435920121;70356
1435940531;70357
1435960939;70358
1435981349;70359
1436001758;70360
1436022172;70361
1436042578;70362
1436062987;70363
1436083397;70364
1436103807;70365
1436124216;70366
1436144625;70367
1436165035;70368
1436185444;70369
1436205854;70370
1436226264;70371
1436246677;70372
1436267083;70373
1436287493;70374
1436307902;70375
1436328312;70376
1436348721;70377
1436369130;70378
1436389540;70379
1436409950;70380
1436430363;70381
1436450773;70382
1436471183;70383
1436491588;70384
1436511998;70385
1436532407;70386
1436552816;70387
1436573226;70388
1436593636;70389
1436614045;70390
1436634455;70391
1436654865;70392
1436675274;70393
1436695684;70394
1436716096;70395
1436736506;70396
1436756912;70397
1436777321;70398
1436797731;70399
1436818141;70400
1436838554;70401
1436858960;70402
1436879370;70403
1436899779;70404
1436920189;70405
1436940598;70406
1436961007;70407
1436981417;70408
1437001831;70409
1437022240;70410
1437042646;70411
1437063060;70412
1437083465;70413
1437103875;70414
1437124284;70415
1437144693;70416
1437165103;70417
1437185513;70418
1437205922;70419
1437226336;70420
1437246742;70421
1437267155;70422
1437287561;70423
1437307970;70424
1437328379;70425
1437348789;70426
1437369199;70427
1437389608;70428
1437410022;70429
1437430427;70430
1437450837;70431
1437471247;70432
1437491655;70433
1437512065;70434
1437532475;70435
1437552884;70436
1437573294;70437
1437593704;70438
1437614113;70439
1437634523;70440
1437654933;70441
1437675342;70442
1437695751;70443
1437716161;70444
1437736570;70445
1437756984;70446
1437777390;70447
1437797799;70448
1437818209;70449
1437838619;70450
1437859028;70451
1437879438;70452
1437899847;70453
1437920256;70454
1437940666;70455
1437961076;70456
1437981485;70457
1438001895;70458
1438022305;70459
1438042714;70460
1438063124;70461
1438083534;70462
1438103942;70463
1438124356;70464
1438144761;70465
1438165171;70466
1438185581;70467
1438205994;70468
1438226404;70469
1438246810;70470
1438267219;70471
1438287628;70472
1438308038;70473
1438328447;70474
1438348857;70475
1438369267;70476
1438389680;70477
1438410086;70478
1438430496;70479
1438450905;70480
1438471314;70481
1438491724;70482
1438512133;70483
1438532543;70484
1438552957;70485
1438573362;70486
1438593772;70487
1438614182;70488
1438634591;70489
1438655004;70490
1438675410;70491
1438695819;70492
1438716229;70493
1438736639;70494
1438757048;70495
1438777458;70496
1438797868;70497
1438818277;70498
1438838690;70499
1438859096;70500
1438879505;70501
1438899915;70502
1438920324;70503
1438940734;70504
1438961144;70505
1438981553;70506
1439001963;70507
1439022373;70508
1439042782;70509
1439063191;70510
1439083601;70511
1439104010;70512
1439124420;70513
1439144830;70514
1439165243;70515
1439185649;70516
1439206059;70517
1439226468;70518
1439246878;70519
1439267287;70520
1439287696;70521
1439308106;70522
1439328520;70523
1439348929;70524
1439369335;70525
1439389745;70526
1439410154;70527
1439430564;70528
1439450977;70529
1439471382;70530
1439491792;70531
1439512206;70532
1439532615;70533
1439553021;70534
1439573430;70535
1439593844;70536
1439614250;70537
1439634659;70538
1439655072;70539
1439675478;70540
1439695887;70541
1439716297;70542
1439736707;70543
1439757116;70544
1439777526;70545
1439797940;70546
1439818345;70547
1439838754;70548
1439859164;70549
1439879573;70550
1439899983;70551
1439920393;70552
1439940802;70553
1439961212;70554
1439981622;70555
1440002031;70556
1440022441;70557
1440042850;70558
1440063259;70559
1440083669;70560
1440104079;70561
1440124492;70562
1440144898;70563
1440165312;70564
1440185717;70565
1440206127;70566
1440226536;70567
1440246945;70568
1440267355;70569
1440287764;70570
1440308174;70571
1440328584;70572
1440348993;70573
1440369403;70574
1440389813;70575
1440410222;70576
1440430631;70577
1440451041;70578
1440471450;70579
1440491860;70580
1440512270;70581
1440532679;70582
1440553089;70583
1440573499;70584
1440593908;70585
1440614321;70586
1440634731;70587
1440655136;70588
1440675546;70589
1440695956;70590
1440716365;70591
1440736775;70592
1440757185;70593
1440777594;70594
1440798004;70595
1440818413;70596
1440838826;70597
1440859232;70598
1440879642;70599
1440900051;70600
1440920461;70601
1440940871;70602
1440961284;70603
1440981690;70604
1441002099;70605
1441022512;70606
1441042922;70607
1441063327;70608
1441083737;70609
1441104147;70610
1441124556;70611
1441144966;70612
1441165376;70613
1441185785;70614
1441206194;70615
1441226604;70616
1441247013;70617
1441267423;70618
1441287833;70619
1441308242;70620
1441328652;70621
1441349066;70622
1441369471;70623
1441389880;70624
1441410290;70625
1441430699;70626
1441451109;70627
1441471519;70628
1441491928;70629
1441512338;70630
1441532752;70631
1441553157;70632
1441573567;70633
1441593976;70634
1441614385;70635
1441634795;70636
1441655205;70637
1441675614;70638
1441696024;70639
1441716433;70640
1441736843;70641
1441757253;70642
1441777662;70643
1441798071;70644
1441818481;70645
1441838890;70646
1441859300;70647
1441879710;70648
1441900123;70649
1441920529;70650
1441940939;70651
1441961348;70652
1441981761;70653
1442002167;70654
1442022576;70655
1442042986;70656
1442063396;70657
1442083805;70658
1442104219;70659
1442124625;70660
1442145034;70661
1442165443;70662
1442185853;70663
1442206262;70664
1442226672;70665
1442247086;70666
1442267491;70667
1442287905;70668
1442308311;70669
1442328720;70670
1442349133;70671
1442369539;70672
1442389948;70673
1442410362;70674
1442430767;70675
1442451177;70676
1442471587;70677
1442491996;70678
1442512406;70679
1442532816;70680
1442553228;70681
1442573634;70682
1442594044;70683
1442614453;70684
1442634863;70685
1442655273;70686
1442675682;70687
1442696092;70688
1442716502;70689
1442736911;70690
1442757320;70691
1442777730;70692
1442798139;70693
1442818549;70694
1442838959;70695
1442859368;70696
1442879778;70697
1442900188;70698
1442920597;70699
1442941006;70700
1442961416;70701
1442981825;70702
1443002235;70703
1443022645;70704
1443043054;70705
1443063464;70706
1443083874;70707
1443104283;70708
1443124697;70709
1443145105;70710
1443165511;70711
1443185921;70712
1443206330;70713
1443226740;70714
1443247150;70715
1443267559;70716
1443287969;70717
1443308379;70718
1443328787;70719
1443349197;70720
1443369607;70721
1443390016;70722
1443410426;70723
1443430836;70724
1443451245;70725
1443471659;70726
1443492065;70727
1443512474;70728
1443532884;70729
1443553297;70730
1443573702;70731
1443594112;70732
1443614526;70733
1443634931;70734
1443655341;70735
1443675751;70736
1443696164;70737
1443716569;70738
1443736979;70739
1443757388;70740
1443777798;70741
1443798208;70742
1443818621;70743
1443839027;70744
1443859436;70745
1443879846;70746
1443900256;70747
1443920665;70748
1443941074;70749
1443961484;70750
1443981893;70751
1444002303;70752
1444022713;70753
1444043122;70754
1444063532;70755
1444083946;70756
1444104351;70757
1444124729;70758
1444145143;70759
1444165548;70760
1444185958;70761
1444206367;70762
1444226777;70763
1444247187;70764
1444267596;70765
1444288006;70766
1444308418;70767
1444328824;70768
1444349238;70769
1444369643;70770
1444390053;70771
1444410462;70772
1444430872;70773
1444451281;70774
1444471691;70775
1444492101;70776
1444512509;70777
1444532919;70778
1444553328;70779
1444573738;70780
1444594148;70781
1444614557;70782
1444634967;70783
1444655376;70784
1444675786;70785
1444696195;70786
1444716608;70787
1444737014;70788
1444757423;70789
1444777833;70790
1444798247;70791
1444818652;70792
1444839062;70793
1444859471;70794
1444879884;70795
1444900294;70796
1444920699;70797
1444941109;70798
1444961518;70799
1444981932;70800
1445002338;70801
1445022747;70802
1445043157;70803
1445063566;70804
1445083979;70805
1445104384;70806
1445124794;70807
1445145204;70808
1445165613;70809
1445186023;70810
1445206432;70811
1445226842;70812
1445247252;70813
1445267661;70814
1445288070;70815
1445308479;70816
1445328889;70817
1445349299;70818
1445369708;70819
1445390118;70820
1445410527;70821
1445430937;70822
1445451347;70823
1445471759;70824
1445492165;70825
1445512578;70826
1445532984;70827
1445553394;70828
1445573807;70829
1445594213;70830
1445614622;70831
1445635036;70832
1445655442;70833
1445675850;70834
1445696260;70835
1445716669;70836
1445737079;70837
1445757488;70838
1445777898;70839
1445798308;70840
1445818717;70841
1445839127;70842
1445859539;70843
1445879949;70844
1445900359;70845
1445920764;70846
1445941174;70847
1445961587;70848
1445981993;70849
1446002403;70850
1446022816;70851
1446043222;70852
1446063634;70853
1446084040;70854
1446104450;70855
1446124863;70856
1446145269;70857
1446165678;70858
1446186092;70859
1446206502;70860
1446226907;70861
1446247317;70862
1446267725;70863
1446288135;70864
1446308549;70865
1446328954;70866
1446349364;70867
1446369773;70868
1446390183;70869
1446410592;70870
1446431002;70871
1446451411;70872
1446471820;70873
1446492230;70874
1446512639;70875
1446533053;70876
1446553459;70877
1446573868;70878
1446594278;70879
1446614687;70880
1446635097;70881
1446655506;70882
1446675915;70883
1446696325;70884
1446716734;70885
1446737144;70886
1446757554;70887
1446777963;70888
1446798373;70889
1446818782;70890
1446839191;70891
1446859605;70892
1446880014;70893
1446900420;70894
1446920829;70895
1446941239;70896
1446961649;70897
1446982058;70898
1447002468;70899
1447022877;70900
1447043286;70901
1447063695;70902
1447084105;70903
1447104515;70904
1447124928;70905
1447145334;70906
1447165743;70907
1447186157;70908
1447206563;70909
1447226971;70910
1447247381;70911
1447267794;70912
1447288200;70913
1447308610;70914
1447329019;70915
1447349433;70916
1447369842;70917
1447390248;70918
1447410658;70919
1447431070;70920
1447451476;70921
1447471885;70922
1447492295;70923
1447512705;70924
1447533114;70925
1447553528;70926
1447573933;70927
1447594343;70928
1447614752;70929
1447635161;70930
1447655571;70931
1447675980;70932
1447696390;70933
1447716803;70934
1447737209;70935
1447757619;70936
1447778028;70937
1447798438;70938
1447818846;70939
1447839260;70940
1447859666;70941
1447880075;70942
1447900485;70943
1447920894;70944
1447941304;70945
1447961714;70946
1447982123;70947
1448002533;70948
1448022941;70949
1448043351;70950
1448063761;70951
1448084170;70952
1448104580;70953
1448124989;70954
1448145399;70955
1448165809;70956
1448186221;70957
1448206627;70958
1448227036;70959
1448247450;70960
1448267860;70961
1448288265;70962
1448308675;70963
1448329084;70964
1448349494;70965
1448369902;70966
1448390313;70967
1448410722;70968
1448431131;70969
1448451541;70970
1448471950;70971
1448492360;70972
1448512770;70973
1448533183;70974
1448553593;70975
1448573998;70976
1448594407;70977
1448614817;70978
1448635230;70979
1448655640;70980
1448676045;70981
1448696455;70982
1448716865;70983
1448737274;70984
1448757684;70985
1448778092;70986
1448798502;70987
1448818912;70988
1448839321;70989
1448859731;70990
1448880140;70991
1448900550;70992
1448920960;70993
1448941369;70994
1448961782;70995
1448982187;70996
1449002597;70997
1449023006;70998
1449043416;70999
1449063826;71000
1449084235;71001
1449104649;71002
1449125054;71003
1449145464;71004
1449165877;71005
1449186282;71006
1449206692;71007
1449227105;71008
1449247511;71009
1449267921;71010
1449288330;71011
1449308740;71012
1449329149;71013
1449349562;71014
1449369972;71015
1449390377;71016
1449410787;71017
1449431196;71018
1449451606;71019
1449472016;71020
1449492425;71021
1449512835;71022
1449533244;71023
1449553657;71024
1449574063;71025
1449594472;71026
1449614882;71027
1449635291;71028
1449655705;71029
1449676111;71030
1449696520;71031
1449716930;71032
1449737339;71033
1449757748;71034
1449778157;71035
1449798567;71036
1449818977;71037
1449839390;71038
1449859796;71039
1449880205;71040
1449900615;71041
1449921025;71042
1449941434;71043
1449961843;71044
1449982252;71045
1450002662;71046
1450023072;71047
1450043481;71048
1450063891;71049
1450084300;71050
1450104710;71051
1450125120;71052
1450145528;71053
1450165938;71054
1450186347;71055
1450206757;71056
1450227167;71057
1450247576;71058
1450267986;71059
1450288395;71060
1450308805;71061
1450329214;71062
1450349623;71063
1450370033;71064
1450390442;71065
1450410852;71066
1450431261;71067
1450451671;71068
1450472081;71069
1450492490;71070
1450512900;71071
1450533308;71072
1450553718;71073
1450574132;71074
1450594537;71075
1450614951;71076
1450635356;71077
1450655766;71078
1450676176;71079
1450696585;71080
1450716995;71081
1450737403;71082
1450757813;71083
1450778223;71084
1450798632;71085
1450819042;71086
1450839455;71087
1450859865;71088
1450880271;71089
1450900680;71090
1450921093;71091
1450941498;71092
1450961908;71093
1450982322;71094
1451002727;71095
1451023141;71096
1451043550;71097
1451063956;71098
1451084365;71099
1451104774;71100
1451125184;71101
1451145593;71102
1451166003;71103
1451186412;71104
1451206822;71105
1451227232;71106
1451247641;71107
1451268051;71108
1451288463;71109
1451308869;71110
1451329279;71111
1451349688;71112
1451370098;71113
1451390507;71114
1451410917;71115
1451431327;71116
1451451736;71117
1451472146;71118
1451492555;71119
1451512964;71120
1451533374;71121
1451553783;71122
1451574193;71123
1451594602;71124
1451615012;71125
1451635426;71126
1451655831;71127
1451676241;71128
1451696653;71129
1451717059;71130
1451737468;71131
1451757878;71132
1451778288;71133
1451798697;71134
1451819107;71135
1451839516;71136
1451859926;71137
1451880336;71138
1451900744;71139
1451921158;71140
1451941563;71141
1451961973;71142
1451982383;71143
1452002792;71144
1452023202;71145
1452043611;71146
1452064021;71147
1452084431;71148
1452104839;71149
1452125249;71150
1452145662;71151
1452166068;71152
1452186478;71153
1452206887;71154
1452227297;71155
1452247710;71156
1452268115;71157
1452288529;71158
1452308934;71159
1452329344;71160
1452349753;71161
1452370163;71162
1452390572;71163
1452410982;71164
1452431392;71165
1452451801;71166
1452472210;71167
1452492619;71168
1452513033;71169
1452533439;71170
1452553848;71171
1452574262;71172
1452594667;71173
1452615077;71174
1452635487;71175
1452655895;71176
1452676305;71177
1452696714;71178
1452717124;71179
1452737534;71180
1452757943;71181
1452778353;71182
1452798762;71183
1452819172;71184
1452839585;71185
1452859990;71186
1452880400;71187
1452900813;71188
1452921219;71189
1452941629;71190
1452962038;71191
1452982448;71192
1453002857;71193
1453023267;71194
1453043676;71195
1453064085;71196
1453084495;71197
1453104904;71198
1453125318;71199
1453145723;71200
1453166133;71201
1453186543;71202
1453206952;71203
1453227362;71204
1453247770;71205
1453268180;71206
1453288594;71207
1453308999;71208
1453329409;71209
1453349818;71210
1453370232;71211
1453390638;71212
1453411047;71213
1453431457;71214
1453451865;71215
1453472275;71216
1453492685;71217
1453513094;71218
1453533508;71219
1453553913;71220
1453574323;71221
1453594733;71222
1453615145;71223
1453635552;71224
1453655960;71225
1453676370;71226
1453696783;71227
1453717189;71228
1453737599;71229
1453758008;71230
1453778418;71231
1453798827;71232
1453819237;71233
1453839650;71234
1453860059;71235
1453880465;71236
1453900874;71237
1453921284;71238
1453941694;71239
1453962103;71240
1453982513;71241
1454002922;71242
1454023331;71243
1454043741;71244
1454064154;71245
1454084560;71246
1454104969;71247
1454125400;71248
1454145810;71249
1454166219;71250
1454186629;71251
1454207039;71252
1454227447;71253
1454247857;71254
1454268270;71255
1454288676;71256
1454309086;71257
1454329495;71258
1454349905;71259
1454370315;71260
1454390724;71261
1454411134;71262
1454431543;71263
1454451952;71264
1454472362;71265
1454492775;71266
1454513181;71267
1454533591;71268
1454554000;71269
1454574410;71270
1454594823;71271
1454615232;71272
1454635638;71273
1454656048;71274
1454676461;71275
1454696867;71276
1454717280;71277
1454737686;71278
1454758096;71279
1454778508;71280
1454798914;71281
1454819324;71282
1454839733;71283
1454860143;71284
1454880553;71285
1454900962;71286
1454921372;71287
1454941781;71288
1454962191;71289
1454982601;71290
1455003009;71291
1455023423;71292
1455043829;71293
1455064238;71294
1455084648;71295
1455105058;71296
1455125467;71297
1455145877;71298
1455166286;71299
1455186696;71300
1455207105;71301
1455227514;71302
1455247924;71303
1455268334;71304
1455288743;71305
1455309153;71306
1455329563;71307
1455349972;71308
1455370382;71309
1455390791;71310
1455411200;71311
1455431610;71312
1455452019;71313
1455472429;71314
1455492839;71315
1455513248;71316
1455533658;71317
1455554068;71318
1455574476;71319
1455594886;71320
1455615295;71321
1455635709;71322
1455656115;71323
1455676524;71324
1455696934;71325
1455717344;71326
1455737753;71327
1455758163;71328
1455778573;71329
1455798981;71330
1455819391;71331
1455839800;71332
1455860210;71333
1455880624;71334
1455901033;71335
1455921439;71336
1455941849;71337
1455962257;71338
1455982667;71339
1456003077;71340
1456023486;71341
1456043896;71342
1456064305;71343
1456084715;71344
1456105125;71345
1456125534;71346
1456145944;71347
1456166353;71348
1456186762;71349
1456207172;71350
1456227582;71351
1456247991;71352
1456268401;71353
1456288810;71354
1456309220;71355
1456329630;71356
1456350042;71357
1456370448;71358
1456390858;71359
1456411267;71360
1456431677;71361
1456452087;71362
1456472496;71363
1456492906;71364
1456513315;71365
1456533725;71366
1456554134;71367
1456574547;71368
1456594953;71369
1456615363;71370
1456635772;71371
1456656182;71372
1456676596;71373
1456697001;71374
1456717411;71375
1456737821;71376
1456758229;71377
1456778639;71378
1456799048;71379
1456819458;71380
1456839868;71381
1456860281;71382
1456880687;71383
1456901097;71384
1456921506;71385
1456941915;71386
1456962325;71387
1456982734;71388
1457003144;71389
1457023553;71390
1457043963;71391
1457064373;71392
1457084786;71393
1457105192;71394
1457125602;71395
1457146010;71396
1457166420;71397
1457186830;71398
1457207239;71399
1457227649;71400
1457248058;71401
1457268468;71402
1457288878;71403
1457309287;71404
1457329696;71405
1457350106;71406
1457370515;71407
1457390925;71408
1457411335;71409
1457431744;71410
1457452158;71411
1457472563;71412
1457492973;71413
1457513383;71414
1457533791;71415
1457554205;71416
1457574611;71417
1457595020;71418
1457615434;71419
1457635844;71420
1457656249;71421
1457676659;71422
1457697068;71423
1457717477;71424
1457737887;71425
1457758296;71426
1457778706;71427
1457799116;71428
1457819525;71429
1457839935;71430
1457860345;71431
1457880758;71432
1457901164;71433
1457921572;71434
1457941982;71435
1457962392;71436
1457982801;71437
1458003211;71438
1458023621;71439
1458044030;71440
1458064440;71441
1458084854;71442
1458105259;71443
1458125668;71444
1458146077;71445
1458166487;71446
1458186897;71447
1458207306;71448
1458227716;71449
1458248126;71450
1458268535;71451
1458288948;71452
1458309354;71453
1458329763;71454
1458350177;71455
1458370582;71456
1458390992;71457
1458411402;71458
1458431811;71459
1458452221;71460
1458472634;71461
1458493039;71462
1458513449;71463
1458533863;71464
1458554272;71465
1458574678;71466
1458595091;71467
1458615497;71468
1458635907;71469
1458656316;71470
1458676726;71471
1458697136;71472
1458717544;71473
1458737958;71474
1458758364;71475
1458778773;71476
1458799187;71477
1458819592;71478
1458840002;71479
1458860416;71480
1458880821;71481
1458901230;71482
1458921640;71483
1458942049;71484
1458962459;71485
1458982869;71486
1459003278;71487
1459023688;71488
1459044097;71489
1459064507;71490
1459084920;71491
1459105325;71492
1459125739;71493
1459146145;71494
1459166554;71495
1459186964;71496
1459207374;71497
1459227783;71498
1459248193;71499
1459268602;71500
1459289011;71501
1459309421;71502
1459329830;71503
1459350244;71504
1459370650;71505
1459391063;71506
1459411469;71507
1459431879;71508
1459452291;71509
1459472698;71510
1459493106;71511
1459513516;71512
1459533926;71513
1459554335;71514
1459574749;71515
1459595155;71516
1459615564;71517
1459635974;71518
1459656384;71519
1459676792;71520
1459697202;71521
1459717611;71522
1459738025;71523
1459758431;71524
1459778840;71525
1459799250;71526
1459819660;71527
1459840069;71528
1459860479;71529
1459880888;71530
1459901301;71531
1459921707;71532
1459942116;71533
1459962530;71534
1459982936;71535
1460003349;71536
1460023755;71537
1460044165;71538
1460064577;71539
1460084983;71540
1460105393;71541
1460125802;71542
1460146212;71543
1460166621;71544
1460187031;71545
1460207441;71546
1460227850;71547
1460248263;71548
1460268669;71549
1460289078;71550
1460309488;71551
1460329898;71552
1460350311;71553
1460370717;71554
1460391126;71555
1460411536;71556
1460431946;71557
1460452354;71558
1460472764;71559
1460493174;71560
1460513583;71561
1460533993;71562
1460554403;71563
1460574812;71564
1460595226;71565
1460615631;71566
1460636040;71567
1460656450;71568
1460676859;71569
1460697269;71570
1460717679;71571
1460738088;71572
1460758498;71573
1460778908;71574
1460799317;71575
1460819727;71576
1460840135;71577
1460860545;71578
1460880955;71579
1460901364;71580
1460921774;71581
1460942184;71582
1460962597;71583
1460983003;71584
1461003416;71585
1461023822;71586
1461044235;71587
1461064640;71588
1461085050;71589
1461105460;71590
1461125869;71591
1461146279;71592
1461166689;71593
1461187098;71594
1461207507;71595
1461227921;71596
1461248326;71597
1461268736;71598
1461289145;71599
1461309555;71600
1461329965;71601
1461350374;71602
1461370784;71603
1461391198;71604
1461411606;71605
1461432012;71606
1461452422;71607
1461472831;71608
1461493241;71609
1461513650;71610
1461534060;71611
1461554470;71612
1461574879;71613
1461595289;71614
1461615698;71615
1461636107;71616
1461656517;71617
1461676927;71618
1461697336;71619
1461717746;71620
1461738160;71621
1461758565;71622
1461778975;71623
1461799383;71624
1461819793;71625
1461840203;71626
1461860612;71627
1461881022;71628
1461901432;71629
1461921841;71630
1461942255;71631
1461962661;71632
1461983070;71633
1462003479;71634
1462023888;71635
1462044298;71636
1462064708;71637
1462085117;71638
1462105527;71639
1462125941;71640
1462146346;71641
1462166756;71642
1462187169;71643
1462207574;71644
1462227984;71645
1462248393;71646
1462268803;71647
1462289213;71648
1462309622;71649
1462330032;71650
1462350442;71651
1462370851;71652
1462391260;71653
1462411670;71654
1462432079;71655
1462452489;71656
1462472898;71657
1462493308;71658
1462513718;71659
1462534127;71660
1462554541;71661
1462574946;71662
1462595359;71663
1462615765;71664
1462636175;71665
1462656584;71666
1462676994;71667
1462697403;71668
1462717813;71669
1462738223;71670
1462758632;71671
1462779041;71672
1462799451;71673
1462819860;71674
1462840274;71675
1462860680;71676
1462881093;71677
1462901499;71678
1462921908;71679
1462942318;71680
1462962728;71681
1462983140;71682
1463003546;71683
1463023956;71684
1463044365;71685
1463064775;71686
1463085185;71687
1463105594;71688
1463126004;71689
1463146413;71690
1463166822;71691
1463187232;71692
1463207641;71693
1463228051;71694
1463248461;71695
1463268870;71696
1463289280;71697
1463309690;71698
1463330103;71699
1463350508;71700
1463370917;71701
1463391327;71702
1463411741;71703
1463432146;71704
1463452556;71705
1463472966;71706
1463493375;71707
1463513785;71708
1463534195;71709
1463554603;71710
1463575017;71711
1463595422;71712
1463615832;71713
1463636242;71714
1463656651;71715
1463677061;71716
1463697471;71717
