1415006022;69333
1415026431;69334
1415046843;69335
1415067253;69336
1415087657;69337
1415108067;69338
1415128475;69339
1415148884;69340
1415169293;69341
1415189706;69342
1415210110;69343
1415230524;69344
1415250928;69345
1415271338;69346
1415291746;69347
1415312155;69348
1415332564;69349
1415352973;69350
1415373382;69351
1415393791;69352
1415414199;69353
1415434609;69354
1415455017;69355
1415475426;69356
1415495835;69357
1415516244;69358
1415536657;69359
1415557062;69360
1415577470;69361
1415597880;69362
1415618288;69363
1415638698;69364
1415659106;69365
1415679515;69366
1415699924;69367
1415720337;69368
1415740743;69369
1415761151;69370
1415781564;69371
1415801969;69372
1415822378;69373
1415842787;69374
1415863196;69375
1415883604;69376
1415904014;69377
1415924422;69378
1415944831;69379
1415965240;69380
1415985649;69381
1416006058;69382
1416026467;69383
1416046875;69384
1416067285;69385
1416087693;69386
1416108103;69387
1416128515;69388
1416148924;69389
1416169333;69390
1416189742;69391
1416210147;69392
1416230560;69393
1416250964;69394
1416271374;69395
1416291782;69396
1416312191;69397
1416332600;69398
1416353013;69399
1416373418;69400
1416393831;69401
1416414235;69402
1416434645;69403
1416455053;69404
1416475463;69405
1416495871;69406
1416516280;69407
1416536689;69408
1416557098;69409
1416577508;69410
1416597916;69411
1416618325;69412
1416638738;69413
1416659143;69414
1416679551;69415
1416699961;69416
1416720369;69417
1416740783;69418
1416761187;69419
1416781596;69420
1416802005;69421
1416822418;69422
1416842823;69423
1416863232;69424
1416883644;69425
1416904050;69426
1416924458;69427
1416944868;69428
1416965276;69429
1416985685;69430
1417006094;69431
1417026503;69432
1417046915;69433
1417067321;69434
1417087729;69435
1417108143;69436
1417128547;69437
1417148960;69438
1417169365;69439
1417189774;69440
1417210183;69441
1417230592;69442
1417251000;69443
1417271414;69444
1417291818;69445
1417312228;69446
1417332636;69447
1417353045;69448
1417373454;69449
1417393863;69450
1417414273;69451
1417434681;69452
1417455090;69453
1417475499;69454
1417495908;69455
1417516316;69456
1417536726;69457
1417557134;69458
1417577544;69459
1417597952;69460
1417618361;69461
1417638770;69462
1417659179;69463
1417679588;69464
1417699997;69465
1417720405;69466
1417740815;69467
1417761223;69468
1417781633;69469
1417802041;69470
1417822450;69471
1417842859;69472
1417863272;69473
1417883676;69474
1417904086;69475
1417924494;69476
1417944904;69477
1417965312;69478
1417985722;69479
1418006130;69480
1418026539;69481
1418046948;69482
1418067357;69483
1418087765;69484
1418108175;69485
1418128587;69486
1418148993;69487
1418169401;69488
1418189810;69489
1418210219;69490
1418230632;69491
1418251037;69492
1418271450;69493
1418291855;69494
1418312268;69495
1418332673;69496
1418353082;69497
1418373495;69498
1418393899;69499
1418414309;69500
1418434717;69501
1418455126;69502
1418475535;69503
1418495944;69504
1418516356;69505
1418536766;69506
1418557170;69507
1418577580;69508
1418597988;69509
1418618397;69510
1418638806;69511
1418659215;69512
1418679624;69513
1418700033;69514
1418720442;69515
1418740851;69516
1418761263;69517
1418781669;69518
1418802077;69519
1418822486;69520
1418842895;69521
1418863304;69522
1418883713;69523
1418904122;69524
1418924534;69525
1418944940;69526
1418965348;69527
1418985758;69528
1419006166;69529
1419026575;69530
1419046984;69531
1419067393;69532
1419087803;69533
1419108211;69534
1419128620;69535
1419149029;69536
1419169442;69537
1419189846;69538
1419210256;69539
1419230668;69540
1419251078;69541
1419271482;69542
1419291895;69543
1419312300;69544
1419332709;69545
1419353118;69546
1419373531;69547
1419393939;69548
1419414345;69549
1419434753;69550
1419455163;69551
1419475571;69552
1419495980;69553
1419516393;69554
1419536798;69555
1419557206;69556
1419577616;69557
1419598024;69558
1419618434;69559
1419638842;69560
1419659251;69561
1419679660;69562
1419700069;69563
1419720478;69564
1419740887;69565
1419761295;69566
1419781705;69567
1419802113;69568
1419822523;69569
1419842935;69570
1419863344;69571
1419883749;69572
1419904162;69573
1419924567;69574
1419944980;69575
1419965385;69576
1419985794;69577
1420006203;69578
1420026611;69579
1420047025;69580
1420067429;69581
1420087839;69582
1420108247;69583
1420128656;69584
1420149065;69585
1420169474;69586
1420189886;69587
1420210292;69588
1420230700;69589
1420251110;69590
1420271518;69591
1420291931;69592
1420312336;69593
1420332745;69594
1420353154;69595
1420373563;69596
1420393975;69597
1420414381;69598
1420434789;69599
1420455199;69600
1420475607;69601
1420496020;69602
1420516425;69603
1420536838;69604
1420557243;69605
1420577652;69606
1420598060;69607
1420618470;69608
1420638882;69609
1420659288;69610
1420679696;69611
1420700109;69612
1420720514;69613
1420740923;69614
1420761333;69615
1420781745;69616
1420802150;69617
1420822559;69618
1420842968;69619
1420863377;69620
1420883786;69621
1420904194;69622
1420924604;69623
1420945012;69624
1420965421;69625
1420985830;69626
1421006243;69627
1421026648;69628
1421047057;69629
1421067465;69630
1421087875;69631
1421108287;69632
1421128693;69633
1421149101;69634
1421169510;69635
1421189919;69636
1421210332;69637
1421230740;69638
1421251146;69639
1421271558;69640
1421291968;69641
1421312372;69642
1421332781;69643
1421353190;69644
1421373599;69645
1421394008;69646
1421414417;69647
1421434825;69648
1421455235;69649
1421475643;69650
1421496053;69651
1421516461;69652
1421536870;69653
1421557279;69654
1421577688;69655
1421598098;69656
1421618506;69657
1421638915;69658
1421659324;69659
1421679733;69660
1421700141;69661
1421720555;69662
1421740959;69663
1421761373;69664
1421781777;69665
1421802186;69666
1421822595;69667
1421843004;69668
1421863413;69669
1421883822;69670
1421904230;69671
1421924644;69672
1421945048;69673
1421965458;69674
1421985870;69675
1422006275;69676
1422026684;69677
1422047093;69678
1422067505;69679
1422087911;69680
1422108319;69681
1422128729;69682
1422149137;69683
1422169547;69684
1422189955;69685
1422210364;69686
1422230773;69687
1422251182;69688
1422271590;69689
1422292004;69690
1422312408;69691
1422332818;69692
1422353230;69693
1422373639;69694
1422394044;69695
1422414453;69696
1422434863;69697
1422455271;69698
1422475680;69699
1422496089;69700
1422516498;69701
1422536910;69702
1422557316;69703
1422577724;69704
1422598134;69705
1422618546;69706
1422638955;69707
1422659364;69708
1422679769;69709
1422700178;69710
1422720587;69711
1422740995;69712
1422761405;69713
1422781813;69714
1422802223;69715
1422822635;69716
1422843040;69717
1422863449;69718
1422883862;69719
1422904267;69720
1422924680;69721
1422945088;69722
1422965494;69723
1422985902;69724
1423006311;69725
1423026720;69726
1423047129;69727
1423067538;69728
1423087947;69729
1423108355;69730
1423128765;69731
1423149173;69732
1423169583;69733
1423189991;69734
1423210400;69735
1423230810;69736
1423251218;69737
1423271628;69738
1423292040;69739
1423312445;69740
1423332854;69741
1423353263;69742
1423373671;69743
1423394081;69744
1423414489;69745
1423434903;69746
1423455311;69747
1423475716;69748
1423496125;69749
1423516534;69750
1423536943;69751
1423557352;69752
1423577760;69753
1423598170;69754
1423618578;69755
1423638988;69756
1423659396;69757
1423679809;69758
1423700214;69759
1423720623;69760
1423741032;69761
1423761441;69762
1423781853;69763
1423802259;69764
1423822667;69765
1423843076;69766
1423863485;69767
1423883898;69768
1423904303;69769
1423924716;69770
1423945120;69771
1423965530;69772
1423985938;69773
1424006348;69774
1424026756;69775
1424047165;69776
1424067575;69777
1424087983;69778
1424108467;69779
1424128875;69780
1424149284;69781
1424169698;69782
1424190102;69783
1424210511;69784
1424230921;69785
1424251329;69786
1424271739;69787
1424292148;69788
1424312556;69789
1424332970;69790
1424353374;69791
1424373784;69792
1424394193;69793
1424414601;69794
1424435011;69795
1424455420;69796
1424475832;69797
1424496242;69798
1424516647;69799
1424537060;69800
1424557465;69801
1424577874;69802
1424598283;69803
1424618692;69804
1424639106;69805
1424659510;69806
1424679923;69807
1424700329;69808
1424720737;69809
1424741147;69810
1424761556;69811
1424781964;69812
1424802374;69813
1424822783;69814
1424843192;69815
1424863605;69816
1424884014;69817
1424904419;69818
1424924828;69819
1424945237;69820
1424965646;69821
1424986055;69822
1425006465;69823
1425026873;69824
1425047282;69825
1425067692;69826
1425088100;69827
1425108510;69828
1425128919;69829
1425149327;69830
1425169737;69831
1425190150;69832
1425210558;69833
1425230964;69834
1425251373;69835
1425271782;69836
1425292191;69837
1425312600;69838
1425333009;69839
1425353418;69840
1425373828;69841
1425394236;69842
1425414645;69843
1425435055;69844
1425455463;69845
1425475873;69846
1425496282;69847
1425516690;69848
1425537100;69849
1425557509;69850
1425577917;69851
1425598327;69852
1425618736;69853
1425639145;69854
1425659554;69855
1425679964;69856
1425700372;69857
1425720781;69858
1425741195;69859
1425761599;69860
1425782008;69861
1425802418;69862
1425822826;69863
1425843236;69864
1425863645;69865
1425884053;69866
1425904467;69867
1425924872;69868
1425945285;69869
1425965690;69870
1425986099;69871
1426006512;69872
1426026917;69873
1426047327;69874
1426067735;69875
1426088144;69876
1426108554;69877
1426128962;69878
1426149371;69879
1426169781;69880
1426190189;69881
1426210603;69882
1426231008;69883
1426251416;69884
1426271826;69885
1426292235;69886
1426312644;69887
1426333053;69888
1426353461;69889
1426373871;69890
1426394280;69891
1426414689;69892
1426435098;69893
1426455507;69894
1426475916;69895
1426496325;69896
1426516734;69897
1426537147;69898
1426557552;69899
1426577962;69900
1426598370;69901
1426618779;69902
1426639189;69903
1426659597;69904
1426680007;69905
1426700420;69906
1426720824;69907
1426741234;69908
1426761647;69909
1426782052;69910
1426802461;69911
1426822870;69912
1426843279;69913
1426863692;69914
1426884097;69915
1426904506;69916
1426924919;69917
1426945329;69918
1426965733;69919
1426986142;69920
1427006556;69921
1427026960;69922
1427047370;69923
1427067783;69924
1427088187;69925
1427108597;69926
1427129006;69927
1427149418;69928
1427169824;69929
1427190237;69930
1427210642;69931
1427231051;69932
1427251464;69933
1427271869;69934
1427292282;69935
1427312688;69936
1427333096;69937
1427353505;69938
1427373919;69939
1427394323;69940
1427414733;69941
1427435142;69942
1427455550;69943
1427475960;69944
1427496373;69945
1427516778;69946
1427537187;69947
1427557596;69948
1427578005;69949
1427598414;69950
1427618824;69951
1427639232;69952
1427659641;69953
1427680051;69954
1427700459;69955
1427720868;69956
1427741278;69957
1427761690;69958
1427782096;69959
1427802505;69960
1427822913;69961
1427843327;69962
1427863732;69963
1427884145;69964
1427904550;69965
1427924963;69966
1427945368;69967
1427965781;69968
1427986187;69969
1428006599;69970
1428027004;69971
1428047414;69972
1428067822;69973
1428088232;69974
1428108645;69975
1428129049;69976
1428149459;69977
1428169872;69978
1428190276;69979
1428210686;69980
1428231099;69981
1428251504;69982
1428271913;69983
1428292322;69984
1428312731;69985
1428333140;69986
1428353549;69987
1428373958;69988
1428394367;69989
1428414776;69990
1428435185;69991
1428455595;69992
1428476007;69993
1428496412;69994
1428516822;69995
1428537230;69996
1428557639;69997
1428578049;69998
1428598457;69999
1428618867;70000
1428639276;70001
1428659684;70002
1428680094;70003
1428700503;70004
1428720912;70005
1428741321;70006
1428761730;70007
1428782139;70008
1428802548;70009
1428822958;70010
1428843366;70011
1428863775;70012
1428884185;70013
1428904593;70014
1428925003;70015
1428945416;70016
1428965820;70017
1428986230;70018
1429006639;70019
1429027048;70020
1429047457;70021
1429067870;70022
1429088275;70023
1429108684;70024
1429129093;70025
1429149506;70026
1429169911;70027
1429190325;70028
1429210729;70029
1429231142;70030
1429251548;70031
1429271956;70032
1429292366;70033
1429312779;70034
1429333183;70035
1429353593;70036
1429374002;70037
1429394410;70038
1429414820;70039
1429435229;70040
1429455638;70041
1429476047;70042
1429496456;70043
1429516865;70044
1429537274;70045
1429557684;70046
1429578096;70047
1429598501;70048
1429618911;70049
1429639323;70050
1429659729;70051
1429680142;70052
1429700546;70053
1429720960;70054
1429741365;70055
1429761774;70056
1429782183;70057
1429802592;70058
1429823001;70059
1429843410;70060
1429863820;70061
1429884228;70062
1429904637;70063
1429925047;70064
1429945455;70065
1429965864;70066
1429986274;70067
1430006682;70068
1430027092;70069
1430047501;70070
1430067909;70071
1430088319;70072
1430108728;70073
1430129137;70074
1430149546;70075
1430169955;70076
1430190364;70077
1430210773;70078
1430231182;70079
1430251591;70080
1430272000;70081
1430292414;70082
1430312818;70083
1430333228;70084
1430353636;70085
1430374045;70086
1430394455;70087
1430414863;70088
1430435272;70089
1430455682;70090
1430476090;70091
1430496500;70092
1430516909;70093
1430537317;70094
1430557731;70095
1430578136;70096
1430598545;70097
1430618954;70098
1430639363;70099
1430659776;70100
1430680181;70101
1430700590;70102
1430721003;70103
1430741408;70104
1430761818;70105
1430782230;70106
1430802635;70107
1430823045;70108
1430843453;70109
1430863863;70110
1430884272;70111
1430904680;70112
1430925090;70113
1430945499;70114
1430965908;70115
1430986321;70116
1431006726;70117
1431027135;70118
1431047544;70119
1431067953;70120
1431088362;70121
1431108771;70122
1431129185;70123
1431149593;70124
1431169998;70125
1431190408;70126
1431210816;70127
1431231226;70128
1431251635;70129
1431272043;70130
1431292457;70131
1431312862;70132
1431333271;70133
1431353680;70134
1431374089;70135
1431394498;70136
1431414907;70137
1431435316;70138
1431455725;70139
1431476134;70140
1431496544;70141
1431516952;70142
1431537365;70143
1431557771;70144
1431578179;70145
1431598589;70146
1431619002;70147
1431639410;70148
1431659816;70149
1431680225;70150
1431700634;70151
1431721043;70152
1431741452;70153
1431761865;70154
1431782270;70155
1431802680;70156
1431823088;70157
1431843497;70158
1431863907;70159
1431884315;70160
1431904724;70161
1431925134;70162
1431945542;70163
1431965952;70164
1431986361;70165
1432006769;70166
1432027183;70167
1432047588;70168
1432067997;70169
1432088406;70170
1432108815;70171
1432129224;70172
1432149633;70173
1432170043;70174
1432190451;70175
1432210860;70176
1432231274;70177
1432251678;70178
1432272091;70179
1432292497;70180
1432312905;70181
1432333315;70182
1432353723;70183
1432374136;70184
1432394542;70185
1432414950;70186
1432435360;70187
1432455773;70188
1432476181;70189
1432496587;70190
1432516996;70191
1432537405;70192
1432557814;70193
1432578227;70194
1432598632;70195
1432619041;70196
1432639451;70197
1432659859;70198
1432680272;70199
1432700678;70200
1432721090;70201
1432741495;70202
1432761905;70203
1432782317;70204
1432802723;70205
1432823136;70206
1432843540;70207
1432863950;70208
1432884359;70209
1432904772;70210
1432925177;70211
1432945586;70212
1432965999;70213
1432986404;70214
1433006814;70215
1433027226;70216
1433047631;70217
1433068041;70218
1433088449;70219
1433108859;70220
1433129268;70221
1433149676;70222
1433170086;70223
1433190495;70224
1433210903;70225
1433231313;70226
1433251726;70227
1433272131;70228
1433292540;70229
1433312949;70230
1433333358;70231
1433353767;70232
1433374177;70233
1433394585;70234
1433414994;70235
1433435404;70236
1433455812;70237
1433476222;70238
1433496631;70239
1433517039;70240
1433537449;70241
1433557858;70242
1433578266;70243
1433598680;70244
1433619085;70245
1433639494;70246
1433659903;70247
1433680312;70248
1433700721;70249
1433721130;70250
1433741540;70251
1433761948;70252
1433782357;70253
1433802771;70254
1433823175;70255
1433843585;70256
1433863998;70257
1433884402;70258
1433904812;70259
1433925225;70260
1433945629;70261
1433966039;70262
1433986448;70263
1434006857;70264
1434027266;70265
1434047675;70266
1434068084;70267
1434088493;70268
1434108900;70269
1434129308;70270
1434149721;70271
1434170127;70272
1434190535;70273
1434210945;70274
1434231353;70275
1434251762;70276
1434272172;70277
1434292580;70278
1434312990;70279
1434333399;70280
1434353811;70281
1434374217;70282
1434394626;70283
1434415034;70284
1434435444;70285
1434455853;70286
1434476262;70287
1434496675;70288
1434517080;70289
1434537489;70290
1434557898;70291
1434578308;70292
1434598716;70293
1434619125;70294
1434639535;70295
1434659943;70296
1434680356;70297
1434700762;70298
1434721170;70299
1434741580;70300
1434761989;70301
1434782398;70302
1434802807;70303
1434823216;70304
1434843625;70305
1434864034;70306
1434884444;70307
1434904852;70308
1434925261;70309
1434945670;70310
1434966079;70311
1434986492;70312
1435006897;70313
1435027306;70314
1435047716;70315
1435068124;70316
1435088537;70317
1435108943;70318
1435129351;70319
1435149760;70320
1435170174;70321
1435190578;70322
1435210988;70323
1435231397;70324
1435251805;70325
1435272215;70326
1435292628;70327
1435313033;70328
1435333446;70329
1435353851;70330
1435374260;70331
1435394669;70332
1435415082;70333
1435435491;70334
1435455896;70335
1435476310;70336
1435496718;70337
1435517124;70338
1435537533;70339
1435557941;70340
1435578351;70341
1435598760;70342
1435619168;70343
1435639578;70344
1435659986;70345
1435680396;70346
1435700809;70347
1435721217;70348
1435741627;70349
1435762036;70350
1435782441;70351
1435802850;70352
1435823259;70353
1435843668;70354
1435864077;70355
1435884487;70356
1435904895;70357
1435925304;70358
1435945714;70359
1435966126;70360
1435986532;70361
1436006941;70362
1436027353;70363
1436047759;70364
1436068168;70365
1436088576;70366
1436108986;70367
1436129395;70368
1436149804;70369
1436170213;70370
1436190622;70371
1436211035;70372
1436231440;70373
1436251850;70374
1436272258;70375
1436292671;70376
1436313076;70377
1436333485;70378
1436353894;70379
1436374307;70380
1436394712;70381
1436415122;70382
1436435530;70383
1436455939;70384
1436476349;70385
1436496757;70386
1436517167;70387
1436537576;70388
1436557984;70389
1436578394;70390
1436598803;70391
1436619211;70392
1436639621;70393
1436660030;70394
1436680443;70395
1436700852;70396
1436721257;70397
1436741666;70398
1436762075;70399
1436782485;70400
1436802897;70401
1436823302;70402
1436843716;70403
1436864120;70404
1436884530;70405
1436904939;70406
1436925347;70407
1436945761;70408
1436966166;70409
1436986575;70410
1437006984;70411
1437027392;70412
1437047802;70413
1437068211;70414
1437088619;70415
1437109029;70416
1437129438;70417
1437149847;70418
1437170256;70419
1437190665;70420
1437211074;70421
1437231483;70422
1437251893;70423
1437272301;70424
1437292710;70425
1437313120;70426
1437333528;70427
1437353941;70428
1437374347;70429
1437394759;70430
1437415165;70431
1437435578;70432
1437455983;70433
1437476392;70434
1437496805;70435
1437517210;70436
1437537619;70437
1437558028;70438
1437578437;70439
1437598846;70440
1437619256;70441
1437639664;70442
1437660073;70443
1437680483;70444
1437700891;70445
1437721301;70446
1437741713;70447
1437762118;70448
1437782532;70449
1437802936;70450
1437823349;70451
1437843755;70452
1437864163;70453
1437884573;70454
1437904982;70455
1437925390;70456
1437945800;70457
1437966209;70458
1437986622;70459
1438007027;70460
1438027440;70461
1438047845;70462
1438068254;70463
1438088664;70464
1438109072;70465
1438129481;70466
1438149891;70467
1438170299;70468
1438190709;70469
1438211118;70470
1438231526;70471
1438251936;70472
1438272345;70473
1438292757;70474
1438313163;70475
1438333572;70476
1438353981;70477
1438374390;70478
1438394799;70479
1438415208;70480
1438435617;70481
1438456026;70482
1438476435;70483
1438496844;70484
1438517253;70485
1438537662;70486
1438558072;70487
1438578480;70488
1438598893;70489
1438619299;70490
1438639707;70491
1438660117;70492
1438680526;70493
1438700934;70494
1438721344;70495
1438741753;70496
1438762162;70497
1438782571;70498
1438802980;70499
1438823389;70500
1438843798;70501
1438864208;70502
1438884620;70503
1438905025;70504
1438925435;70505
1438945843;70506
1438966253;70507
1438986662;70508
1439007071;70509
1439027480;70510
1439047889;70511
1439068298;70512
1439088707;70513
1439109121;70514
1439129525;70515
1439149934;70516
1439170343;70517
1439190752;70518
1439211162;70519
1439231574;70520
1439251979;70521
1439272389;70522
1439292797;70523
1439313207;70524
1439333616;70525
1439354024;70526
1439374438;70527
1439394843;70528
1439415252;70529
1439435661;70530
1439456070;70531
1439476483;70532
1439496888;70533
1439517298;70534
1439537710;70535
1439558116;70536
1439578525;70537
1439598933;70538
1439619343;70539
1439639752;70540
1439660161;70541
1439680570;70542
1439700980;70543
1439721388;70544
1439741797;70545
1439762207;70546
1439782619;70547
1439803025;70548
1439823434;70549
1439843843;70550
1439864252;70551
1439884660;70552
1439905070;70553
1439925479;70554
1439945891;70555
1439966297;70556
1439986706;70557
1440007115;70558
1440027528;70559
1440047934;70560
1440068342;70561
1440088752;70562
1440109161;70563
1440129569;70564
1440149979;70565
1440170392;70566
1440190797;70567
1440211206;70568
1440231616;70569
1440252024;70570
1440272433;70571
1440292843;70572
1440313251;70573
1440333661;70574
1440354070;70575
1440374479;70576
1440394888;70577
1440415297;70578
1440435706;70579
1440456115;70580
1440476525;70581
1440496937;70582
1440517346;70583
1440537752;70584
1440558160;70585
1440578570;70586
1440598978;70587
1440619388;70588
1440639797;70589
1440660209;70590
1440680615;70591
1440701028;70592
1440721437;70593
1440741846;70594
1440762252;70595
1440782660;70596
1440803074;70597
1440823479;70598
1440843888;70599
1440864301;70600
1440884706;70601
1440905115;70602
1440925524;70603
1440945934;70604
1440966342;70605
1440986752;70606
1441007161;70607
1441027569;70608
1441047979;70609
1441068388;70610
1441088797;70611
1441109206;70612
1441129616;70613
1441150024;70614
1441170433;70615
1441190843;70616
1441211251;70617
1441231661;70618
1441252074;70619
1441272483;70620
1441292892;70621
1441313300;70622
1441333706;70623
1441354115;70624
1441374524;70625
1441394933;70626
1441415343;70627
1441435751;70628
1441456161;70629
1441476570;70630
1441496978;70631
1441517388;70632
1441537797;70633
1441558206;70634
1441578615;70635
1441599025;70636
1441619437;70637
1441639843;70638
1441660252;70639
1441680664;70640
1441701070;70641
1441721479;70642
1441741888;70643
1441762297;70644
1441782711;70645
1441803119;70646
1441823524;70647
1441843934;70648
1441864342;70649
1441884752;70650
1441905161;70651
1441925574;70652
1441945979;70653
1441966392;70654
1441986801;70655
1442007210;70656
1442027615;70657
1442048024;70658
1442068434;70659
1442088842;70660
1442109255;70661
1442129661;70662
1442150073;70663
1442170479;70664
1442190892;70665
1442211297;70666
1442231710;70667
1442252119;70668
1442272528;70669
1442292933;70670
1442313347;70671
1442333751;70672
1442354161;70673
1442374570;70674
1442394979;70675
1442415392;70676
1442435797;70677
1442456206;70678
1442476615;70679
1442497029;70680
1442517433;70681
1442537843;70682
1442558252;70683
1442578660;70684
1442599070;70685
1442619479;70686
1442639892;70687
1442660301;70688
1442680706;70689
1442701119;70690
1442721528;70691
1442741937;70692
1442762342;70693
1442782756;70694
1442803164;70695
1442823570;70696
1442843979;70697
1442864387;70698
1442884797;70699
1442905206;70700
1442925615;70701
1442946024;70702
1442966433;70703
1442986842;70704
1443007251;70705
1443027665;70706
1443048069;70707
1443068479;70708
1443088888;70709
1443109296;70710
1443129706;70711
1443150115;70712
1443170524;70713
1443190933;70714
1443211343;70715
1443231751;70716
1443252160;70717
1443272570;70718
1443292978;70719
1443313388;70720
1443333801;70721
1443354206;70722
1443374615;70723
1443395024;70724
1443415433;70725
1443435842;70726
1443456251;70727
1443476660;70728
1443497070;70729
1443517478;70730
1443537887;70731
1443558301;70732
1443578705;70733
1443599115;70734
1443619528;70735
1443639932;70736
1443660342;70737
1443680751;70738
1443701160;70739
1443721569;70740
1443741979;70741
1443762387;70742
1443782796;70743
1443803206;70744
1443823614;70745
1443844024;70746
1443864433;70747
1443884841;70748
1443905255;70749
1443925660;70750
1443946073;70751
1443966478;70752
1443986888;70753
1444007296;70754
1444027709;70755
1444048115;70756
1444068523;70757
1444088933;70758
1444109311;70759
1444129720;70760
1444150129;70761
1444170537;70762
1444190947;70763
1444211359;70764
1444231765;70765
1444252174;70766
1444272582;70767
1444292996;70768
1444313400;70769
1444333814;70770
1444354219;70771
1444374631;70772
1444395041;70773
1444415445;70774
1444435855;70775
1444456264;70776
1444476673;70777
1444497082;70778
1444517490;70779
1444537900;70780
1444558309;70781
1444578718;70782
1444599127;70783
1444619536;70784
1444639945;70785
1444660354;70786
1444680763;70787
1444701172;70788
1444721584;70789
1444741990;70790
1444762399;70791
1444782808;70792
1444803217;70793
1444823626;70794
1444844035;70795
1444864443;70796
1444884853;70797
1444905262;70798
1444925671;70799
1444946080;70800
1444966488;70801
1444986898;70802
1445007307;70803
1445027716;70804
1445048125;70805
1445068534;70806
1445088943;70807
1445109352;70808
1445129761;70809
1445150170;70810
1445170579;70811
1445190992;70812
1445211397;70813
1445231810;70814
1445252215;70815
1445272624;70816
1445293033;70817
1445313442;70818
1445333851;70819
1445354260;70820
1445374669;70821
1445395078;70822
1445415488;70823
1445435900;70824
1445456305;70825
1445476718;70826
1445497127;70827
1445517532;70828
1445537941;70829
1445558350;70830
1445578759;70831
1445599168;70832
1445619581;70833
1445639986;70834
1445660395;70835
1445680804;70836
1445701213;70837
1445721622;70838
1445742031;70839
1445762444;70840
1445782849;70841
1445803258;70842
1445823667;70843
1445844076;70844
1445864489;70845
1445884894;70846
1445905303;70847
1445925712;70848
1445946121;70849
1445966531;70850
1445986939;70851
1446007348;70852
1446027757;70853
1446048166;70854
1446068579;70855
1446088988;70856
1446109393;70857
1446129802;70858
1446150211;70859
1446170623;70860
1446191029;70861
1446211438;70862
1446231847;70863
1446252256;70864
1446272665;70865
1446293074;70866
1446313483;70867
1446333892;70868
1446354301;70869
1446374710;70870
1446395119;70871
1446415528;70872
1446435937;70873
1446456346;70874
1446476755;70875
1446497164;70876
1446517574;70877
1446537986;70878
1446558391;70879
1446578800;70880
1446599209;70881
1446619618;70882
1446640027;70883
1446660436;70884
1446680845;70885
1446701254;70886
1446721663;70887
1446742072;70888
1446762481;70889
1446782890;70890
1446803299;70891
1446823709;70892
1446844117;70893
1446864526;70894
1446884935;70895
1446905344;70896
1446925753;70897
1446946162;70898
1446966571;70899
1446986980;70900
1447007393;70901
1447027798;70902
1447048207;70903
1447068620;70904
1447089025;70905
1447109434;70906
1447129843;70907
1447150256;70908
1447170661;70909
1447191074;70910
1447211479;70911
1447231888;70912
1447252297;70913
1447272706;70914
1447293115;70915
1447313528;70916
1447333937;70917
1447354342;70918
1447374755;70919
1447395160;70920
1447415569;70921
1447435978;70922
1447456387;70923
1447476796;70924
1447497209;70925
1447517618;70926
1447538023;70927
1447558432;70928
1447578840;70929
1447599250;70930
1447619659;70931
1447640068;70932
1447660477;70933
1447680885;70934
1447701295;70935
1447721704;70936
1447742113;70937
1447762522;70938
1447782934;70939
1447803344;70940
1447823749;70941
1447844158;70942
1447864567;70943
1447884975;70944
1447905385;70945
1447925794;70946
1447946203;70947
1447966612;70948
1447987024;70949
1448007434;70950
1448027839;70951
1448048247;70952
1448068657;70953
1448089065;70954
1448109475;70955
1448129884;70956
1448150293;70957
1448170702;70958
1448191110;70959
1448211520;70960
1448231928;70961
1448252338;70962
1448272751;70963
1448293155;70964
1448313565;70965
1448333973;70966
1448354383;70967
1448374792;70968
1448395200;70969
1448415614;70970
1448436022;70971
1448456427;70972
1448476837;70973
1448497245;70974
1448517655;70975
1448538063;70976
1448558472;70977
1448578886;70978
1448599294;70979
1448619700;70980
1448640108;70981
1448660517;70982
1448680927;70983
1448701335;70984
1448721745;70985
1448742153;70986
1448762562;70987
1448782976;70988
1448803380;70989
1448823790;70990
1448844202;70991
1448864607;70992
1448885016;70993
1448905425;70994
1448925835;70995
1448946243;70996
1448966656;70997
1448987061;70998
1449007470;70999
1449027880;71000
1449048292;71001
1449068697;71002
1449089106;71003
1449109515;71004
1449129924;71005
1449150333;71006
1449170746;71007
1449191151;71008
1449211560;71009
1449231973;71010
1449252378;71011
1449272787;71012
1449293196;71013
1449313605;71014
1449334018;71015
1449354423;71016
1449374832;71017
1449395241;71018
1449415650;71019
1449436059;71020
1449456468;71021
1449476877;71022
1449497286;71023
1449517695;71024
1449538103;71025
1449558513;71026
1449578922;71027
1449599331;71028
1449619740;71029
1449640148;71030
1449660558;71031
1449680967;71032
1449701376;71033
1449721785;71034
1449742193;71035
1449762603;71036
1449783012;71037
1449803421;71038
1449823834;71039
1449844238;71040
1449864648;71041
1449885057;71042
1449905466;71043
1449925875;71044
1449946287;71045
1449966697;71046
1449987102;71047
1450007514;71048
1450027920;71049
1450048328;71050
1450068738;71051
1450089147;71052
1450109555;71053
1450129965;71054
1450150373;71055
1450170787;71056
1450191191;71057
1450211604;71058
1450232010;71059
1450252418;71060
1450272831;71061
1450293236;71062
1450313645;71063
1450334055;71064
1450354463;71065
1450374876;71066
1450395281;71067
1450415690;71068
1450436100;71069
1450456508;71070
1450476918;71071
1450497326;71072
1450517735;71073
1450538145;71074
1450558553;71075
1450578962;71076
1450599371;71077
1450619780;71078
1450640190;71079
1450660598;71080
1450681007;71081
1450701416;71082
1450721825;71083
1450742238;71084
1450762643;71085
1450783056;71086
1450803461;71087
1450823870;71088
1450844278;71089
1450864688;71090
1450885097;71091
1450905510;71092
1450925915;71093
1450946324;71094
1450966733;71095
1450987142;71096
1451007551;71097
1451027960;71098
1451048368;71099
1451068778;71100
1451089191;71101
1451109596;71102
1451130005;71103
1451150413;71104
1451170823;71105
1451191232;71106
1451211644;71107
1451232050;71108
1451252462;71109
1451272868;71110
1451293277;71111
1451313686;71112
1451334095;71113
1451354507;71114
1451374913;71115
1451395322;71116
1451415730;71117
1451436140;71118
1451456548;71119
1451476958;71120
1451497366;71121
1451517775;71122
1451538185;71123
1451558593;71124
1451579003;71125
1451599411;71126
1451619820;71127
1451640230;71128
1451660638;71129
1451681048;71130
1451701456;71131
1451721865;71132
1451742275;71133
1451762683;71134
1451783093;71135
1451803505;71136
1451823910;71137
1451844324;71138
1451864728;71139
1451885141;71140
1451905546;71141
1451925955;71142
1451946365;71143
1451966773;71144
1451987182;71145
1452007591;71146
1452028000;71147
1452048414;71148
1452068818;71149
1452089231;71150
1452109636;71151
1452130045;71152
1452150454;71153
1452170863;71154
1452191272;71155
1452211681;71156
1452232090;71157
1452252502;71158
1452272908;71159
1452293317;71160
1452313730;71161
1452334135;71162
1452354543;71163
1452374953;71164
1452395362;71165
1452415771;71166
1452436180;71167
1452456588;71168
1452476998;71169
1452497407;71170
1452517819;71171
1452538225;71172
1452558633;71173
1452579047;71174
1452599452;71175
1452619864;71176
1452640270;71177
1452660678;71178
1452681092;71179
1452701497;71180
1452721905;71181
1452742315;71182
1452762723;71183
1452783133;71184
1452803542;71185
1452823950;71186
1452844360;71187
1452864768;71188
1452885181;71189
1452905586;71190
1452925995;71191
1452946405;71192
1452966813;71193
1452987223;71194
1453007635;71195
1453028040;71196
1453048454;71197
1453068858;71198
1453089267;71199
1453109676;71200
1453130085;71201
1453150495;71202
1453170903;71203
1453191312;71204
1453211721;71205
1453232130;71206
1453252543;71207
1453272948;71208
1453293357;71209
1453313766;71210
1453334175;71211
1453354584;71212
1453374997;71213
1453395402;71214
1453415811;71215
1453436220;71216
1453456629;71217
1453477038;71218
1453497447;71219
1453517856;71220
1453538265;71221
1453558673;71222
1453579087;71223
1453599492;71224
1453619901;71225
1453640310;71226
1453660722;71227
1453681128;71228
1453701537;71229
1453721945;71230
1453742355;71231
1453762763;71232
1453783173;71233
1453803582;71234
1453823990;71235
1453844400;71236
1453864808;71237
1453885218;71238
1453905627;71239
1453926035;71240
1453946445;71241
1453966853;71242
1453987262;71243
1454007672;71244
1454028080;71245
1454048490;71246
1454068898;71247
1454089307;71248
1454109738;71249
1454130146;71250
1454150556;71251
1454170964;71252
1454191373;71253
1454211783;71254
1454232191;71255
1454252601;71256
1454273010;71257
1454293418;71258
1454313828;71259
1454334237;71260
1454354646;71261
1454375055;71262
1454395463;71263
1454415873;71264
1454436282;71265
1454456690;71266
1454477104;71267
1454497509;71268
1454517918;71269
1454538331;71270
1454558736;71271
1454579145;71272
1454599554;71273
1454619963;71274
1454640372;71275
1454660781;71276
1454681190;71277
1454701599;71278
1454722009;71279
1454742417;71280
1454762826;71281
1454783236;71282
1454803644;71283
1454824053;71284
1454844462;71285
1454864871;71286
1454885281;71287
1454905689;71288
1454926098;71289
1454946508;71290
1454966916;71291
1454987326;71292
1455007735;71293
1455028143;71294
1455048553;71295
1455068961;71296
1455089370;71297
1455109784;71298
1455130192;71299
1455150601;71300
1455171007;71301
1455191415;71302
1455211825;71303
1455232238;71304
1455252643;71305
1455273052;71306
1455293460;71307
1455313870;71308
1455334279;71309
1455354688;71310
1455375101;71311
1455395506;71312
1455415915;71313
1455436324;71314
1455456733;71315
1455477142;71316
1455497551;71317
1455517964;71318
1455538369;71319
1455558778;71320
1455579187;71321
1455599596;71322
1455620005;71323
1455640414;71324
1455660823;71325
1455681233;71326
1455701641;71327
1455722050;71328
1455742459;71329
1455762868;71330
1455783278;71331
1455803686;71332
1455824095;71333
1455844505;71334
1455864913;71335
1455885323;71336
1455905736;71337
1455926140;71338
1455946550;71339
1455966958;71340
1455987368;71341
1456007777;71342
1456028185;71343
1456048595;71344
1456069004;71345
1456089412;71346
1456109822;71347
1456130231;71348
1456150640;71349
1456171049;71350
1456191457;71351
1456211867;71352
1456232276;71353
1456252685;71354
1456273094;71355
1456293503;71356
1456313912;71357
1456334321;71358
1456354730;71359
1456375139;71360
1456395548;71361
1456415957;71362
1456436366;71363
1456456775;71364
1456477184;71365
1456497593;71366
1456518006;71367
1456538411;71368
1456558820;71369
1456579230;71370
1456599638;71371
1456620051;71372
1456640456;71373
1456660865;71374
1456681275;71375
1456701683;71376
1456722096;71377
1456742502;71378
1456762910;71379
1456783324;71380
1456803733;71381
1456824137;71382
1456844547;71383
1456864955;71384
1456885364;71385
1456905774;71386
1456926182;71387
1456946592;71388
1456967001;71389
1456987409;71390
1457007819;71391
1457028228;71392
1457048637;71393
1457069046;71394
1457089454;71395
1457109864;71396
1457130277;71397
1457150681;71398
1457171091;71399
1457191500;71400
1457211909;71401
1457232318;71402
1457252731;71403
1457273136;71404
1457293545;71405
1457313954;71406
1457334363;71407
1457354772;71408
1457375185;71409
1457395590;71410
1457416003;71411
1457436408;71412
1457456817;71413
1457477227;71414
1457497635;71415
1457518044;71416
1457538453;71417
1457558866;71418
1457579276;71419
1457599680;71420
1457620089;71421
1457640499;71422
1457660907;71423
1457681317;71424
1457701726;71425
1457722138;71426
1457742544;71427
1457762952;71428
1457783362;71429
1457803771;71430
1457824179;71431
1457844589;71432
1457864998;71433
1457885406;71434
1457905816;71435
1457926225;71436
1457946634;71437
1457967043;71438
1457987451;71439
1458007861;71440
1458028270;71441
1458048679;71442
1458069088;71443
1458089501;71444
1458109906;71445
1458130315;71446
1458150724;71447
1458171133;71448
1458191542;71449
1458211951;71450
1458232360;71451
1458252769;71452
1458273178;71453
1458293587;71454
1458313997;71455
1458334405;71456
1458354814;71457
1458375224;71458
1458395632;71459
1458416042;71460
1458436450;71461
1458456859;71462
1458477269;71463
1458497677;71464
1458518086;71465
1458538496;71466
1458558904;71467
1458579314;71468
1458599723;71469
1458620131;71470
1458640541;71471
1458660950;71472
1458681359;71473
1458701768;71474
1458722180;71475
1458742586;71476
1458762995;71477
1458783403;71478
1458803813;71479
1458824222;71480
1458844635;71481
1458865040;71482
1458885449;71483
1458905858;71484
1458926267;71485
1458946676;71486
1458967085;71487
1458987494;71488
1459007903;71489
1459028312;71490
1459048721;71491
1459069130;71492
1459089539;71493
1459109949;71494
1459130357;71495
1459150767;71496
1459171175;71497
1459191584;71498
1459211994;71499
1459232402;71500
1459252811;71501
1459273225;71502
1459293629;71503
1459314039;71504
1459334448;71505
1459354856;71506
1459375266;71507
1459395674;71508
1459416084;71509
1459436497;71510
1459456901;71511
1459477311;71512
1459497720;71513
1459518128;71514
1459538538;71515
1459558947;71516
1459579360;71517
1459599769;71518
1459620173;71519
1459640587;71520
1459660992;71521
1459681401;71522
1459701810;71523
1459722223;71524
1459742628;71525
1459763037;71526
1459783446;71527
1459803855;71528
1459824264;71529
1459844673;71530
1459865082;71531
1459885491;71532
1459905900;71533
1459926309;71534
1459946719;71535
1459967127;71536
1459987536;71537
1460007946;71538
1460028354;71539
1460048764;71540
1460069172;71541
1460089581;71542
1460109991;71543
1460130403;71544
1460150808;71545
1460171218;71546
1460191626;71547
1460212036;71548
1460232445;71549
1460252853;71550
1460273263;71551
1460293671;71552
1460314081;71553
1460334490;71554
1460354898;71555
1460375308;71556
1460395717;71557
1460416126;71558
1460436535;71559
1460456944;71560
1460477353;71561
1460497766;71562
1460518170;71563
1460538580;71564
1460558989;71565
1460579398;71566
1460599811;71567
1460620216;71568
1460640625;71569
1460661034;71570
1460681444;71571
1460701852;71572
1460722261;71573
1460742670;71574
1460763079;71575
1460783488;71576
1460803897;71577
1460824306;71578
1460844720;71579
1460865128;71580
1460885533;71581
1460905943;71582
1460926355;71583
1460946761;71584
1460967169;71585
1460987578;71586
1461007988;71587
1461028396;71588
1461048806;71589
1461069215;71590
1461089627;71591
1461110033;71592
1461130442;71593
1461150850;71594
1461171260;71595
1461191668;71596
1461212078;71597
1461232487;71598
1461252895;71599
1461273305;71600
1461293714;71601
1461314123;71602
1461334532;71603
1461354941;71604
1461375354;71605
1461395759;71606
1461416167;71607
1461436577;71608
1461456986;71609
1461477395;71610
1461497808;71611
1461518213;71612
1461538626;71613
1461559031;71614
1461579440;71615
1461599849;71616
1461620258;71617
1461640667;71618
1461661076;71619
1461681486;71620
1461701894;71621
1461722303;71622
1461742713;71623
1461763121;71624
1461783530;71625
1461803940;71626
1461824348;71627
1461844758;71628
1461865166;71629
1461885575;71630
1461905985;71631
1461926393;71632
1461946806;71633
1461967212;71634
1461987620;71635
1462008030;71636
1462028439;71637
1462048847;71638
1462069257;71639
1462089665;71640
1462110079;71641
1462130484;71642
1462150892;71643
1462171302;71644
1462191711;71645
1462212120;71646
1462232529;71647
1462252942;71648
1462273347;71649
1462293760;71650
1462314168;71651
1462334574;71652
1462354983;71653
1462375395;71654
1462395801;71655
1462416210;71656
1462436623;71657
1462457028;71658
1462477438;71659
1462497846;71660
1462518255;71661
1462538664;71662
1462559077;71663
1462579482;71664
1462599891;71665
1462620300;71666
1462640714;71667
1462661118;71668
1462681527;71669
1462701937;71670
1462722345;71671
1462742755;71672
1462763163;71673
1462783572;71674
1462803982;71675
1462824390;71676
1462844800;71677
1462865209;71678
1462885617;71679
1462906027;71680
1462926440;71681
1462946848;71682
1462967254;71683
1462987662;71684
1463008076;71685
1463028485;71686
1463048889;71687
1463069299;71688
1463089708;71689
1463110117;71690
1463130526;71691
1463150935;71692
1463171344;71693
1463191753;71694
1463212162;71695
1463232571;71696
1463252980;71697
1463273389;71698
1463293802;71699
1463314207;71700
1463334616;71701
1463355025;71702
1463375435;71703
1463395843;71704
1463416256;71705
1463436661;71706
1463457070;71707
1463477479;71708
1463497888;71709
1463518297;71710
1463538707;71711
1463559115;71712
1463579525;71713
1463599934;71714
1463620342;71715
1463640756;71716
1463661160;71717
1463681569;71718
1463701979;71719
