2305225592;112952
2305246001;112953
2305266409;112954
2305286819;112955
2305307231;112956
2305327641;112957
2305348045;112958
2305368454;112959
2305388863;112960
2305409276;112961
2305429684;112962
2305450090;112963
2305470498;112964
2305490908;112965
2305511316;112966
2305531725;112967
2305552138;112968
2305572543;112969
2305592952;112970
2305613361;112971
2305633770;112972
2305654179;112973
2305674588;112974
2305694997;112975
2305715406;112976
2305735814;112977
2305756224;112978
2305776632;112979
2305797042;112980
2305817450;112981
2305837859;112982
2305858268;112983
2305878677;112984
2305899086;112985
2305919499;112986
2305939907;112987
2305960313;112988
2305980721;112989
2306001130;112990
2306021539;112991
2306041948;112992
2306062357;112993
2306082766;112994
2306103174;112995
2306123584;112996
2306143992;112997
2306164402;112998
2306184810;112999
2306205219;113000
2306225628;113001
2306246037;113002
2306266446;113003
2306286855;113004
2306307263;113005
2306327673;113006
2306348082;113007
2306368494;113008
2306388900;113009
2306409308;113010
2306429718;113011
2306450130;113012
2306470535;113013
2306490944;113014
2306511353;113015
2306531762;113016
2306552171;113017
2306572579;113018
2306592989;113019
2306613401;113020
2306633807;113021
2306654215;113022
2306674624;113023
2306695037;113024
2306715442;113025
2306735851;113026
2306756260;113027
2306776668;113028
2306797078;113029
2306817486;113030
2306837895;113031
2306858304;113032
2306878713;113033
2306899122;113034
2306919531;113035
2306939943;113036
2306960349;113037
2306980761;113038
2307001167;113039
2307021575;113040
2307041984;113041
2307062394;113042
2307082802;113043
2307103212;113044
2307123620;113045
2307144029;113046
2307164438;113047
2307184847;113048
2307205255;113049
2307225665;113050
2307246073;113051
2307266487;113052
2307286895;113053
2307307300;113054
2307327709;113055
2307348118;113056
2307368527;113057
2307388936;113058
2307409344;113059
2307429754;113060
2307450162;113061
2307470572;113062
2307490980;113063
2307511389;113064
2307531798;113065
2307552207;113066
2307572616;113067
2307593025;113068
2307613433;113069
2307633843;113070
2307654251;113071
2307674660;113072
2307695073;113073
2307715482;113074
2307735887;113075
2307756300;113076
2307776705;113077
2307797114;113078
2307817523;113079
2307837932;113080
2307858341;113081
2307878749;113082
2307899163;113083
2307919571;113084
2307939977;113085
2307960385;113086
2307980794;113087
2308001203;113088
2308021612;113089
2308042024;113090
2308062430;113091
2308082838;113092
2308103248;113093
2308123656;113094
2308144065;113095
2308164474;113096
2308184883;113097
2308205292;113098
2308225701;113099
2308246109;113100
2308266519;113101
2308286927;113102
2308307337;113103
2308327745;113104
2308348154;113105
2308368563;113106
2308388976;113107
2308409384;113108
2308429790;113109
2308450198;113110
2308470608;113111
2308491017;113112
2308511425;113113
2308531835;113114
2308552243;113115
2308572657;113116
2308593061;113117
2308613474;113118
2308633883;113119
2308654288;113120
2308674697;113121
2308695106;113122
2308715514;113123
2308735928;113124
2308756332;113125
2308776742;113126
2308797150;113127
2308817559;113128
2308837968;113129
2308858377;113130
2308878785;113131
2308899195;113132
2308919603;113133
2308940013;113134
2308960421;113135
2308980830;113136
2309001239;113137
2309021648;113138
2309042061;113139
2309062466;113140
2309082874;113141
2309103284;113142
2309123692;113143
2309144102;113144
2309164510;113145
2309184923;113146
2309205333;113147
2309225737;113148
2309246147;113149
2309266555;113150
2309286964;113151
2309307373;113152
2309327782;113153
2309348190;113154
2309368600;113155
2309389008;113156
2309409422;113157
2309429826;113158
2309450235;113159
2309470644;113160
2309491057;113161
2309511462;113162
2309531875;113163
2309552279;113164
2309572689;113165
2309593097;113166
2309613510;113167
2309633915;113168
2309654324;113169
2309674733;113170
2309695142;113171
2309715551;113172
2309735960;113173
2309756368;113174
2309776778;113175
2309797186;113176
2309817595;113177
2309838008;113178
2309858413;113179
2309878822;113180
2309899235;113181
2309919640;113182
2309940049;113183
2309960458;113184
2309980867;113185
2310001276;113186
2310021684;113187
2310042094;113188
2310062502;113189
2310082912;113190
2310103320;113191
2310123729;113192
2310144138;113193
2310164547;113194
2310184959;113195
2310205369;113196
2310225773;113197
2310246183;113198
2310266591;113199
2310287000;113200
2310307409;113201
2310327818;113202
2310348227;113203
2310368640;113204
2310389044;113205
2310409454;113206
2310429862;113207
2310450272;113208
2310470680;113209
2310491089;113210
2310511498;113211
2310531911;113212
2310552319;113213
2310572729;113214
2310593137;113215
2310613543;113216
2310633952;113217
2310654360;113218
2310674770;113219
2310695178;113220
2310715588;113221
2310735996;113222
2310756405;113223
2310776814;113224
2310797223;113225
2310817632;113226
2310838041;113227
2310858449;113228
2310878859;113229
2310899267;113230
2310919676;113231
2310940085;113232
2310960494;113233
2310980903;113234
2311001312;113235
2311021724;113236
2311042130;113237
2311062538;113238
2311082948;113239
2311103356;113240
2311123769;113241
2311144174;113242
2311164583;113243
2311184991;113244
2311205401;113245
2311225809;113246
2311246219;113247
2311266627;113248
2311287037;113249
2311307445;113250
2311327854;113251
2311348264;113252
2311368676;113253
2311389081;113254
2311409490;113255
2311429899;113256
2311450308;113257
2311470717;113258
2311491125;113259
2311511535;113260
2311531943;113261
2311552353;113262
2311572761;113263
2311593170;113264
2311613579;113265
2311633988;113266
2311654397;113267
2311674806;113268
2311695218;113269
2311715624;113270
2311736032;113271
2311756441;113272
2311776850;113273
2311797259;113274
2311817668;113275
2311838077;113276
2311858485;113277
2311878895;113278
2311899303;113279
2311919713;113280
2311940121;113281
2311960530;113282
2311980939;113283
2312001348;113284
2312021760;113285
2312042166;113286
2312062575;113287
2312082984;113288
2312103393;113289
2312123801;113290
2312144211;113291
2312164619;113292
2312185033;113293
2312205437;113294
2312225847;113295
2312246259;113296
2312266664;113297
2312287077;113298
2312307482;113299
2312327890;113300
2312348300;113301
2312368708;113302
2312389118;113303
2312409526;113304
2312429935;113305
2312450344;113306
2312470753;113307
2312491162;113308
2312511571;113309
2312531979;113310
2312552389;113311
2312572797;113312
2312593206;113313
2312613615;113314
2312634028;113315
2312654433;113316
2312674846;113317
2312695250;113318
2312715660;113319
2312736068;113320
2312756481;113321
2312776891;113322
2312797299;113323
2312817705;113324
2312838113;113325
2312858523;113326
2312878931;113327
2312899340;113328
2312919753;113329
2312940162;113330
2312960566;113331
2312980980;113332
2313001384;113333
2313021798;113334
2313042202;113335
2313062611;113336
2313083020;113337
2313103429;113338
2313123838;113339
2313144247;113340
2313164655;113341
2313185065;113342
2313205473;113343
2313225887;113344
2313246295;113345
2313266704;113346
2313287109;113347
2313307518;113348
2313327926;113349
2313348336;113350
2313368744;113351
2313389154;113352
2313409566;113353
2313429971;113354
2313450380;113355
2313470793;113356
2313491199;113357
2313511611;113358
2313532016;113359
2313552429;113360
2313572834;113361
2313593243;113362
2313613652;113363
2313634060;113364
2313654470;113365
2313674878;113366
2313695288;113367
2313715696;113368
2313736105;113369
2313756518;113370
2313776923;113371
2313797335;113372
2313817741;113373
2313838149;113374
2313858559;113375
2313878967;113376
2313899376;113377
2313919785;113378
2313940194;113379
2313960603;113380
2313981012;113381
2314001420;113382
2314021830;113383
2314042238;113384
2314062648;113385
2314083060;113386
2314103465;113387
2314123874;113388
2314144283;113389
2314164741;113390
2314185146;113391
2314205555;113392
2314225964;113393
2314246377;113394
2314266783;113395
2314287191;113396
2314307600;113397
2314328009;113398
2314348418;113399
2314368828;113400
2314389236;113401
2314409645;113402
2314430054;113403
2314450463;113404
2314470876;113405
2314491281;113406
2314511690;113407
2314532099;113408
2314552508;113409
2314572921;113410
2314593326;113411
2314613735;113412
2314634144;113413
2314654553;113414
2314674962;113415
2314695371;113416
2314715780;113417
2314736188;113418
2314756598;113419
2314777007;113420
2314797416;113421
2314817825;113422
2314838237;113423
2314858643;113424
2314879052;113425
2314899461;113426
2314919870;113427
2314940279;113428
2314960688;113429
2314981097;113430
2315001506;113431
2315021915;113432
2315042328;113433
2315062733;113434
2315083142;113435
2315103551;113436
2315123960;113437
2315144369;113438
2315164782;113439
2315185187;113440
2315205595;113441
2315226005;113442
2315246414;113443
2315266823;113444
2315287236;113445
2315307640;113446
2315328050;113447
2315348459;113448
2315368868;113449
2315389277;113450
2315409685;113451
2315430095;113452
2315450504;113453
2315470913;113454
2315491322;113455
2315511730;113456
2315532140;113457
2315552549;113458
2315572958;113459
2315593367;113460
2315613776;113461
2315634185;113462
2315654594;113463
2315675002;113464
2315695412;113465
2315715821;113466
2315736230;113467
2315756643;113468
2315777047;113469
2315797457;113470
2315817870;113471
2315838275;113472
2315858684;113473
2315879092;113474
2315899502;113475
2315919911;113476
2315940319;113477
2315960729;113478
2315981137;113479
2316001547;113480
2316021956;113481
2316042365;113482
2316062774;113483
2316083182;113484
2316103592;113485
2316124001;113486
2316144409;113487
2316164819;113488
2316185227;113489
2316205637;113490
2316226046;113491
2316246454;113492
2316266868;113493
2316287273;113494
2316307682;113495
2316328091;113496
2316348499;113497
2316368909;113498
2316389318;113499
2316409726;113500
2316430136;113501
2316450544;113502
2316470954;113503
2316491363;113504
2316511771;113505
2316532181;113506
2316552589;113507
2316573003;113508
2316593408;113509
2316613816;113510
2316634226;113511
2316654634;113512
2316675044;113513
2316695453;113514
2316715861;113515
2316736271;113516
2316756679;113517
2316777088;113518
2316797498;113519
2316817906;113520
2316838316;113521
2316858724;113522
2316879137;113523
2316899547;113524
2316919955;113525
2316940365;113526
2316960770;113527
2316981178;113528
2317001588;113529
2317021996;113530
2317042409;113531
2317062815;113532
2317083227;113533
2317103637;113534
2317124041;113535
2317144451;113536
2317164860;113537
2317185268;113538
2317205678;113539
2317226086;113540
2317246496;113541
2317266905;113542
2317287313;113543
2317307723;113544
2317328131;113545
2317348540;113546
2317368950;113547
2317389358;113548
2317409768;113549
2317430176;113550
2317450585;113551
2317470995;113552
2317491403;113553
2317511813;113554
2317532222;113555
2317552630;113556
2317573040;113557
2317593448;113558
2317613857;113559
2317634267;113560
2317654675;113561
2317675085;113562
2317695493;113563
2317715903;113564
2317736312;113565
2317756720;113566
2317777130;113567
2317797538;113568
2317817947;113569
2317838357;113570
2317858765;113571
2317879175;113572
2317899583;113573
2317919996;113574
2317940402;113575
2317960814;113576
2317981220;113577
2318001628;113578
2318022037;113579
2318042447;113580
2318062855;113581
2318083264;113582
2318103673;113583
2318124082;113584
2318144492;113585
2318164900;113586
2318185309;113587
2318205719;113588
2318226131;113589
2318246537;113590
2318266945;113591
2318287354;113592
2318307764;113593
2318328172;113594
2318348585;113595
2318368990;113596
2318389399;113597
2318409809;113598
2318430217;113599
2318450631;113600
2318471035;113601
2318491444;113602
2318511858;113603
2318532262;113604
2318552675;113605
2318573080;113606
2318593489;113607
2318613899;113608
2318634307;113609
2318654716;113610
2318675124;113611
2318695534;113612
2318715944;113613
2318736352;113614
2318756761;113615
2318777170;113616
2318797579;113617
2318817989;113618
2318838397;113619
2318858810;113620
2318879216;113621
2318899624;113622
2318920033;113623
2318940442;113624
2318960855;113625
2318981265;113626
2319001669;113627
2319022078;113628
2319042491;113629
2319062896;113630
2319083306;113631
2319103714;113632
2319124123;113633
2319144532;113634
2319164941;113635
2319185351;113636
2319205759;113637
2319226168;113638
2319246577;113639
2319266986;113640
2319287396;113641
2319307804;113642
2319328213;113643
2319348622;113644
2319369035;113645
2319389440;113646
2319409849;113647
2319430262;113648
2319450667;113649
2319471076;113650
2319491485;113651
2319511894;113652
2319532307;113653
2319552713;113654
2319573121;113655
2319593530;113656
2319613939;113657
2319634348;113658
2319654758;113659
2319675166;113660
2319695575;113661
2319715984;113662
2319736393;113663
2319756806;113664
2319777211;113665
2319797620;113666
2319818029;113667
2319838438;113668
2319858848;113669
2319879256;113670
2319899665;113671
2319920078;113672
2319940483;113673
2319960893;113674
2319981301;113675
2320001710;113676
2320022119;113677
2320042528;113678
2320062937;113679
2320083346;113680
2320103755;113681
2320124164;113682
2320144573;113683
2320164982;113684
2320185391;113685
2320205804;113686
2320226210;113687
2320246618;113688
2320267027;113689
2320287436;113690
2320307849;113691
2320328258;113692
2320348663;113693
2320369076;113694
2320389481;113695
2320409894;113696
2320430299;113697
2320450708;113698
2320471117;113699
2320491530;113700
2320511935;113701
2320532344;113702
2320552753;113703
2320573162;113704
2320593575;113705
2320613980;113706
2320634389;113707
2320654798;113708
2320675207;113709
2320695616;113710
2320716025;113711
2320736438;113712
2320756847;113713
2320777252;113714
2320797660;113715
2320818070;113716
2320838479;113717
2320858888;113718
2320879297;113719
2320899706;113720
2320920115;113721
2320940524;113722
2320960933;113723
2320981342;113724
2321001755;113725
2321022164;113726
2321042569;113727
2321062978;113728
2321083387;113729
2321103796;113730
2321124205;113731
2321144614;113732
2321165022;113733
2321185432;113734
2321205841;113735
2321226254;113736
2321246659;113737
2321267071;113738
2321287477;113739
2321307886;113740
2321328295;113741
2321348704;113742
2321369112;113743
2321389526;113744
2321409931;113745
2321430340;113746
2321450749;113747
2321471157;113748
2321491567;113749
2321511976;113750
2321532384;113751
2321552794;113752
2321573203;113753
2321593612;113754
2321614021;113755
2321634429;113756
2321654839;113757
2321675248;113758
2321695657;113759
2321716066;113760
2321736474;113761
2321756884;113762
2321777293;113763
2321797705;113764
2321818111;113765
2321838523;113766
2321858933;113767
2321879338;113768
2321899747;113769
2321920156;113770
2321940564;113771
2321960974;113772
2321981387;113773
2322001792;113774
2322022201;113775
2322042609;113776
2322063019;113777
2322083428;113778
2322103840;113779
2322124246;113780
2322144654;113781
2322165068;113782
2322185473;113783
2322205885;113784
2322226291;113785
2322246700;113786
2322267109;113787
2322287518;113788
2322307930;113789
2322328336;113790
2322348745;113791
2322369154;113792
2322389563;113793
2322409971;113794
2322430381;113795
2322450790;113796
2322471199;113797
2322491608;113798
2322512016;113799
2322532426;113800
2322552835;113801
2322573247;113802
2322593653;113803
2322614065;113804
2322634471;113805
2322654880;113806
2322675288;113807
2322695698;113808
2322716106;113809
2322736516;113810
2322756925;113811
2322777333;113812
2322797743;113813
2322818151;113814
2322838565;113815
2322858970;113816
2322879378;113817
2322899788;113818
2322920197;113819
2322940609;113820
2322961019;113821
2322981423;113822
2323001833;113823
2323022242;113824
2323042651;113825
2323063060;113826
2323083468;113827
2323103878;113828
2323124291;113829
2323144695;113830
2323165105;113831
2323185513;113832
2323205927;113833
2323226332;113834
2323246740;113835
2323267150;113836
2323287558;113837
2323307971;113838
2323328377;113839
2323348789;113840
2323369195;113841
2323389603;113842
2323410012;113843
2323430422;113844
2323450830;113845
2323471240;113846
2323491648;113847
2323512057;113848
2323532471;113849
2323552875;113850
2323573285;113851
2323593698;113852
2323614106;113853
2323634512;113854
2323654920;113855
2323675330;113856
2323695739;113857
2323716147;113858
2323736557;113859
2323756969;113860
2323777375;113861
2323797784;113862
2323818196;113863
2323838602;113864
2323859010;113865
2323879419;113866
2323899829;113867
2323920237;113868
2323940651;113869
2323961055;113870
2323981464;113871
2324001874;113872
2324022282;113873
2324042692;113874
2324063100;113875
2324083509;113876
2324103919;113877
2324124327;113878
2324144737;113879
2324165119;113880
2324185527;113881
2324205941;113882
2324226349;113883
2324246754;113884
2324267163;113885
2324287572;113886
2324307981;113887
2324328390;113888
2324348799;113889
2324369208;113890
2324389617;113891
2324410026;113892
2324430435;113893
2324450847;113894
2324471253;113895
2324491661;113896
2324512071;113897
2324532479;113898
2324552888;113899
2324573298;113900
2324593706;113901
2324614116;113902
2324634524;113903
2324654933;113904
2324675342;113905
2324695751;113906
2324716160;113907
2324736569;113908
2324756977;113909
2324777387;113910
2324797796;113911
2324818205;113912
2324838614;113913
2324859022;113914
2324879432;113915
2324899840;113916
2324920249;113917
2324940658;113918
2324961067;113919
2324981481;113920
2325001885;113921
2325022294;113922
2325042703;113923
2325063112;113924
2325083524;113925
2325103930;113926
2325124342;113927
2325144748;113928
2325165156;113929
2325185565;113930
2325205975;113931
2325226383;113932
2325246793;113933
2325267201;113934
2325287610;113935
2325308019;113936
2325328428;113937
2325348837;113938
2325369246;113939
2325389655;113940
2325410064;113941
2325430473;113942
2325450882;113943
2325471291;113944
2325491699;113945
2325512109;113946
2325532517;113947
2325552927;113948
2325573336;113949
2325593744;113950
2325614154;113951
2325634562;113952
2325654971;113953
2325675384;113954
2325695789;113955
2325716198;113956
2325736607;113957
2325757015;113958
2325777425;113959
2325797834;113960
2325818243;113961
2325838656;113962
2325859060;113963
2325879470;113964
2325899878;113965
2325920288;113966
2325940696;113967
2325961105;113968
2325981515;113969
2326001927;113970
2326022332;113971
2326042741;113972
2326063150;113973
2326083559;113974
2326103968;113975
2326124376;113976
2326144786;113977
2326165194;113978
2326185604;113979
2326206013;113980
2326226425;113981
2326246831;113982
2326267239;113983
2326287649;113984
2326308057;113985
2326328466;113986
2326348879;113987
2326369284;113988
2326389693;113989
2326410102;113990
2326430511;113991
2326450920;113992
2326471333;113993
2326491737;113994
2326512147;113995
2326532555;113996
2326552965;113997
2326573374;113998
2326593782;113999
2326614192;114000
2326634600;114001
2326655010;114002
2326675418;114003
2326695827;114004
2326716236;114005
2326736649;114006
2326757057;114007
2326777463;114008
2326797872;114009
2326818281;114010
2326838690;114011
2326859098;114012
2326879508;114013
2326899916;114014
2326920326;114015
2326940738;114016
2326961143;114017
2326981553;114018
2327001965;114019
2327022371;114020
2327042779;114021
2327063188;114022
2327083597;114023
2327104006;114024
2327124418;114025
2327144824;114026
2327165232;114027
2327185642;114028
2327206051;114029
2327226459;114030
2327246869;114031
2327267277;114032
2327287687;114033
2327308095;114034
2327328504;114035
2327348913;114036
2327369322;114037
2327389732;114038
2327410144;114039
2327430553;114040
2327450958;114041
2327471367;114042
2327491776;114043
2327512189;114044
2327532597;114045
2327553003;114046
2327573412;114047
2327593821;114048
2327614230;114049
2327634638;114050
2327655048;114051
2327675456;114052
2327695866;114053
2327716274;114054
2327736683;114055
2327757092;114056
2327777505;114057
2327797914;114058
2327818319;114059
2327838728;114060
2327859137;114061
2327879546;114062
2327899954;114063
2327920364;114064
2327940772;114065
2327961182;114066
2327981591;114067
2328001999;114068
2328022409;114069
2328042817;114070
2328063227;114071
2328083635;114072
2328104044;114073
2328124453;114074
2328144862;114075
2328165270;114076
2328185680;114077
2328206089;114078
2328226498;114079
2328246907;114080
2328267315;114081
2328287725;114082
2328308133;114083
2328328547;114084
2328348951;114085
2328369360;114086
2328389774;114087
2328410178;114088
2328430588;114089
2328450996;114090
2328471405;114091
2328491814;114092
2328512227;114093
2328532631;114094
2328553041;114095
2328573450;114096
2328593859;114097
2328614268;114098
2328634676;114099
2328655086;114100
2328675494;114101
2328695904;114102
2328716312;114103
2328736721;114104
2328757130;114105
2328777543;114106
2328797949;114107
2328818357;114108
2328838766;114109
2328859175;114110
2328879588;114111
2328899992;114112
2328920402;114113
2328940814;114114
2328961220;114115
2328981629;114116
2329002037;114117
2329022447;114118
2329042859;114119
2329063265;114120
2329083673;114121
2329104082;114122
2329124491;114123
2329144900;114124
2329165313;114125
2329185722;114126
2329206131;114127
2329226540;114128
2329246945;114129
2329267354;114130
2329287767;114131
2329308171;114132
2329328581;114133
2329348989;114134
2329369398;114135
2329389808;114136
2329410216;114137
2329430630;114138
2329451034;114139
2329471443;114140
2329491852;114141
2329512265;114142
2329532670;114143
2329553079;114144
2329573488;114145
2329593901;114146
2329614306;114147
2329634715;114148
2329655124;114149
2329675532;114150
2329695942;114151
2329716350;114152
2329736760;114153
2329757168;114154
2329777577;114155
2329797987;114156
2329818395;114157
2329838804;114158
2329859213;114159
2329879622;114160
2329900035;114161
2329920444;114162
2329940848;114163
2329961258;114164
2329981667;114165
2330002076;114166
2330022485;114167
2330042893;114168
2330063303;114169
2330083711;114170
2330104121;114171
2330124533;114172
2330144938;114173
2330165347;114174
2330185756;114175
2330206166;114176
2330226574;114177
2330246983;114178
2330267396;114179
2330287805;114180
2330308209;114181
2330328619;114182
2330349027;114183
2330369441;114184
2330389846;114185
2330410254;114186
2330430664;114187
2330451072;114188
2330471482;114189
2330491890;114190
2330512299;114191
2330532712;114192
2330553117;114193
2330573527;114194
2330593935;114195
2330614344;114196
2330634753;114197
2330655162;114198
2330675571;114199
2330695984;114200
2330716388;114201
2330736798;114202
2330757210;114203
2330777619;114204
2330798025;114205
2330818433;114206
2330838843;114207
2330859251;114208
2330879660;114209
2330900069;114210
2330920478;114211
2330940887;114212
2330961296;114213
2330981705;114214
2331002114;114215
2331022527;114216
2331042935;114217
2331063341;114218
2331083753;114219
2331104163;114220
2331124571;114221
2331144977;114222
2331165385;114223
2331185794;114224
2331206204;114225
2331226612;114226
2331247021;114227
2331267430;114228
2331287839;114229
2331308248;114230
2331328657;114231
2331349065;114232
2331369475;114233
2331389888;114234
2331410293;114235
2331430702;114236
2331451110;114237
2331471520;114238
2331491928;114239
2331512338;114240
2331532746;114241
2331553155;114242
2331573565;114243
2331593973;114244
2331614382;114245
2331634791;114246
2331655200;114247
2331675609;114248
2331696018;114249
2331716426;114250
2331736836;114251
2331757244;114252
2331777654;114253
2331798063;114254
2331818471;114255
2331838885;114256
2331859293;114257
2331879699;114258
2331900111;114259
2331920516;114260
2331940929;114261
2331961334;114262
2331981747;114263
2332002152;114264
2332022561;114265
2332042970;114266
2332063379;114267
2332083787;114268
2332104201;114269
2332124605;114270
2332145015;114271
2332165423;114272
2332185832;114273
2332206242;114274
2332226650;114275
2332247060;114276
2332267468;114277
2332287877;114278
2332308286;114279
2332328695;114280
2332349104;114281
2332369513;114282
2332389922;114283
2332410331;114284
2332430740;114285
2332451149;114286
2332471558;114287
2332491966;114288
2332512376;114289
2332532784;114290
2332553193;114291
2332573603;114292
2332594015;114293
2332614421;114294
2332634829;114295
2332655238;114296
2332675647;114297
2332696056;114298
2332716465;114299
2332736878;114300
2332757286;114301
2332777696;114302
2332798105;114303
2332818513;114304
2332838919;114305
2332859327;114306
2332879737;114307
2332900145;114308
2332920554;114309
2332940963;114310
2332961376;114311
2332981782;114312
2333002190;114313
2333022603;114314
2333043008;114315
2333063417;114316
2333083826;114317
2333104235;114318
2333124643;114319
2333145053;114320
2333165461;114321
2333185871;114322
2333206280;114323
2333226688;114324
2333247102;114325
2333267506;114326
2333287916;114327
2333308328;114328
2333328733;114329
2333349142;114330
2333369551;114331
2333389960;114332
2333410369;114333
2333430778;114334
2333451187;114335
2333471596;114336
2333492004;114337
2333512414;114338
2333532822;114339
2333553232;114340
2333573640;114341
2333594049;114342
2333614459;114343
2333634867;114344
2333655277;114345
2333675685;114346
2333696094;114347
2333716503;114348
2333736912;114349
2333757324;114350
2333777730;114351
2333798139;114352
2333818548;114353
2333838961;114354
2333859366;114355
2333879775;114356
2333900183;114357
2333920593;114358
2333941001;114359
2333961410;114360
2333981820;114361
2334002228;114362
2334022638;114363
2334043046;114364
2334063455;114365
2334083864;114366
2334104273;114367
2334124682;114368
2334145091;114369
2334165539;114370
2334185948;114371
2334206361;114372
2334226765;114373
2334247175;114374
2334267584;114375
2334287993;114376
2334308402;114377
2334328811;114378
2334349220;114379
2334369629;114380
2334390042;114381
2334410447;114382
2334430856;114383
2334451265;114384
2334471674;114385
2334492084;114386
2334512492;114387
2334532901;114388
2334553310;114389
2334573723;114390
2334594128;114391
2334614537;114392
2334634946;114393
2334655356;114394
2334675764;114395
2334696174;114396
2334716583;114397
2334736991;114398
2334757405;114399
2334777809;114400
2334798218;114401
2334818632;114402
2334839036;114403
2334859446;114404
2334879859;114405
2334900263;114406
2334920673;114407
2334941085;114408
2334961491;114409
2334981900;114410
2335002308;114411
2335022718;114412
2335043131;114413
2335063535;114414
2335083945;114415
2335104353;114416
2335124767;114417
2335145172;114418
2335165580;114419
2335185990;114420
2335206403;114421
2335226808;114422
2335247217;114423
2335267630;114424
2335288035;114425
2335308448;114426
2335328853;114427
2335349262;114428
2335369675;114429
2335390080;114430
2335410489;114431
2335430899;114432
2335451307;114433
2335471716;114434
2335492129;114435
2335512538;114436
2335532944;114437
2335553356;114438
2335573765;114439
2335594171;114440
2335614579;114441
2335634992;114442
2335655402;114443
2335675806;114444
2335696216;114445
2335716624;114446
2335737033;114447
2335757443;114448
2335777851;114449
2335798261;114450
2335818670;114451
2335839078;114452
2335859488;114453
2335879896;114454
2335900306;114455
2335920719;114456
2335941123;114457
2335961533;114458
2335981942;114459
2336002350;114460
2336022760;114461
2336043168;114462
2336063578;114463
2336083987;114464
2336104395;114465
2336124805;114466
2336145214;114467
2336165623;114468
2336186036;114469
2336206441;114470
2336226850;114471
2336247259;114472
2336267668;114473
2336288077;114474
2336308486;114475
2336328895;114476
2336349304;114477
2336369713;114478
2336390122;114479
2336410531;114480
2336430940;114481
2336451349;114482
2336471759;114483
2336492167;114484
2336512576;114485
2336532986;114486
2336553394;114487
2336573807;114488
2336594217;114489
2336614621;114490
2336635031;114491
2336655443;114492
2336675848;114493
2336696262;114494
2336716666;114495
2336737079;114496
2336757489;114497
2336777893;114498
2336798303;114499
2336818711;114500
2336839121;114501
2336859530;114502
2336879938;114503
2336900348;114504
2336920757;114505
2336941165;114506
2336961575;114507
2336981983;114508
2337002393;114509
2337022802;114510
2337043210;114511
2337063620;114512
2337084029;114513
2337104438;114514
2337124847;114515
2337145256;114516
2337165665;114517
2337186078;114518
2337206482;114519
2337226892;114520
2337247305;114521
2337267710;114522
2337288119;114523
2337308528;114524
2337328937;114525
2337349346;114526
2337369755;114527
2337390164;114528
2337410573;114529
