2305243423;112950
2305263832;112951
2305284242;112952
2305304651;112953
2305325061;112954
2305345470;112955
2305365880;112956
2305386289;112957
2305406699;112958
2305427108;112959
2305447518;112960
2305467930;112961
2305488336;112962
2305508745;112963
2305529155;112964
2305549564;112965
2305569974;112966
2305590383;112967
2305610793;112968
2305631202;112969
2305651612;112970
2305672021;112971
2305692431;112972
2305712840;112973
2305733249;112974
2305753659;112975
2305774068;112976
2305794482;112977
2305814891;112978
2305835297;112979
2305855706;112980
2305876116;112981
2305896525;112982
2305916934;112983
2305937343;112984
2305957753;112985
2305978162;112986
2305998572;112987
2306018981;112988
2306039391;112989
2306059800;112990
2306080210;112991
2306100619;112992
2306121029;112993
2306141438;112994
2306161847;112995
2306182256;112996
2306202666;112997
2306223075;112998
2306243489;112999
2306263894;113000
2306284304;113001
2306304713;113002
2306325123;113003
2306345532;113004
2306365942;113005
2306386350;113006
2306406760;113007
2306427170;113008
2306447579;113009
2306467989;113010
2306488398;113011
2306508808;113012
2306529217;113013
2306549627;113014
2306570036;113015
2306590445;113016
2306610854;113017
2306631264;113018
2306651673;113019
2306672083;113020
2306692492;113021
2306712906;113022
2306733311;113023
2306753721;113024
2306774130;113025
2306794540;113026
2306814949;113027
2306835358;113028
2306855767;113029
2306876177;113030
2306896586;113031
2306917000;113032
2306937405;113033
2306957815;113034
2306978224;113035
2306998634;113036
2307019043;113037
2307039453;113038
2307059861;113039
2307080271;113040
2307100680;113041
2307121090;113042
2307141500;113043
2307161909;113044
2307182319;113045
2307202732;113046
2307223142;113047
2307243547;113048
2307263957;113049
2307284365;113050
2307304775;113051
2307325184;113052
2307345594;113053
2307366003;113054
2307386413;113055
2307406822;113056
2307427232;113057
2307447641;113058
2307468051;113059
2307488459;113060
2307508869;113061
2307529278;113062
2307549688;113063
2307570097;113064
2307590507;113065
2307610916;113066
2307631326;113067
2307651739;113068
2307672145;113069
2307692554;113070
2307712964;113071
2307733372;113072
2307753782;113073
2307774191;113074
2307794601;113075
2307815010;113076
2307835420;113077
2307855834;113078
2307876243;113079
2307896649;113080
2307917058;113081
2307937468;113082
2307957876;113083
2307978286;113084
2307998695;113085
2308019105;113086
2308039518;113087
2308059924;113088
2308080333;113089
2308100743;113090
2308121152;113091
2308141562;113092
2308161971;113093
2308182380;113094
2308202789;113095
2308223199;113096
2308243608;113097
2308264018;113098
2308284427;113099
2308304837;113100
2308325246;113101
2308345656;113102
2308366065;113103
2308386475;113104
2308406883;113105
2308427293;113106
2308447702;113107
2308468112;113108
2308488521;113109
2308508931;113110
2308529340;113111
2308549750;113112
2308570160;113113
2308590569;113114
2308610979;113115
2308631387;113116
2308651797;113117
2308672206;113118
2308692616;113119
2308713025;113120
2308733435;113121
2308753844;113122
2308774254;113123
2308794663;113124
2308815073;113125
2308835485;113126
2308855891;113127
2308876300;113128
2308896714;113129
2308917119;113130
2308937533;113131
2308957938;113132
2308978348;113133
2308998757;113134
2309019167;113135
2309039576;113136
2309059986;113137
2309080394;113138
2309100804;113139
2309121213;113140
2309141623;113141
2309162032;113142
2309182442;113143
2309202855;113144
2309223261;113145
2309243670;113146
2309264080;113147
2309284489;113148
2309304898;113149
2309325308;113150
2309345717;113151
2309366127;113152
2309386536;113153
2309406946;113154
2309427355;113155
2309447765;113156
2309468174;113157
2309488584;113158
2309508996;113159
2309529402;113160
2309549811;113161
2309570221;113162
2309590630;113163
2309611040;113164
2309631449;113165
2309651859;113166
2309672268;113167
2309692678;113168
2309713087;113169
2309733496;113170
2309753905;113171
2309774319;113172
2309794724;113173
2309815134;113174
2309835543;113175
2309855953;113176
2309876362;113177
2309896772;113178
2309917185;113179
2309937591;113180
2309958000;113181
2309978409;113182
2309998819;113183
2310019232;113184
2310039638;113185
2310060047;113186
2310080457;113187
2310100870;113188
2310121280;113189
2310141685;113190
2310162095;113191
2310182504;113192
2310202913;113193
2310223322;113194
2310243732;113195
2310264141;113196
2310284551;113197
2310304960;113198
2310325370;113199
2310345779;113200
2310366189;113201
2310386598;113202
2310407011;113203
2310427416;113204
2310447826;113205
2310468235;113206
2310488645;113207
2310509054;113208
2310529464;113209
2310549873;113210
2310570283;113211
2310590692;113212
2310611102;113213
2310631511;113214
2310651920;113215
2310672329;113216
2310692739;113217
2310713149;113218
2310733558;113219
2310753968;113220
2310774377;113221
2310794787;113222
2310815196;113223
2310835606;113224
2310856014;113225
2310876424;113226
2310896833;113227
2310917243;113228
2310937652;113229
2310958062;113230
2310978471;113231
2310998881;113232
2311019290;113233
2311039700;113234
2311060109;113235
2311080518;113236
2311100927;113237
2311121337;113238
2311141746;113239
2311162156;113240
2311182565;113241
2311202975;113242
2311223384;113243
2311243794;113244
2311264203;113245
2311284617;113246
2311305022;113247
2311325431;113248
2311345840;113249
2311366250;113250
2311386659;113251
2311407069;113252
2311427479;113253
2311447888;113254
2311468298;113255
2311488707;113256
2311509117;113257
2311529525;113258
2311549935;113259
2311570344;113260
2311590754;113261
2311611163;113262
2311631573;113263
2311651982;113264
2311672392;113265
2311692801;113266
2311713211;113267
2311733620;113268
2311754029;113269
2311774438;113270
2311794848;113271
2311815257;113272
2311835667;113273
2311856076;113274
2311876486;113275
2311896895;113276
2311917305;113277
2311937714;113278
2311958124;113279
2311978532;113280
2311998942;113281
2312019351;113282
2312039761;113283
2312060170;113284
2312080580;113285
2312100989;113286
2312121399;113287
2312141809;113288
2312162218;113289
2312182628;113290
2312203037;113291
2312223450;113292
2312243855;113293
2312264269;113294
2312284674;113295
2312305084;113296
2312325493;113297
2312345903;113298
2312366312;113299
2312386722;113300
2312407131;113301
2312427541;113302
2312447949;113303
2312468359;113304
2312488768;113305
2312509178;113306
2312529587;113307
2312549997;113308
2312570410;113309
2312590816;113310
2312611225;113311
2312631635;113312
2312652044;113313
2312672453;113314
2312692862;113315
2312713272;113316
2312733681;113317
2312754091;113318
2312774500;113319
2312794910;113320
2312815319;113321
2312835729;113322
2312856139;113323
2312876548;113324
2312896957;113325
2312917366;113326
2312937776;113327
2312958185;113328
2312978595;113329
2312999004;113330
2313019418;113331
2313039827;113332
2313060233;113333
2313080642;113334
2313101052;113335
2313121464;113336
2313141870;113337
2313162279;113338
2313182689;113339
2313203098;113340
2313223512;113341
2313243917;113342
2313264327;113343
2313284740;113344
2313305146;113345
2313325555;113346
2313345964;113347
2313366373;113348
2313386783;113349
2313407196;113350
2313427602;113351
2313448011;113352
2313468421;113353
2313488830;113354
2313509240;113355
2313529649;113356
2313550059;113357
2313570469;113358
2313590877;113359
2313611287;113360
2313631700;113361
2313652106;113362
2313672515;113363
2313692925;113364
2313713334;113365
2313733744;113366
2313754157;113367
2313774563;113368
2313794971;113369
2313815381;113370
2313835790;113371
2313856200;113372
2313876609;113373
2313897019;113374
2313917428;113375
2313937838;113376
2313958251;113377
2313978657;113378
2313999066;113379
2314019475;113380
2314039884;113381
2314060294;113382
2314080703;113383
2314101113;113384
2314121522;113385
2314141932;113386
2314162341;113387
2314182796;113388
2314203206;113389
2314223615;113390
2314244025;113391
2314264433;113392
2314284847;113393
2314305253;113394
2314325662;113395
2314346072;113396
2314366481;113397
2314386895;113398
2314407301;113399
2314427710;113400
2314448120;113401
2314468530;113402
2314488938;113403
2314509352;113404
2314529757;113405
2314550167;113406
2314570577;113407
2314590986;113408
2314611396;113409
2314631805;113410
2314652215;113411
2314672625;113412
2314693034;113413
2314713443;113414
2314733852;113415
2314754262;113416
2314774672;113417
2314795081;113418
2314815491;113419
2314835900;113420
2314856310;113421
2314876720;113422
2314897129;113423
2314917539;113424
2314937947;113425
2314958357;113426
2314978767;113427
2314999176;113428
2315019586;113429
2315039995;113430
2315060405;113431
2315080815;113432
2315101224;113433
2315121634;113434
2315142044;113435
2315162452;113436
2315182862;113437
2315203271;113438
2315223685;113439
2315244091;113440
2315264500;113441
2315284910;113442
2315305319;113443
2315325729;113444
2315346139;113445
2315366547;113446
2315386957;113447
2315407366;113448
2315427776;113449
2315448186;113450
2315468595;113451
2315489005;113452
2315509414;113453
2315529824;113454
2315550234;113455
2315570643;113456
2315591056;113457
2315611461;113458
2315631871;113459
2315652281;113460
2315672690;113461
2315693100;113462
2315713509;113463
2315733919;113464
2315754329;113465
2315774738;113466
2315795148;113467
2315815558;113468
2315835966;113469
2315856376;113470
2315876785;113471
2315897195;113472
2315917605;113473
2315938014;113474
2315958424;113475
2315978833;113476
2315999243;113477
2316019653;113478
2316040062;113479
2316060471;113480
2316080880;113481
2316101290;113482
2316121700;113483
2316142109;113484
2316162519;113485
2316182928;113486
2316203338;113487
2316223748;113488
2316244157;113489
2316264567;113490
2316284975;113491
2316305385;113492
2316325795;113493
2316346204;113494
2316366614;113495
2316387027;113496
2316407433;113497
2316427847;113498
2316448252;113499
2316468662;113500
2316489071;113501
2316509480;113502
2316529890;113503
2316550299;113504
2316570709;113505
2316591119;113506
2316611532;113507
2316631938;113508
2316652347;113509
2316672757;113510
2316693167;113511
2316713576;113512
2316733985;113513
2316754394;113514
2316774804;113515
2316795214;113516
2316815623;113517
2316836033;113518
2316856442;113519
2316876852;113520
2316897262;113521
2316917671;113522
2316938081;113523
2316958489;113524
2316978899;113525
2316999309;113526
2317019718;113527
2317040128;113528
2317060537;113529
2317080947;113530
2317101357;113531
2317121766;113532
2317142176;113533
2317162586;113534
2317182994;113535
2317203404;113536
2317223813;113537
2317244227;113538
2317264633;113539
2317285042;113540
2317305452;113541
2317325861;113542
2317346271;113543
2317366681;113544
2317387090;113545
2317407499;113546
2317427908;113547
2317448318;113548
2317468728;113549
2317489137;113550
2317509547;113551
2317529956;113552
2317550366;113553
2317570776;113554
2317591185;113555
2317611595;113556
2317632003;113557
2317652417;113558
2317672827;113559
2317693232;113560
2317713646;113561
2317734051;113562
2317754465;113563
2317774871;113564
2317795280;113565
2317815694;113566
2317836100;113567
2317856512;113568
2317876918;113569
2317897327;113570
2317917737;113571
2317938151;113572
2317958556;113573
2317978966;113574
2317999375;113575
2318019785;113576
2318040195;113577
2318060604;113578
2318081013;113579
2318101422;113580
2318121832;113581
2318142246;113582
2318162651;113583
2318183061;113584
2318203470;113585
2318223880;113586
2318244290;113587
2318264699;113588
2318285109;113589
2318305517;113590
2318325927;113591
2318346337;113592
2318366746;113593
2318387156;113594
2318407565;113595
2318427979;113596
2318448385;113597
2318468794;113598
2318489204;113599
2318509614;113600
2318530022;113601
2318550432;113602
2318570841;113603
2318591251;113604
2318611661;113605
2318632074;113606
2318652480;113607
2318672889;113608
2318693299;113609
2318713709;113610
2318734118;113611
2318754531;113612
2318774936;113613
2318795346;113614
2318815756;113615
2318836165;113616
2318856575;113617
2318876984;113618
2318897394;113619
2318917804;113620
2318938213;113621
2318958623;113622
2318979031;113623
2318999441;113624
2319019851;113625
2319040260;113626
2319060670;113627
2319081079;113628
2319101489;113629
2319121899;113630
2319142308;113631
2319162718;113632
2319183128;113633
2319203536;113634
2319223946;113635
2319244355;113636
2319264765;113637
2319285175;113638
2319305588;113639
2319325994;113640
2319346403;113641
2319366813;113642
2319387227;113643
2319407632;113644
2319428041;113645
2319448450;113646
2319468860;113647
2319489270;113648
2319509679;113649
2319530089;113650
2319550502;113651
2319570908;113652
2319591318;113653
2319611727;113654
2319632137;113655
2319652546;113656
2319672955;113657
2319693365;113658
2319713774;113659
2319734188;113660
2319754598;113661
2319775003;113662
2319795413;113663
2319815822;113664
2319836232;113665
2319856642;113666
2319877051;113667
2319897460;113668
2319917869;113669
2319938279;113670
2319958689;113671
2319979098;113672
2319999508;113673
2320019917;113674
2320040327;113675
2320060737;113676
2320081146;113677
2320101559;113678
2320121964;113679
2320142374;113680
2320162784;113681
2320183193;113682
2320203603;113683
2320224012;113684
2320244422;113685
2320264836;113686
2320285241;113687
2320305651;113688
2320326059;113689
2320346469;113690
2320366879;113691
2320387288;113692
2320407698;113693
2320428108;113694
2320448517;113695
2320468927;113696
2320489336;113697
2320509746;113698
2320530156;113699
2320550564;113700
2320570974;113701
2320591383;113702
2320611793;113703
2320632203;113704
2320652612;113705
2320673022;113706
2320693431;113707
2320713845;113708
2320734251;113709
2320754660;113710
2320775070;113711
2320795482;113712
2320815888;113713
2320836298;113714
2320856707;113715
2320877117;113716
2320897526;113717
2320917936;113718
2320938346;113719
2320958755;113720
2320979165;113721
2320999574;113722
2321019983;113723
2321040393;113724
2321060802;113725
2321081212;113726
2321101622;113727
2321122031;113728
2321142441;113729
2321162850;113730
2321183260;113731
2321203670;113732
2321224079;113733
2321244488;113734
2321264897;113735
2321285307;113736
2321305717;113737
2321326126;113738
2321346536;113739
2321366945;113740
2321387359;113741
2321407765;113742
2321428174;113743
2321448584;113744
2321468992;113745
2321489402;113746
2321509812;113747
2321530221;113748
2321550631;113749
2321571040;113750
2321591454;113751
2321611860;113752
2321632269;113753
2321652679;113754
2321673088;113755
2321693497;113756
2321713907;113757
2321734316;113758
2321754726;113759
2321775136;113760
2321795545;113761
2321815955;113762
2321836364;113763
2321856774;113764
2321877188;113765
2321897593;113766
2321918002;113767
2321938411;113768
2321958825;113769
2321979231;113770
2321999640;113771
2322020050;113772
2322040459;113773
2322060869;113774
2322081279;113775
2322101688;113776
2322122098;113777
2322142507;113778
2322162916;113779
2322183326;113780
2322203735;113781
2322224145;113782
2322244554;113783
2322264964;113784
2322285374;113785
2322305783;113786
2322326197;113787
2322346602;113788
2322367012;113789
2322387425;113790
2322407830;113791
2322428240;113792
2322448650;113793
2322469059;113794
2322489469;113795
2322509878;113796
2322530288;113797
2322550698;113798
2322571107;113799
2322591517;113800
2322611925;113801
2322632335;113802
2322652749;113803
2322673154;113804
2322693564;113805
2322713973;113806
2322734383;113807
2322754797;113808
2322775202;113809
2322795616;113810
2322816021;113811
2322836430;113812
2322856840;113813
2322877253;113814
2322897659;113815
2322918068;113816
2322938478;113817
2322958888;113818
2322979297;113819
2322999707;113820
2323020116;113821
2323040526;113822
2323060935;113823
2323081344;113824
2323101754;113825
2323122164;113826
2323142573;113827
2323162983;113828
2323183396;113829
2323203802;113830
2323224212;113831
2323244621;113832
2323265031;113833
2323285440;113834
2323305849;113835
2323326259;113836
2323346668;113837
2323367078;113838
2323387487;113839
2323407897;113840
2323428307;113841
2323448716;113842
2323469126;113843
2323489535;113844
2323509945;113845
2323530354;113846
2323550763;113847
2323571173;113848
2323591582;113849
2323611996;113850
2323632402;113851
2323652811;113852
2323673221;113853
2323693634;113854
2323714040;113855
2323734450;113856
2323754858;113857
2323775268;113858
2323795678;113859
2323816087;113860
2323836497;113861
2323856906;113862
2323877316;113863
2323897730;113864
2323918135;113865
2323938545;113866
2323958953;113867
2323979363;113868
2323999773;113869
2324020182;113870
2324040592;113871
2324061001;113872
2324081411;113873
2324101821;113874
2324122230;113875
2324142640;113876
2324163049;113877
2324183431;113878
2324203841;113879
2324224250;113880
2324244660;113881
2324265073;113882
2324285479;113883
2324305888;113884
2324326298;113885
2324346707;113886
2324367117;113887
2324387526;113888
2324407935;113889
2324428345;113890
2324448754;113891
2324469164;113892
2324489573;113893
2324509983;113894
2324530392;113895
2324550802;113896
2324571211;113897
2324591621;113898
2324612031;113899
2324632440;113900
2324652849;113901
2324673258;113902
2324693668;113903
2324714077;113904
2324734487;113905
2324754896;113906
2324775306;113907
2324795716;113908
2324816125;113909
2324836535;113910
2324856943;113911
2324877353;113912
2324897762;113913
2324918172;113914
2324938581;113915
2324958991;113916
2324979404;113917
2324999810;113918
2325020220;113919
2325040629;113920
2325061039;113921
2325081447;113922
2325101857;113923
2325122266;113924
2325142680;113925
2325163085;113926
2325183495;113927
2325203905;113928
2325224314;113929
2325244724;113930
2325265137;113931
2325285543;113932
2325305952;113933
2325326361;113934
2325346770;113935
2325367180;113936
2325387589;113937
2325407999;113938
2325428409;113939
2325448818;113940
2325469232;113941
2325489637;113942
2325510051;113943
2325530456;113944
2325550865;113945
2325571274;113946
2325591684;113947
2325612094;113948
2325632503;113949
2325652917;113950
2325673322;113951
2325693732;113952
2325714141;113953
2325734551;113954
2325754959;113955
2325775373;113956
2325795779;113957
2325816188;113958
2325836598;113959
2325857007;113960
2325877417;113961
2325897826;113962
2325918236;113963
2325938645;113964
2325959058;113965
2325979464;113966
2325999873;113967
2326020283;113968
2326040692;113969
2326061102;113970
2326081511;113971
2326101921;113972
2326122330;113973
2326142740;113974
2326163149;113975
2326183559;113976
2326203969;113977
2326224377;113978
2326244787;113979
2326265196;113980
2326285606;113981
2326306015;113982
2326326425;113983
2326346834;113984
2326367244;113985
2326387653;113986
2326408063;113987
2326428473;113988
2326448881;113989
2326469295;113990
2326489700;113991
2326510110;113992
2326530519;113993
2326550929;113994
2326571338;113995
2326591748;113996
2326612158;113997
2326632567;113998
2326652977;113999
2326673385;114000
2326693795;114001
2326714204;114002
2326734614;114003
2326755023;114004
2326775433;114005
2326795843;114006
2326816252;114007
2326836662;114008
2326857075;114009
2326877481;114010
2326897889;114011
2326918299;114012
2326938708;114013
2326959118;114014
2326979527;114015
2326999937;114016
2327020347;114017
2327040756;114018
2327061170;114019
2327081575;114020
2327101985;114021
2327122397;114022
2327142803;114023
2327163212;114024
2327183622;114025
2327204032;114026
2327224441;114027
2327244851;114028
2327265260;114029
2327285674;114030
2327306079;114031
2327326489;114032
2327346898;114033
2327367307;114034
2327387716;114035
2327408126;114036
2327428536;114037
2327448945;114038
2327469355;114039
2327489768;114040
2327510178;114041
2327530583;114042
2327550993;114043
2327571405;114044
2327591811;114045
2327612221;114046
2327632630;114047
2327653040;114048
2327673449;114049
2327693859;114050
2327714268;114051
2327734678;114052
2327755087;114053
2327775496;114054
2327795906;114055
2327816315;114056
2327836725;114057
2327857134;114058
2327877544;114059
2327897957;114060
2327918367;114061
2327938772;114062
2327959186;114063
2327979591;114064
2328000001;114065
2328020410;114066
2328040819;114067
2328061229;114068
2328081642;114069
2328102048;114070
2328122457;114071
2328142867;114072
2328163276;114073
2328183686;114074
2328204096;114075
2328224508;114076
2328244914;114077
2328265323;114078
2328285733;114079
2328306142;114080
2328326552;114081
2328346961;114082
2328367371;114083
2328387780;114084
2328408190;114085
2328428600;114086
2328449009;114087
2328469418;114088
2328489827;114089
2328510237;114090
2328530646;114091
2328551056;114092
2328571465;114093
2328591875;114094
2328612285;114095
2328632698;114096
2328653104;114097
2328673513;114098
2328693922;114099
2328714331;114100
2328734741;114101
2328755150;114102
2328775560;114103
2328795970;114104
2328816379;114105
2328836789;114106
2328857198;114107
2328877608;114108
2328898017;114109
2328918426;114110
2328938835;114111
2328959245;114112
2328979654;114113
2329000064;114114
2329020474;114115
2329040883;114116
2329061293;114117
2329081702;114118
2329102112;114119
2329122520;114120
2329142930;114121
2329163339;114122
2329183749;114123
2329204159;114124
2329224568;114125
2329244978;114126
2329265387;114127
2329285797;114128
2329306206;114129
2329326616;114130
2329347025;114131
2329367434;114132
2329387843;114133
2329408253;114134
2329428663;114135
2329449072;114136
2329469482;114137
2329489891;114138
2329510301;114139
2329530710;114140
2329551124;114141
2329571528;114142
2329591938;114143
2329612348;114144
2329632757;114145
2329653167;114146
2329673576;114147
2329693986;114148
2329714395;114149
2329734805;114150
2329755218;114151
2329775624;114152
2329796033;114153
2329816442;114154
2329836852;114155
2329857261;114156
2329877671;114157
2329898080;114158
2329918490;114159
2329938899;114160
2329959309;114161
2329979718;114162
2330000128;114163
2330020538;114164
2330040946;114165
2330061360;114166
2330081769;114167
2330102175;114168
2330122584;114169
2330142994;114170
2330163403;114171
2330183813;114172
2330204223;114173
2330224632;114174
2330245042;114175
2330265450;114176
2330285860;114177
2330306269;114178
2330326679;114179
2330347088;114180
2330367498;114181
2330387907;114182
2330408317;114183
2330428727;114184
2330449136;114185
2330469549;114186
2330489954;114187
2330510364;114188
2330530773;114189
2330551183;114190
2330571592;114191
2330592002;114192
2330612412;114193
2330632821;114194
2330653231;114195
2330673640;114196
2330694050;114197
2330714459;114198
2330734868;114199
2330755277;114200
2330775687;114201
2330796097;114202
2330816510;114203
2330836916;114204
2330857325;114205
2330877735;114206
2330898144;114207
2330918554;114208
2330938963;114209
2330959372;114210
2330979781;114211
2331000191;114212
2331020601;114213
2331041010;114214
2331061420;114215
2331081829;114216
2331102239;114217
2331122648;114218
2331143058;114219
2331163466;114220
2331183876;114221
2331204286;114222
2331224695;114223
2331245105;114224
2331265514;114225
2331285924;114226
2331306333;114227
2331326743;114228
2331347152;114229
2331367566;114230
2331387970;114231
2331408380;114232
2331428790;114233
2331449199;114234
2331469609;114235
2331490018;114236
2331510432;114237
2331530837;114238
2331551247;114239
2331571656;114240
2331592066;114241
2331612476;114242
2331632884;114243
2331653294;114244
2331673703;114245
2331694113;114246
2331714522;114247
2331734932;114248
2331755341;114249
2331775751;114250
2331796161;114251
2331816570;114252
2331836979;114253
2331857388;114254
2331877798;114255
2331898207;114256
2331918617;114257
2331939026;114258
2331959440;114259
2331979845;114260
2332000255;114261
2332020665;114262
2332041074;114263
2332061484;114264
2332081892;114265
2332102302;114266
2332122711;114267
2332143121;114268
2332163530;114269
2332183940;114270
2332204350;114271
2332224759;114272
2332245169;114273
2332265578;114274
2332285988;114275
2332306396;114276
2332326806;114277
2332347215;114278
2332367629;114279
2332388034;114280
2332408444;114281
2332428854;114282
2332449263;114283
2332469673;114284
2332490082;114285
2332510495;114286
2332530900;114287
2332551310;114288
2332571719;114289
2332592129;114290
2332612539;114291
2332632948;114292
2332653358;114293
2332673767;114294
2332694177;114295
2332714586;114296
2332734996;114297
2332755404;114298
2332775814;114299
2332796224;114300
2332816633;114301
2332837043;114302
2332857452;114303
2332877862;114304
2332898271;114305
2332918681;114306
2332939090;114307
2332959500;114308
2332979908;114309
2333000318;114310
2333020728;114311
2333041137;114312
2333061551;114313
2333081960;114314
2333102366;114315
2333122775;114316
2333143185;114317
2333163594;114318
2333184004;114319
2333204413;114320
2333224822;114321
2333245232;114322
2333265641;114323
2333286055;114324
2333306460;114325
2333326870;114326
2333347279;114327
2333367689;114328
2333388098;114329
2333408508;114330
2333428917;114331
2333449326;114332
2333469736;114333
2333490149;114334
2333510555;114335
2333530964;114336
2333551374;114337
2333571783;114338
2333592193;114339
2333612603;114340
2333633012;114341
2333653422;114342
2333673830;114343
2333694240;114344
2333714649;114345
2333735059;114346
2333755468;114347
2333775878;114348
2333796288;114349
2333816697;114350
2333837107;114351
2333857516;114352
2333877925;114353
2333898334;114354
2333918744;114355
2333939153;114356
2333959563;114357
2333979972;114358
2334000382;114359
2334020792;114360
2334041201;114361
2334061611;114362
2334082020;114363
2334102430;114364
2334122838;114365
2334143248;114366
2334163657;114367
2334184106;114368
2334204516;114369
2334224925;114370
2334245335;114371
2334265745;114372
2334286154;114373
2334306564;114374
2334326972;114375
2334347386;114376
2334367792;114377
2334388201;114378
2334408611;114379
2334429021;114380
2334449430;114381
2334469844;114382
2334490250;114383
2334510659;114384
2334531069;114385
2334551478;114386
2334571888;114387
2334592297;114388
2334612706;114389
2334633116;114390
2334653526;114391
2334673935;114392
2334694345;114393
2334714754;114394
2334735164;114395
2334755574;114396
2334775983;114397
2334796392;114398
2334816802;114399
2334837211;114400
2334857621;114401
2334878030;114402
2334898440;114403
2334918850;114404
2334939259;114405
2334959669;114406
2334980079;114407
2335000488;114408
2335020897;114409
2335041307;114410
2335061716;114411
2335082126;114412
2335102535;114413
2335122945;114414
2335143359;114415
2335163764;114416
2335184174;114417
2335204584;114418
2335224993;114419
2335245402;114420
2335265811;114421
2335286221;114422
2335306631;114423
2335327040;114424
2335347450;114425
2335367860;114426
2335388269;114427
2335408679;114428
2335429089;114429
2335449498;114430
2335469907;114431
2335490316;114432
2335510726;114433
2335531136;114434
2335551545;114435
2335571955;114436
2335592365;114437
2335612774;114438
2335633184;114439
2335653593;114440
2335674007;114441
2335694412;114442
2335714821;114443
2335735231;114444
2335755641;114445
2335776050;114446
2335796460;114447
2335816870;114448
2335837279;114449
2335857689;114450
2335878098;114451
2335898508;114452
2335918918;114453
2335939326;114454
2335959736;114455
2335980146;114456
2336000555;114457
2336020965;114458
2336041374;114459
2336061784;114460
2336082194;114461
2336102607;114462
2336123013;114463
2336143422;114464
2336163831;114465
2336184241;114466
2336204650;114467
2336225060;114468
2336245470;114469
2336265879;114470
2336286289;114471
2336306699;114472
2336327108;114473
2336347518;114474
2336367928;114475
2336388336;114476
2336408746;114477
2336429155;114478
2336449565;114479
2336469979;114480
2336490384;114481
2336510794;114482
2336531204;114483
2336551613;114484
2336572023;114485
2336592432;114486
2336612841;114487
2336633251;114488
2336653660;114489
2336674070;114490
2336694480;114491
2336714889;114492
2336735299;114493
2336755713;114494
2336776118;114495
2336796528;114496
2336816937;114497
2336837350;114498
2336857760;114499
2336878165;114500
2336898575;114501
2336918985;114502
2336939394;114503
2336959804;114504
2336980217;114505
2337000623;114506
2337021033;114507
2337041441;114508
2337061851;114509
2337082261;114510
2337102670;114511
2337123080;114512
2337143493;114513
2337163899;114514
2337184309;114515
2337204718;114516
2337225128;114517
2337245538;114518
2337265946;114519
2337286356;114520
2337306766;114521
2337327175;114522
2337347585;114523
2337367994;114524
2337388404;114525
2337408814;114526
