2305244181;112953
2305264589;112954
2305284998;112955
2305305407;112956
2305325816;112957
2305346225;112958
2305366634;112959
2305387042;112960
2305407452;112961
2305427860;112962
2305448269;112963
2305468678;112964
2305489087;112965
2305509495;112966
2305529905;112967
2305550317;112968
2305570723;112969
2305591131;112970
2305611540;112971
2305631949;112972
2305652358;112973
2305672771;112974
2305693176;112975
2305713585;112976
2305733994;112977
2305754403;112978
2305774811;112979
2305795221;112980
2305815629;112981
2305836038;112982
2305856447;112983
2305876856;112984
2305897265;112985
2305917674;112986
2305938082;112987
2305958492;112988
2305978900;112989
2305999309;112990
2306019718;112991
2306040127;112992
2306060536;112993
2306080949;112994
2306101353;112995
2306121763;112996
2306142175;112997
2306162584;112998
2306182989;112999
2306203398;113000
2306223807;113001
2306244216;113002
2306264624;113003
2306285034;113004
2306305442;113005
2306325851;113006
2306346260;113007
2306366669;113008
2306387079;113009
2306407487;113010
2306427896;113011
2306448305;113012
2306468714;113013
2306489122;113014
2306509532;113015
2306529940;113016
2306550350;113017
2306570758;113018
2306591167;113019
2306611580;113020
2306631985;113021
2306652393;113022
2306672803;113023
2306693215;113024
2306713620;113025
2306734029;113026
2306754438;113027
2306774847;113028
2306795256;113029
2306815664;113030
2306836078;113031
2306856482;113032
2306876892;113033
2306897300;113034
2306917709;113035
2306938118;113036
2306958527;113037
2306978935;113038
2306999345;113039
2307019753;113040
2307040162;113041
2307060571;113042
2307080980;113043
2307101394;113044
2307121798;113045
2307142207;113046
2307162616;113047
2307183025;113048
2307203433;113049
2307223843;113050
2307244251;113051
2307264661;113052
2307285069;113053
2307305478;113054
2307325887;113055
2307346296;113056
2307366704;113057
2307387114;113058
2307407522;113059
2307427932;113060
2307448340;113061
2307468749;113062
2307489158;113063
2307509571;113064
2307529975;113065
2307550385;113066
2307570793;113067
2307591203;113068
2307611611;113069
2307632024;113070
2307652429;113071
2307672838;113072
2307693246;113073
2307713656;113074
2307734064;113075
2307754473;113076
2307774882;113077
2307795291;113078
2307815701;113079
2307836109;113080
2307856518;113081
2307876931;113082
2307897336;113083
2307917744;113084
2307938154;113085
2307958562;113086
2307978972;113087
2307999380;113088
2308019789;113089
2308040198;113090
2308060607;113091
2308081015;113092
2308101425;113093
2308121833;113094
2308142243;113095
2308162651;113096
2308183060;113097
2308203469;113098
2308223878;113099
2308244286;113100
2308264696;113101
2308285104;113102
2308305514;113103
2308325922;113104
2308346331;113105
2308366740;113106
2308387149;113107
2308407557;113108
2308427967;113109
2308448375;113110
2308468784;113111
2308489193;113112
2308509602;113113
2308530012;113114
2308550420;113115
2308570829;113116
2308591238;113117
2308611647;113118
2308632055;113119
2308652465;113120
2308672873;113121
2308693283;113122
2308713691;113123
2308734100;113124
2308754509;113125
2308774918;113126
2308795327;113127
2308815736;113128
2308836148;113129
2308856554;113130
2308876962;113131
2308897371;113132
2308917780;113133
2308938189;113134
2308958597;113135
2308979007;113136
2308999415;113137
2309019825;113138
2309040233;113139
2309060642;113140
2309081051;113141
2309101460;113142
2309121872;113143
2309142278;113144
2309162686;113145
2309183095;113146
2309203504;113147
2309223913;113148
2309244323;113149
2309264731;113150
2309285140;113151
2309305549;113152
2309325958;113153
2309346367;113154
2309366776;113155
2309387188;113156
2309407594;113157
2309428002;113158
2309448411;113159
2309468820;113160
2309489229;113161
2309509638;113162
2309530047;113163
2309550455;113164
2309570865;113165
2309591277;113166
2309611682;113167
2309632091;113168
2309652504;113169
2309672908;113170
2309693318;113171
2309713726;113172
2309734136;113173
2309754544;113174
2309774953;113175
2309795362;113176
2309815771;113177
2309836179;113178
2309856589;113179
2309876997;113180
2309897407;113181
2309917815;113182
2309938228;113183
2309958634;113184
2309979042;113185
2309999451;113186
2310019860;113187
2310040269;113188
2310060678;113189
2310081087;113190
2310101495;113191
2310121909;113192
2310142313;113193
2310162722;113194
2310183131;113195
2310203540;113196
2310223948;113197
2310244358;113198
2310264766;113199
2310285176;113200
2310305584;113201
2310325993;113202
2310346402;113203
2310366815;113204
2310387223;113205
2310407629;113206
2310428037;113207
2310448447;113208
2310468855;113209
2310489264;113210
2310509673;113211
2310530082;113212
2310550490;113213
2310570900;113214
2310591312;113215
2310611718;113216
2310632126;113217
2310652535;113218
2310672945;113219
2310693353;113220
2310713763;113221
2310734175;113222
2310754580;113223
2310774989;113224
2310795398;113225
2310815806;113226
2310836216;113227
2310856624;113228
2310877033;113229
2310897446;113230
2310917851;113231
2310938260;113232
2310958669;113233
2310979077;113234
2310999491;113235
2311019895;113236
2311040304;113237
2311060713;113238
2311081122;113239
2311101531;113240
2311121940;113241
2311142348;113242
2311162762;113243
2311183166;113244
2311203575;113245
2311223984;113246
2311244393;113247
2311264801;113248
2311285211;113249
2311305623;113250
2311326029;113251
2311346437;113252
2311366846;113253
2311387256;113254
2311407664;113255
2311428074;113256
2311448482;113257
2311468891;113258
2311489300;113259
2311509709;113260
2311530117;113261
2311550527;113262
2311570935;113263
2311591344;113264
2311611757;113265
2311632162;113266
2311652571;113267
2311672980;113268
2311693388;113269
2311713798;113270
2311734206;113271
2311754615;113272
2311775024;113273
2311795433;113274
2311815845;113275
2311836251;113276
2311856659;113277
2311877069;113278
2311897477;113279
2311917887;113280
2311938295;113281
2311958708;113282
2311979113;113283
2311999522;113284
2312019930;113285
2312040344;113286
2312060748;113287
2312081157;113288
2312101567;113289
2312121975;113290
2312142385;113291
2312162793;113292
2312183202;113293
2312203611;113294
2312224020;113295
2312244428;113296
2312264838;113297
2312285246;113298
2312305656;113299
2312326064;113300
2312346473;113301
2312366882;113302
2312387291;113303
2312407703;113304
2312428109;113305
2312448521;113306
2312468927;113307
2312489335;113308
2312509744;113309
2312530157;113310
2312550562;113311
2312570970;113312
2312591380;113313
2312611788;113314
2312632201;113315
2312652606;113316
2312673015;113317
2312693424;113318
2312713833;113319
2312734241;113320
2312754651;113321
2312775059;113322
2312795469;113323
2312815877;113324
2312836290;113325
2312856696;113326
2312877104;113327
2312897513;113328
2312917922;113329
2312938331;113330
2312958739;113331
2312979149;113332
2312999557;113333
2313019967;113334
2313040375;113335
2313060784;113336
2313081197;113337
2313101606;113338
2313122011;113339
2313142420;113340
2313162828;113341
2313183238;113342
2313203646;113343
2313224055;113344
2313244464;113345
2313264873;113346
2313285281;113347
2313305691;113348
2313326099;113349
2313346509;113350
2313366917;113351
2313387326;113352
2313407735;113353
2313428148;113354
2313448552;113355
2313468962;113356
2313489370;113357
2313509780;113358
2313530188;113359
2313550597;113360
2313571007;113361
2313591415;113362
2313611824;113363
2313632233;113364
2313652642;113365
2313673050;113366
2313693460;113367
2313713868;113368
2313734278;113369
2313754686;113370
2313775095;113371
2313795504;113372
2313815913;113373
2313836321;113374
2313856731;113375
2313877139;113376
2313897553;113377
2313917957;113378
2313938366;113379
2313958775;113380
2313979184;113381
2313999593;113382
2314020002;113383
2314040410;113384
2314060820;113385
2314081228;113386
2314101641;113387
2314122046;113388
2314142455;113389
2314162864;113390
2314183322;113391
2314203727;113392
2314224136;113393
2314244545;113394
2314264953;113395
2314285367;113396
2314305776;113397
2314326180;113398
2314346590;113399
2314366998;113400
2314387408;113401
2314407817;113402
2314428225;113403
2314448635;113404
2314469044;113405
2314489453;113406
2314509862;113407
2314530270;113408
2314550680;113409
2314571089;113410
2314591497;113411
2314611907;113412
2314632315;113413
2314652724;113414
2314673134;113415
2314693542;113416
2314713952;113417
2314734360;113418
2314754769;113419
2314775179;113420
2314795591;113421
2314815996;113422
2314836405;113423
2314856814;113424
2314877224;113425
2314897632;113426
2314918045;113427
2314938450;113428
2314958859;113429
2314979268;113430
2314999677;113431
2315020086;113432
2315040496;113433
2315060904;113434
2315081313;113435
2315101722;113436
2315122131;113437
2315142540;113438
2315162949;113439
2315183358;113440
2315203767;113441
2315224176;113442
2315244585;113443
2315264994;113444
2315285403;113445
2315305811;113446
2315326221;113447
2315346630;113448
2315367038;113449
2315387448;113450
2315407860;113451
2315428266;113452
2315448675;113453
2315469083;113454
2315489493;113455
2315509901;113456
2315530310;113457
2315550720;113458
2315571128;113459
2315591538;113460
2315611950;113461
2315632355;113462
2315652765;113463
2315673173;113464
2315693582;113465
2315713992;113466
2315734404;113467
2315754810;113468
2315775218;113469
2315795627;113470
2315816037;113471
2315836445;113472
2315856858;113473
2315877263;113474
2315897672;113475
2315918086;113476
2315938490;113477
2315958899;113478
2315979308;113479
2315999717;113480
2316020126;113481
2316040535;113482
2316060944;113483
2316081353;113484
2316101762;113485
2316122171;113486
2316142580;113487
2316162989;113488
2316183397;113489
2316203807;113490
2316224216;113491
2316244625;113492
2316265034;113493
2316285442;113494
2316305852;113495
2316326261;113496
2316346669;113497
2316367079;113498
2316387488;113499
2316407897;113500
2316428310;113501
2316448714;113502
2316469128;113503
2316489533;113504
2316509941;113505
2316530351;113506
2316550759;113507
2316571169;113508
2316591578;113509
2316611986;113510
2316632399;113511
2316652804;113512
2316673213;113513
2316693623;113514
2316714031;113515
2316734440;113516
2316754849;113517
2316775258;113518
2316795668;113519
2316816076;113520
2316836485;113521
2316856894;113522
2316877303;113523
2316897712;113524
2316918121;113525
2316938530;113526
2316958939;113527
2316979348;113528
2316999757;113529
2317020166;113530
2317040575;113531
2317060985;113532
2317081393;113533
2317101802;113534
2317122214;113535
2317142620;113536
2317163029;113537
2317183438;113538
2317203847;113539
2317224255;113540
2317244665;113541
2317265074;113542
2317285483;113543
2317305892;113544
2317326300;113545
2317346710;113546
2317367119;113547
2317387527;113548
2317407937;113549
2317428345;113550
2317448754;113551
2317469164;113552
2317489572;113553
2317509982;113554
2317530394;113555
2317550799;113556
2317571209;113557
2317591617;113558
2317612027;113559
2317632435;113560
2317652844;113561
2317673254;113562
2317693662;113563
2317714075;113564
2317734481;113565
2317754889;113566
2317775298;113567
2317795707;113568
2317816116;113569
2317836526;113570
2317856934;113571
2317877343;113572
2317897752;113573
2317918161;113574
2317938570;113575
2317958979;113576
2317979388;113577
2317999797;113578
2318020206;113579
2318040615;113580
2318061024;113581
2318081433;113582
2318101841;113583
2318122251;113584
2318142660;113585
2318163069;113586
2318183478;113587
2318203886;113588
2318224296;113589
2318244705;113590
2318265113;113591
2318285523;113592
2318305931;113593
2318326341;113594
2318346750;113595
2318367158;113596
2318387568;113597
2318407977;113598
2318428385;113599
2318448795;113600
2318469203;113601
2318489613;113602
2318510022;113603
2318530430;113604
2318550840;113605
2318571248;113606
2318591657;113607
2318612067;113608
2318632475;113609
2318652885;113610
2318673297;113611
2318693702;113612
2318714112;113613
2318734520;113614
2318754929;113615
2318775342;113616
2318795747;113617
2318816156;113618
2318836565;113619
2318856974;113620
2318877383;113621
2318897792;113622
2318918201;113623
2318938610;113624
2318959019;113625
2318979427;113626
2318999837;113627
2319020246;113628
2319040655;113629
2319061064;113630
2319081473;113631
2319101882;113632
2319122291;113633
2319142699;113634
2319163109;113635
2319183518;113636
2319203927;113637
2319224336;113638
2319244744;113639
2319265154;113640
2319285567;113641
2319305971;113642
2319326381;113643
2319346793;113644
2319367202;113645
2319387608;113646
2319408016;113647
2319428426;113648
2319448834;113649
2319469243;113650
2319489653;113651
2319510061;113652
2319530471;113653
2319550879;113654
2319571288;113655
2319591698;113656
2319612110;113657
2319632515;113658
2319652924;113659
2319673333;113660
2319693743;113661
2319714151;113662
2319734560;113663
2319754970;113664
2319775378;113665
2319795787;113666
2319816196;113667
2319836605;113668
2319857014;113669
2319877423;113670
2319897832;113671
2319918241;113672
2319938650;113673
2319959059;113674
2319979468;113675
2319999877;113676
2320020286;113677
2320040695;113678
2320061104;113679
2320081513;113680
2320101922;113681
2320122330;113682
2320142740;113683
2320163149;113684
2320183557;113685
2320203967;113686
2320224375;113687
2320244785;113688
2320265194;113689
2320285602;113690
2320306012;113691
2320326420;113692
2320346829;113693
2320367239;113694
2320387647;113695
2320408057;113696
2320428466;113697
2320448874;113698
2320469284;113699
2320489692;113700
2320510101;113701
2320530511;113702
2320550919;113703
2320571329;113704
2320591737;113705
2320612146;113706
2320632556;113707
2320652964;113708
2320673373;113709
2320693782;113710
2320714191;113711
2320734601;113712
2320755009;113713
2320775418;113714
2320795827;113715
2320816236;113716
2320836645;113717
2320857054;113718
2320877463;113719
2320897872;113720
2320918281;113721
2320938690;113722
2320959099;113723
2320979508;113724
2320999916;113725
2321020326;113726
2321040735;113727
2321061143;113728
2321081553;113729
2321101962;113730
2321122371;113731
2321142780;113732
2321163188;113733
2321183598;113734
2321204007;113735
2321224415;113736
2321244825;113737
2321265233;113738
2321285643;113739
2321306056;113740
2321326460;113741
2321346870;113742
2321367278;113743
2321387688;113744
2321408097;113745
2321428505;113746
2321448915;113747
2321469323;113748
2321489732;113749
2321510146;113750
2321530550;113751
2321550960;113752
2321571372;113753
2321591777;113754
2321612187;113755
2321632595;113756
2321653004;113757
2321673413;113758
2321693822;113759
2321714232;113760
2321734640;113761
2321755049;113762
2321775462;113763
2321795867;113764
2321816276;113765
2321836685;113766
2321857094;113767
2321877507;113768
2321897912;113769
2321918321;113770
2321938730;113771
2321959139;113772
2321979548;113773
2321999957;113774
2322020366;113775
2322040774;113776
2322061184;113777
2322081593;113778
2322102002;113779
2322122411;113780
2322142819;113781
2322163229;113782
2322183638;113783
2322204046;113784
2322224456;113785
2322244864;113786
2322265274;113787
2322285683;113788
2322306091;113789
2322326501;113790
2322346909;113791
2322367318;113792
2322387732;113793
2322408136;113794
2322428546;113795
2322448955;113796
2322469363;113797
2322489773;113798
2322510181;113799
2322530590;113800
2322551000;113801
2322571412;113802
2322591817;113803
2322612226;113804
2322632635;113805
2322653045;113806
2322673453;113807
2322693862;113808
2322714271;113809
2322734680;113810
2322755090;113811
2322775498;113812
2322795907;113813
2322816316;113814
2322836725;113815
2322857138;113816
2322877543;113817
2322897952;113818
2322918360;113819
2322938770;113820
2322959179;113821
2322979588;113822
2322999997;113823
2323020409;113824
2323040819;113825
2323061224;113826
2323081632;113827
2323102042;113828
2323122451;113829
2323142860;113830
2323163269;113831
2323183677;113832
2323204087;113833
2323224496;113834
2323244904;113835
2323265314;113836
2323285722;113837
2323306132;113838
2323326541;113839
2323346953;113840
2323367359;113841
2323387767;113842
2323408176;113843
2323428586;113844
2323448994;113845
2323469404;113846
2323489812;113847
2323510221;113848
2323530631;113849
2323551039;113850
2323571448;113851
2323591857;113852
2323612266;113853
2323632676;113854
2323653084;113855
2323673493;113856
2323693902;113857
2323714311;113858
2323734720;113859
2323755129;113860
2323775538;113861
2323795948;113862
2323816356;113863
2323836765;113864
2323857174;113865
2323877583;113866
2323897992;113867
2323918405;113868
2323938810;113869
2323959219;113870
2323979628;113871
2324000037;113872
2324020446;113873
2324040859;113874
2324061263;113875
2324081673;113876
2324102082;113877
2324122491;113878
2324142900;113879
2324163308;113880
2324183691;113881
2324204100;113882
2324224508;113883
2324244918;113884
2324265326;113885
2324285736;113886
2324306144;113887
2324326553;113888
2324346962;113889
2324367371;113890
2324387779;113891
2324408189;113892
2324428598;113893
2324449010;113894
2324469416;113895
2324489824;113896
2324510234;113897
2324530642;113898
2324551051;113899
2324571460;113900
2324591869;113901
2324612278;113902
2324632687;113903
2324653096;113904
2324673505;113905
2324693914;113906
2324714322;113907
2324734732;113908
2324755140;113909
2324775549;113910
2324795959;113911
2324816367;113912
2324836777;113913
2324857185;113914
2324877594;113915
2324898003;113916
2324918412;113917
2324938820;113918
2324959230;113919
2324979638;113920
2325000051;113921
2325020457;113922
2325040865;113923
2325061275;113924
2325081683;113925
2325102092;113926
2325122501;113927
2325142910;113928
2325163319;113929
2325183728;113930
2325204137;113931
2325224546;113932
2325244955;113933
2325265363;113934
2325285773;113935
2325306181;113936
2325326591;113937
2325346999;113938
2325367408;113939
2325387817;113940
2325408226;113941
2325428635;113942
2325449044;113943
2325469453;113944
2325489862;113945
2325510271;113946
2325530679;113947
2325551089;113948
2325571497;113949
2325591910;113950
2325612316;113951
2325632724;113952
2325653133;113953
2325673542;113954
2325693951;113955
2325714360;113956
2325734769;113957
2325755177;113958
2325775587;113959
2325795996;113960
2325816405;113961
2325836814;113962
2325857222;113963
2325877632;113964
2325898040;113965
2325918449;113966
2325938858;113967
2325959267;113968
2325979675;113969
2326000085;113970
2326020494;113971
2326040903;113972
2326061316;113973
2326081720;113974
2326102130;113975
2326122538;113976
2326142948;113977
2326163356;113978
2326183765;113979
2326204175;113980
2326224583;113981
2326244992;113982
2326265401;113983
2326285810;113984
2326306218;113985
2326326628;113986
2326347036;113987
2326367446;113988
2326387854;113989
2326408263;113990
2326428673;113991
2326449081;113992
2326469490;113993
2326489899;113994
2326510312;113995
2326530717;113996
2326551126;113997
2326571534;113998
2326591944;113999
2326612353;114000
2326632761;114001
2326653171;114002
2326673579;114003
2326693992;114004
2326714397;114005
2326734806;114006
2326755215;114007
2326775624;114008
2326796033;114009
2326816442;114010
2326836851;114011
2326857260;114012
2326877669;114013
2326898077;114014
2326918487;114015
2326938895;114016
2326959304;114017
2326979713;114018
2327000126;114019
2327020531;114020
2327040940;114021
2327061349;114022
2327081758;114023
2327102167;114024
2327122575;114025
2327142985;114026
2327163393;114027
2327183802;114028
2327204212;114029
2327224620;114030
2327245030;114031
2327265442;114032
2327285847;114033
2327306256;114034
2327326665;114035
2327347073;114036
2327367483;114037
2327387891;114038
2327408301;114039
2327428710;114040
2327449118;114041
2327469528;114042
2327489936;114043
2327510345;114044
2327530754;114045
2327551163;114046
2327571571;114047
2327591981;114048
2327612390;114049
2327632799;114050
2327653208;114051
2327673616;114052
2327694026;114053
2327714434;114054
2327734844;114055
2327755252;114056
2327775661;114057
2327796071;114058
2327816479;114059
2327836888;114060
2327857297;114061
2327877706;114062
2327898114;114063
2327918524;114064
2327938932;114065
2327959342;114066
2327979750;114067
2328000159;114068
2328020569;114069
2328040977;114070
2328061387;114071
2328081795;114072
2328102204;114073
2328122613;114074
2328143022;114075
2328163430;114076
2328183840;114077
2328204249;114078
2328224658;114079
2328245067;114080
2328265475;114081
2328285885;114082
2328306293;114083
2328326702;114084
2328347111;114085
2328367520;114086
2328387928;114087
2328408338;114088
2328428747;114089
2328449156;114090
2328469565;114091
2328489973;114092
2328510383;114093
2328530791;114094
2328551204;114095
2328571609;114096
2328592018;114097
2328612428;114098
2328632836;114099
2328653245;114100
2328673654;114101
2328694063;114102
2328714471;114103
2328734881;114104
2328755289;114105
2328775699;114106
2328796108;114107
2328816516;114108
2328836926;114109
2328857334;114110
2328877743;114111
2328898152;114112
2328918561;114113
2328938970;114114
2328959379;114115
2328979787;114116
2329000197;114117
2329020606;114118
2329041014;114119
2329061424;114120
2329081832;114121
2329102241;114122
2329122650;114123
2329143059;114124
2329163468;114125
2329183877;114126
2329204286;114127
2329224699;114128
2329245104;114129
2329265512;114130
2329285922;114131
2329306330;114132
2329326740;114133
2329347152;114134
2329367557;114135
2329387966;114136
2329408375;114137
2329428784;114138
2329449193;114139
2329469602;114140
2329490011;114141
2329510420;114142
2329530828;114143
2329551238;114144
2329571646;114145
2329592055;114146
2329612465;114147
2329632873;114148
2329653283;114149
2329673691;114150
2329694100;114151
2329714509;114152
2329734918;114153
2329755326;114154
2329775736;114155
2329796145;114156
2329816554;114157
2329836963;114158
2329857371;114159
2329877781;114160
2329898189;114161
2329918598;114162
2329939011;114163
2329959416;114164
2329979824;114165
2330000234;114166
2330020643;114167
2330041052;114168
2330061465;114169
2330081869;114170
2330102279;114171
2330122687;114172
2330143096;114173
2330163505;114174
2330183914;114175
2330204324;114176
2330224732;114177
2330245141;114178
2330265550;114179
2330285959;114180
2330306367;114181
2330326781;114182
2330347189;114183
2330367595;114184
2330388003;114185
2330408412;114186
2330428822;114187
2330449230;114188
2330469639;114189
2330490048;114190
2330510457;114191
2330530866;114192
2330551275;114193
2330571683;114194
2330592093;114195
2330612506;114196
2330632910;114197
2330653324;114198
2330673728;114199
2330694138;114200
2330714546;114201
2330734955;114202
2330755364;114203
2330775773;114204
2330796182;114205
2330816591;114206
2330837000;114207
2330857409;114208
2330877818;114209
2330898226;114210
2330918636;114211
2330939044;114212
2330959453;114213
2330979862;114214
2331000271;114215
2331020681;114216
2331041089;114217
2331061498;114218
2331081907;114219
2331102316;114220
2331122724;114221
2331143134;114222
2331163542;114223
2331183951;114224
2331204361;114225
2331224769;114226
2331245179;114227
2331265587;114228
2331285996;114229
2331306409;114230
2331326814;114231
2331347223;114232
2331367632;114233
2331388040;114234
2331408450;114235
2331428859;114236
2331449267;114237
2331469677;114238
2331490085;114239
2331510495;114240
2331530907;114241
2331551312;114242
2331571721;114243
2331592130;114244
2331612539;114245
2331632948;114246
2331653357;114247
2331673766;114248
2331694175;114249
2331714583;114250
2331734993;114251
2331755401;114252
2331775810;114253
2331796220;114254
2331816628;114255
2331837037;114256
2331857446;114257
2331877855;114258
2331898267;114259
2331918673;114260
2331939081;114261
2331959491;114262
2331979899;114263
2332000308;114264
2332020722;114265
2332041126;114266
2332061536;114267
2332081944;114268
2332102353;114269
2332122762;114270
2332143171;114271
2332163579;114272
2332183989;114273
2332204398;114274
2332224807;114275
2332245216;114276
2332265624;114277
2332286034;114278
2332306442;114279
2332326855;114280
2332347260;114281
2332367669;114282
2332388077;114283
2332408487;114284
2332428896;114285
2332449305;114286
2332469714;114287
2332490122;114288
2332510532;114289
2332530940;114290
2332551350;114291
2332571758;114292
2332592167;114293
2332612577;114294
2332632985;114295
2332653394;114296
2332673803;114297
2332694212;114298
2332714620;114299
2332735030;114300
2332755438;114301
2332775848;114302
2332796257;114303
2332816665;114304
2332837075;114305
2332857483;114306
2332877892;114307
2332898301;114308
2332918710;114309
2332939119;114310
2332959528;114311
2332979936;114312
2333000346;114313
2333020759;114314
2333041163;114315
2333061573;114316
2333081981;114317
2333102394;114318
2333122799;114319
2333143208;114320
2333163617;114321
2333184026;114322
2333204436;114323
2333224844;114324
2333245253;114325
2333265662;114326
2333286071;114327
2333306479;114328
2333326889;114329
2333347297;114330
2333367707;114331
2333388115;114332
2333408524;114333
2333428934;114334
2333449342;114335
2333469755;114336
2333490160;114337
2333510569;114338
2333530977;114339
2333551387;114340
2333571795;114341
2333592205;114342
2333612614;114343
2333633022;114344
2333653432;114345
2333673840;114346
2333694253;114347
2333714658;114348
2333735067;114349
2333755476;114350
2333775885;114351
2333796294;114352
2333816707;114353
2333837112;114354
2333857520;114355
2333877930;114356
2333898338;114357
2333918748;114358
2333939156;114359
2333959565;114360
2333979978;114361
2334000383;114362
2334020792;114363
2334041201;114364
2334061610;114365
2334082019;114366
2334102428;114367
2334122836;114368
2334143246;114369
2334163654;114370
2334184102;114371
2334204516;114372
2334224920;114373
2334245329;114374
2334265739;114375
2334286147;114376
2334306557;114377
2334326965;114378
2334347374;114379
2334367784;114380
2334388192;114381
2334408602;114382
2334429011;114383
2334449419;114384
2334469829;114385
2334490238;114386
2334510646;114387
2334531056;114388
2334551464;114389
2334571873;114390
2334592283;114391
2334612691;114392
2334633101;114393
2334653510;114394
2334673918;114395
2334694328;114396
2334714736;114397
2334735145;114398
2334755555;114399
2334775963;114400
2334796373;114401
2334816782;114402
2334837190;114403
2334857600;114404
2334878008;114405
2334898417;114406
2334918831;114407
2334939235;114408
2334959645;114409
2334980054;114410
2335000462;114411
2335020872;114412
2335041281;114413
2335061689;114414
2335082099;114415
2335102507;114416
2335122917;114417
2335143326;114418
2335163738;114419
2335184144;114420
2335204553;114421
2335224961;114422
2335245371;114423
2335265779;114424
2335286189;114425
2335306598;114426
2335327006;114427
2335347416;114428
2335367825;114429
2335388233;114430
2335408643;114431
2335429052;114432
2335449461;114433
2335469870;114434
2335490278;114435
2335510688;114436
2335531097;114437
2335551505;114438
2335571915;114439
2335592324;114440
2335612733;114441
2335633142;114442
2335653550;114443
2335673960;114444
2335694369;114445
2335714777;114446
2335735187;114447
2335755596;114448
2335776005;114449
2335796418;114450
2335816822;114451
2335837232;114452
2335857641;114453
2335878049;114454
2335898459;114455
2335918868;114456
2335939276;114457
2335959686;114458
2335980095;114459
2336000504;114460
2336020913;114461
2336041321;114462
2336061731;114463
2336082140;114464
2336102548;114465
2336122958;114466
2336143367;114467
2336163776;114468
2336184185;114469
2336204593;114470
2336225003;114471
2336245412;114472
2336265820;114473
2336286230;114474
2336306639;114475
2336327048;114476
2336347457;114477
2336367866;114478
2336388275;114479
2336408684;114480
2336429092;114481
2336449502;114482
2336469911;114483
2336490320;114484
2336510729;114485
2336531142;114486
2336551547;114487
2336571960;114488
2336592368;114489
2336612774;114490
2336633183;114491
2336653592;114492
2336674001;114493
2336694410;114494
2336714819;114495
2336735228;114496
2336755637;114497
2336776046;114498
2336796455;114499
2336816864;114500
2336837273;114501
2336857682;114502
2336878091;114503
2336898504;114504
2336918909;114505
2336939318;114506
2336959727;114507
2336980136;114508
2337000545;114509
2337020954;114510
2337041363;114511
2337061772;114512
2337082181;114513
2337102590;114514
2337122999;114515
2337143407;114516
2337163817;114517
2337184226;114518
2337204638;114519
2337225044;114520
2337245453;114521
2337265862;114522
2337286275;114523
2337306681;114524
2337327089;114525
2337347498;114526
2337367907;114527
2337388316;114528
2337408725;114529
