1977626075;96898
1977646484;96899
1977666893;96900
1977687303;96901
1977707712;96902
1977728122;96903
1977748531;96904
1977768941;96905
1977789351;96906
1977809760;96907
1977830173;96908
1977850579;96909
1977870988;96910
1977891398;96911
1977911807;96912
1977932221;96913
1977952627;96914
1977973035;96915
1977993449;96916
1978013859;96917
1978034264;96918
1978054674;96919
1978075087;96920
1978095493;96921
1978115902;96922
1978136315;96923
1978156725;96924
1978177131;96925
1978197540;96926
1978217950;96927
1978238359;96928
1978258768;96929
1978279182;96930
1978299587;96931
1978319997;96932
1978340407;96933
1978360816;96934
1978381226;96935
1978401635;96936
1978422044;96937
1978442454;96938
1978462863;96939
1978483273;96940
1978503682;96941
1978524092;96942
1978544502;96943
1978564910;96944
1978585320;96945
1978605734;96946
1978626139;96947
1978646549;96948
1978666958;96949
1978687368;96950
1978707777;96951
1978728186;96952
1978748596;96953
1978769006;96954
1978789415;96955
1978809825;96956
1978830234;96957
1978850644;96958
1978871053;96959
1978891466;96960
1978911872;96961
1978932286;96962
1978952691;96963
1978973101;96964
1978993510;96965
1979013920;96966
1979034329;96967
1979054738;96968
1979075148;96969
1979095558;96970
1979115967;96971
1979136377;96972
1979156785;96973
1979177195;96974
1979197605;96975
1979218014;96976
1979238424;96977
1979258834;96978
1979279243;96979
1979299656;96980
1979320061;96981
1979340471;96982
1979360881;96983
1979381290;96984
1979401700;96985
1979422113;96986
1979442522;96987
1979462928;96988
1979483341;96989
1979503751;96990
1979524157;96991
1979544566;96992
1979564976;96993
1979585389;96994
1979605795;96995
1979626204;96996
1979646613;96997
1979667023;96998
1979687433;96999
1979707842;97000
1979728252;97001
1979748661;97002
1979769070;97003
1979789480;97004
1979809893;97005
1979830299;97006
1979850713;97007
1979871118;97008
1979891528;97009
1979911937;97010
1979932346;97011
1979952756;97012
1979973169;97013
1979993579;97014
1980013989;97015
1980034394;97016
1980054803;97017
1980075212;97018
1980095622;97019
1980116032;97020
1980136441;97021
1980156851;97022
1980177261;97023
1980197670;97024
1980218079;97025
1980238492;97026
1980258898;97027
1980279308;97028
1980299717;97029
1980320127;97030
1980340537;97031
1980360946;97032
1980381359;97033
1980401764;97034
1980422174;97035
1980442584;97036
1980462993;97037
1980483403;97038
1980503812;97039
1980524221;97040
1980544631;97041
1980565044;97042
1980585450;97043
1980605860;97044
1980626269;97045
1980646679;97046
1980667087;97047
1980687497;97048
1980707907;97049
1980728316;97050
1980748726;97051
1980769140;97052
1980789545;97053
1980809954;97054
1980830363;97055
1980850777;97056
1980871183;97057
1980891592;97058
1980912002;97059
1980932412;97060
1980952821;97061
1980973230;97062
1980993639;97063
1981014049;97064
1981034463;97065
1981054868;97066
1981075282;97067
1981095691;97068
1981116096;97069
1981136506;97070
1981156915;97071
1981177325;97072
1981197735;97073
1981218144;97074
1981238554;97075
1981258967;97076
1981279376;97077
1981299786;97078
1981320191;97079
1981340601;97080
1981361011;97081
1981381420;97082
1981401829;97083
1981422238;97084
1981442648;97085
1981463058;97086
1981483467;97087
1981503877;97088
1981524287;97089
1981544696;97090
1981565105;97091
1981585514;97092
1981605924;97093
1981626334;97094
1981646743;97095
1981667153;97096
1981687567;97097
1981707972;97098
1981728381;97099
1981748790;97100
1981769200;97101
1981789610;97102
1981810019;97103
1981830429;97104
1981850839;97105
1981871247;97106
1981891661;97107
1981912070;97108
1981932476;97109
1981952886;97110
1981973299;97111
1981993705;97112
1982014114;97113
1982034523;97114
1982054933;97115
1982075342;97116
1982095752;97117
1982116162;97118
1982136571;97119
1982156980;97120
1982177394;97121
1982197799;97122
1982218209;97123
1982238622;97124
1982259028;97125
1982279438;97126
1982299846;97127
1982320256;97128
1982340666;97129
1982361075;97130
1982381489;97131
1982401898;97132
1982422304;97133
1982442714;97134
1982463126;97135
1982483532;97136
1982503941;97137
1982524351;97138
1982544761;97139
1982565170;97140
1982585580;97141
1982605990;97142
1982626398;97143
1982646808;97144
1982667217;97145
1982687627;97146
1982708037;97147
1982728446;97148
1982748855;97149
1982769265;97150
1982789674;97151
1982810084;97152
1982830493;97153
1982850903;97154
1982871313;97155
1982891722;97156
1982912131;97157
1982932541;97158
1982952950;97159
1982973360;97160
1982993769;97161
1983014179;97162
1983034589;97163
1983055001;97164
1983075407;97165
1983095817;97166
1983116230;97167
1983136636;97168
1983157045;97169
1983177455;97170
1983197865;97171
1983218273;97172
1983238683;97173
1983259097;97174
1983279502;97175
1983299916;97176
1983320325;97177
1983340731;97178
1983361140;97179
1983381549;97180
1983401959;97181
1983422368;97182
1983442778;97183
1983463188;97184
1983483597;97185
1983504007;97186
1983524420;97187
1983544825;97188
1983565239;97189
1983585644;97190
1983606054;97191
1983626464;97192
1983646873;97193
1983667282;97194
1983687692;97195
1983708105;97196
1983728515;97197
1983748920;97198
1983769334;97199
1983789740;97200
1983810148;97201
1983830558;97202
1983850968;97203
1983871377;97204
1983891787;97205
1983912196;97206
1983932606;97207
1983953015;97208
1983973424;97209
1983993834;97210
1984014244;97211
1984034653;97212
1984055063;97213
1984075472;97214
1984095882;97215
1984116291;97216
1984136700;97217
1984157083;97218
1984177492;97219
1984197902;97220
1984218312;97221
1984238721;97222
1984259130;97223
1984279539;97224
1984299949;97225
1984320358;97226
1984340768;97227
1984361178;97228
1984381587;97229
1984401996;97230
1984422405;97231
1984442815;97232
1984463224;97233
1984483634;97234
1984504044;97235
1984524453;97236
1984544863;97237
1984565275;97238
1984585681;97239
1984606090;97240
1984626500;97241
1984646909;97242
1984667319;97243
1984687729;97244
1984708137;97245
1984728547;97246
1984748956;97247
1984769370;97248
1984789775;97249
1984810185;97250
1984830599;97251
1984851003;97252
1984871413;97253
1984891822;97254
1984912232;97255
1984932641;97256
1984953051;97257
1984973461;97258
1984993874;97259
1985014279;97260
1985034688;97261
1985055098;97262
1985075511;97263
1985095917;97264
1985116327;97265
1985136736;97266
1985157145;97267
1985177554;97268
1985197964;97269
1985218377;97270
1985238783;97271
1985259197;97272
1985279602;97273
1985300012;97274
1985320420;97275
1985340830;97276
1985361243;97277
1985381649;97278
1985402058;97279
1985422472;97280
1985442882;97281
1985463290;97282
1985483696;97283
1985504105;97284
1985524515;97285
1985544924;97286
1985565334;97287
1985585744;97288
1985606152;97289
1985626562;97290
1985646971;97291
1985667381;97292
1985687790;97293
1985708204;97294
1985728610;97295
1985749018;97296
1985769428;97297
1985789837;97298
1985810251;97299
1985830660;97300
1985851070;97301
1985871476;97302
1985891885;97303
1985912294;97304
1985932703;97305
1985953113;97306
1985973522;97307
1985993932;97308
1986014341;97309
1986034750;97310
1986055161;97311
1986075569;97312
1986095979;97313
1986116388;97314
1986136798;97315
1986157207;97316
1986177621;97317
1986198027;97318
1986218435;97319
1986238849;97320
1986259258;97321
1986279664;97322
1986300073;97323
1986320483;97324
1986340893;97325
1986361305;97326
1986381711;97327
1986402120;97328
1986422530;97329
1986442939;97330
1986463349;97331
1986483759;97332
1986504167;97333
1986524577;97334
1986544986;97335
1986565396;97336
1986585805;97337
1986606215;97338
1986626625;97339
1986647034;97340
1986667447;97341
1986687852;97342
1986708266;97343
1986728671;97344
1986749081;97345
1986769490;97346
1986789900;97347
1986810309;97348
1986830718;97349
1986851128;97350
1986871537;97351
1986891947;97352
1986912356;97353
1986932766;97354
1986953175;97355
1986973584;97356
1986993998;97357
1987014403;97358
1987034813;97359
1987055222;97360
1987075632;97361
1987096045;97362
1987116450;97363
1987136860;97364
1987157273;97365
1987177679;97366
1987198088;97367
1987218498;97368
1987238908;97369
1987259316;97370
1987279726;97371
1987300135;97372
1987320545;97373
1987340954;97374
1987361364;97375
1987381774;97376
1987402182;97377
1987422592;97378
1987443001;97379
1987463415;97380
1987483820;97381
1987504230;97382
1987524639;97383
1987545049;97384
1987565462;97385
1987585867;97386
1987606277;97387
1987626686;97388
1987647096;97389
1987667505;97390
1987687915;97391
1987708324;97392
1987728733;97393
1987749147;97394
1987769556;97395
1987789962;97396
1987810371;97397
1987830781;97398
1987851191;97399
1987871599;97400
1987892013;97401
1987912418;97402
1987932828;97403
1987953237;97404
1987973651;97405
1987994060;97406
1988014465;97407
1988034875;97408
1988055284;97409
1988075694;97410
1988096103;97411
1988116513;97412
1988136922;97413
1988157332;97414
1988177741;97415
1988198154;97416
1988218560;97417
1988238969;97418
1988259379;97419
1988279788;97420
1988300198;97421
1988320607;97422
1988341016;97423
1988361426;97424
1988381835;97425
1988402249;97426
1988422654;97427
1988443068;97428
1988463473;97429
1988483886;97430
1988504292;97431
1988524701;97432
1988545111;97433
1988565520;97434
1988585930;97435
1988606343;97436
1988626748;97437
1988647158;97438
1988667567;97439
1988687977;97440
1988708386;97441
1988728796;97442
1988749206;97443
1988769618;97444
1988790028;97445
1988810437;97446
1988830843;97447
1988851252;97448
1988871662;97449
1988892071;97450
1988912480;97451
1988932890;97452
1988953299;97453
1988973713;97454
1988994118;97455
1989014532;97456
1989034937;97457
1989055347;97458
1989075756;97459
1989096165;97460
1989116575;97461
1989136984;97462
1989157394;97463
1989177803;97464
1989198213;97465
1989218626;97466
1989239031;97467
1989259441;97468
1989279850;97469
1989300260;97470
1989320669;97471
1989341079;97472
1989361488;97473
1989381897;97474
1989402307;97475
1989422716;97476
1989443130;97477
1989463535;97478
1989483945;97479
1989504355;97480
1989524763;97481
1989545177;97482
1989565582;97483
1989585992;97484
1989606401;97485
1989626811;97486
1989647224;97487
1989667629;97488
1989688039;97489
1989708452;97490
1989728858;97491
1989749271;97492
1989769677;97493
1989790086;97494
1989810495;97495
1989830905;97496
1989851314;97497
1989871724;97498
1989892133;97499
1989912543;97500
1989932956;97501
1989953362;97502
1989973775;97503
1989994184;97504
1990014594;97505
1990034999;97506
1990055409;97507
1990075818;97508
1990096232;97509
1990116637;97510
1990137046;97511
1990157456;97512
1990177865;97513
1990198275;97514
1990218684;97515
1990239098;97516
1990259507;97517
1990279912;97518
1990300322;97519
1990320731;97520
1990341145;97521
1990361550;97522
1990381960;97523
1990402369;97524
1990422782;97525
1990443188;97526
1990463597;97527
1990484007;97528
1990504416;97529
1990524826;97530
1990545235;97531
1990565645;97532
1990586054;97533
1990606463;97534
1990626873;97535
1990647282;97536
1990667692;97537
1990688101;97538
1990708514;97539
1990728920;97540
1990749329;97541
1990769743;97542
1990790148;97543
1990810558;97544
1990830967;97545
1990851377;97546
1990871786;97547
1990892195;97548
1990912605;97549
1990933018;97550
1990953428;97551
1990973833;97552
1990994243;97553
1991014651;97554
1991035065;97555
1991055471;97556
1991075880;97557
1991096290;97558
1991116699;97559
1991137109;97560
1991157517;97561
1991177927;97562
1991198337;97563
1991218746;97564
1991239156;97565
1991259565;97566
1991279975;97567
1991300384;97568
1991320793;97569
1991341203;97570
1991361612;97571
1991382022;97572
1991402431;97573
1991422841;97574
1991443250;97575
1991463660;97576
1991484069;97577
1991504482;97578
1991524888;97579
1991545301;97580
1991565707;97581
1991586116;97582
1991606526;97583
1991626935;97584
1991647344;97585
1991667754;97586
1991688163;97587
1991708573;97588
1991728982;97589
1991749391;97590
1991769800;97591
1991790210;97592
1991810620;97593
1991831029;97594
1991851443;97595
1991871848;97596
1991892258;97597
1991912670;97598
1991933076;97599
1991953486;97600
1991973895;97601
1991994309;97602
1992014718;97603
1992035124;97604
1992055533;97605
1992075942;97606
1992096356;97607
1992116761;97608
1992137171;97609
1992157580;97610
1992177990;97611
1992198399;97612
1992218812;97613
1992239218;97614
1992259627;97615
1992280037;97616
1992300446;97617
1992320856;97618
1992341265;97619
1992361678;97620
1992382084;97621
1992402497;97622
1992422903;97623
1992443312;97624
1992463722;97625
1992484131;97626
1992504541;97627
1992524949;97628
1992545359;97629
1992565773;97630
1992586178;97631
1992606592;97632
1992626997;97633
1992647407;97634
1992667815;97635
1992688225;97636
1992708635;97637
1992729048;97638
1992749454;97639
1992769863;97640
1992790277;97641
1992810682;97642
1992831091;97643
1992851501;97644
1992871914;97645
1992892320;97646
1992912729;97647
1992933139;97648
1992953551;97649
1992973957;97650
1992994371;97651
1993014776;97652
1993035186;97653
1993055595;97654
1993076005;97655
1993096414;97656
1993116823;97657
1993137232;97658
1993157642;97659
1993178052;97660
1993198461;97661
1993218871;97662
1993239280;97663
1993259693;97664
1993280102;97665
1993300508;97666
1993320918;97667
1993341327;97668
1993361737;97669
1993382146;97670
1993402555;97671
1993422964;97672
1993443374;97673
1993463784;97674
1993484197;97675
1993504603;97676
1993525012;97677
1993545422;97678
1993565830;97679
1993586240;97680
1993606650;97681
1993627059;97682
1993647469;97683
1993667882;97684
1993688288;97685
1993708697;97686
1993729106;97687
1993749516;97688
1993769925;97689
1993790335;97690
1993810748;97691
1993831154;97692
1993851566;97693
1993871972;97694
1993892381;97695
1993912791;97696
1993933201;97697
1993953610;97698
1993974020;97699
1993994429;97700
1994014838;97701
1994035247;97702
1994055657;97703
1994076071;97704
1994096476;97705
1994116886;97706
1994137295;97707
1994157716;97708
1994178125;97709
1994198539;97710
1994218945;97711
1994239354;97712
1994259764;97713
1994280173;97714
1994300583;97715
1994320992;97716
1994341401;97717
1994361811;97718
1994382220;97719
1994402630;97720
1994423040;97721
1994443449;97722
1994463859;97723
1994484271;97724
1994504677;97725
1994525091;97726
1994545496;97727
1994565906;97728
1994586315;97729
1994606725;97730
1994627133;97731
1994647543;97732
1994667957;97733
1994688362;97734
1994708772;97735
1994729181;97736
1994749591;97737
1994770000;97738
1994790413;97739
1994810823;97740
1994831228;97741
1994851638;97742
1994872048;97743
1994892457;97744
1994912866;97745
1994933279;97746
1994953685;97747
1994974095;97748
1994994508;97749
1995014914;97750
1995035323;97751
1995055733;97752
1995076142;97753
1995096551;97754
1995116961;97755
1995137370;97756
1995157780;97757
1995178189;97758
1995198599;97759
1995219008;97760
1995239421;97761
1995259827;97762
1995280236;97763
1995300646;97764
1995321056;97765
1995341465;97766
1995361875;97767
1995382283;97768
1995402693;97769
1995423103;97770
1995443516;97771
1995463922;97772
1995484331;97773
1995504740;97774
1995525150;97775
1995545559;97776
1995565969;97777
1995586378;97778
1995606788;97779
1995627197;97780
1995647607;97781
1995668016;97782
1995688429;97783
1995708835;97784
1995729244;97785
1995749654;97786
1995770064;97787
1995790473;97788
1995810883;97789
1995831291;97790
1995851701;97791
1995872111;97792
1995892520;97793
1995912930;97794
1995933339;97795
1995953752;97796
1995974162;97797
1995994567;97798
1996014977;97799
1996035386;97800
1996055796;97801
1996076206;97802
1996096615;97803
1996117024;97804
1996137433;97805
1996157843;97806
1996178252;97807
1996198662;97808
1996219072;97809
1996239481;97810
1996259890;97811
1996280299;97812
1996300709;97813
1996321119;97814
1996341528;97815
1996361942;97816
1996382347;97817
1996402757;97818
1996423166;97819
1996443579;97820
1996463989;97821
1996484394;97822
1996504804;97823
1996525214;97824
1996545623;97825
1996566032;97826
1996586441;97827
1996606851;97828
1996627260;97829
1996647674;97830
1996668080;97831
1996688489;97832
1996708898;97833
1996729311;97834
1996749721;97835
1996770131;97836
1996790536;97837
1996810946;97838
1996831355;97839
1996851764;97840
1996872174;97841
1996892583;97842
1996912993;97843
1996933406;97844
1996953816;97845
1996974222;97846
1996994631;97847
1997015040;97848
1997035453;97849
1997055859;97850
1997076269;97851
1997096678;97852
1997117088;97853
1997137497;97854
1997157906;97855
1997178315;97856
1997198725;97857
1997219135;97858
1997239544;97859
1997259954;97860
1997280363;97861
1997300772;97862
1997321182;97863
1997341591;97864
1997362001;97865
1997382410;97866
1997402820;97867
1997423230;97868
1997443638;97869
1997464048;97870
1997484461;97871
1997504871;97872
1997525281;97873
1997545690;97874
1997566096;97875
1997586505;97876
1997606914;97877
1997627323;97878
1997647733;97879
1997668143;97880
1997688556;97881
1997708962;97882
1997729371;97883
1997749780;97884
1997770190;97885
1997790599;97886
1997811009;97887
1997831418;97888
1997851828;97889
1997872238;97890
1997892646;97891
1997913056;97892
1997933469;97893
1997953879;97894
1997974285;97895
1997994694;97896
1998015104;97897
1998035513;97898
1998055922;97899
1998076332;97900
1998096741;97901
1998117151;97902
1998137560;97903
1998157974;97904
1998178379;97905
1998198788;97906
1998219202;97907
1998239607;97908
1998260017;97909
1998280426;97910
1998300836;97911
1998321246;97912
1998341654;97913
1998362064;97914
1998382477;97915
1998402887;97916
1998423297;97917
1998443702;97918
1998464112;97919
1998484524;97920
1998504930;97921
1998525340;97922
1998545749;97923
1998566159;97924
1998586568;97925
1998606978;97926
1998627391;97927
1998647796;97928
1998668206;97929
1998688615;97930
1998709025;97931
1998729438;97932
1998749844;97933
1998770253;97934
1998790662;97935
1998811076;97936
1998831481;97937
1998851891;97938
1998872301;97939
1998892714;97940
1998913120;97941
1998933529;97942
1998953938;97943
1998974348;97944
1998994757;97945
1999015171;97946
1999035576;97947
1999055986;97948
1999076396;97949
1999096804;97950
1999117214;97951
1999137623;97952
1999158037;97953
1999178446;97954
1999198856;97955
1999219262;97956
1999239671;97957
1999260080;97958
1999280489;97959
1999300899;97960
1999321309;97961
1999341718;97962
1999362128;97963
1999382536;97964
1999402946;97965
1999423356;97966
1999443765;97967
1999464179;97968
1999484584;97969
1999504998;97970
1999525404;97971
1999545812;97972
1999566222;97973
1999586631;97974
1999607041;97975
1999627454;97976
1999647860;97977
1999668274;97978
1999688679;97979
1999709088;97980
1999729501;97981
1999749907;97982
1999770317;97983
1999790726;97984
1999811140;97985
1999831545;97986
1999851954;97987
1999872368;97988
1999892773;97989
1999913183;97990
1999933592;97991
1999954006;97992
1999974412;97993
1999994820;97994
2000015230;97995
2000035639;97996
2000056049;97997
2000076459;97998
2000096868;97999
2000117282;98000
2000137687;98001
2000158096;98002
2000178505;98003
2000198919;98004
2000219329;98005
2000239738;98006
2000260144;98007
2000280553;98008
2000300962;98009
2000321372;98010
2000341785;98011
2000362191;98012
2000382600;98013
2000403010;98014
2000423420;98015
2000443829;98016
2000464238;98017
2000484647;98018
2000505057;98019
2000525467;98020
2000545876;98021
2000566286;98022
2000586695;98023
2000607104;98024
2000627513;98025
2000647923;98026
2000668333;98027
2000688742;98028
2000709152;98029
2000729561;98030
2000749970;98031
2000770380;98032
2000790789;98033
2000811199;98034
2000831608;98035
2000852018;98036
2000872428;98037
2000892836;98038
2000913246;98039
2000933655;98040
2000954065;98041
2000974475;98042
2000994884;98043
2001015294;98044
2001035703;98045
2001056112;98046
2001076522;98047
2001096931;98048
2001117341;98049
2001137750;98050
2001158164;98051
2001178572;98052
2001198979;98053
2001219388;98054
2001239797;98055
2001260211;98056
2001280616;98057
2001301026;98058
2001321440;98059
2001341845;98060
2001362254;98061
2001382663;98062
2001403073;98063
2001423483;98064
2001443892;98065
2001464302;98066
2001484711;98067
2001505120;98068
2001525530;98069
2001545943;98070
2001566353;98071
2001586758;98072
2001607168;98073
2001627577;98074
2001647986;98075
2001668396;98076
2001688805;98077
2001709215;98078
2001729624;98079
2001750034;98080
2001770444;98081
2001790852;98082
2001811262;98083
2001831675;98084
2001852081;98085
2001872495;98086
2001892900;98087
2001913310;98088
2001933719;98089
2001954128;98090
2001974538;98091
2001994951;98092
2002015361;98093
2002035766;98094
2002056180;98095
2002076586;98096
2002096995;98097
2002117404;98098
2002137813;98099
2002158223;98100
2002178636;98101
2002199042;98102
2002219456;98103
2002239861;98104
2002260274;98105
2002280683;98106
2002301089;98107
2002321499;98108
2002341908;98109
2002362318;98110
2002382730;98111
2002403137;98112
2002423546;98113
2002443955;98114
2002464365;98115
2002484778;98116
2002505188;98117
2002525598;98118
2002546006;98119
2002566416;98120
2002586821;98121
2002607231;98122
2002627640;98123
2002648054;98124
2002668460;98125
2002688869;98126
2002709278;98127
2002729691;98128
2002750097;98129
2002770507;98130
2002790920;98131
2002811326;98132
2002831735;98133
2002852145;98134
2002872554;98135
2002892963;98136
2002913373;98137
2002933782;98138
2002954192;98139
2002974602;98140
2002995011;98141
2003015420;98142
2003035829;98143
2003056243;98144
2003076649;98145
2003097058;98146
2003117468;98147
2003137877;98148
2003158286;98149
2003178695;98150
2003199109;98151
2003219515;98152
2003239924;98153
2003260334;98154
2003280747;98155
2003301152;98156
2003321566;98157
2003341971;98158
2003362381;98159
2003382790;98160
2003403200;98161
2003423610;98162
2003444022;98163
2003464428;98164
2003484841;98165
2003505247;98166
2003525657;98167
2003546070;98168
2003566476;98169
2003586885;98170
2003607294;98171
2003627703;98172
2003648113;98173
2003668523;98174
2003688932;98175
2003709342;98176
2003729751;98177
2003750160;98178
2003770570;98179
2003790979;98180
2003811389;98181
2003831802;98182
2003852208;98183
2003872618;98184
2003893027;98185
2003913437;98186
2003933845;98187
2003954255;98188
2003974665;98189
2003995074;98190
2004015484;98191
2004035897;98192
2004056302;98193
2004076712;98194
2004097121;98195
2004117531;98196
2004137940;98197
2004158318;98198
2004178727;98199
2004199140;98200
2004219545;98201
2004239959;98202
2004260364;98203
2004280774;98204
2004301184;98205
2004321593;98206
2004342006;98207
2004362411;98208
2004382821;98209
2004403234;98210
2004423640;98211
2004444049;98212
2004464459;98213
2004484868;98214
2004505277;98215
2004525686;98216
2004546096;98217
2004566505;98218
2004586915;98219
2004607324;98220
2004627738;98221
2004648143;98222
2004668552;98223
2004688962;98224
2004709371;98225
2004729781;98226
2004750190;98227
2004770600;98228
2004791009;98229
2004811422;98230
2004831831;98231
2004852237;98232
2004872646;98233
2004893056;98234
2004913465;98235
2004933875;98236
2004954284;98237
2004974693;98238
2004995102;98239
2005015512;98240
2005035921;98241
2005056331;98242
2005076745;98243
2005097150;98244
2005117559;98245
2005137968;98246
2005158378;98247
2005178787;98248
2005199197;98249
2005219606;98250
2005240016;98251
2005260428;98252
2005280834;98253
2005301247;98254
2005321653;98255
2005342062;98256
2005362472;98257
2005382881;98258
2005403291;98259
2005423699;98260
2005444109;98261
2005464519;98262
2005484928;98263
2005505342;98264
2005525747;98265
2005546157;98266
2005566565;98267
2005586975;98268
2005607384;98269
2005627794;98270
2005648207;98271
2005668613;98272
2005689022;98273
2005709435;98274
2005729844;98275
2005750254;98276
2005770663;98277
2005791069;98278
2005811482;98279
2005831888;98280
2005852297;98281
2005872706;98282
2005893116;98283
2005913525;98284
2005933935;98285
2005954344;98286
2005974754;98287
2005995163;98288
2006015572;98289
2006035985;98290
2006056391;98291
2006076800;98292
2006097210;98293
2006117623;98294
2006138033;98295
2006158441;98296
2006178847;98297
2006199256;98298
2006219666;98299
2006240076;98300
2006260485;98301
2006280895;98302
2006301304;98303
2006321713;98304
2006342122;98305
2006362532;98306
2006382941;98307
2006403355;98308
2006423760;98309
2006444170;98310
2006464578;98311
2006484988;98312
2006505397;98313
2006525807;98314
2006546216;98315
2006566626;98316
2006587035;98317
2006607444;98318
2006627858;98319
2006648267;98320
2006668673;98321
2006689082;98322
2006709492;98323
2006729901;98324
2006750314;98325
2006770719;98326
2006791129;98327
2006811538;98328
2006831952;98329
2006852357;98330
2006872767;98331
2006893180;98332
2006913585;98333
2006933998;98334
2006954404;98335
2006974813;98336
2006995223;98337
2007015633;98338
2007036042;98339
2007056455;98340
2007076864;98341
2007097274;98342
2007117679;98343
2007138089;98344
2007158498;98345
2007178908;98346
2007199317;98347
2007219726;98348
2007240135;98349
2007260545;98350
2007280954;98351
2007301364;98352
2007321773;98353
2007342183;98354
2007362592;98355
2007383001;98356
2007403415;98357
2007423820;98358
2007444230;98359
2007464639;98360
2007485049;98361
2007505457;98362
2007525867;98363
2007546276;98364
2007566690;98365
2007587095;98366
2007607505;98367
2007627914;98368
2007648324;98369
2007668732;98370
2007689142;98371
2007709551;98372
2007729961;98373
2007750371;98374
2007770780;98375
2007791190;98376
2007811599;98377
2007832008;98378
2007852417;98379
2007872827;98380
2007893240;98381
2007913650;98382
2007934059;98383
2007954465;98384
2007974873;98385
2007995283;98386
2008015692;98387
2008036102;98388
2008056511;98389
2008076921;98390
2008097330;98391
2008117739;98392
2008138149;98393
2008158558;98394
2008178968;98395
2008199377;98396
2008219787;98397
2008240196;98398
2008260605;98399
2008281014;98400
2008301428;98401
2008321833;98402
2008342243;98403
2008362652;98404
2008383062;98405
2008403474;98406
2008423880;98407
2008444293;98408
2008464699;98409
2008485108;98410
2008505522;98411
2008525928;98412
2008546340;98413
2008566750;98414
2008587155;98415
2008607565;98416
2008627974;98417
2008648384;98418
2008668797;98419
2008689203;98420
2008709612;98421
2008730021;98422
2008750430;98423
2008770840;98424
2008791249;98425
2008811659;98426
2008832068;98427
2008852478;98428
2008872886;98429
2008893296;98430
2008913706;98431
2008934115;98432
2008954525;98433
2008974934;98434
2008995344;98435
2009015752;98436
2009036166;98437
2009056571;98438
2009076981;98439
2009097390;98440
2009117800;98441
2009138209;98442
2009158622;98443
2009179031;98444
2009199437;98445
2009219846;98446
2009240256;98447
2009260665;98448
2009281075;98449
2009301485;98450
2009321893;98451
2009342303;98452
2009362712;98453
2009383122;98454
2009403531;98455
2009423941;98456
2009444350;98457
2009464759;98458
2009485168;98459
2009505578;98460
2009525987;98461
2009546401;98462
2009566810;98463
2009587215;98464
2009607624;98465
2009628034;98466
2009648443;98467
2009668853;98468
2009689263;98469
2009709672;98470
2009730081;98471
2009750490;98472
2009770900;98473
2009791309;98474
2009811719;98475
2009832128;98476
2009852538;98477
2009872950;98478
2009893356;98479
2009913765;98480
2009934175;98481
2009954584;98482
2009974994;98483
2009995406;98484
2010015812;98485
2010036221;98486
2010056631;98487
2010077041;98488
2010097450;98489
2010117860;98490
2010138268;98491
2010158682;98492
2010179087;98493
2010199497;98494
2010219906;98495
2010240316;98496
2010260725;98497
2010281134;98498
2010301543;98499
2010321953;98500
2010342366;98501
2010362772;98502
2010383181;98503
2010403590;98504
2010423999;98505
2010444409;98506
2010464823;98507
2010485232;98508
2010505638;98509
2010526046;98510
2010546460;98511
2010566865;98512
2010587279;98513
2010607684;98514
2010628098;98515
2010648506;98516
2010668912;98517
2010689321;98518
2010709735;98519
2010730140;98520
2010750550;98521
2010770958;98522
2010791368;98523
2010811777;98524
2010832187;98525
2010852597;98526
2010873006;98527
2010893415;98528
2010913824;98529
2010934234;98530
2010954643;98531
2010975057;98532
2010995462;98533
2011015871;98534
2011036280;98535
2011056690;98536
2011077099;98537
2011097513;98538
2011117918;98539
2011138327;98540
2011158736;98541
2011179146;98542
2011199555;98543
2011219965;98544
2011240378;98545
2011260783;98546
2011281193;98547
2011301602;98548
2011322016;98549
2011342421;98550
2011362831;98551
2011383239;98552
2011403653;98553
2011424062;98554
2011444472;98555
2011464877;98556
2011485286;98557
2011505695;98558
2011526105;98559
2011546514;98560
2011566924;98561
2011587333;98562
2011607742;98563
2011628152;98564
2011648565;98565
2011668971;98566
2011689384;98567
2011709790;98568
2011730198;98569
2011750612;98570
2011771021;98571
2011791427;98572
2011811836;98573
2011832245;98574
2011852654;98575
2011873064;98576
2011893473;98577
2011913883;98578
2011934291;98579
2011954701;98580
2011975110;98581
2011995520;98582
2012015930;98583
2012036339;98584
2012056748;98585
2012077157;98586
2012097567;98587
2012117976;98588
2012138386;98589
2012158794;98590
2012179204;98591
2012199613;98592
2012220023;98593
2012240432;98594
2012260841;98595
2012281250;98596
2012301660;98597
2012322069;98598
2012342479;98599
2012362889;98600
2012383301;98601
2012403707;98602
2012424116;98603
2012444526;98604
2012464939;98605
2012485344;98606
2012505753;98607
2012526163;98608
2012546572;98609
2012566986;98610
2012587394;98611
2012607800;98612
2012628213;98613
2012648619;98614
2012669028;98615
2012689438;98616
2012709846;98617
2012730256;98618
2012750666;98619
2012771075;98620
2012791485;98621
2012811894;98622
2012832307;98623
2012852712;98624
2012873122;98625
2012893531;98626
2012913941;98627
2012934350;98628
2012954759;98629
2012975168;98630
2012995582;98631
2013015987;98632
2013036397;98633
2013056809;98634
2013077219;98635
2013097624;98636
2013118034;98637
2013138444;98638
2013158852;98639
2013179262;98640
2013199671;98641
2013220081;98642
2013240494;98643
2013260900;98644
2013281308;98645
2013301722;98646
2013322127;98647
2013342537;98648
2013362946;98649
2013383356;98650
2013403764;98651
2013424174;98652
2013444587;98653
2013464997;98654
2013485402;98655
2013505811;98656
2013526221;98657
2013546630;98658
2013567040;98659
2013587449;98660
2013607862;98661
2013628267;98662
2013648681;98663
2013669090;98664
2013689496;98665
2013709909;98666
2013730318;98667
2013750727;98668
2013771133;98669
2013791546;98670
2013811952;98671
2013832365;98672
2013852770;98673
2013873179;98674
2013893589;98675
2013913999;98676
2013934408;98677
2013954818;98678
2013975226;98679
2013995636;98680
2014016045;98681
2014036455;98682
2014056864;98683
2014077274;98684
2014097682;98685
2014118096;98686
2014138501;98687
2014158939;98688
2014179348;98689
2014199757;98690
2014220167;98691
2014240580;98692
2014260990;98693
2014281395;98694
2014301805;98695
2014322214;98696
2014342623;98697
2014363037;98698
2014383442;98699
2014403856;98700
2014424261;98701
2014444670;98702
2014465080;98703
2014485493;98704
2014505899;98705
2014526308;98706
2014546718;98707
2014567127;98708
2014587536;98709
2014607946;98710
2014628355;98711
2014648765;98712
2014669174;98713
2014689587;98714
2014709997;98715
2014730402;98716
2014750812;98717
2014771221;98718
2014791634;98719
2014812040;98720
2014832449;98721
2014852859;98722
2014873268;98723
2014893678;98724
2014914087;98725
2014934496;98726
2014954906;98727
2014975315;98728
2014995729;98729
2015016134;98730
2015036544;98731
2015056953;98732
2015077366;98733
2015097772;98734
2015118181;98735
2015138591;98736
2015159000;98737
2015179409;98738
2015199819;98739
2015220228;98740
2015240638;98741
2015261051;98742
2015281457;98743
2015301866;98744
2015322279;98745
2015342685;98746
2015363094;98747
2015383504;98748
2015403913;98749
2015424322;98750
2015444732;98751
2015465141;98752
2015485555;98753
2015505960;98754
2015526370;98755
2015546779;98756
2015567188;98757
2015587598;98758
2015608007;98759
2015628417;98760
2015648830;98761
2015669236;98762
2015689645;98763
2015710054;98764
2015730464;98765
2015750873;98766
2015771283;98767
2015791693;98768
2015812101;98769
2015832515;98770
2015852920;98771
2015873330;98772
2015893743;98773
2015914152;98774
2015934558;98775
2015954967;98776
2015975377;98777
2015995786;98778
2016016196;98779
2016036606;98780
2016057014;98781
2016077424;98782
2016097833;98783
2016118243;98784
2016138652;98785
2016159062;98786
2016179472;98787
2016199880;98788
2016220290;98789
2016240699;98790
2016261109;98791
2016281519;98792
2016301927;98793
2016322337;98794
2016342746;98795
2016363156;98796
2016383569;98797
2016403975;98798
2016424385;98799
2016444793;98800
2016465203;98801
2016485616;98802
2016506026;98803
2016526436;98804
2016546841;98805
2016567251;98806
2016587659;98807
2016608069;98808
2016628482;98809
2016648888;98810
2016669302;98811
2016689710;98812
2016710116;98813
2016730525;98814
2016750935;98815
2016771345;98816
2016791754;98817
2016812164;98818
2016832572;98819
2016852982;98820
2016873392;98821
2016893801;98822
2016914211;98823
2016934620;98824
2016955030;98825
2016975438;98826
2016995848;98827
2017016258;98828
2017036671;98829
2017057077;98830
2017077486;98831
2017097896;98832
2017118305;98833
2017138718;98834
2017159124;98835
2017179533;98836
2017199943;98837
2017220356;98838
2017240761;98839
2017261171;98840
2017281580;98841
2017301994;98842
2017322403;98843
2017342809;98844
2017363219;98845
2017383627;98846
2017404037;98847
2017424446;98848
2017444860;98849
2017465265;98850
2017485675;98851
2017506084;98852
2017526493;98853
2017546903;98854
2017567312;98855
2017587722;98856
2017608132;98857
2017628541;98858
2017648950;98859
2017669359;98860
2017689769;98861
2017710178;98862
2017730592;98863
2017751002;98864
2017771406;98865
2017791816;98866
2017812229;98867
2017832635;98868
2017853045;98869
2017873454;98870
2017893864;98871
2017914272;98872
2017934682;98873
2017955091;98874
2017975501;98875
2017995911;98876
2018016320;98877
2018036733;98878
2018057138;98879
2018077548;98880
2018097958;98881
2018118367;98882
2018138781;98883
2018159190;98884
2018179596;98885
2018200004;98886
2018220414;98887
2018240824;98888
2018261233;98889
2018281643;98890
2018302052;98891
2018322461;98892
2018342871;98893
2018363280;98894
2018383690;98895
2018404099;98896
2018424509;98897
2018444917;98898
2018465327;98899
2018485737;98900
2018506146;98901
2018526556;98902
2018546965;98903
2018567375;98904
2018587788;98905
2018608193;98906
2018628603;98907
2018649012;98908
2018669422;98909
2018689831;98910
2018710245;98911
2018730650;98912
2018751059;98913
2018771473;98914
2018791878;98915
2018812288;98916
2018832698;98917
2018853107;98918
2018873516;98919
2018893925;98920
2018914335;98921
2018934744;98922
2018955154;98923
2018975564;98924
2018995973;98925
2019016382;98926
2019036791;98927
2019057201;98928
2019077611;98929
2019098024;98930
2019118430;98931
2019138839;98932
2019159248;98933
2019179657;98934
2019200067;98935
2019220477;98936
2019240886;98937
2019261300;98938
2019281705;98939
2019302114;98940
2019322524;98941
2019342933;98942
2019363343;98943
2019383752;98944
2019404162;98945
2019424575;98946
2019444980;98947
2019465390;98948
2019485799;98949
2019506209;98950
2019526618;98951
2019547028;98952
2019567438;98953
2019587846;98954
2019608256;98955
2019628665;98956
2019649075;98957
2019669484;98958
2019689894;98959
2019710303;98960
2019730712;98961
2019751122;98962
2019771531;98963
2019791941;98964
2019812351;98965
2019832760;98966
2019853170;98967
2019873578;98968
2019893988;98969
2019914401;98970
2019934807;98971
2019955217;98972
2019975626;98973
2019996039;98974
2020016444;98975
2020036854;98976
2020057264;98977
2020077673;98978
2020098087;98979
2020118492;98980
2020138902;98981
2020159310;98982
2020179720;98983
2020200134;98984
2020220543;98985
2020240953;98986
2020261358;98987
2020281767;98988
2020302177;98989
2020322586;98990
2020342996;98991
2020363405;98992
2020383815;98993
2020404224;98994
2020424634;98995
2020445043;98996
2020465452;98997
2020485862;98998
2020506275;98999
2020526681;99000
2020547091;99001
2020567499;99002
2020587909;99003
2020608322;99004
2020628732;99005
2020649141;99006
2020669551;99007
2020689961;99008
2020710369;99009
2020730775;99010
2020751184;99011
2020771598;99012
2020792004;99013
2020812413;99014
2020832827;99015
2020853231;99016
2020873641;99017
2020894054;99018
2020914460;99019
2020934874;99020
2020955279;99021
2020975689;99022
2020996098;99023
2021016507;99024
2021036921;99025
2021057326;99026
2021077736;99027
2021098145;99028
2021118555;99029
2021138964;99030
2021159373;99031
2021179783;99032
2021200192;99033
2021220602;99034
2021241011;99035
2021261421;99036
2021281831;99037
2021302239;99038
2021322649;99039
2021343058;99040
2021363468;99041
2021383877;99042
2021404287;99043
2021424697;99044
2021445105;99045
2021465515;99046
2021485924;99047
2021506334;99048
2021526744;99049
2021547153;99050
2021567563;99051
2021587975;99052
2021608381;99053
2021628790;99054
2021649200;99055
2021669610;99056
2021690019;99057
2021710429;99058
2021730838;99059
2021751247;99060
2021771657;99061
2021792066;99062
2021812476;99063
2021832885;99064
2021853295;99065
2021873705;99066
2021894113;99067
2021914523;99068
2021934932;99069
2021955342;99070
2021975751;99071
2021996161;99072
2022016571;99073
2022036980;99074
2022057389;99075
2022077798;99076
2022098208;99077
2022118618;99078
2022139027;99079
2022159437;99080
2022179849;99081
2022200259;99082
2022220664;99083
2022241074;99084
2022261484;99085
2022281893;99086
2022302307;99087
2022322711;99088
2022343121;99089
2022363531;99090
2022383944;99091
2022404350;99092
2022424759;99093
2022445169;99094
2022465577;99095
2022485988;99096
2022506401;99097
2022526806;99098
2022547216;99099
2022567629;99100
2022588035;99101
2022608444;99102
2022628853;99103
2022649263;99104
2022669672;99105
2022690086;99106
2022710491;99107
2022730901;99108
2022751311;99109
2022771723;99110
2022792129;99111
2022812538;99112
2022832948;99113
2022853362;99114
2022873771;99115
2022894177;99116
2022914586;99117
2022934995;99118
2022955408;99119
2022975814;99120
2022996224;99121
2023016633;99122
2023037043;99123
2023057455;99124
2023077861;99125
2023098271;99126
2023118680;99127
2023139094;99128
2023159499;99129
2023179909;99130
2023200318;99131
2023220728;99132
2023241137;99133
2023261546;99134
2023281956;99135
2023302365;99136
2023322775;99137
2023343185;99138
2023363593;99139
2023384003;99140
2023404412;99141
2023424822;99142
2023445231;99143
2023465641;99144
2023486051;99145
2023506459;99146
2023526873;99147
2023547278;99148
2023567688;99149
2023588098;99150
2023608507;99151
2023628917;99152
2023649326;99153
2023669739;99154
2023690148;99155
2023710558;99156
2023730964;99157
2023751373;99158
2023771783;99159
2023792192;99160
2023812605;99161
2023833015;99162
2023853420;99163
2023873830;99164
2023894239;99165
2023914653;99166
2023935058;99167
2023955467;99168
2023975877;99169
2023996286;99170
2024016700;99171
2024037109;99172
2024057519;99173
2024077925;99174
2024098333;99175
2024118743;99176
2024139156;99177
2024159571;99178
2024179980;99179
2024200390;99180
2024220800;99181
2024241209;99182
2024261618;99183
2024282027;99184
2024302437;99185
2024322847;99186
2024343256;99187
2024363670;99188
2024384076;99189
2024404485;99190
2024424894;99191
2024445303;99192
2024465713;99193
2024486123;99194
2024506532;99195
2024526942;99196
2024547351;99197
2024567760;99198
2024588170;99199
2024608583;99200
2024628989;99201
2024649398;99202
2024669808;99203
2024690221;99204
2024710626;99205
2024731036;99206
2024751445;99207
2024771855;99208
2024792265;99209
2024812674;99210
2024833084;99211
2024853492;99212
2024873902;99213
2024894312;99214
2024914721;99215
2024935131;99216
2024955540;99217
2024975950;99218
2024996360;99219
2025016768;99220
2025037178;99221
2025057587;99222
2025077997;99223
2025098407;99224
2025118816;99225
2025139226;99226
2025159638;99227
2025180044;99228
2025200454;99229
2025220863;99230
2025241273;99231
2025261682;99232
2025282092;99233
2025302501;99234
2025322910;99235
2025343324;99236
2025363729;99237
2025384139;99238
2025404549;99239
2025424958;99240
2025445368;99241
2025465776;99242
2025486190;99243
2025506596;99244
2025527005;99245
2025547415;99246
2025567824;99247
2025588234;99248
2025608647;99249
2025629056;99250
2025649462;99251
2025669871;99252
2025690281;99253
2025710691;99254
2025731100;99255
2025751509;99256
2025771918;99257
2025792328;99258
2025812742;99259
2025833147;99260
2025853557;99261
2025873966;99262
2025894376;99263
2025914785;99264
2025935198;99265
2025955608;99266
2025976013;99267
2025996423;99268
2026016833;99269
2026037246;99270
2026057651;99271
2026078060;99272
2026098470;99273
2026118880;99274
2026139289;99275
2026159699;99276
2026180108;99277
2026200517;99278
2026220927;99279
2026241336;99280
2026261750;99281
2026282159;99282
2026302569;99283
2026322975;99284
2026343384;99285
2026363793;99286
2026384203;99287
2026404612;99288
2026425026;99289
2026445431;99290
2026465841;99291
2026486251;99292
2026506659;99293
2026527073;99294
2026547478;99295
2026567888;99296
2026588298;99297
2026608707;99298
2026629117;99299
2026649529;99300
2026669935;99301
2026690345;99302
2026710754;99303
2026731164;99304
2026751573;99305
2026771983;99306
2026792393;99307
2026812801;99308
2026833211;99309
2026853620;99310
2026874030;99311
2026894444;99312
2026914849;99313
2026935259;99314
2026955668;99315
2026976081;99316
2026996487;99317
2027016896;99318
2027037306;99319
2027057715;99320
2027078125;99321
2027098535;99322
2027118947;99323
2027139353;99324
2027159766;99325
2027180172;99326
2027200582;99327
2027220991;99328
2027241401;99329
2027261809;99330
2027282219;99331
2027302633;99332
2027323038;99333
2027343448;99334
2027363861;99335
2027384267;99336
2027404677;99337
2027425085;99338
2027445495;99339
2027465904;99340
2027486314;99341
2027506724;99342
2027527133;99343
2027547543;99344
2027567955;99345
2027588365;99346
2027608771;99347
2027629180;99348
2027649590;99349
2027669999;99350
2027690409;99351
2027710822;99352
2027731227;99353
2027751641;99354
2027772046;99355
2027792460;99356
2027812870;99357
2027833278;99358
2027853685;99359
2027874093;99360
2027894503;99361
2027914913;99362
2027935322;99363
2027955732;99364
2027976145;99365
2027996551;99366
2028016960;99367
2028037373;99368
2028057779;99369
2028078188;99370
2028098598;99371
2028119008;99372
2028139417;99373
2028159827;99374
2028180235;99375
2028200645;99376
2028221055;99377
2028241464;99378
2028261874;99379
2028282283;99380
2028302692;99381
2028323106;99382
2028343515;99383
2028363921;99384
2028384331;99385
2028404740;99386
2028425150;99387
2028445559;99388
2028465969;99389
2028486378;99390
2028506787;99391
2028527197;99392
2028547606;99393
2028568016;99394
2028588426;99395
2028608835;99396
2028629244;99397
2028649653;99398
2028670063;99399
2028690473;99400
2028710882;99401
2028731292;99402
2028751701;99403
2028772110;99404
2028792520;99405
2028812929;99406
2028833339;99407
2028853748;99408
2028874162;99409
2028894568;99410
2028914976;99411
2028935386;99412
2028955795;99413
2028976205;99414
2028996615;99415
2029017024;99416
2029037438;99417
2029057843;99418
2029078252;99419
2029098666;99420
2029119071;99421
2029139481;99422
2029159890;99423
2029180300;99424
2029200710;99425
2029221119;99426
2029241528;99427
2029261937;99428
2029282347;99429
2029302761;99430
2029323166;99431
2029343576;99432
2029363984;99433
2029384394;99434
2029404804;99435
2029425213;99436
2029445627;99437
2029466036;99438
2029486442;99439
2029506855;99440
2029527260;99441
2029547670;99442
2029568079;99443
2029588493;99444
2029608899;99445
2029629308;99446
2029649722;99447
2029670130;99448
2029690536;99449
2029710946;99450
2029731355;99451
2029751765;99452
2029772178;99453
2029792584;99454
2029812994;99455
2029833402;99456
2029853812;99457
2029874221;99458
2029894631;99459
2029915041;99460
2029935450;99461
2029955860;99462
2029976272;99463
2029996678;99464
2030017088;99465
2030037497;99466
2030057911;99467
2030078316;99468
2030098726;99469
2030119136;99470
2030139544;99471
2030159954;99472
2030180367;99473
2030200773;99474
2030221187;99475
2030241596;99476
2030262006;99477
2030282411;99478
2030302820;99479
2030323230;99480
2030343639;99481
2030364049;99482
2030384459;99483
2030404868;99484
2030425278;99485
2030445686;99486
2030466096;99487
2030486506;99488
2030506915;99489
2030527325;99490
2030547734;99491
2030568144;99492
2030588557;99493
2030608962;99494
2030629372;99495
2030649781;99496
2030670195;99497
2030690605;99498
2030711010;99499
2030731423;99500
2030751828;99501
2030772242;99502
2030792648;99503
2030813061;99504
2030833467;99505
2030853876;99506
2030874286;99507
2030894695;99508
2030915104;99509
2030935514;99510
2030955923;99511
2030976337;99512
2030996747;99513
2031017152;99514
2031037562;99515
2031057970;99516
2031078380;99517
2031098790;99518
2031119199;99519
2031139609;99520
2031160022;99521
2031180428;99522
2031200837;99523
2031221246;99524
2031241660;99525
2031262065;99526
2031282479;99527
2031302885;99528
2031323294;99529
2031343703;99530
2031364112;99531
2031384522;99532
2031404936;99533
2031425341;99534
2031445751;99535
2031466160;99536
2031486570;99537
2031506979;99538
2031527388;99539
2031547798;99540
2031568207;99541
2031588617;99542
2031609027;99543
2031629436;99544
2031649846;99545
2031670254;99546
2031690664;99547
2031711074;99548
2031731483;99549
2031751893;99550
2031772302;99551
2031792712;99552
2031813121;99553
2031833530;99554
2031853940;99555
2031874349;99556
2031894763;99557
2031915169;99558
2031935581;99559
2031955987;99560
2031976396;99561
2031996806;99562
2032017216;99563
2032037625;99564
2032058035;99565
2032078444;99566
2032098857;99567
2032119267;99568
2032139676;99569
2032160082;99570
2032180495;99571
2032200901;99572
2032221311;99573
2032241720;99574
2032262129;99575
2032282538;99576
2032302952;99577
2032323358;99578
2032343767;99579
2032364177;99580
2032384590;99581
2032404995;99582
2032425405;99583
2032445814;99584
2032466224;99585
2032486634;99586
2032507043;99587
2032527453;99588
2032547862;99589
2032568271;99590
2032588685;99591
2032609090;99592
2032629500;99593
2032649909;99594
2032670319;99595
2032690729;99596
2032711137;99597
2032731547;99598
2032751960;99599
2032772366;99600
2032792776;99601
2032813185;99602
2032833595;99603
2032854004;99604
2032874413;99605
2032894823;99606
2032915232;99607
2032935642;99608
2032956051;99609
2032976461;99610
2032996874;99611
2033017279;99612
2033037689;99613
2033058098;99614
2033078508;99615
2033098918;99616
2033119327;99617
2033139737;99618
2033160145;99619
2033180559;99620
2033200965;99621
2033221374;99622
2033241784;99623
2033262193;99624
2033282607;99625
2033303012;99626
2033323421;99627
2033343831;99628
2033364240;99629
2033384650;99630
2033405060;99631
2033425469;99632
2033445879;99633
2033466291;99634
2033486697;99635
2033507107;99636
2033527516;99637
2033547926;99638
2033568339;99639
2033588745;99640
2033609155;99641
2033629563;99642
2033649977;99643
2033670382;99644
2033690792;99645
2033711206;99646
2033731611;99647
2033752021;99648
2033772429;99649
2033792843;99650
2033813249;99651
2033833658;99652
2033854068;99653
2033874477;99654
2033894887;99655
2033915296;99656
2033935705;99657
2033956115;99658
2033976524;99659
2033996938;99660
2034017344;99661
2034037753;99662
2034058163;99663
2034078571;99664
2034098981;99665
2034119395;99666
2034139800;99667
2034160230;99668
2034180644;99669
2034201049;99670
2034221462;99671
2034241867;99672
2034262277;99673
2034282687;99674
2034303096;99675
2034323506;99676
2034343916;99677
2034364325;99678
2034384734;99679
2034405144;99680
2034425553;99681
2034445963;99682
2034466373;99683
2034486782;99684
2034507195;99685
2034527600;99686
2034548010;99687
2034568420;99688
2034588829;99689
2034609239;99690
2034629649;99691
2034650058;99692
2034670467;99693
2034690881;99694
2034711286;99695
2034731700;99696
2034752110;99697
2034772515;99698
2034792925;99699
2034813333;99700
2034833743;99701
2034854153;99702
2034874562;99703
2034894972;99704
2034915382;99705
2034935791;99706
2034956201;99707
2034976610;99708
2034997019;99709
2035017429;99710
2035037839;99711
2035058252;99712
2035078658;99713
2035099067;99714
2035119476;99715
2035139886;99716
2035160295;99717
2035180705;99718
2035201115;99719
2035221524;99720
2035241934;99721
2035262344;99722
2035282756;99723
2035303162;99724
2035323572;99725
2035343981;99726
2035364391;99727
2035384800;99728
2035405210;99729
2035425623;99730
2035446028;99731
2035466438;99732
2035486848;99733
2035507261;99734
2035527667;99735
2035548077;99736
2035568486;99737
2035588895;99738
2035609309;99739
2035629714;99740
2035650124;99741
2035670537;99742
2035690943;99743
2035711352;99744
2035731761;99745
2035752172;99746
2035772581;99747
2035792990;99748
2035813404;99749
2035833810;99750
2035854222;99751
2035874628;99752
2035895038;99753
2035915447;99754
2035935857;99755
2035956266;99756
2035976676;99757
2035997086;99758
2036017494;99759
2036037904;99760
2036058314;99761
2036078723;99762
2036099133;99763
2036119543;99764
2036139952;99765
2036160365;99766
2036180771;99767
2036201184;99768
2036221590;99769
2036241999;99770
2036262409;99771
2036282823;99772
2036303228;99773
2036323637;99774
2036344047;99775
2036364460;99776
2036384866;99777
2036405276;99778
2036425685;99779
2036446095;99780
2036466505;99781
2036486913;99782
2036507323;99783
2036527732;99784
2036548142;99785
2036568552;99786
2036588961;99787
2036609371;99788
2036629780;99789
2036650189;99790
2036670603;99791
2036691009;99792
2036711418;99793
2036731832;99794
2036752238;99795
2036772650;99796
2036793056;99797
2036813465;99798
2036833875;99799
2036854285;99800
2036874698;99801
2036895104;99802
2036915517;99803
2036935922;99804
2036956332;99805
2036976746;99806
2036997151;99807
2037017561;99808
2037037971;99809
2037058380;99810
2037078790;99811
2037099198;99812
2037119608;99813
2037140018;99814
2037160427;99815
2037180837;99816
2037201247;99817
2037221656;99818
2037242065;99819
2037262475;99820
2037282884;99821
2037303294;99822
2037323704;99823
2037344113;99824
2037364523;99825
2037384931;99826
2037405341;99827
2037425751;99828
2037446160;99829
2037466570;99830
2037486980;99831
2037507389;99832
2037527799;99833
2037548208;99834
2037568617;99835
2037589027;99836
2037609437;99837
2037629846;99838
2037650256;99839
2037670665;99840
2037691074;99841
2037711484;99842
2037731893;99843
2037752303;99844
2037772717;99845
2037793122;99846
2037813532;99847
2037833942;99848
2037854350;99849
2037874760;99850
2037895170;99851
2037915579;99852
2037935989;99853
2037956398;99854
2037976808;99855
2037997218;99856
2038017626;99857
2038038036;99858
2038058446;99859
2038078855;99860
2038099265;99861
2038119675;99862
2038140084;99863
2038160493;99864
2038180903;99865
2038201316;99866
2038221722;99867
2038242131;99868
2038262541;99869
2038282951;99870
2038303359;99871
2038323769;99872
2038344179;99873
2038364592;99874
2038385002;99875
2038405408;99876
2038425817;99877
2038446227;99878
2038466636;99879
2038487045;99880
2038507455;99881
2038527868;99882
2038548274;99883
2038568684;99884
2038589093;99885
2038609502;99886
2038629912;99887
2038650321;99888
2038670731;99889
2038691141;99890
2038711550;99891
2038731964;99892
2038752370;99893
2038772779;99894
2038793188;99895
2038813597;99896
2038834011;99897
2038854417;99898
2038874826;99899
2038895236;99900
2038915646;99901
2038936055;99902
2038956465;99903
2038976874;99904
2038997283;99905
2039017693;99906
2039038103;99907
2039058512;99908
2039078922;99909
2039099331;99910
2039119741;99911
2039140150;99912
2039160559;99913
2039180969;99914
2039201379;99915
2039221788;99916
2039242198;99917
2039262608;99918
2039283021;99919
2039303426;99920
2039323836;99921
2039344245;99922
2039364655;99923
2039385064;99924
2039405478;99925
2039425884;99926
2039446293;99927
2039466703;99928
2039487112;99929
2039507521;99930
2039527931;99931
2039548341;99932
2039568750;99933
2039589160;99934
2039609570;99935
2039629979;99936
2039650389;99937
2039670797;99938
2039691207;99939
2039711617;99940
2039732026;99941
2039752436;99942
2039772846;99943
2039793255;99944
2039813669;99945
2039834075;99946
2039854484;99947
2039874894;99948
2039895303;99949
2039915716;99950
2039936122;99951
2039956531;99952
2039976941;99953
2039997351;99954
2040017760;99955
2040038170;99956
2040058580;99957
2040078988;99958
2040099402;99959
2040119808;99960
2040140217;99961
2040160627;99962
2040181037;99963
2040201446;99964
2040221860;99965
2040242265;99966
2040262675;99967
2040283084;99968
2040303493;99969
2040323903;99970
2040344313;99971
2040364722;99972
2040385132;99973
2040405542;99974
2040425955;99975
2040446361;99976
2040466771;99977
2040487179;99978
2040507589;99979
2040527998;99980
2040548408;99981
2040568818;99982
2040589227;99983
2040609637;99984
2040630047;99985
2040650456;99986
2040670866;99987
2040691276;99988
2040711684;99989
2040732094;99990
2040752504;99991
2040772917;99992
2040793323;99993
2040813732;99994
2040834142;99995
2040854552;99996
2040874961;99997
2040895371;99998
2040915781;99999
2040936189;100000
2040956599;100001
2040977009;100002
2040997422;100003
2041017832;100004
2041038238;100005
2041058651;100006
2041079061;100007
2041099466;100008
2041119876;100009
2041140286;100010
2041160695;100011
2041181104;100012
2041201514;100013
2041221923;100014
2041242333;100015
2041262743;100016
2041283152;100017
2041303566;100018
2041323976;100019
2041344381;100020
2041364791;100021
2041385200;100022
2041405610;100023
2041426019;100024
2041446432;100025
2041466838;100026
2041487252;100027
2041507657;100028
2041528067;100029
2041548477;100030
2041568886;100031
2041589296;100032
2041609706;100033
2041630115;100034
2041650525;100035
2041670933;100036
2041691347;100037
2041711753;100038
2041732162;100039
2041752572;100040
2041772982;100041
2041793391;100042
2041813801;100043
2041834211;100044
2041854620;100045
2041875029;100046
2041895439;100047
2041915848;100048
2041936258;100049
2041956667;100050
2041977081;100051
2041997487;100052
2042017896;100053
2042038306;100054
2042058716;100055
2042079125;100056
2042099534;100057
2042119944;100058
2042140353;100059
2042160767;100060
2042181173;100061
2042201582;100062
2042221996;100063
2042242401;100064
2042262815;100065
2042283221;100066
2042303630;100067
2042324039;100068
2042344449;100069
2042364858;100070
2042385268;100071
2042405678;100072
2042426091;100073
2042446497;100074
2042466907;100075
2042487320;100076
2042507726;100077
2042528135;100078
2042548544;100079
2042568954;100080
2042589363;100081
2042609773;100082
2042630187;100083
2042650592;100084
2042671006;100085
2042691416;100086
2042711821;100087
2042732231;100088
2042752640;100089
2042773049;100090
2042793463;100091
2042813868;100092
2042834278;100093
2042854688;100094
2042875097;100095
2042895507;100096
2042915917;100097
2042936326;100098
2042956739;100099
2042977145;100100
2042997554;100101
2043017964;100102
2043038378;100103
2043058783;100104
2043079193;100105
2043099602;100106
2043120012;100107
2043140425;100108
2043160834;100109
2043181244;100110
2043201650;100111
2043222059;100112
2043242469;100113
2043262879;100114
2043283288;100115
2043303702;100116
2043324112;100117
2043344521;100118
2043364927;100119
2043385335;100120
2043405745;100121
2043426155;100122
2043446564;100123
2043466974;100124
2043487388;100125
2043507797;100126
2043528203;100127
2043548613;100128
2043569022;100129
2043589431;100130
2043609841;100131
2043630250;100132
2043650660;100133
2043671073;100134
2043691483;100135
2043711893;100136
2043732298;100137
2043752708;100138
2043773117;100139
2043793530;100140
2043813940;100141
2043834350;100142
2043854759;100143
2043875165;100144
2043895575;100145
2043915984;100146
2043936397;100147
2043956806;100148
2043977216;100149
2043997622;100150
2044018031;100151
2044038441;100152
2044058855;100153
2044079260;100154
2044099670;100155
2044120080;100156
2044140489;100157
2044160815;100158
2044181224;100159
2044201634;100160
2044222043;100161
2044242453;100162
2044262862;100163
2044283272;100164
2044303681;100165
2044324091;100166
2044344499;100167
2044364909;100168
2044385318;100169
2044405727;100170
2044426137;100171
2044446546;100172
2044466956;100173
2044487365;100174
2044507775;100175
2044528183;100176
2044548593;100177
2044569002;100178
2044589412;100179
2044609821;100180
2044630231;100181
2044650640;100182
2044671050;100183
2044691459;100184
2044711868;100185
2044732281;100186
2044752691;100187
2044773096;100188
2044793509;100189
2044813915;100190
2044834324;100191
2044854738;100192
2044875143;100193
2044895553;100194
2044915961;100195
2044936371;100196
2044956780;100197
2044977194;100198
2044997603;100199
2045018009;100200
2045038418;100201
2045058828;100202
2045079236;100203
2045099646;100204
2045120055;100205
2045140465;100206
2045160874;100207
2045181283;100208
2045201693;100209
2045222102;100210
2045242512;100211
2045262924;100212
2045283330;100213
2045303739;100214
2045324153;100215
2045344558;100216
2045364972;100217
2045385377;100218
2045405787;100219
2045426196;100220
2045446605;100221
2045467018;100222
2045487424;100223
2045507833;100224
2045528243;100225
2045548652;100226
2045569065;100227
2045589471;100228
2045609883;100229
2045630289;100230
2045650698;100231
2045671108;100232
2045691521;100233
2045711927;100234
2045732336;100235
2045752746;100236
2045773155;100237
2045793564;100238
2045813973;100239
2045834387;100240
2045854792;100241
2045875202;100242
2045895611;100243
2045916021;100244
2045936430;100245
2045956838;100246
2045977248;100247
2045997657;100248
2046018067;100249
2046038476;100250
2046058886;100251
2046079295;100252
2046099705;100253
2046120113;100254
2046140523;100255
2046160932;100256
2046181342;100257
2046201751;100258
2046222161;100259
2046242570;100260
2046262980;100261
2046283389;100262
2046303802;100263
2046324207;100264
2046344616;100265
2046365026;100266
2046385435;100267
2046405845;100268
2046426254;100269
2046446664;100270
2046467072;100271
2046487482;100272
2046507891;100273
2046528301;100274
2046548714;100275
2046569120;100276
2046589529;100277
2046609943;100278
2046630347;100279
2046650757;100280
2046671166;100281
2046691576;100282
2046711985;100283
2046732394;100284
2046752808;100285
2046773217;100286
2046793622;100287
2046814031;100288
2046834441;100289
2046854850;100290
2046875260;100291
2046895673;100292
2046916079;100293
2046936491;100294
2046956901;100295
2046977306;100296
2046997716;100297
2047018125;100298
2047038535;100299
2047058944;100300
2047079354;100301
2047099763;100302
2047120171;100303
2047140585;100304
2047160990;100305
2047181400;100306
2047201809;100307
2047222219;100308
2047242628;100309
2047263042;100310
2047283447;100311
2047303856;100312
2047324265;100313
2047344675;100314
2047365084;100315
2047385494;100316
2047405903;100317
2047426313;100318
2047446721;100319
2047467135;100320
2047487540;100321
2047507949;100322
2047528359;100323
2047548768;100324
2047569178;100325
2047589591;100326
2047609996;100327
2047630409;100328
2047650819;100329
2047671224;100330
2047691634;100331
2047712047;100332
2047732457;100333
2047752862;100334
2047773272;100335
2047793680;100336
2047814090;100337
2047834499;100338
2047854908;100339
2047875318;100340
2047895727;100341
2047916137;100342
2047936545;100343
2047956959;100344
2047977368;100345
2047997774;100346
2048018183;100347
2048038593;100348
2048059006;100349
2048079412;100350
2048099820;100351
2048120230;100352
2048140639;100353
2048161049;100354
2048181458;100355
2048201868;100356
2048222277;100357
2048242686;100358
2048263095;100359
2048283504;100360
2048303914;100361
2048324323;100362
2048344733;100363
2048365146;100364
2048385552;100365
2048405964;100366
2048426370;100367
2048446779;100368
2048467189;100369
2048487598;100370
2048508008;100371
2048528417;100372
2048548827;100373
2048569235;100374
2048589645;100375
2048610058;100376
2048630467;100377
2048650877;100378
2048671282;100379
2048691692;100380
2048712101;100381
2048732514;100382
2048752923;100383
2048773329;100384
2048793738;100385
2048814148;100386
2048834557;100387
2048854967;100388
2048875379;100389
2048895785;100390
2048916194;100391
2048936604;100392
2048957013;100393
2048977427;100394
2048997832;100395
2049018241;100396
2049038651;100397
2049059059;100398
2049079473;100399
2049099878;100400
2049120288;100401
2049140697;100402
2049161111;100403
2049181516;100404
2049201926;100405
2049222334;100406
2049242744;100407
2049263153;100408
2049283563;100409
2049303976;100410
2049324382;100411
2049344791;100412
2049365200;100413
2049385609;100414
2049406018;100415
2049426428;100416
2049446841;100417
2049467247;100418
2049487656;100419
2049508066;100420
2049528478;100421
2049548884;100422
2049569293;100423
2049589703;100424
2049610112;100425
2049630522;100426
2049650931;100427
2049671340;100428
2049691749;100429
2049712159;100430
2049732568;100431
2049752978;100432
2049773387;100433
2049793796;100434
2049814209;100435
2049834614;100436
2049855024;100437
2049875433;100438
2049895847;100439
2049916252;100440
2049936662;100441
2049957071;100442
2049977480;100443
2049997889;100444
2050018299;100445
2050038708;100446
2050059122;100447
2050079531;100448
2050099937;100449
2050120346;100450
2050140755;100451
2050161168;100452
2050181577;100453
2050201987;100454
2050222392;100455
2050242806;100456
2050263211;100457
2050283624;100458
2050304029;100459
2050324439;100460
2050344852;100461
2050365258;100462
2050385667;100463
2050406077;100464
2050426486;100465
2050446895;100466
2050467308;100467
2050487714;100468
2050508123;100469
2050528533;100470
2050548942;100471
2050569351;100472
2050589761;100473
2050610169;100474
2050630579;100475
2050650988;100476
2050671398;100477
2050691807;100478
2050712217;100479
2050732629;100480
2050753035;100481
2050773448;100482
2050793854;100483
2050814267;100484
2050834673;100485
2050855082;100486
2050875492;100487
2050895901;100488
2050916310;100489
2050936719;100490
2050957128;100491
2050977538;100492
2050997947;100493
2051018357;100494
2051038766;100495
2051059175;100496
2051079584;100497
2051099994;100498
2051120407;100499
2051140817;100500
2051161222;100501
2051181635;100502
2051202040;100503
2051222450;100504
2051242859;100505
2051263269;100506
2051283678;100507
2051304088;100508
2051324501;100509
2051344906;100510
2051365319;100511
2051385724;100512
2051406134;100513
2051426543;100514
2051446953;100515
2051467362;100516
2051487772;100517
2051508180;100518
2051528590;100519
2051548999;100520
2051569409;100521
2051589818;100522
2051610228;100523
2051630637;100524
2051651046;100525
2051671455;100526
2051691865;100527
2051712278;100528
2051732683;100529
2051753093;100530
2051773502;100531
2051793915;100532
2051814320;100533
2051834730;100534
2051855139;100535
2051875549;100536
2051895958;100537
2051916368;100538
2051936777;100539
2051957190;100540
2051977595;100541
2051998005;100542
2052018418;100543
2052038824;100544
2052059233;100545
2052079647;100546
2052100052;100547
2052120460;100548
2052140870;100549
2052161279;100550
2052181693;100551
2052202098;100552
2052222508;100553
2052242917;100554
2052263330;100555
2052283735;100556
2052304149;100557
2052324558;100558
2052344968;100559
2052365373;100560
2052385783;100561
2052406192;100562
2052426601;100563
2052447010;100564
2052467420;100565
2052487833;100566
2052508242;100567
2052528648;100568
2052549057;100569
2052569466;100570
2052589875;100571
2052610285;100572
2052630694;100573
2052651104;100574
2052671513;100575
2052691923;100576
2052712335;100577
2052732741;100578
2052753150;100579
2052773564;100580
2052793973;100581
2052814379;100582
2052834788;100583
2052855197;100584
2052875606;100585
2052896015;100586
2052916425;100587
2052936834;100588
2052957244;100589
2052977657;100590
2052998063;100591
2053018471;100592
2053038881;100593
2053059294;100594
2053079704;100595
2053100109;100596
2053120519;100597
2053140928;100598
2053161338;100599
2053181746;100600
2053202156;100601
2053222565;100602
2053242974;100603
2053263384;100604
2053283797;100605
2053304203;100606
2053324615;100607
2053345021;100608
2053365430;100609
2053385840;100610
2053406249;100611
2053426663;100612
2053447071;100613
2053467477;100614
2053487886;100615
2053508296;100616
2053528709;100617
2053549119;100618
2053569524;100619
2053589934;100620
2053610342;100621
2053630751;100622
2053651161;100623
2053671570;100624
2053691984;100625
2053712389;100626
2053732799;100627
2053753212;100628
2053773617;100629
2053794026;100630
2053814436;100631
2053834845;100632
2053855255;100633
2053875664;100634
2053896074;100635
2053916486;100636
2053936892;100637
2053957301;100638
2053977711;100639
2053998120;100640
2054018533;100641
2054038939;100642
2054059348;100643
2054079757;100644
2054100166;100645
2054120576;100646
2054140985;100647
2054161481;100648
2054181891;100649
2054202300;100650
2054222709;100651
2054243119;100652
2054263528;100653
2054283938;100654
2054304347;100655
2054324757;100656
2054345170;100657
2054365575;100658
2054385985;100659
2054406395;100660
2054426804;100661
2054447214;100662
2054467624;100663
2054488033;100664
2054508443;100665
2054528852;100666
2054549261;100667
2054569671;100668
2054590085;100669
2054610490;100670
2054630900;100671
2054651309;100672
2054671718;100673
2054692128;100674
2054712541;100675
2054732951;100676
2054753357;100677
2054773766;100678
2054794176;100679
2054814585;100680
2054834994;100681
2054855404;100682
2054875814;100683
2054896223;100684
2054916633;100685
2054937042;100686
2054957452;100687
2054977861;100688
2054998271;100689
2055018680;100690
2055039090;100691
2055059499;100692
2055079909;100693
2055100319;100694
2055120727;100695
2055141137;100696
2055161547;100697
2055181956;100698
2055202366;100699
2055222776;100700
2055243185;100701
2055263594;100702
2055284004;100703
2055304413;100704
2055324823;100705
2055345233;100706
2055365646;100707
2055386052;100708
2055406461;100709
2055426870;100710
2055447280;100711
2055467689;100712
2055488099;100713
2055508509;100714
2055528918;100715
2055549328;100716
2055569737;100717
2055590146;100718
2055610556;100719
2055630966;100720
2055651375;100721
2055671785;100722
2055692195;100723
2055712603;100724
2055733017;100725
2055753423;100726
2055773836;100727
2055794242;100728
2055814651;100729
2055835061;100730
2055855470;100731
2055875879;100732
2055896293;100733
2055916703;100734
2055937108;100735
2055957518;100736
2055977932;100737
2055998337;100738
2056018746;100739
2056039156;100740
2056059565;100741
2056079975;100742
2056100389;100743
2056120798;100744
2056141203;100745
2056161613;100746
2056182026;100747
2056202432;100748
2056222841;100749
2056243255;100750
2056263661;100751
2056284070;100752
2056304479;100753
2056324889;100754
2056345298;100755
2056365708;100756
2056386118;100757
2056406527;100758
2056426937;100759
2056447346;100760
2056467755;100761
2056488165;100762
2056508575;100763
2056528988;100764
2056549398;100765
2056569807;100766
2056590213;100767
2056610622;100768
2056631031;100769
2056651441;100770
2056671851;100771
2056692264;100772
2056712670;100773
2056733080;100774
2056753488;100775
2056773898;100776
2056794308;100777
2056814717;100778
2056835127;100779
2056855537;100780
2056875946;100781
2056896355;100782
2056916765;100783
2056937174;100784
2056957584;100785
2056977993;100786
2056998403;100787
2057018817;100788
2057039222;100789
2057059631;100790
2057080041;100791
2057100450;100792
2057120860;100793
2057141270;100794
2057161679;100795
2057182088;100796
2057202498;100797
2057222907;100798
2057243317;100799
2057263727;100800
2057284136;100801
2057304546;100802
2057324956;100803
2057345364;100804
2057365774;100805
2057386183;100806
2057406593;100807
2057427003;100808
2057447412;100809
2057467822;100810
2057488231;100811
2057508644;100812
2057529050;100813
2057549460;100814
2057569869;100815
2057590279;100816
2057610693;100817
2057631097;100818
2057651511;100819
2057671921;100820
2057692330;100821
2057712736;100822
2057733145;100823
2057753555;100824
2057773965;100825
2057794373;100826
2057814783;100827
2057835193;100828
2057855602;100829
2057876012;100830
2057896422;100831
2057916831;100832
2057937240;100833
2057957650;100834
2057978063;100835
2057998473;100836
2058018879;100837
2058039292;100838
2058059698;100839
2058080107;100840
2058100516;100841
2058120926;100842
2058141335;100843
2058161745;100844
2058182155;100845
2058202564;100846
2058222973;100847
2058243383;100848
2058263792;100849
2058284202;100850
2058304612;100851
2058325021;100852
2058345431;100853
2058365844;100854
2058386249;100855
2058406659;100856
2058427069;100857
2058447478;100858
2058467888;100859
2058488298;100860
2058508707;100861
2058529116;100862
2058549529;100863
2058569939;100864
2058590345;100865
2058610754;100866
2058631164;100867
2058651574;100868
2058671986;100869
2058692392;100870
2058712802;100871
2058733215;100872
2058753621;100873
2058774035;100874
2058794440;100875
2058814853;100876
2058835259;100877
2058855668;100878
2058876078;100879
2058896487;100880
2058916901;100881
2058937307;100882
2058957719;100883
2058978125;100884
2058998535;100885
2059018944;100886
2059039354;100887
2059059764;100888
2059080173;100889
2059100582;100890
2059120992;100891
2059141401;100892
2059161811;100893
2059182221;100894
2059202630;100895
2059223044;100896
2059243450;100897
2059263858;100898
2059284268;100899
2059304677;100900
2059325087;100901
2059345497;100902
2059365906;100903
2059386316;100904
2059406725;100905
2059427138;100906
2059447544;100907
2059467954;100908
2059488363;100909
2059508773;100910
2059529183;100911
2059549595;100912
2059570001;100913
2059590411;100914
2059610824;100915
2059631230;100916
2059651639;100917
2059672049;100918
2059692458;100919
2059712867;100920
2059733277;100921
2059753687;100922
2059774100;100923
2059794506;100924
2059814916;100925
2059835325;100926
2059855734;100927
2059876148;100928
2059896553;100929
2059916967;100930
2059937373;100931
2059957782;100932
2059978196;100933
2059998605;100934
2060019014;100935
2060039420;100936
2060059829;100937
2060080243;100938
2060100653;100939
2060121058;100940
2060141468;100941
2060161877;100942
2060182286;100943
2060202696;100944
2060223106;100945
2060243515;100946
2060263929;100947
2060284338;100948
2060304743;100949
2060325153;100950
2060345563;100951
2060365976;100952
2060386382;100953
2060406792;100954
2060427201;100955
2060447610;100956
2060468019;100957
2060488429;100958
2060508839;100959
2060529248;100960
2060549658;100961
2060570068;100962
2060590477;100963
2060610886;100964
2060631296;100965
2060651705;100966
2060672119;100967
2060692525;100968
2060712934;100969
2060733344;100970
2060753757;100971
2060774162;100972
2060794572;100973
2060814985;100974
2060835391;100975
2060855801;100976
2060876209;100977
2060896619;100978
2060917029;100979
2060937438;100980
2060957848;100981
2060978258;100982
2060998667;100983
2061019081;100984
2061039486;100985
2061059895;100986
2061080305;100987
2061100715;100988
2061121124;100989
2061141534;100990
2061161944;100991
2061182352;100992
2061202766;100993
2061223171;100994
2061243581;100995
2061263991;100996
2061284400;100997
2061304810;100998
2061325219;100999
2061345628;101000
2061366042;101001
2061386448;101002
2061406857;101003
2061427267;101004
2061447681;101005
2061468085;101006
2061488499;101007
2061508905;101008
2061529314;101009
2061549724;101010
2061570133;101011
2061590543;101012
2061610957;101013
2061631361;101014
2061651771;101015
2061672181;101016
2061692590;101017
2061713000;101018
2061733410;101019
2061753822;101020
2061774228;101021
2061794638;101022
2061815047;101023
2061835457;101024
2061855867;101025
2061876280;101026
2061896690;101027
2061917095;101028
2061937504;101029
2061957918;101030
2061978323;101031
2061998733;101032
2062019143;101033
2062039552;101034
2062059965;101035
2062080371;101036
2062100780;101037
2062121190;101038
2062141600;101039
2062162013;101040
2062182419;101041
2062202832;101042
2062223237;101043
2062243647;101044
2062264061;101045
2062284466;101046
2062304876;101047
2062325286;101048
2062345695;101049
2062366108;101050
2062386513;101051
2062406923;101052
2062427333;101053
2062447742;101054
2062468152;101055
2062488562;101056
2062508974;101057
2062529380;101058
2062549790;101059
2062570199;101060
2062590609;101061
2062611019;101062
2062631428;101063
2062651837;101064
2062672247;101065
2062692656;101066
2062713066;101067
2062733475;101068
2062753889;101069
2062774295;101070
2062794703;101071
2062815113;101072
2062835523;101073
2062855932;101074
2062876346;101075
2062896752;101076
2062917165;101077
2062937570;101078
2062957980;101079
2062978389;101080
2062998799;101081
2063019209;101082
2063039618;101083
2063060028;101084
2063080438;101085
2063100846;101086
2063121256;101087
2063141665;101088
2063162075;101089
2063182489;101090
2063202898;101091
2063223304;101092
2063243713;101093
2063264126;101094
2063284536;101095
2063304942;101096
2063325351;101097
2063345761;101098
2063366171;101099
2063386579;101100
2063406989;101101
2063427399;101102
2063447808;101103
2063468218;101104
2063488628;101105
2063509041;101106
2063529447;101107
2063549855;101108
2063570265;101109
2063590675;101110
2063611084;101111
2063631494;101112
2063651904;101113
2063672316;101114
2063692722;101115
2063713132;101116
2063733545;101117
2063753955;101118
2063774365;101119
2063794770;101120
2063815180;101121
2063835593;101122
2063855998;101123
2063876408;101124
2063896817;101125
2063917227;101126
2063937637;101127
2063958050;101128
2063978455;101129
2063998865;101130
2064019278;101131
2064039684;101132
2064060094;101133
2064080503;101134
2064100913;101135
2064121323;101136
2064141731;101137
2064162074;101138
2064182479;101139
2064202889;101140
2064223298;101141
2064243708;101142
2064264117;101143
2064284530;101144
2064304939;101145
2064325345;101146
2064345754;101147
2064366164;101148
2064386573;101149
2064406983;101150
2064427391;101151
2064447801;101152
2064468210;101153
2064488620;101154
2064509029;101155
2064529439;101156
2064549848;101157
2064570261;101158
2064590666;101159
2064611076;101160
2064631485;101161
2064651895;101162
2064672304;101163
2064692714;101164
2064713123;101165
2064733532;101166
2064753941;101167
2064774351;101168
2064794764;101169
2064815170;101170
2064835583;101171
2064855989;101172
2064876397;101173
2064896807;101174
2064917220;101175
2064937630;101176
2064958035;101177
2064978445;101178
2064998857;101179
2065019263;101180
2065039676;101181
2065060082;101182
2065080492;101183
2065100901;101184
2065121311;101185
2065141720;101186
2065162129;101187
2065182538;101188
2065202952;101189
2065223357;101190
2065243767;101191
2065264176;101192
2065284586;101193
2065304995;101194
2065325404;101195
2065345813;101196
2065366223;101197
2065386632;101198
2065407042;101199
2065427451;101200
2065447861;101201
2065468269;101202
2065488679;101203
2065509088;101204
2065529498;101205
2065549907;101206
2065570317;101207
2065590726;101208
2065611139;101209
2065631544;101210
2065651954;101211
2065672363;101212
2065692773;101213
2065713182;101214
2065733592;101215
2065754000;101216
2065774410;101217
2065794819;101218
2065815229;101219
2065835638;101220
2065856052;101221
2065876457;101222
2065896866;101223
2065917275;101224
2065937685;101225
2065958094;101226
2065978508;101227
2065998917;101228
2066019323;101229
2066039731;101230
2066060141;101231
2066080550;101232
2066100960;101233
2066121369;101234
2066141783;101235
2066162188;101236
2066182597;101237
2066203006;101238
2066223416;101239
2066243825;101240
2066264239;101241
2066284644;101242
2066305054;101243
2066325463;101244
2066345872;101245
2066366281;101246
2066386691;101247
2066407100;101248
2066427510;101249
2066447919;101250
2066468329;101251
2066488737;101252
2066509147;101253
2066529556;101254
2066549966;101255
2066570375;101256
2066590789;101257
2066611194;101258
2066631603;101259
2066652012;101260
2066672422;101261
2066692831;101262
2066713241;101263
2066733650;101264
2066754060;101265
2066774469;101266
2066794878;101267
2066815287;101268
2066835701;101269
2066856106;101270
2066876516;101271
2066896925;101272
2066917335;101273
2066937744;101274
2066958153;101275
2066978566;101276
2066998972;101277
2067019381;101278
2067039795;101279
2067060200;101280
2067080609;101281
2067101018;101282
2067121428;101283
2067141837;101284
2067162247;101285
2067182656;101286
2067203066;101287
2067223475;101288
2067243888;101289
2067264293;101290
2067284703;101291
2067305112;101292
2067325522;101293
2067345935;101294
2067366340;101295
2067386749;101296
2067407159;101297
2067427568;101298
2067447978;101299
2067468387;101300
2067488797;101301
2067509206;101302
2067529615;101303
2067550024;101304
2067570434;101305
2067590844;101306
2067611253;101307
2067631663;101308
2067652072;101309
2067672485;101310
2067692890;101311
2067713300;101312
2067733709;101313
2067754119;101314
2067774532;101315
2067794938;101316
2067815346;101317
2067835756;101318
2067856165;101319
2067876575;101320
2067896984;101321
2067917394;101322
2067937803;101323
2067958213;101324
2067978621;101325
2067999035;101326
2068019440;101327
2068039850;101328
2068060259;101329
2068080669;101330
2068101078;101331
2068121491;101332
2068141896;101333
2068162306;101334
2068182715;101335
2068203125;101336
2068223534;101337
2068243943;101338
2068264352;101339
2068284762;101340
2068305175;101341
2068325581;101342
2068345990;101343
2068366400;101344
2068386809;101345
2068407218;101346
2068427627;101347
2068448037;101348
2068468446;101349
2068488856;101350
2068509265;101351
2068529675;101352
2068550083;101353
2068570493;101354
2068590902;101355
2068611312;101356
2068631725;101357
2068652131;101358
2068672540;101359
2068692949;101360
2068713358;101361
2068733768;101362
2068754177;101363
2068774587;101364
2068794996;101365
2068815410;101366
2068835815;101367
2068856224;101368
2068876633;101369
2068897043;101370
2068917452;101371
2068937862;101372
2068958275;101373
2068978681;101374
2068999093;101375
2069019499;101376
2069039908;101377
2069060318;101378
2069080727;101379
2069101137;101380
2069121546;101381
2069141955;101382
2069162364;101383
2069182774;101384
2069203183;101385
2069223593;101386
2069244006;101387
2069264412;101388
2069284821;101389
2069305230;101390
2069325639;101391
2069346049;101392
2069366458;101393
2069386868;101394
2069407277;101395
2069427687;101396
2069448095;101397
2069468505;101398
2069488914;101399
2069509324;101400
2069529733;101401
2069550143;101402
2069570552;101403
2069590961;101404
2069611370;101405
2069631780;101406
2069652189;101407
2069672603;101408
2069693012;101409
2069713418;101410
2069733826;101411
2069754236;101412
2069774645;101413
2069795055;101414
2069815468;101415
2069835874;101416
2069856283;101417
2069876693;101418
2069897101;101419
2069917511;101420
2069937920;101421
2069958330;101422
2069978739;101423
2069999149;101424
2070019557;101425
2070039967;101426
2070060376;101427
2070080786;101428
2070101200;101429
2070121605;101430
2070142015;101431
2070162424;101432
2070182833;101433
2070203242;101434
2070223652;101435
2070244061;101436
2070264475;101437
2070284880;101438
2070305294;101439
2070325698;101440
2070346108;101441
2070366517;101442
2070386927;101443
2070407336;101444
2070427746;101445
2070448159;101446
2070468565;101447
2070488977;101448
2070509387;101449
2070529792;101450
2070550202;101451
2070570611;101452
2070591025;101453
2070611430;101454
2070631843;101455
2070652248;101456
2070672658;101457
2070693067;101458
2070713477;101459
2070733886;101460
2070754296;101461
2070774704;101462
2070795114;101463
2070815523;101464
2070835933;101465
2070856342;101466
2070876752;101467
2070897161;101468
2070917574;101469
2070937979;101470
2070958393;101471
2070978798;101472
2070999212;101473
2071019621;101474
2071040027;101475
2071060436;101476
2071080845;101477
2071101254;101478
2071121664;101479
2071142073;101480
2071162483;101481
2071182896;101482
2071203302;101483
2071223710;101484
2071244124;101485
2071264533;101486
2071284939;101487
2071305348;101488
2071325758;101489
2071346167;101490
2071366577;101491
2071386985;101492
2071407395;101493
2071427804;101494
2071448218;101495
2071468623;101496
2071489037;101497
2071509442;101498
2071529851;101499
2071550260;101500
2071570670;101501
2071591079;101502
2071611493;101503
2071631898;101504
2071652311;101505
2071672716;101506
2071693126;101507
2071713535;101508
2071733945;101509
2071754354;101510
2071774764;101511
2071795173;101512
2071815583;101513
2071835991;101514
2071856401;101515
2071876810;101516
2071897220;101517
2071917629;101518
2071938039;101519
2071958448;101520
2071978861;101521
2071999266;101522
2072019676;101523
2072040085;101524
2072060495;101525
2072080904;101526
2072101313;101527
2072121722;101528
2072142132;101529
2072162541;101530
2072182951;101531
2072203360;101532
2072223774;101533
2072244179;101534
2072264588;101535
2072284997;101536
2072305407;101537
2072325816;101538
2072346230;101539
2072366635;101540
2072387049;101541
2072407454;101542
2072427863;101543
2072448272;101544
2072468682;101545
2072489091;101546
2072509501;101547
2072529910;101548
2072550320;101549
2072570729;101550
2072591138;101551
2072611552;101552
2072631957;101553
2072652367;101554
2072672776;101555
2072693186;101556
2072713594;101557
2072734004;101558
2072754417;101559
2072774823;101560
2072795232;101561
2072815642;101562
2072836051;101563
2072856461;101564
2072876869;101565
2072897279;101566
2072917688;101567
2072938098;101568
2072958507;101569
2072978917;101570
2072999325;101571
2073019735;101572
2073040144;101573
2073060554;101574
2073080963;101575
2073101373;101576
2073121782;101577
2073142192;101578
2073162600;101579
2073183010;101580
2073203419;101581
2073223829;101582
2073244238;101583
2073264648;101584
2073285061;101585
2073305466;101586
2073325875;101587
2073346285;101588
2073366694;101589
2073387104;101590
2073407513;101591
2073427923;101592
2073448332;101593
2073468741;101594
2073489150;101595
2073509560;101596
2073529969;101597
2073550379;101598
2073570788;101599
2073591202;101600
2073611606;101601
2073632016;101602
2073652425;101603
2073672835;101604
2073693244;101605
2073713654;101606
2073734063;101607
2073754472;101608
2073774881;101609
2073795291;101610
2073815704;101611
2073836110;101612
2073856519;101613
2073876929;101614
2073897337;101615
2073917747;101616
2073938156;101617
2073958566;101618
2073978975;101619
2073999385;101620
2074019794;101621
2074040204;101622
2074060612;101623
2074081022;101624
2074101431;101625
2074121841;101626
2074142254;101627
2074162714;101628
2074183127;101629
2074203532;101630
2074223942;101631
2074244351;101632
2074264761;101633
2074285175;101634
2074305580;101635
2074325990;101636
2074346398;101637
2074366808;101638
2074387218;101639
2074407627;101640
2074428041;101641
2074448446;101642
2074468856;101643
2074489266;101644
2074509674;101645
2074530084;101646
2074550494;101647
2074570907;101648
2074591313;101649
2074611722;101650
2074632131;101651
2074652545;101652
2074672950;101653
2074693360;101654
2074713769;101655
2074734179;101656
2074754589;101657
2074775001;101658
2074795407;101659
2074815821;101660
2074836226;101661
2074856636;101662
2074877049;101663
2074897455;101664
2074917865;101665
2074938277;101666
2074958687;101667
2074979092;101668
2074999502;101669
2075019916;101670
2075040321;101671
2075060731;101672
2075081140;101673
2075101549;101674
2075121959;101675
2075142368;101676
2075162782;101677
2075183188;101678
2075203597;101679
2075224010;101680
2075244415;101681
2075264825;101682
2075285235;101683
2075305644;101684
2075326054;101685
2075346464;101686
2075366873;101687
2075387286;101688
2075407691;101689
2075428101;101690
2075448511;101691
2075468924;101692
2075489330;101693
2075509739;101694
2075530148;101695
2075550558;101696
2075570967;101697
2075591377;101698
2075611787;101699
2075632196;101700
2075652606;101701
2075673014;101702
2075693424;101703
2075713834;101704
2075734243;101705
2075754653;101706
2075775062;101707
2075795472;101708
2075815885;101709
2075836294;101710
2075856704;101711
2075877113;101712
2075897523;101713
2075917929;101714
2075938338;101715
2075958751;101716
2075979157;101717
