1977620662;96900
1977641070;96901
1977661480;96902
1977681888;96903
1977702298;96904
1977722707;96905
1977743115;96906
1977763525;96907
1977783934;96908
1977804343;96909
1977824752;96910
1977845160;96911
1977865570;96912
1977885979;96913
1977906387;96914
1977926797;96915
1977947206;96916
1977967615;96917
1977988024;96918
1978008432;96919
1978028842;96920
1978049251;96921
1978069660;96922
1978090069;96923
1978110477;96924
1978130887;96925
1978151296;96926
1978171704;96927
1978192114;96928
1978212523;96929
1978232932;96930
1978253341;96931
1978273749;96932
1978294159;96933
1978314568;96934
1978334980;96935
1978355386;96936
1978375795;96937
1978396204;96938
1978416613;96939
1978437021;96940
1978457435;96941
1978477840;96942
1978498249;96943
1978518658;96944
1978539067;96945
1978559476;96946
1978579885;96947
1978600294;96948
1978620703;96949
1978641112;96950
1978661521;96951
1978681930;96952
1978702339;96953
1978722748;96954
1978743157;96955
1978763566;96956
1978783975;96957
1978804384;96958
1978824793;96959
1978845202;96960
1978865611;96961
1978886020;96962
1978906433;96963
1978926838;96964
1978947247;96965
1978967656;96966
1978988069;96967
1979008474;96968
1979028884;96969
1979049292;96970
1979069701;96971
1979090110;96972
1979110519;96973
1979130928;96974
1979151337;96975
1979171746;96976
1979192155;96977
1979212564;96978
1979232977;96979
1979253382;96980
1979273791;96981
1979294201;96982
1979314609;96983
1979335018;96984
1979355427;96985
1979375836;96986
1979396245;96987
1979416654;96988
1979437063;96989
1979457473;96990
1979477881;96991
1979498290;96992
1979518699;96993
1979539108;96994
1979559518;96995
1979579926;96996
1979600335;96997
1979620745;96998
1979641153;96999
1979661562;97000
1979681971;97001
1979702380;97002
1979722790;97003
1979743198;97004
1979763607;97005
1979784021;97006
1979804425;97007
1979824834;97008
1979845243;97009
1979865652;97010
1979886062;97011
1979906470;97012
1979926879;97013
1979947289;97014
1979967697;97015
1979988107;97016
1980008515;97017
1980028924;97018
1980049334;97019
1980069742;97020
1980090152;97021
1980110564;97022
1980130969;97023
1980151379;97024
1980171787;97025
1980192196;97026
1980212606;97027
1980233014;97028
1980253424;97029
1980273832;97030
1980294241;97031
1980314651;97032
1980335059;97033
1980355469;97034
1980375878;97035
1980396286;97036
1980416700;97037
1980437104;97038
1980457513;97039
1980477923;97040
1980498331;97041
1980518741;97042
1980539150;97043
1980559558;97044
1980579968;97045
1980600376;97046
1980620785;97047
1980641195;97048
1980661603;97049
1980682013;97050
1980702422;97051
1980722830;97052
1980743240;97053
1980763648;97054
1980784058;97055
1980804467;97056
1980824875;97057
1980845285;97058
1980865698;97059
1980886102;97060
1980906512;97061
1980926920;97062
1980947330;97063
1980967739;97064
1980988147;97065
1981008557;97066
1981028966;97067
1981049375;97068
1981069784;97069
1981090192;97070
1981110602;97071
1981131011;97072
1981151419;97073
1981171829;97074
1981192237;97075
1981212646;97076
1981233060;97077
1981253464;97078
1981273874;97079
1981294283;97080
1981314691;97081
1981335101;97082
1981355509;97083
1981375919;97084
1981396328;97085
1981416740;97086
1981437146;97087
1981457559;97088
1981477968;97089
1981498373;97090
1981518781;97091
1981539191;97092
1981559604;97093
1981580008;97094
1981600418;97095
1981620827;97096
1981641236;97097
1981661649;97098
1981682053;97099
1981702463;97100
1981722872;97101
1981743281;97102
1981763690;97103
1981784099;97104
1981804508;97105
1981824917;97106
1981845325;97107
1981865735;97108
1981886144;97109
1981906553;97110
1981926962;97111
1981947371;97112
1981967780;97113
1981988189;97114
1982008597;97115
1982029007;97116
1982049416;97117
1982069825;97118
1982090234;97119
1982110642;97120
1982131052;97121
1982151461;97122
1982171870;97123
1982192283;97124
1982212688;97125
1982233097;97126
1982253506;97127
1982273918;97128
1982294324;97129
1982314733;97130
1982335142;97131
1982355551;97132
1982375960;97133
1982396369;97134
1982416778;97135
1982437187;97136
1982457596;97137
1982478005;97138
1982498414;97139
1982518823;97140
1982539232;97141
1982559641;97142
1982580054;97143
1982600459;97144
1982620868;97145
1982641277;97146
1982661686;97147
1982682095;97148
1982702505;97149
1982722913;97150
1982743322;97151
1982763731;97152
1982784140;97153
1982804549;97154
1982824962;97155
1982845367;97156
1982865777;97157
1982886185;97158
1982906594;97159
1982927003;97160
1982947412;97161
1982967822;97162
1982988230;97163
1983008639;97164
1983029048;97165
1983049457;97166
1983069866;97167
1983090275;97168
1983110684;97169
1983131094;97170
1983151502;97171
1983171911;97172
1983192320;97173
1983212729;97174
1983233139;97175
1983253547;97176
1983273956;97177
1983294366;97178
1983314774;97179
1983335183;97180
1983355592;97181
1983376001;97182
1983396411;97183
1983416819;97184
1983437228;97185
1983457638;97186
1983478046;97187
1983498455;97188
1983518864;97189
1983539277;97190
1983559683;97191
1983580091;97192
1983600500;97193
1983620910;97194
1983641318;97195
1983661728;97196
1983682140;97197
1983702545;97198
1983722955;97199
1983743363;97200
1983763773;97201
1983784182;97202
1983804590;97203
1983825000;97204
1983845408;97205
1983865817;97206
1983886227;97207
1983906635;97208
1983927045;97209
1983947454;97210
1983967866;97211
1983988272;97212
1984008680;97213
1984029089;97214
1984049499;97215
1984069907;97216
1984090317;97217
1984110725;97218
1984131134;97219
1984151517;97220
1984171925;97221
1984192335;97222
1984212743;97223
1984233152;97224
1984253562;97225
1984273970;97226
1984294379;97227
1984314788;97228
1984335197;97229
1984355606;97230
1984376015;97231
1984396428;97232
1984416833;97233
1984437242;97234
1984457650;97235
1984478060;97236
1984498468;97237
1984518878;97238
1984539286;97239
1984559695;97240
1984580105;97241
1984600513;97242
1984620923;97243
1984641331;97244
1984661744;97245
1984682149;97246
1984702558;97247
1984722968;97248
1984743376;97249
1984763785;97250
1984784194;97251
1984804603;97252
1984825011;97253
1984845421;97254
1984865830;97255
1984886243;97256
1984906648;97257
1984927056;97258
1984947466;97259
1984967874;97260
1984988284;97261
1985008693;97262
1985029101;97263
1985049511;97264
1985069919;97265
1985090328;97266
1985110737;97267
1985131146;97268
1985151556;97269
1985171964;97270
1985192373;97271
1985212782;97272
1985233191;97273
1985253600;97274
1985274009;97275
1985294417;97276
1985314827;97277
1985335236;97278
1985355644;97279
1985376054;97280
1985396462;97281
1985416875;97282
1985437280;97283
1985457689;97284
1985478099;97285
1985498507;97286
1985518917;97287
1985539325;97288
1985559734;97289
1985580143;97290
1985600552;97291
1985620961;97292
1985641370;97293
1985661779;97294
1985682188;97295
1985702597;97296
1985723005;97297
1985743415;97298
1985763824;97299
1985784233;97300
1985804642;97301
1985825050;97302
1985845464;97303
1985865868;97304
1985886277;97305
1985906687;97306
1985927099;97307
1985947505;97308
1985967913;97309
1985988322;97310
1986008731;97311
1986029140;97312
1986049549;97313
1986069958;97314
1986090367;97315
1986110776;97316
1986131185;97317
1986151593;97318
1986172003;97319
1986192411;97320
1986212821;97321
1986233230;97322
1986253638;97323
1986274048;97324
1986294456;97325
1986314865;97326
1986335274;97327
1986355683;97328
1986376093;97329
1986396501;97330
1986416910;97331
1986437319;97332
1986457728;97333
1986478137;97334
1986498546;97335
1986518955;97336
1986539364;97337
1986559773;97338
1986580181;97339
1986600591;97340
1986620999;97341
1986641409;97342
1986661817;97343
1986682230;97344
1986702636;97345
1986723044;97346
1986743454;97347
1986763862;97348
1986784271;97349
1986804680;97350
1986825089;97351
1986845499;97352
1986865907;97353
1986886316;97354
1986906729;97355
1986927134;97356
1986947542;97357
1986967952;97358
1986988361;97359
1987008769;97360
1987029179;97361
1987049587;97362
1987069997;97363
1987090405;97364
1987110814;97365
1987131224;97366
1987151632;97367
1987172042;97368
1987192450;97369
1987212859;97370
1987233268;97371
1987253677;97372
1987274087;97373
1987294495;97374
1987314904;97375
1987335313;97376
1987355722;97377
1987376130;97378
1987396540;97379
1987416952;97380
1987437358;97381
1987457767;97382
1987478175;97383
1987498585;97384
1987518993;97385
1987539406;97386
1987559811;97387
1987580220;97388
1987600630;97389
1987621038;97390
1987641447;97391
1987661856;97392
1987682265;97393
1987702674;97394
1987723083;97395
1987743492;97396
1987763901;97397
1987784310;97398
1987804718;97399
1987825128;97400
1987845536;97401
1987865946;97402
1987886355;97403
1987906763;97404
1987927173;97405
1987947581;97406
1987967991;97407
1987988399;97408
1988008808;97409
1988029218;97410
1988049626;97411
1988070036;97412
1988090444;97413
1988110853;97414
1988131262;97415
1988151671;97416
1988172079;97417
1988192489;97418
1988212898;97419
1988233307;97420
1988253716;97421
1988274124;97422
1988294534;97423
1988314942;97424
1988335352;97425
1988355765;97426
1988376173;97427
1988396579;97428
1988416987;97429
1988437396;97430
1988457805;97431
1988478214;97432
1988498624;97433
1988519032;97434
1988539441;97435
1988559850;97436
1988580259;97437
1988600668;97438
1988621077;97439
1988641486;97440
1988661895;97441
1988682304;97442
1988702712;97443
1988723122;97444
1988743530;97445
1988763940;97446
1988784348;97447
1988804757;97448
1988825167;97449
1988845579;97450
1988865988;97451
1988886397;97452
1988906802;97453
1988927211;97454
1988947620;97455
1988968033;97456
1988988442;97457
1989008847;97458
1989029256;97459
1989049665;97460
1989070073;97461
1989090483;97462
1989110892;97463
1989131300;97464
1989151710;97465
1989172118;97466
1989192528;97467
1989212936;97468
1989233345;97469
1989253755;97470
1989274163;97471
1989294573;97472
1989314981;97473
1989335390;97474
1989355799;97475
1989376208;97476
1989396617;97477
1989417026;97478
1989437439;97479
1989457844;97480
1989478253;97481
1989498661;97482
1989519071;97483
1989539479;97484
1989559889;97485
1989580298;97486
1989600706;97487
1989621116;97488
1989641524;97489
1989661934;97490
1989682342;97491
1989702751;97492
1989723161;97493
1989743569;97494
1989763978;97495
1989784387;97496
1989804796;97497
1989825205;97498
1989845618;97499
1989866027;97500
1989886432;97501
1989906841;97502
1989927249;97503
1989947659;97504
1989968067;97505
1989988477;97506
1990008886;97507
1990029294;97508
1990049704;97509
1990070112;97510
1990090526;97511
1990110930;97512
1990131339;97513
1990151749;97514
1990172157;97515
1990192566;97516
1990212975;97517
1990233384;97518
1990253793;97519
1990274202;97520
1990294610;97521
1990315020;97522
1990335429;97523
1990355837;97524
1990376247;97525
1990396655;97526
1990417065;97527
1990437477;97528
1990457882;97529
1990478292;97530
1990498700;97531
1990519110;97532
1990539518;97533
1990559927;97534
1990580336;97535
1990600745;97536
1990621155;97537
1990641567;97538
1990661972;97539
1990682381;97540
1990702790;97541
1990723198;97542
1990743608;97543
1990764017;97544
1990784426;97545
1990804835;97546
1990825243;97547
1990845653;97548
1990866061;97549
1990886471;97550
1990906879;97551
1990927292;97552
1990947698;97553
1990968106;97554
1990988515;97555
1991008928;97556
1991029333;97557
1991049742;97558
1991070155;97559
1991090564;97560
1991110969;97561
1991131378;97562
1991151786;97563
1991172196;97564
1991192604;97565
1991213014;97566
1991233423;97567
1991253831;97568
1991274241;97569
1991294649;97570
1991315058;97571
1991335467;97572
1991355876;97573
1991376290;97574
1991396694;97575
1991417103;97576
1991437512;97577
1991457921;97578
1991478330;97579
1991498739;97580
1991519148;97581
1991539557;97582
1991559966;97583
1991580375;97584
1991600784;97585
1991621192;97586
1991641602;97587
1991662010;97588
1991682419;97589
1991702829;97590
1991723237;97591
1991743647;97592
1991764055;97593
1991784464;97594
1991804873;97595
1991825282;97596
1991845692;97597
1991866100;97598
1991886509;97599
1991906918;97600
1991927327;97601
1991947735;97602
1991968145;97603
1991988554;97604
1992008963;97605
1992029372;97606
1992049780;97607
1992070190;97608
1992090602;97609
1992111008;97610
1992131417;97611
1992151825;97612
1992172235;97613
1992192647;97614
1992213052;97615
1992233461;97616
1992253870;97617
1992274280;97618
1992294688;97619
1992315097;97620
1992335506;97621
1992355915;97622
1992376323;97623
1992396733;97624
1992417141;97625
1992437555;97626
1992457960;97627
1992478368;97628
1992498778;97629
1992519186;97630
1992539596;97631
1992560008;97632
1992580413;97633
1992600827;97634
1992621231;97635
1992641640;97636
1992662049;97637
1992682458;97638
1992702867;97639
1992723276;97640
1992743685;97641
1992764094;97642
1992784503;97643
1992804912;97644
1992825321;97645
1992845729;97646
1992866139;97647
1992886548;97648
1992906956;97649
1992927366;97650
1992947774;97651
1992968184;97652
1992988592;97653
1993009001;97654
1993029411;97655
1993049819;97656
1993070229;97657
1993090637;97658
1993111046;97659
1993131455;97660
1993151864;97661
1993172273;97662
1993192682;97663
1993213091;97664
1993233504;97665
1993253909;97666
1993274317;97667
1993294727;97668
1993315135;97669
1993335545;97670
1993355954;97671
1993376362;97672
1993396772;97673
1993417180;97674
1993437590;97675
1993457998;97676
1993478407;97677
1993498817;97678
1993519225;97679
1993539638;97680
1993560043;97681
1993580452;97682
1993600860;97683
1993621270;97684
1993641679;97685
1993662088;97686
1993682497;97687
1993702905;97688
1993723319;97689
1993743723;97690
1993764132;97691
1993784541;97692
1993804950;97693
1993825360;97694
1993845768;97695
1993866177;97696
1993886586;97697
1993906995;97698
1993927408;97699
1993947813;97700
1993968222;97701
1993988631;97702
1994009040;97703
1994029449;97704
1994049858;97705
1994070270;97706
1994090680;97707
1994111085;97708
1994131494;97709
1994151915;97710
1994172327;97711
1994192737;97712
1994213141;97713
1994233550;97714
1994253960;97715
1994274368;97716
1994294781;97717
1994315186;97718
1994335595;97719
1994356005;97720
1994376413;97721
1994396823;97722
1994417231;97723
1994437640;97724
1994458050;97725
1994478458;97726
1994498867;97727
1994519276;97728
1994539685;97729
1994560095;97730
1994580503;97731
1994600912;97732
1994621321;97733
1994641730;97734
1994662140;97735
1994682552;97736
1994702957;97737
1994723366;97738
1994743775;97739
1994764183;97740
1994784593;97741
1994805006;97742
1994825411;97743
1994845820;97744
1994866228;97745
1994886642;97746
1994907047;97747
1994927456;97748
1994947865;97749
1994968273;97750
1994988683;97751
1995009092;97752
1995029500;97753
1995049910;97754
1995070318;97755
1995090728;97756
1995111141;97757
1995131545;97758
1995151955;97759
1995172363;97760
1995192773;97761
1995213181;97762
1995233594;97763
1995254000;97764
1995274408;97765
1995294817;97766
1995315226;97767
1995335635;97768
1995356045;97769
1995376453;97770
1995396866;97771
1995417271;97772
1995437680;97773
1995458089;97774
1995478498;97775
1995498907;97776
1995519316;97777
1995539725;97778
1995560134;97779
1995580543;97780
1995600952;97781
1995621360;97782
1995641770;97783
1995662179;97784
1995682588;97785
1995702997;97786
1995723405;97787
1995743815;97788
1995764223;97789
1995784633;97790
1995805042;97791
1995825450;97792
1995845860;97793
1995866268;97794
1995886678;97795
1995907087;97796
1995927495;97797
1995947905;97798
1995968313;97799
1995988722;97800
1996009132;97801
1996029540;97802
1996049950;97803
1996070358;97804
1996090767;97805
1996111181;97806
1996131589;97807
1996151994;97808
1996172407;97809
1996192812;97810
1996213221;97811
1996233634;97812
1996254039;97813
1996274448;97814
1996294857;97815
1996315265;97816
1996335675;97817
1996356084;97818
1996376493;97819
1996396902;97820
1996417311;97821
1996437720;97822
1996458129;97823
1996478538;97824
1996498947;97825
1996519355;97826
1996539765;97827
1996560174;97828
1996580583;97829
1996600992;97830
1996621404;97831
1996641810;97832
1996662219;97833
1996682627;97834
1996703037;97835
1996723445;97836
1996743855;97837
1996764263;97838
1996784672;97839
1996805082;97840
1996825490;97841
1996845900;97842
1996866308;97843
1996886717;97844
1996907127;97845
1996927535;97846
1996947944;97847
1996968353;97848
1996988762;97849
1997009172;97850
1997029580;97851
1997049989;97852
1997070398;97853
1997090807;97854
1997111217;97855
1997131629;97856
1997152034;97857
1997172443;97858
1997192852;97859
1997213260;97860
1997233670;97861
1997254079;97862
1997274491;97863
1997294901;97864
1997315305;97865
1997335715;97866
1997356124;97867
1997376532;97868
1997396942;97869
1997417350;97870
1997437760;97871
1997458173;97872
1997478577;97873
1997498987;97874
1997519395;97875
1997539805;97876
1997560214;97877
1997580622;97878
1997601032;97879
1997621440;97880
1997641850;97881
1997662259;97882
1997682671;97883
1997703081;97884
1997723489;97885
1997743894;97886
1997764303;97887
1997784712;97888
1997805121;97889
1997825530;97890
1997845939;97891
1997866348;97892
1997886757;97893
1997907166;97894
1997927575;97895
1997947984;97896
1997968393;97897
1997988802;97898
1998009211;97899
1998029620;97900
1998050029;97901
1998070437;97902
1998090847;97903
1998111256;97904
1998131665;97905
1998152074;97906
1998172482;97907
1998192892;97908
1998213300;97909
1998233710;97910
1998254123;97911
1998274527;97912
1998294937;97913
1998315345;97914
1998335754;97915
1998356164;97916
1998376572;97917
1998396982;97918
1998417390;97919
1998437799;97920
1998458209;97921
1998478617;97922
1998499026;97923
1998519435;97924
1998539844;97925
1998560254;97926
1998580662;97927
1998601071;97928
1998621484;97929
1998641889;97930
1998662299;97931
1998682707;97932
1998703116;97933
1998723525;97934
1998743934;97935
1998764342;97936
1998784752;97937
1998805161;97938
1998825570;97939
1998845979;97940
1998866388;97941
1998886801;97942
1998907206;97943
1998927615;97944
1998948028;97945
1998968432;97946
1998988842;97947
1999009255;97948
1999029660;97949
1999050069;97950
1999070477;97951
1999090887;97952
1999111296;97953
1999131704;97954
1999152114;97955
1999172522;97956
1999192932;97957
1999213340;97958
1999233749;97959
1999254159;97960
1999274567;97961
1999294977;97962
1999315385;97963
1999335794;97964
1999356204;97965
1999376612;97966
1999397025;97967
1999417430;97968
1999437839;97969
1999458249;97970
1999478657;97971
1999499066;97972
1999519475;97973
1999539884;97974
1999560293;97975
1999580702;97976
1999601111;97977
1999621520;97978
1999641929;97979
1999662338;97980
1999682747;97981
1999703156;97982
1999723565;97983
1999743974;97984
1999764382;97985
1999784792;97986
1999805201;97987
1999825610;97988
1999846019;97989
1999866431;97990
1999886837;97991
1999907246;97992
1999927654;97993
1999948064;97994
1999968472;97995
1999988882;97996
2000009291;97997
2000029699;97998
2000050109;97999
2000070521;98000
2000090926;98001
2000111336;98002
2000131744;98003
2000152154;98004
2000172562;98005
2000192971;98006
2000213383;98007
2000233789;98008
2000254199;98009
2000274607;98010
2000295020;98011
2000315425;98012
2000335834;98013
2000356243;98014
2000376652;98015
2000397061;98016
2000417470;98017
2000437879;98018
2000458288;98019
2000478697;98020
2000499106;98021
2000519515;98022
2000539924;98023
2000560333;98024
2000580742;98025
2000601151;98026
2000621560;98027
2000641969;98028
2000662378;98029
2000682787;98030
2000703196;98031
2000723604;98032
2000744018;98033
2000764422;98034
2000784835;98035
2000805241;98036
2000825649;98037
2000846059;98038
2000866467;98039
2000886877;98040
2000907286;98041
2000927694;98042
2000948104;98043
2000968512;98044
2000988921;98045
2001009335;98046
2001029739;98047
2001050152;98048
2001070557;98049
2001090966;98050
2001111376;98051
2001131784;98052
2001152193;98053
2001172602;98054
2001193011;98055
2001213424;98056
2001233829;98057
2001254238;98058
2001274647;98059
2001295056;98060
2001315465;98061
2001335874;98062
2001356283;98063
2001376696;98064
2001397101;98065
2001417509;98066
2001437919;98067
2001458328;98068
2001478737;98069
2001499146;98070
2001519554;98071
2001539964;98072
2001560373;98073
2001580782;98074
2001601191;98075
2001621599;98076
2001642009;98077
2001662418;98078
2001682827;98079
2001703236;98080
2001723644;98081
2001744054;98082
2001764462;98083
2001784871;98084
2001805281;98085
2001825689;98086
2001846103;98087
2001866507;98088
2001886916;98089
2001907326;98090
2001927734;98091
2001948143;98092
2001968552;98093
2001988961;98094
2002009371;98095
2002029779;98096
2002050188;98097
2002070597;98098
2002091006;98099
2002111416;98100
2002131828;98101
2002152237;98102
2002172642;98103
2002193051;98104
2002213463;98105
2002233869;98106
2002254278;98107
2002274687;98108
2002295096;98109
2002315504;98110
2002335914;98111
2002356323;98112
2002376732;98113
2002397141;98114
2002417549;98115
2002437959;98116
2002458368;98117
2002478777;98118
2002499186;98119
2002519598;98120
2002540004;98121
2002560417;98122
2002580821;98123
2002601231;98124
2002621639;98125
2002642049;98126
2002662458;98127
2002682866;98128
2002703276;98129
2002723684;98130
2002744094;98131
2002764502;98132
2002784911;98133
2002805321;98134
2002825729;98135
2002846138;98136
2002866547;98137
2002886956;98138
2002907366;98139
2002927774;98140
2002948183;98141
2002968592;98142
2002989001;98143
2003009410;98144
2003029819;98145
2003050228;98146
2003070637;98147
2003091046;98148
2003111455;98149
2003131864;98150
2003152273;98151
2003172682;98152
2003193091;98153
2003213499;98154
2003233909;98155
2003254318;98156
2003274726;98157
2003295136;98158
2003315544;98159
2003335954;98160
2003356367;98161
2003376771;98162
2003397181;98163
2003417589;98164
2003437999;98165
2003458408;98166
2003478816;98167
2003499226;98168
2003519634;98169
2003540044;98170
2003560453;98171
2003580865;98172
2003601271;98173
2003621679;98174
2003642088;98175
2003662498;98176
2003682910;98177
2003703316;98178
2003723724;98179
2003744133;98180
2003764542;98181
2003784951;98182
2003805360;98183
2003825769;98184
2003846178;98185
2003866587;98186
2003886996;98187
2003907405;98188
2003927814;98189
2003948223;98190
2003968632;98191
2003989041;98192
2004009450;98193
2004029863;98194
2004050268;98195
2004070677;98196
2004091090;98197
2004111495;98198
2004131904;98199
2004152281;98200
2004172689;98201
2004193099;98202
2004213507;98203
2004233917;98204
2004254325;98205
2004274734;98206
2004295143;98207
2004315556;98208
2004335960;98209
2004356370;98210
2004376778;98211
2004397188;98212
2004417597;98213
2004438005;98214
2004458415;98215
2004478823;98216
2004499233;98217
2004519641;98218
2004540054;98219
2004560459;98220
2004580868;98221
2004601276;98222
2004621686;98223
2004642094;98224
2004662504;98225
2004682912;98226
2004703321;98227
2004723730;98228
2004744139;98229
2004764547;98230
2004784957;98231
2004805366;98232
2004825775;98233
2004846184;98234
2004866593;98235
2004887002;98236
2004907410;98237
2004927820;98238
2004948228;98239
2004968637;98240
2004989046;98241
2005009455;98242
2005029863;98243
2005050273;98244
2005070681;98245
2005091091;98246
2005111499;98247
2005131908;98248
2005152317;98249
2005172726;98250
2005193140;98251
2005213544;98252
2005233953;98253
2005254366;98254
2005274771;98255
2005295183;98256
2005315593;98257
2005335997;98258
2005356407;98259
2005376815;98260
2005397224;98261
2005417633;98262
2005438042;98263
2005458451;98264
2005478860;98265
2005499268;98266
2005519678;98267
2005540086;98268
2005560495;98269
2005580905;98270
2005601313;98271
2005621723;98272
2005642131;98273
2005662540;98274
2005682949;98275
2005703358;98276
2005723767;98277
2005744176;98278
2005764584;98279
2005784994;98280
2005805406;98281
2005825815;98282
2005846220;98283
2005866629;98284
2005887038;98285
2005907447;98286
2005927855;98287
2005948265;98288
2005968674;98289
2005989083;98290
2006009492;98291
2006029900;98292
2006050310;98293
2006070718;98294
2006091127;98295
2006111536;98296
2006131945;98297
2006152354;98298
2006172763;98299
2006193171;98300
2006213581;98301
2006233989;98302
2006254399;98303
2006274807;98304
2006295216;98305
2006315625;98306
2006336034;98307
2006356443;98308
2006376852;98309
2006397261;98310
2006417670;98311
2006438079;98312
2006458487;98313
2006478897;98314
2006499309;98315
2006519715;98316
2006540127;98317
2006560532;98318
2006580941;98319
2006601350;98320
2006621759;98321
2006642168;98322
2006662576;98323
2006682986;98324
2006703394;98325
2006723807;98326
2006744213;98327
2006764625;98328
2006785031;98329
2006805439;98330
2006825848;98331
2006846261;98332
2006866666;98333
2006887074;98334
2006907484;98335
2006927892;98336
2006948302;98337
2006968710;98338
2006989123;98339
2007009528;98340
2007029937;98341
2007050345;98342
2007070755;98343
2007091164;98344
2007111573;98345
2007131982;98346
2007152390;98347
2007172800;98348
2007193208;98349
2007213618;98350
2007234026;98351
2007254435;98352
2007274844;98353
2007295253;98354
2007315666;98355
2007336071;98356
2007356479;98357
2007376889;98358
2007397297;98359
2007417706;98360
2007438115;98361
2007458524;98362
2007478934;98363
2007499342;98364
2007519751;98365
2007540160;98366
2007560569;98367
2007580978;98368
2007601387;98369
2007621799;98370
2007642205;98371
2007662613;98372
2007683022;98373
2007703435;98374
2007723844;98375
2007744249;98376
2007764658;98377
2007785066;98378
2007805476;98379
2007825884;98380
2007846293;98381
2007866703;98382
2007887111;98383
2007907521;98384
2007927929;98385
2007948338;98386
2007968747;98387
2007989156;98388
2008009565;98389
2008029974;98390
2008050382;98391
2008070792;98392
2008091200;98393
2008111610;98394
2008132018;98395
2008152427;98396
2008172836;98397
2008193245;98398
2008213653;98399
2008234063;98400
2008254476;98401
2008274881;98402
2008295290;98403
2008315698;98404
2008336108;98405
2008356520;98406
2008376926;98407
2008397334;98408
2008417743;98409
2008438152;98410
2008458561;98411
2008478969;98412
2008499379;98413
2008519787;98414
2008540197;98415
2008560605;98416
2008581014;98417
2008601423;98418
2008621832;98419
2008642241;98420
2008662650;98421
2008683059;98422
2008703468;98423
2008723877;98424
2008744289;98425
2008764695;98426
2008785103;98427
2008805513;98428
2008825921;98429
2008846330;98430
2008866739;98431
2008887148;98432
2008907556;98433
2008927966;98434
2008948374;98435
2008968784;98436
2008989192;98437
2009009601;98438
2009030011;98439
2009050419;98440
2009070828;98441
2009091237;98442
2009111646;98443
2009132055;98444
2009152464;98445
2009172872;98446
2009193286;98447
2009213690;98448
2009234100;98449
2009254512;98450
2009274917;98451
2009295326;98452
2009315735;98453
2009336147;98454
2009356553;98455
2009376961;98456
2009397371;98457
2009417780;98458
2009438188;98459
2009458598;98460
2009479006;98461
2009499419;98462
2009519824;98463
2009540233;98464
2009560642;98465
2009581051;98466
2009601459;98467
2009621869;98468
2009642277;98469
2009662686;98470
2009683095;98471
2009703504;98472
2009723913;98473
2009744322;98474
2009764730;98475
2009785144;98476
2009805549;98477
2009825957;98478
2009846367;98479
2009866775;98480
2009887185;98481
2009907593;98482
2009928002;98483
2009948411;98484
2009968820;98485
2009989228;98486
2010009638;98487
2010030046;98488
2010050455;98489
2010070864;98490
2010091277;98491
2010111682;98492
2010132091;98493
2010152499;98494
2010172909;98495
2010193318;98496
2010213726;98497
2010234136;98498
2010254544;98499
2010274954;98500
2010295362;98501
2010315771;98502
2010336180;98503
2010356589;98504
2010376997;98505
2010397407;98506
2010417815;98507
2010438224;98508
2010458633;98509
2010479042;98510
2010499451;98511
2010519860;98512
2010540268;98513
2010560678;98514
2010581087;98515
2010601495;98516
2010621905;98517
2010642313;98518
2010662722;98519
2010683131;98520
2010703540;98521
2010723948;98522
2010744358;98523
2010764766;98524
2010785179;98525
2010805588;98526
2010825993;98527
2010846401;98528
2010866811;98529
2010887219;98530
2010907628;98531
2010928037;98532
2010948446;98533
2010968856;98534
2010989264;98535
2011009673;98536
2011030082;98537
2011050491;98538
2011070899;98539
2011091309;98540
2011111717;98541
2011132126;98542
2011152535;98543
2011172944;98544
2011193352;98545
2011213762;98546
2011234170;98547
2011254579;98548
2011274988;98549
2011295397;98550
2011315806;98551
2011336215;98552
2011356628;98553
2011377033;98554
2011397442;98555
2011417850;98556
2011438260;98557
2011458668;98558
2011479077;98559
2011499486;98560
2011519895;98561
2011540303;98562
2011560713;98563
2011581121;98564
2011601530;98565
2011621939;98566
2011642348;98567
2011662756;98568
2011683166;98569
2011703574;98570
2011723983;98571
2011744393;98572
2011764801;98573
2011785210;98574
2011805619;98575
2011826032;98576
2011846440;98577
2011866846;98578
2011887254;98579
2011907663;98580
2011928072;98581
2011948485;98582
2011968889;98583
2011989299;98584
2012009707;98585
2012030116;98586
2012050529;98587
2012070934;98588
2012091342;98589
2012111752;98590
2012132161;98591
2012152569;98592
2012172979;98593
2012193387;98594
2012213796;98595
2012234205;98596
2012254614;98597
2012275022;98598
2012295432;98599
2012315840;98600
2012336253;98601
2012356658;98602
2012377067;98603
2012397475;98604
2012417885;98605
2012438293;98606
2012458702;98607
2012479111;98608
2012499520;98609
2012519930;98610
2012540338;98611
2012560747;98612
2012581155;98613
2012601565;98614
2012621973;98615
2012642382;98616
2012662791;98617
2012683200;98618
2012703608;98619
2012724018;98620
2012744426;98621
2012764835;98622
2012785244;98623
2012805653;98624
2012826062;98625
2012846471;98626
2012866884;98627
2012887289;98628
2012907698;98629
2012928106;98630
2012948519;98631
2012968924;98632
2012989333;98633
2013009742;98634
2013030151;98635
2013050559;98636
2013070973;98637
2013091377;98638
2013111786;98639
2013132195;98640
2013152604;98641
2013173012;98642
2013193422;98643
2013213830;98644
2013234239;98645
2013254649;98646
2013275057;98647
2013295470;98648
2013315879;98649
2013336284;98650
2013356692;98651
2013377102;98652
2013397510;98653
2013417919;98654
2013438328;98655
2013458737;98656
2013479145;98657
2013499559;98658
2013519963;98659
2013540372;98660
2013560781;98661
2013581190;98662
2013601598;98663
2013622008;98664
2013642417;98665
2013662829;98666
2013683235;98667
2013703643;98668
2013724053;98669
2013744461;98670
2013764874;98671
2013785279;98672
2013805688;98673
2013826096;98674
2013846506;98675
2013866914;98676
2013887323;98677
2013907732;98678
2013928145;98679
2013948549;98680
2013968959;98681
2013989367;98682
2014009776;98683
2014030186;98684
2014050594;98685
2014071003;98686
2014091412;98687
2014111821;98688
2014132229;98689
2014152667;98690
2014173075;98691
2014193484;98692
2014213893;98693
2014234302;98694
2014254711;98695
2014275120;98696
2014295529;98697
2014315938;98698
2014336347;98699
2014356756;98700
2014377165;98701
2014397574;98702
2014417982;98703
2014438392;98704
2014458800;98705
2014479209;98706
2014499619;98707
2014520027;98708
2014540436;98709
2014560845;98710
2014581254;98711
2014601663;98712
2014622076;98713
2014642481;98714
2014662889;98715
2014683299;98716
2014703707;98717
2014724117;98718
2014744526;98719
2014764934;98720
2014785344;98721
2014805756;98722
2014826161;98723
2014846571;98724
2014866979;98725
2014887388;98726
2014907801;98727
2014928210;98728
2014948614;98729
2014969024;98730
2014989433;98731
2015009842;98732
2015030251;98733
2015050659;98734
2015071069;98735
2015091478;98736
2015111886;98737
2015132300;98738
2015152704;98739
2015173113;98740
2015193522;98741
2015213931;98742
2015234340;98743
2015254749;98744
2015275158;98745
2015295566;98746
2015315976;98747
2015336385;98748
2015356794;98749
2015377207;98750
2015397611;98751
2015418021;98752
2015438429;98753
2015458838;98754
2015479248;98755
2015499656;98756
2015520065;98757
2015540474;98758
2015560883;98759
2015581293;98760
2015601701;98761
2015622110;98762
2015642519;98763
2015662928;98764
2015683336;98765
2015703746;98766
2015724155;98767
2015744563;98768
2015764973;98769
2015785381;98770
2015805794;98771
2015826200;98772
2015846608;98773
2015867018;98774
2015887426;98775
2015907835;98776
2015928244;98777
2015948653;98778
2015969062;98779
2015989471;98780
2016009880;98781
2016030288;98782
2016050698;98783
2016071111;98784
2016091516;98785
2016111929;98786
2016132333;98787
2016152743;98788
2016173151;98789
2016193560;98790
2016213970;98791
2016234378;98792
2016254787;98793
2016275196;98794
2016295605;98795
2016316014;98796
2016336423;98797
2016356832;98798
2016377241;98799
2016397650;98800
2016418058;98801
2016438468;98802
2016458881;98803
2016479285;98804
2016499695;98805
2016520103;98806
2016540516;98807
2016560922;98808
2016581330;98809
2016601740;98810
2016622148;98811
2016642557;98812
2016662966;98813
2016683375;98814
2016703784;98815
2016724193;98816
2016744602;98817
2016765010;98818
2016785420;98819
2016805833;98820
2016826238;98821
2016846647;98822
2016867055;98823
2016887469;98824
2016907873;98825
2016928282;98826
2016948692;98827
2016969100;98828
2016989510;98829
2017009918;98830
2017030331;98831
2017050737;98832
2017071145;98833
2017091554;98834
2017111963;98835
2017132372;98836
2017152780;98837
2017173190;98838
2017193599;98839
2017214008;98840
2017234417;98841
2017254825;98842
2017275234;98843
2017295644;98844
2017316052;98845
2017336462;98846
2017356874;98847
2017377279;98848
2017397688;98849
2017418097;98850
2017438506;98851
2017458919;98852
2017479324;98853
2017499733;98854
2017520142;98855
2017540551;98856
2017560960;98857
2017581369;98858
2017601778;98859
2017622187;98860
2017642595;98861
2017663005;98862
2017683414;98863
2017703822;98864
2017724232;98865
2017744640;98866
2017765050;98867
2017785459;98868
2017805871;98869
2017826277;98870
2017846688;98871
2017867098;98872
2017887504;98873
2017907912;98874
2017928322;98875
2017948730;98876
2017969139;98877
2017989548;98878
2018009957;98879
2018030366;98880
2018050775;98881
2018071184;98882
2018091592;98883
2018112002;98884
2018132411;98885
2018152820;98886
2018173229;98887
2018193637;98888
2018214047;98889
2018234455;98890
2018254864;98891
2018275274;98892
2018295682;98893
2018316091;98894
2018336500;98895
2018356909;98896
2018377319;98897
2018397727;98898
2018418136;98899
2018438545;98900
2018458954;98901
2018479362;98902
2018499772;98903
2018520181;98904
2018540590;98905
2018560999;98906
2018581411;98907
2018601821;98908
2018622226;98909
2018642635;98910
2018663044;98911
2018683452;98912
2018703862;98913
2018724270;98914
2018744679;98915
2018765089;98916
2018785497;98917
2018805906;98918
2018826315;98919
2018846724;98920
2018867134;98921
2018887542;98922
2018907951;98923
2018928360;98924
2018948769;98925
2018969181;98926
2018989587;98927
2019009996;98928
2019030405;98929
2019050814;98930
2019071222;98931
2019091632;98932
2019112041;98933
2019132449;98934
2019152859;98935
2019173267;98936
2019193677;98937
2019214085;98938
2019234494;98939
2019254904;98940
2019275312;98941
2019295721;98942
2019316130;98943
2019336539;98944
2019356949;98945
2019377361;98946
2019397766;98947
2019418175;98948
2019438584;98949
2019458992;98950
2019479402;98951
2019499811;98952
2019520220;98953
2019540629;98954
2019561037;98955
2019581447;98956
2019601856;98957
2019622265;98958
2019642674;98959
2019663082;98960
2019683492;98961
2019703900;98962
2019724309;98963
2019744719;98964
2019765127;98965
2019785536;98966
2019805945;98967
2019826358;98968
2019846767;98969
2019867172;98970
2019887581;98971
2019907990;98972
2019928399;98973
2019948807;98974
2019969217;98975
2019989626;98976
2020010035;98977
2020030444;98978
2020050852;98979
2020071262;98980
2020091671;98981
2020112079;98982
2020132489;98983
2020152897;98984
2020173307;98985
2020193715;98986
2020214124;98987
2020234534;98988
2020254942;98989
2020275352;98990
2020295760;98991
2020316169;98992
2020336579;98993
2020356987;98994
2020377396;98995
2020397805;98996
2020418214;98997
2020438623;98998
2020459032;98999
2020479441;99000
2020499850;99001
2020520259;99002
2020540667;99003
2020561077;99004
2020581486;99005
2020601895;99006
2020622304;99007
2020642712;99008
2020663122;99009
2020683530;99010
2020703939;99011
2020724349;99012
2020744757;99013
2020765167;99014
2020785575;99015
2020805984;99016
2020826394;99017
2020846802;99018
2020867212;99019
2020887620;99020
2020908029;99021
2020928438;99022
2020948847;99023
2020969256;99024
2020989665;99025
2021010074;99026
2021030483;99027
2021050892;99028
2021071301;99029
2021091710;99030
2021112119;99031
2021132527;99032
2021152937;99033
2021173345;99034
2021193755;99035
2021214168;99036
2021234572;99037
2021254982;99038
2021275394;99039
2021295799;99040
2021316209;99041
2021336617;99042
2021357027;99043
2021377435;99044
2021397844;99045
2021418253;99046
2021438662;99047
2021459071;99048
2021479480;99049
2021499889;99050
2021520298;99051
2021540707;99052
2021561120;99053
2021581525;99054
2021601934;99055
2021622343;99056
2021642752;99057
2021663160;99058
2021683570;99059
2021703979;99060
2021724387;99061
2021744797;99062
2021765205;99063
2021785615;99064
2021806024;99065
2021826432;99066
2021846842;99067
2021867250;99068
2021887659;99069
2021908068;99070
2021928481;99071
2021948887;99072
2021969295;99073
2021989704;99074
2022010113;99075
2022030522;99076
2022050932;99077
2022071340;99078
2022091749;99079
2022112158;99080
2022132567;99081
2022152976;99082
2022173385;99083
2022193794;99084
2022214203;99085
2022234612;99086
2022255020;99087
2022275430;99088
2022295839;99089
2022316248;99090
2022336661;99091
2022357065;99092
2022377475;99093
2022397883;99094
2022418292;99095
2022438702;99096
2022459110;99097
2022479520;99098
2022499932;99099
2022520337;99100
2022540747;99101
2022561155;99102
2022581564;99103
2022601973;99104
2022622382;99105
2022642791;99106
2022663200;99107
2022683609;99108
2022704018;99109
2022724427;99110
2022744836;99111
2022765245;99112
2022785654;99113
2022806063;99114
2022826472;99115
2022846880;99116
2022867290;99117
2022887699;99118
2022908108;99119
2022928517;99120
2022948925;99121
2022969339;99122
2022989743;99123
2023010153;99124
2023030562;99125
2023050970;99126
2023071380;99127
2023091788;99128
2023112197;99129
2023132607;99130
2023153015;99131
2023173425;99132
2023193833;99133
2023214242;99134
2023234651;99135
2023255060;99136
2023275470;99137
2023295878;99138
2023316287;99139
2023336696;99140
2023357105;99141
2023377514;99142
2023397923;99143
2023418332;99144
2023438744;99145
2023459150;99146
2023479558;99147
2023499968;99148
2023520377;99149
2023540785;99150
2023561195;99151
2023581603;99152
2023602013;99153
2023622426;99154
2023642830;99155
2023663240;99156
2023683648;99157
2023704058;99158
2023724466;99159
2023744875;99160
2023765285;99161
2023785693;99162
2023806102;99163
2023826511;99164
2023846920;99165
2023867330;99166
2023887738;99167
2023908147;99168
2023928556;99169
2023948965;99170
2023969374;99171
2023989783;99172
2024010196;99173
2024030601;99174
2024051010;99175
2024071418;99176
2024091828;99177
2024112241;99178
2024132646;99179
2024153064;99180
2024173472;99181
2024193882;99182
2024214291;99183
2024234700;99184
2024255109;99185
2024275517;99186
2024295927;99187
2024316336;99188
2024336744;99189
2024357154;99190
2024377566;99191
2024397972;99192
2024418381;99193
2024438789;99194
2024459199;99195
2024479607;99196
2024500016;99197
2024520426;99198
2024540834;99199
2024561244;99200
2024581652;99201
2024602061;99202
2024622471;99203
2024642879;99204
2024663289;99205
2024683697;99206
2024704106;99207
2024724516;99208
2024744924;99209
2024765334;99210
2024785742;99211
2024806151;99212
2024826561;99213
2024846969;99214
2024867378;99215
2024887787;99216
2024908196;99217
2024928606;99218
2024949014;99219
2024969423;99220
2024989836;99221
2025010241;99222
2025030651;99223
2025051059;99224
2025071468;99225
2025091877;99226
2025112286;99227
2025132695;99228
2025153104;99229
2025173513;99230
2025193921;99231
2025214331;99232
2025234740;99233
2025255149;99234
2025275558;99235
2025295966;99236
2025316376;99237
2025336785;99238
2025357194;99239
2025377603;99240
2025398011;99241
2025418421;99242
2025438830;99243
2025459239;99244
2025479652;99245
2025500056;99246
2025520466;99247
2025540875;99248
2025561283;99249
2025581693;99250
2025602101;99251
2025622511;99252
2025642920;99253
2025663328;99254
2025683738;99255
2025704146;99256
2025724555;99257
2025744965;99258
2025765373;99259
2025785783;99260
2025806191;99261
2025826600;99262
2025847010;99263
2025867418;99264
2025887828;99265
2025908236;99266
2025928649;99267
2025949055;99268
2025969463;99269
2025989876;99270
2026010281;99271
2026030690;99272
2026051100;99273
2026071508;99274
2026091917;99275
2026112326;99276
2026132739;99277
2026153145;99278
2026173553;99279
2026193962;99280
2026214371;99281
2026234780;99282
2026255190;99283
2026275598;99284
2026296007;99285
2026316417;99286
2026336825;99287
2026357235;99288
2026377643;99289
2026398056;99290
2026418462;99291
2026438870;99292
2026459279;99293
2026479688;99294
2026500097;99295
2026520507;99296
2026540915;99297
2026561324;99298
2026581733;99299
2026602142;99300
2026622551;99301
2026642960;99302
2026663369;99303
2026683778;99304
2026704191;99305
2026724596;99306
2026745005;99307
2026765414;99308
2026785823;99309
2026806232;99310
2026826641;99311
2026847050;99312
2026867459;99313
2026887871;99314
2026908277;99315
2026928686;99316
2026949095;99317
2026969504;99318
2026989912;99319
2027010322;99320
2027030731;99321
2027051140;99322
2027071549;99323
2027091957;99324
2027112367;99325
2027132776;99326
2027153184;99327
2027173594;99328
2027194002;99329
2027214412;99330
2027234821;99331
2027255229;99332
2027275639;99333
2027296047;99334
2027316457;99335
2027336870;99336
2027357274;99337
2027377684;99338
2027398092;99339
2027418501;99340
2027438911;99341
2027459323;99342
2027479733;99343
2027500137;99344
2027520546;99345
2027540956;99346
2027561364;99347
2027581774;99348
2027602182;99349
2027622591;99350
2027643001;99351
2027663409;99352
2027683818;99353
2027704227;99354
2027724636;99355
2027745050;99356
2027765454;99357
2027785863;99358
2027806272;99359
2027826681;99360
2027847091;99361
2027867499;99362
2027887908;99363
2027908317;99364
2027928726;99365
2027949135;99366
2027969544;99367
2027989953;99368
2028010362;99369
2028030771;99370
2028051180;99371
2028071589;99372
2028091998;99373
2028112407;99374
2028132816;99375
2028153225;99376
2028173634;99377
2028194043;99378
2028214451;99379
2028234861;99380
2028255270;99381
2028275679;99382
2028296088;99383
2028316497;99384
2028336906;99385
2028357315;99386
2028377724;99387
2028398133;99388
2028418542;99389
2028438951;99390
2028459360;99391
2028479769;99392
2028500178;99393
2028520587;99394
2028540996;99395
2028561405;99396
2028581813;99397
2028602223;99398
2028622632;99399
2028643041;99400
2028663454;99401
2028683858;99402
2028704268;99403
2028724681;99404
2028745086;99405
2028765495;99406
2028785903;99407
2028806313;99408
2028826722;99409
2028847130;99410
2028867540;99411
2028887948;99412
2028908361;99413
2028928771;99414
2028949175;99415
2028969585;99416
2028989993;99417
2029010407;99418
2029030812;99419
2029051220;99420
2029071630;99421
2029092038;99422
2029112451;99423
2029132857;99424
2029153265;99425
2029173679;99426
2029194083;99427
2029214492;99428
2029234902;99429
2029255310;99430
2029275720;99431
2029296128;99432
2029316537;99433
2029336947;99434
2029357355;99435
2029377764;99436
2029398173;99437
2029418582;99438
2029438992;99439
2029459400;99440
2029479809;99441
2029500218;99442
2029520627;99443
2029541037;99444
2029561445;99445
2029581858;99446
2029602263;99447
2029622676;99448
2029643082;99449
2029663490;99450
2029683899;99451
2029704308;99452
2029724717;99453
2029745126;99454
2029765535;99455
2029785944;99456
2029806356;99457
2029826766;99458
2029847171;99459
2029867580;99460
2029887989;99461
2029908401;99462
2029928807;99463
2029949216;99464
2029969625;99465
2029990034;99466
2030010442;99467
2030030852;99468
2030051261;99469
2030071670;99470
2030092079;99471
2030112487;99472
2030132897;99473
2030153306;99474
2030173715;99475
2030194124;99476
2030214532;99477
2030234942;99478
2030255351;99479
2030275759;99480
2030296169;99481
2030316578;99482
2030336987;99483
2030357400;99484
2030377804;99485
2030398214;99486
2030418623;99487
2030439031;99488
2030459441;99489
2030479849;99490
2030500259;99491
2030520668;99492
2030541076;99493
2030561486;99494
2030581894;99495
2030602304;99496
2030622713;99497
2030643125;99498
2030663531;99499
2030683939;99500
2030704349;99501
2030724758;99502
2030745166;99503
2030765576;99504
2030785984;99505
2030806394;99506
2030826803;99507
2030847211;99508
2030867621;99509
2030888029;99510
2030908438;99511
2030928848;99512
2030949256;99513
2030969666;99514
2030990074;99515
2031010483;99516
2031030893;99517
2031051301;99518
2031071710;99519
2031092123;99520
2031112528;99521
2031132938;99522
2031153346;99523
2031173755;99524
2031194164;99525
2031214573;99526
2031234983;99527
2031255391;99528
2031275800;99529
2031296209;99530
2031316618;99531
2031337027;99532
2031357436;99533
2031377845;99534
2031398254;99535
2031418667;99536
2031439073;99537
2031459481;99538
2031479890;99539
2031500299;99540
2031520708;99541
2031541121;99542
2031561526;99543
2031581935;99544
2031602343;99545
2031622753;99546
2031643162;99547
2031663575;99548
2031683980;99549
2031704389;99550
2031724798;99551
2031745207;99552
2031765616;99553
2031786025;99554
2031806433;99555
2031826843;99556
2031847252;99557
2031867661;99558
2031888070;99559
2031908478;99560
2031928888;99561
2031949297;99562
2031969705;99563
2031990115;99564
2032010523;99565
2032030933;99566
2032051342;99567
2032071750;99568
2032092160;99569
2032112568;99570
2032132978;99571
2032153387;99572
2032173795;99573
2032194205;99574
2032214613;99575
2032235026;99576
2032255432;99577
2032275840;99578
2032296250;99579
2032316659;99580
2032337067;99581
2032357477;99582
2032377889;99583
2032398295;99584
2032418704;99585
2032439112;99586
2032459522;99587
2032479930;99588
2032500340;99589
2032520749;99590
2032541157;99591
2032561567;99592
2032581979;99593
2032602384;99594
2032622794;99595
2032643202;99596
2032663612;99597
2032684020;99598
2032704429;99599
2032724839;99600
2032745247;99601
2032765657;99602
2032786065;99603
2032806474;99604
2032826888;99605
2032847296;99606
2032867701;99607
2032888110;99608
2032908519;99609
2032928929;99610
2032949337;99611
2032969746;99612
2032990159;99613
2033010564;99614
2033030973;99615
2033051382;99616
2033071791;99617
2033092200;99618
2033112609;99619
2033133018;99620
2033153427;99621
2033173836;99622
2033194245;99623
2033214654;99624
2033235063;99625
2033255472;99626
2033275881;99627
2033296290;99628
2033316699;99629
2033337108;99630
2033357517;99631
2033377926;99632
2033398334;99633
2033418744;99634
2033439153;99635
2033459562;99636
2033479971;99637
2033500383;99638
2033520789;99639
2033541198;99640
2033561607;99641
2033582016;99642
2033602424;99643
2033622834;99644
2033643243;99645
2033663651;99646
2033684061;99647
2033704473;99648
2033724879;99649
2033745288;99650
2033765696;99651
2033786106;99652
2033806514;99653
2033826924;99654
2033847333;99655
2033867741;99656
2033888151;99657
2033908559;99658
2033928969;99659
2033949378;99660
2033969786;99661
2033990196;99662
2034010608;99663
2034031013;99664
2034051423;99665
2034071831;99666
2034092241;99667
2034112649;99668
2034133058;99669
2034153488;99670
2034173900;99671
2034194305;99672
2034214715;99673
2034235123;99674
2034255533;99675
2034275942;99676
2034296350;99677
2034316760;99678
2034337168;99679
2034357578;99680
2034377987;99681
2034398395;99682
2034418805;99683
2034439214;99684
2034459622;99685
2034480032;99686
2034500441;99687
2034520850;99688
2034541259;99689
2034561668;99690
2034582077;99691
2034602486;99692
2034622895;99693
2034643304;99694
2034663713;99695
2034684122;99696
2034704531;99697
2034724940;99698
2034745349;99699
2034765758;99700
2034786168;99701
2034806576;99702
2034826985;99703
2034847395;99704
2034867803;99705
2034888213;99706
2034908621;99707
2034929030;99708
2034949440;99709
2034969848;99710
2034990258;99711
2035010667;99712
2035031075;99713
2035051485;99714
2035071894;99715
2035092302;99716
2035112712;99717
2035133121;99718
2035153530;99719
2035173943;99720
2035194347;99721
2035214757;99722
2035235166;99723
2035255575;99724
2035275984;99725
2035296397;99726
2035316806;99727
2035337211;99728
2035357620;99729
2035378029;99730
2035398438;99731
2035418848;99732
2035439256;99733
2035459665;99734
2035480074;99735
2035500483;99736
2035520893;99737
2035541301;99738
2035561710;99739
2035582120;99740
2035602528;99741
2035622937;99742
2035643347;99743
2035663755;99744
2035684165;99745
2035704574;99746
2035724982;99747
2035745392;99748
2035765800;99749
2035786210;99750
2035806619;99751
2035827027;99752
2035847437;99753
2035867846;99754
2035888258;99755
2035908664;99756
2035929073;99757
2035949482;99758
2035969891;99759
2035990300;99760
2036010709;99761
2036031118;99762
2036051526;99763
2036071936;99764
2036092345;99765
2036112754;99766
2036133163;99767
2036153572;99768
2036173981;99769
2036194390;99770
2036214803;99771
2036235208;99772
2036255617;99773
2036276027;99774
2036296435;99775
2036316845;99776
2036337253;99777
2036357662;99778
2036378072;99779
2036398480;99780
2036418889;99781
2036439299;99782
2036459707;99783
2036480117;99784
2036500526;99785
2036520934;99786
2036541344;99787
2036561753;99788
2036582165;99789
2036602571;99790
2036622979;99791
2036643389;99792
2036663798;99793
2036684206;99794
2036704616;99795
2036725029;99796
2036745434;99797
2036765843;99798
2036786252;99799
2036806661;99800
2036827070;99801
2036847480;99802
2036867888;99803
2036888297;99804
2036908706;99805
2036929115;99806
2036949525;99807
2036969933;99808
2036990346;99809
2037010752;99810
2037031160;99811
2037051569;99812
2037071979;99813
2037092387;99814
2037112797;99815
2037133206;99816
2037153614;99817
2037174024;99818
2037194432;99819
2037214842;99820
2037235251;99821
2037255659;99822
2037276069;99823
2037296478;99824
2037316886;99825
2037337296;99826
2037357709;99827
2037378114;99828
2037398523;99829
2037418936;99830
2037439341;99831
2037459750;99832
2037480158;99833
2037500568;99834
2037520977;99835
2037541386;99836
2037561795;99837
2037582205;99838
2037602613;99839
2037623022;99840
2037643432;99841
2037663840;99842
2037684249;99843
2037704659;99844
2037725067;99845
2037745477;99846
2037765885;99847
2037786294;99848
2037806704;99849
2037827112;99850
2037847522;99851
2037867931;99852
2037888339;99853
2037908749;99854
2037929158;99855
2037949566;99856
2037969976;99857
2037990385;99858
2038010794;99859
2038031203;99860
2038051611;99861
2038072021;99862
2038092430;99863
2038112842;99864
2038133248;99865
2038153657;99866
2038174066;99867
2038194475;99868
2038214885;99869
2038235293;99870
2038255702;99871
2038276112;99872
2038296520;99873
2038316929;99874
2038337338;99875
2038357747;99876
2038378160;99877
2038398565;99878
2038418974;99879
2038439388;99880
2038459792;99881
2038480201;99882
2038500611;99883
2038521019;99884
2038541433;99885
2038561838;99886
2038582246;99887
2038602656;99888
2038623064;99889
2038643474;99890
2038663883;99891
2038684295;99892
2038704701;99893
2038725114;99894
2038745519;99895
2038765928;99896
2038786337;99897
2038806746;99898
2038827155;99899
2038847565;99900
2038867973;99901
2038888386;99902
2038908791;99903
2038929200;99904
2038949610;99905
2038970018;99906
2038990427;99907
2039010837;99908
2039031249;99909
2039051655;99910
2039072064;99911
2039092476;99912
2039112882;99913
2039133291;99914
2039153700;99915
2039174109;99916
2039194517;99917
2039214931;99918
2039235336;99919
2039255745;99920
2039276154;99921
2039296564;99922
2039316972;99923
2039337381;99924
2039357791;99925
2039378199;99926
2039398609;99927
2039419018;99928
2039439430;99929
2039459840;99930
2039480244;99931
2039500654;99932
2039521063;99933
2039541471;99934
2039561885;99935
2039582290;99936
2039602699;99937
2039623108;99938
2039643521;99939
2039663926;99940
2039684335;99941
2039704745;99942
2039725153;99943
2039745563;99944
2039765971;99945
2039786380;99946
2039806790;99947
2039827198;99948
2039847612;99949
2039868017;99950
2039888426;99951
2039908835;99952
2039929244;99953
2039949653;99954
2039970062;99955
2039990472;99956
2040010880;99957
2040031290;99958
2040051698;99959
2040072107;99960
2040092517;99961
2040112925;99962
2040133335;99963
2040153744;99964
2040174152;99965
2040194562;99966
2040214971;99967
2040235380;99968
2040255789;99969
2040276198;99970
2040296607;99971
2040317016;99972
2040337425;99973
2040357834;99974
2040378244;99975
2040398652;99976
2040419061;99977
2040439471;99978
2040459879;99979
2040480289;99980
2040500698;99981
2040521106;99982
2040541516;99983
2040561925;99984
2040582334;99985
2040602743;99986
2040623152;99987
2040643561;99988
2040663971;99989
2040684379;99990
2040704788;99991
2040725198;99992
2040745606;99993
2040766016;99994
2040786425;99995
2040806834;99996
2040827243;99997
2040847652;99998
2040868061;99999
2040888470;100000
2040908879;100001
2040929288;100002
2040949698;100003
2040970106;100004
2040990515;100005
2041010929;100006
2041031333;100007
2041051743;100008
2041072156;100009
2041092561;100010
2041112970;100011
2041133380;100012
2041153788;100013
2041174197;100014
2041194606;100015
2041215015;100016
2041235425;100017
2041255833;100018
2041276243;100019
2041296652;100020
2041317060;100021
2041337470;100022
2041357879;100023
2041378288;100024
2041398697;100025
2041419111;100026
2041439515;100027
2041459925;100028
2041480333;100029
2041500742;100030
2041521152;100031
2041541560;100032
2041561970;100033
2041582379;100034
2041602787;100035
2041623197;100036
2041643610;100037
2041664015;100038
2041684428;100039
2041704834;100040
2041725242;100041
2041745652;100042
2041766060;100043
2041786469;100044
2041806883;100045
2041827287;100046
2041847697;100047
2041868106;100048
2041888514;100049
2041908928;100050
2041929333;100051
2041949742;100052
2041970151;100053
2041990561;100054
2042010973;100055
2042031379;100056
2042051787;100057
2042072196;100058
2042092606;100059
2042113014;100060
2042133424;100061
2042153833;100062
2042174242;100063
2042194651;100064
2042215060;100065
2042235469;100066
2042255878;100067
2042276288;100068
2042296696;100069
2042317106;100070
2042337518;100071
2042357923;100072
2042378333;100073
2042398741;100074
2042419151;100075
2042439560;100076
2042459969;100077
2042480378;100078
2042500787;100079
2042521196;100080
2042541605;100081
2042562015;100082
2042582423;100083
2042602833;100084
2042623241;100085
2042643650;100086
2042664060;100087
2042684468;100088
2042704878;100089
2042725287;100090
2042745695;100091
2042766105;100092
2042786514;100093
2042806923;100094
2042827332;100095
2042847742;100096
2042868150;100097
2042888559;100098
2042908968;100099
2042929377;100100
2042949787;100101
2042970199;100102
2042990605;100103
2043011018;100104
2043031422;100105
2043051836;100106
2043072241;100107
2043092650;100108
2043113059;100109
2043133469;100110
2043153877;100111
2043174290;100112
2043194695;100113
2043215104;100114
2043235514;100115
2043255922;100116
2043276331;100117
2043296741;100118
2043317149;100119
2043337559;100120
2043357968;100121
2043378377;100122
2043398786;100123
2043419195;100124
2043439604;100125
2043460013;100126
2043480422;100127
2043500831;100128
2043521241;100129
2043541649;100130
2043562058;100131
2043582468;100132
2043602876;100133
2043623286;100134
2043643695;100135
2043664103;100136
2043684513;100137
2043704922;100138
2043725331;100139
2043745740;100140
2043766149;100141
2043786558;100142
2043806967;100143
2043827376;100144
2043847785;100145
2043868195;100146
2043888603;100147
2043909012;100148
2043929422;100149
2043949830;100150
2043970240;100151
2043990649;100152
2044011061;100153
2044031467;100154
2044051875;100155
2044072285;100156
2044092694;100157
2044113103;100158
2044133512;100159
2044153838;100160
2044174247;100161
2044194656;100162
2044215065;100163
2044235474;100164
2044255882;100165
2044276291;100166
2044296700;100167
2044317109;100168
2044337518;100169
2044357927;100170
2044378336;100171
2044398744;100172
2044419154;100173
2044439562;100174
2044459972;100175
2044480384;100176
2044500789;100177
2044521198;100178
2044541607;100179
2044562016;100180
2044582429;100181
2044602833;100182
2044623243;100183
2044643655;100184
2044664060;100185
2044684469;100186
2044704877;100187
2044725287;100188
2044745695;100189
2044766105;100190
2044786513;100191
2044806922;100192
2044827331;100193
2044847740;100194
2044868149;100195
2044888558;100196
2044908967;100197
2044929376;100198
2044949784;100199
2044970198;100200
2044990602;100201
2045011012;100202
2045031420;100203
2045051828;100204
2045072238;100205
2045092650;100206
2045113056;100207
2045133464;100208
2045153873;100209
2045174286;100210
2045194691;100211
2045215100;100212
2045235513;100213
2045255917;100214
2045276327;100215
2045296735;100216
2045317145;100217
2045337553;100218
2045357963;100219
2045378371;100220
2045398780;100221
2045419189;100222
2045439597;100223
2045460007;100224
2045480415;100225
2045500824;100226
2045521233;100227
2045541642;100228
2045562051;100229
2045582460;100230
2045602868;100231
2045623278;100232
2045643686;100233
2045664095;100234
2045684504;100235
2045704913;100236
2045725322;100237
2045745735;100238
2045766140;100239
2045786549;100240
2045806957;100241
2045827366;100242
2045847775;100243
2045868184;100244
2045888593;100245
2045909001;100246
2045929411;100247
2045949819;100248
2045970229;100249
2045990637;100250
2046011050;100251
2046031455;100252
2046051864;100253
2046072273;100254
2046092686;100255
2046113090;100256
2046133500;100257
2046153908;100258
2046174318;100259
2046194726;100260
2046215134;100261
2046235544;100262
2046255952;100263
2046276362;100264
2046296770;100265
2046317179;100266
2046337588;100267
2046357997;100268
2046378406;100269
2046398815;100270
2046419223;100271
2046439633;100272
2046460041;100273
2046480451;100274
2046500859;100275
2046521268;100276
2046541677;100277
2046562086;100278
2046582495;100279
2046602903;100280
2046623312;100281
2046643721;100282
2046664130;100283
2046684539;100284
2046704948;100285
2046725356;100286
2046745766;100287
2046766174;100288
2046786584;100289
2046806992;100290
2046827401;100291
2046847810;100292
2046868223;100293
2046888628;100294
2046909037;100295
2046929445;100296
2046949859;100297
2046970263;100298
2046990672;100299
2047011081;100300
2047031489;100301
2047051899;100302
2047072307;100303
2047092717;100304
2047113125;100305
2047133534;100306
2047153943;100307
2047174352;100308
2047194761;100309
2047215170;100310
2047235578;100311
2047255988;100312
2047276396;100313
2047296806;100314
2047317214;100315
2047337622;100316
2047358032;100317
2047378440;100318
2047398849;100319
2047419258;100320
2047439667;100321
2047460076;100322
2047480485;100323
2047500893;100324
2047521303;100325
2047541711;100326
2047562121;100327
2047582529;100328
2047602942;100329
2047623347;100330
2047643756;100331
2047664165;100332
2047684574;100333
2047704982;100334
2047725391;100335
2047745800;100336
2047766209;100337
2047786618;100338
2047807026;100339
2047827436;100340
2047847844;100341
2047868253;100342
2047888662;100343
2047909071;100344
2047929480;100345
2047949889;100346
2047970298;100347
2047990711;100348
2048011115;100349
2048031525;100350
2048051933;100351
2048072342;100352
2048092751;100353
2048113159;100354
2048133569;100355
2048153977;100356
2048174386;100357
2048194795;100358
2048215204;100359
2048235613;100360
2048256026;100361
2048276430;100362
2048296840;100363
2048317248;100364
2048337658;100365
2048358066;100366
2048378475;100367
2048398884;100368
2048419293;100369
2048439702;100370
2048460111;100371
2048480519;100372
2048500928;100373
2048521337;100374
2048541746;100375
2048562155;100376
2048582563;100377
2048602973;100378
2048623381;100379
2048643791;100380
2048664199;100381
2048684608;100382
2048705017;100383
2048725426;100384
2048745834;100385
2048766244;100386
2048786652;100387
2048807062;100388
2048827470;100389
2048847879;100390
2048868288;100391
2048888696;100392
2048909106;100393
2048929514;100394
2048949923;100395
2048970332;100396
2048990741;100397
2049011149;100398
2049031559;100399
2049051967;100400
2049072377;100401
2049092785;100402
2049113194;100403
2049133603;100404
2049154012;100405
2049174421;100406
2049194830;100407
2049215242;100408
2049235648;100409
2049256056;100410
2049276465;100411
2049296874;100412
2049317282;100413
2049337692;100414
2049358100;100415
2049378510;100416
2049398918;100417
2049419327;100418
2049439736;100419
2049460145;100420
2049480554;100421
2049500963;100422
2049521371;100423
2049541781;100424
2049562189;100425
2049582598;100426
2049603007;100427
2049623416;100428
2049643825;100429
2049664233;100430
2049684642;100431
2049705055;100432
2049725460;100433
2049745869;100434
2049766278;100435
2049786686;100436
2049807096;100437
2049827504;100438
2049847914;100439
2049868326;100440
2049888731;100441
2049909140;100442
2049929549;100443
2049949957;100444
2049970367;100445
2049990775;100446
2050011185;100447
2050031593;100448
2050052001;100449
2050072411;100450
2050092819;100451
2050113229;100452
2050133637;100453
2050154046;100454
2050174455;100455
2050194864;100456
2050215272;100457
2050235682;100458
2050256090;100459
2050276500;100460
2050296908;100461
2050317317;100462
2050337726;100463
2050358139;100464
2050378544;100465
2050398953;100466
2050419361;100467
2050439770;100468
2050460179;100469
2050480588;100470
2050500997;100471
2050521405;100472
2050541815;100473
2050562223;100474
2050582633;100475
2050603041;100476
2050623450;100477
2050643859;100478
2050664268;100479
2050684676;100480
2050705086;100481
2050725494;100482
2050745904;100483
2050766312;100484
2050786721;100485
2050807130;100486
2050827538;100487
2050847947;100488
2050868356;100489
2050888765;100490
2050909174;100491
2050929583;100492
2050949991;100493
2050970401;100494
2050990813;100495
2051011223;100496
2051031627;100497
2051052036;100498
2051072445;100499
2051092854;100500
2051113263;100501
2051133672;100502
2051154080;100503
2051174490;100504
2051194898;100505
2051215307;100506
2051235716;100507
2051256124;100508
2051276534;100509
2051296942;100510
2051317351;100511
2051337760;100512
2051358169;100513
2051378578;100514
2051398987;100515
2051419395;100516
2051439805;100517
2051460213;100518
2051480623;100519
2051501031;100520
2051521440;100521
2051541849;100522
2051562258;100523
2051582666;100524
2051603075;100525
2051623484;100526
2051643893;100527
2051664302;100528
2051684710;100529
2051705120;100530
2051725528;100531
2051745937;100532
2051766346;100533
2051786755;100534
2051807164;100535
2051827577;100536
2051847981;100537
2051868395;100538
2051888799;100539
2051909209;100540
2051929617;100541
2051950026;100542
2051970435;100543
2051990843;100544
2052011252;100545
2052031661;100546
2052052070;100547
2052072479;100548
2052092888;100549
2052113296;100550
2052133706;100551
2052154114;100552
2052174524;100553
2052194932;100554
2052215341;100555
2052235750;100556
2052256159;100557
2052276567;100558
2052296977;100559
2052317385;100560
2052337794;100561
2052358207;100562
2052378612;100563
2052399021;100564
2052419429;100565
2052439839;100566
2052460247;100567
2052480656;100568
2052501065;100569
2052521474;100570
2052541887;100571
2052562292;100572
2052582700;100573
2052603110;100574
2052623518;100575
2052643928;100576
2052664336;100577
2052684745;100578
2052705154;100579
2052725562;100580
2052745971;100581
2052766380;100582
2052786789;100583
2052807198;100584
2052827607;100585
2052848019;100586
2052868425;100587
2052888833;100588
2052909243;100589
2052929651;100590
2052950064;100591
2052970469;100592
2052990878;100593
2053011286;100594
2053031696;100595
2053052104;100596
2053072514;100597
2053092922;100598
2053113330;100599
2053133740;100600
2053154148;100601
2053174558;100602
2053194966;100603
2053215375;100604
2053235784;100605
2053256193;100606
2053276601;100607
2053297011;100608
2053317419;100609
2053337829;100610
2053358237;100611
2053378646;100612
2053399055;100613
2053419464;100614
2053439873;100615
2053460282;100616
2053480694;100617
2053501099;100618
2053521508;100619
2053541916;100620
2053562326;100621
2053582738;100622
2053603147;100623
2053623552;100624
2053643961;100625
2053664370;100626
2053684779;100627
2053705188;100628
2053725597;100629
2053746005;100630
2053766415;100631
2053786823;100632
2053807232;100633
2053827641;100634
2053848050;100635
2053868459;100636
2053888867;100637
2053909276;100638
2053929689;100639
2053950094;100640
2053970506;100641
2053990912;100642
2054011324;100643
2054031730;100644
2054052138;100645
2054072547;100646
2054092956;100647
2054113365;100648
2054133774;100649
2054154269;100650
2054174677;100651
2054195087;100652
2054215496;100653
2054235905;100654
2054256314;100655
2054276723;100656
2054297132;100657
2054317541;100658
2054337950;100659
2054358363;100660
2054378768;100661
2054399177;100662
2054419586;100663
2054439995;100664
2054460404;100665
2054480813;100666
2054501223;100667
2054521631;100668
2054542040;100669
2054562450;100670
2054582858;100671
2054603267;100672
2054623677;100673
2054644085;100674
2054664495;100675
2054684904;100676
2054705312;100677
2054725722;100678
2054746131;100679
2054766540;100680
2054786949;100681
2054807357;100682
2054827767;100683
2054848176;100684
2054868584;100685
2054888994;100686
2054909403;100687
2054929812;100688
2054950221;100689
2054970630;100690
2054991039;100691
2055011448;100692
2055031858;100693
2055052266;100694
2055072675;100695
2055093085;100696
2055113493;100697
2055133902;100698
2055154311;100699
2055174720;100700
2055195130;100701
2055215542;100702
2055235947;100703
2055256357;100704
2055276765;100705
2055297174;100706
2055317584;100707
2055337992;100708
2055358402;100709
2055378811;100710
2055399219;100711
2055419629;100712
2055440038;100713
2055460447;100714
2055480856;100715
2055501265;100716
2055521674;100717
2055542083;100718
2055562492;100719
2055582901;100720
2055603310;100721
2055623719;100722
2055644128;100723
2055664537;100724
2055684946;100725
2055705355;100726
2055725765;100727
2055746173;100728
2055766586;100729
2055786992;100730
2055807400;100731
2055827809;100732
2055848219;100733
2055868627;100734
2055889037;100735
2055909445;100736
2055929854;100737
2055950264;100738
2055970672;100739
2055991085;100740
2056011491;100741
2056031899;100742
2056052309;100743
2056072718;100744
2056093126;100745
2056113540;100746
2056133945;100747
2056154354;100748
2056174763;100749
2056195172;100750
2056215581;100751
2056235990;100752
2056256399;100753
2056276808;100754
2056297217;100755
2056317626;100756
2056338035;100757
2056358444;100758
2056378853;100759
2056399262;100760
2056419672;100761
2056440080;100762
2056460493;100763
2056480899;100764
2056501311;100765
2056521716;100766
2056542126;100767
2056562534;100768
2056582944;100769
2056603353;100770
2056623761;100771
2056644171;100772
2056664580;100773
2056684989;100774
2056705398;100775
2056725806;100776
2056746216;100777
2056766625;100778
2056787033;100779
2056807447;100780
2056827852;100781
2056848261;100782
2056868670;100783
2056889079;100784
2056909488;100785
2056929897;100786
2056950307;100787
2056970715;100788
2056991124;100789
2057011534;100790
2057031942;100791
2057052351;100792
2057072760;100793
2057093169;100794
2057113579;100795
2057133991;100796
2057154396;100797
2057174806;100798
2057195214;100799
2057215627;100800
2057236033;100801
2057256441;100802
2057276851;100803
2057297260;100804
2057317668;100805
2057338078;100806
2057358487;100807
2057378896;100808
2057399305;100809
2057419714;100810
2057440123;100811
2057460532;100812
2057480940;100813
2057501350;100814
2057521759;100815
2057542168;100816
2057562577;100817
2057582986;100818
2057603395;100819
2057623804;100820
2057644214;100821
2057664622;100822
2057685031;100823
2057705441;100824
2057725849;100825
2057746258;100826
2057766668;100827
2057787076;100828
2057807486;100829
2057827895;100830
2057848303;100831
2057868713;100832
2057889121;100833
2057909531;100834
2057929940;100835
2057950352;100836
2057970758;100837
2057991171;100838
2058011575;100839
2058031985;100840
2058052394;100841
2058072802;100842
2058093212;100843
2058113621;100844
2058134030;100845
2058154443;100846
2058174848;100847
2058195257;100848
2058215666;100849
2058236075;100850
2058256484;100851
2058276893;100852
2058297302;100853
2058317711;100854
2058338121;100855
2058358529;100856
2058378938;100857
2058399348;100858
2058419756;100859
2058440165;100860
2058460575;100861
2058480983;100862
2058501393;100863
2058521802;100864
2058542210;100865
2058562620;100866
2058583029;100867
2058603437;100868
2058623847;100869
2058644255;100870
2058664665;100871
2058685074;100872
2058705482;100873
2058725896;100874
2058746301;100875
2058766710;100876
2058787119;100877
2058807528;100878
2058827937;100879
2058848346;100880
2058868755;100881
2058889164;100882
2058909573;100883
2058929983;100884
2058950391;100885
2058970804;100886
2058991213;100887
2059011618;100888
2059032028;100889
2059052436;100890
2059072845;100891
2059093255;100892
2059113663;100893
2059134072;100894
2059154482;100895
2059174890;100896
2059195300;100897
2059215709;100898
2059236117;100899
2059256527;100900
2059276936;100901
2059297345;100902
2059317754;100903
2059338163;100904
2059358572;100905
2059378981;100906
2059399389;100907
2059419799;100908
2059440208;100909
2059460617;100910
2059481026;100911
2059501435;100912
2059521844;100913
2059542253;100914
2059562663;100915
2059583071;100916
2059603480;100917
2059623890;100918
2059644298;100919
2059664707;100920
2059685117;100921
2059705525;100922
2059725935;100923
2059746344;100924
2059766752;100925
2059787162;100926
2059807574;100927
2059827980;100928
2059848389;100929
2059868797;100930
2059889207;100931
2059909616;100932
2059930024;100933
2059950434;100934
2059970843;100935
2059991252;100936
2060011661;100937
2060032074;100938
2060052483;100939
2060072888;100940
2060093297;100941
2060113706;100942
2060134119;100943
2060154524;100944
2060174933;100945
2060195342;100946
2060215751;100947
2060236160;100948
2060256569;100949
2060276978;100950
2060297387;100951
2060317797;100952
2060338205;100953
2060358614;100954
2060379024;100955
2060399432;100956
2060419842;100957
2060440251;100958
2060460659;100959
2060481069;100960
2060501478;100961
2060521886;100962
2060542296;100963
2060562704;100964
2060583114;100965
2060603523;100966
2060623931;100967
2060644341;100968
2060664750;100969
2060685159;100970
2060705568;100971
2060725977;100972
2060746386;100973
2060766795;100974
2060787204;100975
2060807613;100976
2060828022;100977
2060848432;100978
2060868840;100979
2060889249;100980
2060909658;100981
2060930067;100982
2060950477;100983
2060970885;100984
2060991294;100985
2061011704;100986
2061032112;100987
2061052521;100988
2061072931;100989
2061093339;100990
2061113749;100991
2061134158;100992
2061154566;100993
2061174980;100994
2061195385;100995
2061215793;100996
2061236203;100997
2061256612;100998
2061277021;100999
2061297430;101000
2061317838;101001
2061338252;101002
2061358657;101003
2061379066;101004
2061399475;101005
2061419884;101006
2061440293;101007
2061460702;101008
2061481111;101009
2061501520;101010
2061521929;101011
2061542339;101012
2061562751;101013
2061583156;101014
2061603566;101015
2061623974;101016
2061644384;101017
2061664793;101018
2061685201;101019
2061705615;101020
2061726019;101021
2061746429;101022
2061766838;101023
2061787246;101024
2061807656;101025
2061828065;101026
2061848473;101027
2061868883;101028
2061889292;101029
2061909700;101030
2061930110;101031
2061950523;101032
2061970928;101033
2061991337;101034
2062011746;101035
2062032155;101036
2062052564;101037
2062072973;101038
2062093382;101039
2062113791;101040
2062134200;101041
2062154609;101042
2062175022;101043
2062195427;101044
2062215840;101045
2062236246;101046
2062256654;101047
2062277063;101048
2062297473;101049
2062317881;101050
2062338291;101051
2062358700;101052
2062379108;101053
2062399518;101054
2062419927;101055
2062440335;101056
2062460745;101057
2062481153;101058
2062501563;101059
2062521972;101060
2062542380;101061
2062562794;101062
2062583199;101063
2062603608;101064
2062624017;101065
2062644426;101066
2062664835;101067
2062685244;101068
2062705653;101069
2062726062;101070
2062746471;101071
2062766881;101072
2062787293;101073
2062807698;101074
2062828107;101075
2062848516;101076
2062868925;101077
2062889334;101078
2062909743;101079
2062930153;101080
2062950561;101081
2062970970;101082
2062991380;101083
2063011788;101084
2063032197;101085
2063052607;101086
2063073015;101087
2063093425;101088
2063113834;101089
2063134242;101090
2063154652;101091
2063175061;101092
2063195470;101093
2063215879;101094
2063236287;101095
2063256701;101096
2063277106;101097
2063297514;101098
2063317924;101099
2063338333;101100
2063358742;101101
2063379151;101102
2063399560;101103
2063419969;101104
2063440378;101105
2063460788;101106
2063481200;101107
2063501605;101108
2063522015;101109
2063542423;101110
2063562832;101111
2063583242;101112
2063603650;101113
2063624060;101114
2063644468;101115
2063664877;101116
2063685287;101117
2063705699;101118
2063726105;101119
2063746514;101120
2063766922;101121
2063787332;101122
2063807741;101123
2063828149;101124
2063848559;101125
2063868968;101126
2063889377;101127
2063909786;101128
2063930195;101129
2063950604;101130
2063971013;101131
2063991421;101132
2064011831;101133
2064032240;101134
2064052649;101135
2064073058;101136
2064093467;101137
2064113876;101138
2064134285;101139
2064154627;101140
2064175036;101141
2064195441;101142
2064215850;101143
2064236259;101144
2064256667;101145
2064277077;101146
2064297485;101147
2064317895;101148
2064338303;101149
2064358712;101150
2064379121;101151
2064399534;101152
2064419938;101153
2064440352;101154
2064460756;101155
2064481166;101156
2064501574;101157
2064521983;101158
2064542396;101159
2064562801;101160
2064583209;101161
2064603619;101162
2064624027;101163
2064644437;101164
2064664849;101165
2064685255;101166
2064705663;101167
2064726072;101168
2064746481;101169
2064766894;101170
2064787298;101171
2064807708;101172
2064828116;101173
2064848526;101174
2064868934;101175
2064889343;101176
2064909752;101177
2064930161;101178
2064950569;101179
2064970979;101180
2064991387;101181
2065011797;101182
2065032205;101183
2065052614;101184
2065073027;101185
2065093432;101186
2065113841;101187
2065134254;101188
2065154658;101189
2065175068;101190
2065195476;101191
2065215885;101192
2065236294;101193
2065256703;101194
2065277112;101195
2065297521;101196
2065317929;101197
2065338339;101198
2065358751;101199
2065379156;101200
2065399565;101201
2065419974;101202
2065440383;101203
2065460792;101204
2065481200;101205
2065501610;101206
2065522018;101207
2065542428;101208
2065562836;101209
2065583245;101210
2065603654;101211
2065624063;101212
2065644471;101213
2065664881;101214
2065685289;101215
2065705699;101216
2065726107;101217
2065746520;101218
2065766925;101219
2065787334;101220
2065807743;101221
2065828152;101222
2065848560;101223
2065868970;101224
2065889378;101225
2065909787;101226
2065930196;101227
2065950605;101228
2065971014;101229
2065991427;101230
2066011832;101231
2066032241;101232
2066052654;101233
2066073058;101234
2066093468;101235
2066113876;101236
2066134286;101237
2066154694;101238
2066175103;101239
2066195512;101240
2066215921;101241
2066236330;101242
2066256739;101243
2066277147;101244
2066297557;101245
2066317969;101246
2066338374;101247
2066358783;101248
2066379192;101249
2066399601;101250
2066420010;101251
2066440418;101252
2066460828;101253
2066481236;101254
2066501646;101255
2066522054;101256
2066542463;101257
2066562872;101258
2066583281;101259
2066603689;101260
2066624099;101261
2066644507;101262
2066664917;101263
2066685325;101264
2066705734;101265
2066726147;101266
2066746552;101267
2066766960;101268
2066787370;101269
2066807778;101270
2066828188;101271
2066848596;101272
2066869005;101273
2066889414;101274
2066909823;101275
2066930232;101276
2066950641;101277
2066971049;101278
2066991459;101279
2067011867;101280
2067032276;101281
2067052685;101282
2067073094;101283
2067093503;101284
2067113912;101285
2067134320;101286
2067154730;101287
2067175138;101288
2067195547;101289
2067215956;101290
2067236365;101291
2067256774;101292
2067277183;101293
2067297591;101294
2067318001;101295
2067338409;101296
2067358819;101297
2067379227;101298
2067399636;101299
2067420045;101300
2067440454;101301
2067460863;101302
2067481272;101303
2067501680;101304
2067522090;101305
2067542498;101306
2067562907;101307
2067583316;101308
2067603725;101309
2067624133;101310
2067644543;101311
2067664951;101312
2067685361;101313
2067705769;101314
2067726178;101315
2067746587;101316
2067766996;101317
2067787405;101318
2067807814;101319
2067828222;101320
2067848632;101321
2067869040;101322
2067889450;101323
2067909858;101324
2067930267;101325
2067950676;101326
2067971085;101327
2067991493;101328
2068011907;101329
2068032311;101330
2068052720;101331
2068073129;101332
2068093538;101333
2068113947;101334
2068134356;101335
2068154764;101336
2068175174;101337
2068195582;101338
2068215992;101339
2068236404;101340
2068256809;101341
2068277218;101342
2068297627;101343
2068318035;101344
2068338445;101345
2068358853;101346
2068379263;101347
2068399675;101348
2068420080;101349
2068440489;101350
2068460898;101351
2068481307;101352
2068501716;101353
2068522125;101354
2068542534;101355
2068562943;101356
2068583351;101357
2068603761;101358
2068624169;101359
2068644579;101360
2068664987;101361
2068685400;101362
2068705805;101363
2068726214;101364
2068746623;101365
2068767032;101366
2068787440;101367
2068807850;101368
2068828258;101369
2068848668;101370
2068869080;101371
2068889485;101372
2068909894;101373
2068930303;101374
2068950715;101375
2068971121;101376
2068991529;101377
2069011939;101378
2069032347;101379
2069052756;101380
2069073165;101381
2069093574;101382
2069113982;101383
2069134392;101384
2069154804;101385
2069175210;101386
2069195622;101387
2069216027;101388
2069236436;101389
2069256849;101390
2069277254;101391
2069297663;101392
2069318071;101393
2069338481;101394
2069358889;101395
2069379298;101396
2069399707;101397
2069420116;101398
2069440525;101399
2069460934;101400
2069481342;101401
2069501752;101402
2069522160;101403
2069542569;101404
2069562978;101405
2069583387;101406
2069603796;101407
2069624205;101408
2069644613;101409
2069665023;101410
2069685431;101411
2069705841;101412
2069726249;101413
2069746658;101414
2069767067;101415
2069787476;101416
2069807884;101417
2069828294;101418
2069848706;101419
2069869112;101420
2069889520;101421
2069909929;101422
2069930338;101423
2069950747;101424
2069971155;101425
2069991565;101426
2070011973;101427
2070032383;101428
2070052791;101429
2070073200;101430
2070093609;101431
2070114018;101432
2070134427;101433
2070154836;101434
2070175244;101435
2070195654;101436
2070216062;101437
2070236471;101438
2070256880;101439
2070277289;101440
2070297698;101441
2070318107;101442
2070338515;101443
2070358925;101444
2070379333;101445
2070399743;101446
2070420151;101447
2070440560;101448
2070460969;101449
2070481378;101450
2070501787;101451
2070522196;101452
2070542604;101453
2070563014;101454
2070583422;101455
2070603831;101456
2070624240;101457
2070644649;101458
2070665058;101459
2070685467;101460
2070705879;101461
2070726285;101462
2070746693;101463
2070767102;101464
2070787511;101465
2070807920;101466
2070828329;101467
2070848738;101468
2070869146;101469
2070889556;101470
2070909964;101471
2070930374;101472
2070950782;101473
2070971191;101474
2070991600;101475
2071012009;101476
2071032418;101477
2071052827;101478
2071073236;101479
2071093645;101480
2071114054;101481
2071134462;101482
2071154872;101483
2071175280;101484
2071195690;101485
2071216098;101486
2071236507;101487
2071256916;101488
2071277329;101489
2071297734;101490
2071318143;101491
2071338551;101492
2071358961;101493
2071379369;101494
2071399778;101495
2071420187;101496
2071440596;101497
2071461005;101498
2071481414;101499
2071501826;101500
2071522232;101501
2071542640;101502
2071563049;101503
2071583458;101504
2071603867;101505
2071624276;101506
2071644685;101507
2071665093;101508
2071685503;101509
2071705911;101510
2071726321;101511
2071746733;101512
2071767138;101513
2071787547;101514
2071807956;101515
2071828364;101516
2071848774;101517
2071869182;101518
2071889592;101519
2071910000;101520
2071930409;101521
2071950818;101522
2071971227;101523
2071991636;101524
2072012045;101525
2072032453;101526
2072052863;101527
2072073271;101528
2072093684;101529
2072114093;101530
2072134498;101531
2072154907;101532
2072175316;101533
2072195724;101534
2072216134;101535
2072236542;101536
2072256951;101537
2072277360;101538
2072297769;101539
2072318178;101540
2072338587;101541
2072358995;101542
2072379405;101543
2072399813;101544
2072420223;101545
2072440631;101546
2072461040;101547
2072481449;101548
2072501862;101549
2072522267;101550
2072542676;101551
2072563084;101552
2072583494;101553
2072603902;101554
2072624311;101555
2072644720;101556
2072665129;101557
2072685538;101558
2072705947;101559
2072726355;101560
2072746765;101561
2072767173;101562
2072787582;101563
2072807991;101564
2072828400;101565
2072848809;101566
2072869218;101567
2072889626;101568
2072910036;101569
2072930444;101570
2072950858;101571
2072971262;101572
2072991671;101573
2073012080;101574
2073032489;101575
2073052897;101576
2073073307;101577
2073093715;101578
2073114125;101579
2073134533;101580
2073154942;101581
2073175351;101582
2073195760;101583
2073216169;101584
2073236578;101585
2073256986;101586
2073277396;101587
2073297808;101588
2073318217;101589
2073338626;101590
2073359031;101591
2073379440;101592
2073399849;101593
2073420257;101594
2073440667;101595
2073461075;101596
2073481485;101597
2073501893;101598
2073522302;101599
2073542712;101600
2073563120;101601
2073583529;101602
2073603942;101603
2073624347;101604
2073644756;101605
2073665165;101606
2073685573;101607
2073705983;101608
2073726391;101609
2073746804;101610
2073767209;101611
2073787618;101612
2073808027;101613
2073828436;101614
2073848844;101615
2073869254;101616
2073889662;101617
2073910072;101618
2073930480;101619
2073950889;101620
2073971298;101621
2073991707;101622
2074012116;101623
2074032525;101624
2074052933;101625
2074073343;101626
2074093751;101627
2074114160;101628
2074134569;101629
2074155032;101630
2074175441;101631
2074195850;101632
2074216259;101633
2074236668;101634
2074257077;101635
2074277485;101636
2074297895;101637
2074318304;101638
2074338713;101639
2074359122;101640
2074379530;101641
2074399940;101642
2074420349;101643
2074440757;101644
2074461167;101645
2074481575;101646
2074501989;101647
2074522394;101648
2074542802;101649
2074563212;101650
2074583625;101651
2074604030;101652
2074624439;101653
2074644847;101654
2074665257;101655
2074685666;101656
2074706074;101657
2074726484;101658
2074746892;101659
2074767302;101660
2074787711;101661
2074808119;101662
2074828529;101663
2074848938;101664
2074869347;101665
2074889756;101666
2074910164;101667
2074930574;101668
2074950983;101669
2074971391;101670
2074991801;101671
2075012209;101672
2075032619;101673
2075053028;101674
2075073436;101675
2075093846;101676
2075114255;101677
2075134664;101678
2075155073;101679
2075175481;101680
2075195891;101681
2075216300;101682
2075236708;101683
2075257118;101684
2075277526;101685
2075297936;101686
2075318345;101687
2075338753;101688
2075359163;101689
2075379572;101690
2075399981;101691
2075420390;101692
2075440798;101693
2075461208;101694
2075481617;101695
2075502029;101696
2075522435;101697
2075542843;101698
2075563253;101699
2075583662;101700
2075604070;101701
2075624484;101702
2075644889;101703
2075665297;101704
2075685707;101705
2075706115;101706
2075726525;101707
2075746934;101708
2075767342;101709
2075787752;101710
2075808160;101711
2075828570;101712
2075848979;101713
2075869387;101714
2075889797;101715
2075910205;101716
2075930618;101717
2075951024;101718
2075971432;101719
2075991842;101720
