1977623995;96900
1977644403;96901
1977664812;96902
1977685222;96903
1977705630;96904
1977726040;96905
1977746448;96906
1977766858;96907
1977787267;96908
1977807675;96909
1977828085;96910
1977848494;96911
1977868903;96912
1977889312;96913
1977909720;96914
1977930130;96915
1977950539;96916
1977970948;96917
1977991357;96918
1978011766;96919
1978032175;96920
1978052584;96921
1978072993;96922
1978093402;96923
1978113812;96924
1978134224;96925
1978154629;96926
1978175038;96927
1978195447;96928
1978215857;96929
1978236265;96930
1978256675;96931
1978277084;96932
1978297496;96933
1978317902;96934
1978338310;96935
1978358724;96936
1978379129;96937
1978399538;96938
1978419947;96939
1978440356;96940
1978460765;96941
1978481174;96942
1978501583;96943
1978521992;96944
1978542401;96945
1978562810;96946
1978583219;96947
1978603629;96948
1978624037;96949
1978644447;96950
1978664855;96951
1978685264;96952
1978705674;96953
1978726082;96954
1978746492;96955
1978766901;96956
1978787313;96957
1978807719;96958
1978828131;96959
1978848537;96960
1978868946;96961
1978889354;96962
1978909768;96963
1978930172;96964
1978950582;96965
1978970991;96966
1978991400;96967
1979011809;96968
1979032218;96969
1979052631;96970
1979073036;96971
1979093445;96972
1979113854;96973
1979134264;96974
1979154672;96975
1979175081;96976
1979195495;96977
1979215899;96978
1979236313;96979
1979256717;96980
1979277126;96981
1979297536;96982
1979317944;96983
1979338354;96984
1979358767;96985
1979379172;96986
1979399581;96987
1979419989;96988
1979440399;96989
1979460808;96990
1979481217;96991
1979501626;96992
1979522035;96993
1979542444;96994
1979562853;96995
1979583262;96996
1979603671;96997
1979624081;96998
1979644489;96999
1979664898;97000
1979685308;97001
1979705716;97002
1979726126;97003
1979746534;97004
1979766943;97005
1979787353;97006
1979807761;97007
1979828171;97008
1979848580;97009
1979868989;97010
1979889398;97011
1979909806;97012
1979930216;97013
1979950625;97014
1979971034;97015
1979991443;97016
1980011851;97017
1980032261;97018
1980052670;97019
1980073079;97020
1980093488;97021
1980113898;97022
1980134306;97023
1980154715;97024
1980175124;97025
1980195533;97026
1980215943;97027
1980236351;97028
1980256760;97029
1980277170;97030
1980297578;97031
1980317988;97032
1980338400;97033
1980358806;97034
1980379215;97035
1980399623;97036
1980420033;97037
1980440442;97038
1980460851;97039
1980481260;97040
1980501669;97041
1980522078;97042
1980542487;97043
1980562896;97044
1980583305;97045
1980603715;97046
1980624123;97047
1980644532;97048
1980664941;97049
1980685354;97050
1980705760;97051
1980726168;97052
1980746578;97053
1980766987;97054
1980787395;97055
1980807809;97056
1980828213;97057
1980848623;97058
1980869032;97059
1980889441;97060
1980909854;97061
1980930258;97062
1980950672;97063
1980971077;97064
1980991485;97065
1981011895;97066
1981032304;97067
1981052713;97068
1981073122;97069
1981093531;97070
1981113940;97071
1981134349;97072
1981154758;97073
1981175167;97074
1981195577;97075
1981215985;97076
1981236395;97077
1981256803;97078
1981277212;97079
1981297622;97080
1981318030;97081
1981338440;97082
1981358849;97083
1981379261;97084
1981399667;97085
1981420075;97086
1981440485;97087
1981460894;97088
1981481303;97089
1981501712;97090
1981522121;97091
1981542530;97092
1981562939;97093
1981583348;97094
1981603757;97095
1981624167;97096
1981644575;97097
1981664984;97098
1981685394;97099
1981705806;97100
1981726212;97101
1981746620;97102
1981767029;97103
1981787439;97104
1981807847;97105
1981828257;97106
1981848666;97107
1981869075;97108
1981889484;97109
1981909892;97110
1981930302;97111
1981950711;97112
1981971120;97113
1981991529;97114
1982011938;97115
1982032347;97116
1982052756;97117
1982073165;97118
1982093574;97119
1982113984;97120
1982134392;97121
1982154801;97122
1982175210;97123
1982195619;97124
1982216029;97125
1982236437;97126
1982256846;97127
1982277256;97128
1982297664;97129
1982318074;97130
1982338482;97131
1982358891;97132
1982379301;97133
1982399709;97134
1982420119;97135
1982440528;97136
1982460940;97137
1982481346;97138
1982501754;97139
1982522164;97140
1982542573;97141
1982562982;97142
1982583395;97143
1982603801;97144
1982624209;97145
1982644618;97146
1982665027;97147
1982685440;97148
1982705846;97149
1982726254;97150
1982746663;97151
1982767073;97152
1982787481;97153
1982807891;97154
1982828299;97155
1982848712;97156
1982869118;97157
1982889526;97158
1982909936;97159
1982930344;97160
1982950754;97161
1982971163;97162
1982991575;97163
1983011981;97164
1983032390;97165
1983052799;97166
1983073208;97167
1983093617;97168
1983114030;97169
1983134439;97170
1983154844;97171
1983175253;97172
1983195663;97173
1983216071;97174
1983236480;97175
1983256889;97176
1983277298;97177
1983297708;97178
1983318116;97179
1983338526;97180
1983358935;97181
1983379343;97182
1983399753;97183
1983420161;97184
1983440575;97185
1983460980;97186
1983481389;97187
1983501798;97188
1983522207;97189
1983542616;97190
1983563025;97191
1983583434;97192
1983603843;97193
1983624252;97194
1983644665;97195
1983665070;97196
1983685480;97197
1983705888;97198
1983726298;97199
1983746706;97200
1983767119;97201
1983787525;97202
1983807933;97203
1983828343;97204
1983848751;97205
1983869160;97206
1983889570;97207
1983909978;97208
1983930388;97209
1983950797;97210
1983971206;97211
1983991615;97212
1984012023;97213
1984032433;97214
1984052842;97215
1984073255;97216
1984093660;97217
1984114069;97218
1984134482;97219
1984154860;97220
1984175269;97221
1984195678;97222
1984216087;97223
1984236496;97224
1984256905;97225
1984277314;97226
1984297723;97227
1984318132;97228
1984338541;97229
1984358953;97230
1984379359;97231
1984399768;97232
1984420177;97233
1984440586;97234
1984460995;97235
1984481404;97236
1984501812;97237
1984522222;97238
1984542635;97239
1984563040;97240
1984583449;97241
1984603857;97242
1984624267;97243
1984644675;97244
1984665085;97245
1984685494;97246
1984705903;97247
1984726312;97248
1984746720;97249
1984767130;97250
1984787538;97251
1984807948;97252
1984828357;97253
1984848766;97254
1984869175;97255
1984889583;97256
1984909993;97257
1984930405;97258
1984950811;97259
1984971219;97260
1984991629;97261
1985012038;97262
1985032446;97263
1985052856;97264
1985073264;97265
1985093673;97266
1985114082;97267
1985134491;97268
1985154905;97269
1985175309;97270
1985195719;97271
1985216127;97272
1985236536;97273
1985256945;97274
1985277354;97275
1985297764;97276
1985318172;97277
1985338582;97278
1985358990;97279
1985379399;97280
1985399808;97281
1985420217;97282
1985440627;97283
1985461035;97284
1985481444;97285
1985501853;97286
1985522262;97287
1985542671;97288
1985563080;97289
1985583490;97290
1985603898;97291
1985624307;97292
1985644716;97293
1985665129;97294
1985685534;97295
1985705943;97296
1985726352;97297
1985746761;97298
1985767170;97299
1985787579;97300
1985807988;97301
1985828397;97302
1985848810;97303
1985869214;97304
1985889624;97305
1985910033;97306
1985930442;97307
1985950851;97308
1985971260;97309
1985991669;97310
1986012077;97311
1986032487;97312
1986052896;97313
1986073305;97314
1986093714;97315
1986114122;97316
1986134532;97317
1986154940;97318
1986175350;97319
1986195759;97320
1986216168;97321
1986236577;97322
1986256985;97323
1986277395;97324
1986297803;97325
1986318213;97326
1986338622;97327
1986359031;97328
1986379440;97329
1986399848;97330
1986420258;97331
1986440670;97332
1986461076;97333
1986481484;97334
1986501893;97335
1986522303;97336
1986542711;97337
1986563121;97338
1986583529;97339
1986603938;97340
1986624347;97341
1986644760;97342
1986665166;97343
1986685574;97344
1986705984;97345
1986726392;97346
1986746801;97347
1986767210;97348
1986787619;97349
1986808029;97350
1986828437;97351
1986848846;97352
1986869259;97353
1986889664;97354
1986910073;97355
1986930482;97356
1986950892;97357
1986971300;97358
1986991709;97359
1987012118;97360
1987032527;97361
1987052936;97362
1987073345;97363
1987093755;97364
1987114163;97365
1987134572;97366
1987154981;97367
1987175390;97368
1987195799;97369
1987216208;97370
1987236616;97371
1987257030;97372
1987277439;97373
1987297844;97374
1987318253;97375
1987338662;97376
1987359075;97377
1987379483;97378
1987399889;97379
1987420298;97380
1987440707;97381
1987461116;97382
1987481528;97383
1987501938;97384
1987522342;97385
1987542752;97386
1987563161;97387
1987583570;97388
1987603983;97389
1987624387;97390
1987644797;97391
1987665209;97392
1987685615;97393
1987706024;97394
1987726433;97395
1987746842;97396
1987767250;97397
1987787660;97398
1987808072;97399
1987828478;97400
1987848886;97401
1987869295;97402
1987889705;97403
1987910117;97404
1987930523;97405
1987950931;97406
1987971340;97407
1987991749;97408
1988012158;97409
1988032568;97410
1988052976;97411
1988073386;97412
1988093794;97413
1988114203;97414
1988134612;97415
1988155021;97416
1988175431;97417
1988195839;97418
1988216249;97419
1988236657;97420
1988257066;97421
1988277475;97422
1988297884;97423
1988318294;97424
1988338702;97425
1988359112;97426
1988379520;97427
1988399929;97428
1988420338;97429
1988440747;97430
1988461157;97431
1988481565;97432
1988501974;97433
1988522383;97434
1988542792;97435
1988563201;97436
1988583614;97437
1988604019;97438
1988624428;97439
1988644837;97440
1988665246;97441
1988685655;97442
1988706064;97443
1988726477;97444
1988746881;97445
1988767291;97446
1988787700;97447
1988808113;97448
1988828518;97449
1988848927;97450
1988869336;97451
1988889744;97452
1988910158;97453
1988930563;97454
1988950972;97455
1988971381;97456
1988991789;97457
1989012199;97458
1989032607;97459
1989053017;97460
1989073426;97461
1989093835;97462
1989114244;97463
1989134652;97464
1989155062;97465
1989175470;97466
1989195880;97467
1989216289;97468
1989236697;97469
1989257107;97470
1989277515;97471
1989297929;97472
1989318333;97473
1989338743;97474
1989359151;97475
1989379560;97476
1989399970;97477
1989420378;97478
1989440788;97479
1989461196;97480
1989481605;97481
1989502014;97482
1989522427;97483
1989542833;97484
1989563241;97485
1989583655;97486
1989604059;97487
1989624468;97488
1989644877;97489
1989665286;97490
1989685696;97491
1989706104;97492
1989726513;97493
1989746922;97494
1989767331;97495
1989787740;97496
1989808149;97497
1989828559;97498
1989848967;97499
1989869376;97500
1989889785;97501
1989910194;97502
1989930603;97503
1989951012;97504
1989971421;97505
1989991830;97506
1990012239;97507
1990032652;97508
1990053057;97509
1990073466;97510
1990093875;97511
1990114283;97512
1990134693;97513
1990155102;97514
1990175511;97515
1990195920;97516
1990216329;97517
1990236742;97518
1990257146;97519
1990277556;97520
1990297965;97521
1990318374;97522
1990338783;97523
1990359192;97524
1990379601;97525
1990400009;97526
1990420419;97527
1990440828;97528
1990461237;97529
1990481646;97530
1990502054;97531
1990522464;97532
1990542872;97533
1990563282;97534
1990583691;97535
1990604100;97536
1990624509;97537
1990644917;97538
1990665327;97539
1990685735;97540
1990706145;97541
1990726553;97542
1990746962;97543
1990767372;97544
1990787780;97545
1990808190;97546
1990828598;97547
1990849007;97548
1990869416;97549
1990889825;97550
1990910235;97551
1990930643;97552
1990951053;97553
1990971461;97554
1990991870;97555
1991012279;97556
1991032688;97557
1991053098;97558
1991073506;97559
1991093919;97560
1991114324;97561
1991134733;97562
1991155142;97563
1991175551;97564
1991195961;97565
1991216369;97566
1991236778;97567
1991257187;97568
1991277596;97569
1991298005;97570
1991318414;97571
1991338824;97572
1991359236;97573
1991379641;97574
1991400050;97575
1991420459;97576
1991440868;97577
1991461277;97578
1991481685;97579
1991502095;97580
1991522504;97581
1991542913;97582
1991563322;97583
1991583731;97584
1991604140;97585
1991624548;97586
1991644958;97587
1991665367;97588
1991685776;97589
1991706185;97590
1991726594;97591
1991747003;97592
1991767411;97593
1991787821;97594
1991808230;97595
1991828642;97596
1991849052;97597
1991869456;97598
1991889870;97599
1991910274;97600
1991930688;97601
1991951093;97602
1991971502;97603
1991991911;97604
1992012319;97605
1992032729;97606
1992053137;97607
1992073547;97608
1992093955;97609
1992114364;97610
1992134774;97611
1992155182;97612
1992175592;97613
1992196000;97614
1992216409;97615
1992236818;97616
1992257227;97617
1992277637;97618
1992298045;97619
1992318455;97620
1992338863;97621
1992359272;97622
1992379681;97623
1992400090;97624
1992420500;97625
1992440908;97626
1992461318;97627
1992481726;97628
1992502135;97629
1992522544;97630
1992542953;97631
1992563363;97632
1992583771;97633
1992604180;97634
1992624589;97635
1992644998;97636
1992665407;97637
1992685816;97638
1992706225;97639
1992726634;97640
1992747043;97641
1992767452;97642
1992787861;97643
1992808270;97644
1992828679;97645
1992849087;97646
1992869497;97647
1992889906;97648
1992910315;97649
1992930724;97650
1992951133;97651
1992971542;97652
1992991954;97653
1993012360;97654
1993032769;97655
1993053178;97656
1993073587;97657
1993093996;97658
1993114405;97659
1993134813;97660
1993155223;97661
1993175632;97662
1993196041;97663
1993216450;97664
1993236858;97665
1993257268;97666
1993277676;97667
1993298086;97668
1993318495;97669
1993338904;97670
1993359313;97671
1993379721;97672
1993400131;97673
1993420539;97674
1993440949;97675
1993461358;97676
1993481766;97677
1993502176;97678
1993522584;97679
1993542994;97680
1993563402;97681
1993583815;97682
1993604220;97683
1993624629;97684
1993645039;97685
1993665451;97686
1993685857;97687
1993706265;97688
1993726678;97689
1993747083;97690
1993767492;97691
1993787906;97692
1993808310;97693
1993828720;97694
1993849128;97695
1993869537;97696
1993889946;97697
1993910355;97698
1993930765;97699
1993951173;97700
1993971583;97701
1993991991;97702
1994012404;97703
1994032813;97704
1994053222;97705
1994073628;97706
1994094036;97707
1994114445;97708
1994134854;97709
1994155275;97710
1994175684;97711
1994196093;97712
1994216503;97713
1994236911;97714
1994257324;97715
1994277729;97716
1994298138;97717
1994318548;97718
1994338956;97719
1994359365;97720
1994379774;97721
1994400183;97722
1994420593;97723
1994441001;97724
1994461411;97725
1994481819;97726
1994502228;97727
1994522637;97728
1994543046;97729
1994563455;97730
1994583864;97731
1994604273;97732
1994624682;97733
1994645091;97734
1994665501;97735
1994685909;97736
1994706319;97737
1994726727;97738
1994747136;97739
1994767546;97740
1994787954;97741
1994808364;97742
1994828772;97743
1994849181;97744
1994869591;97745
1994889999;97746
1994910409;97747
1994930817;97748
1994951227;97749
1994971635;97750
1994992044;97751
1995012454;97752
1995032862;97753
1995053272;97754
1995073680;97755
1995094090;97756
1995114499;97757
1995134907;97758
1995155321;97759
1995175725;97760
1995196135;97761
1995216544;97762
1995236952;97763
1995257362;97764
1995277770;97765
1995298184;97766
1995318589;97767
1995338998;97768
1995359407;97769
1995379815;97770
1995400225;97771
1995420634;97772
1995441043;97773
1995461452;97774
1995481860;97775
1995502270;97776
1995522678;97777
1995543088;97778
1995563497;97779
1995583906;97780
1995604315;97781
1995624723;97782
1995645133;97783
1995665542;97784
1995685951;97785
1995706360;97786
1995726768;97787
1995747178;97788
1995767587;97789
1995787996;97790
1995808405;97791
1995828814;97792
1995849223;97793
1995869632;97794
1995890041;97795
1995910450;97796
1995930859;97797
1995951268;97798
1995971676;97799
1995992086;97800
1996012495;97801
1996032904;97802
1996053317;97803
1996073722;97804
1996094131;97805
1996114540;97806
1996134949;97807
1996155358;97808
1996175767;97809
1996196176;97810
1996216585;97811
1996236994;97812
1996257403;97813
1996277812;97814
1996298221;97815
1996318631;97816
1996339039;97817
1996359448;97818
1996379857;97819
1996400270;97820
1996420676;97821
1996441084;97822
1996461494;97823
1996481902;97824
1996502315;97825
1996522720;97826
1996543129;97827
1996563539;97828
1996583947;97829
1996604360;97830
1996624765;97831
1996645174;97832
1996665584;97833
1996685992;97834
1996706402;97835
1996726810;97836
1996747219;97837
1996767629;97838
1996788041;97839
1996808447;97840
1996828855;97841
1996849264;97842
1996869674;97843
1996890082;97844
1996910492;97845
1996930900;97846
1996951309;97847
1996971722;97848
1996992127;97849
1997012537;97850
1997032949;97851
1997053355;97852
1997073763;97853
1997094172;97854
1997114582;97855
1997134990;97856
1997155400;97857
1997175812;97858
1997196221;97859
1997216627;97860
1997237035;97861
1997257445;97862
1997277857;97863
1997298263;97864
1997318672;97865
1997339084;97866
1997359490;97867
1997379898;97868
1997400308;97869
1997420717;97870
1997441125;97871
1997461535;97872
1997481943;97873
1997502353;97874
1997522761;97875
1997543171;97876
1997563580;97877
1997583988;97878
1997604398;97879
1997624806;97880
1997645216;97881
1997665625;97882
1997686034;97883
1997706443;97884
1997726851;97885
1997747261;97886
1997767670;97887
1997788079;97888
1997808488;97889
1997828896;97890
1997849306;97891
1997869715;97892
1997890124;97893
1997910533;97894
1997930942;97895
1997951351;97896
1997971759;97897
1997992169;97898
1998012578;97899
1998032987;97900
1998053396;97901
1998073805;97902
1998094214;97903
1998114623;97904
1998135032;97905
1998155441;97906
1998175850;97907
1998196259;97908
1998216668;97909
1998237077;97910
1998257486;97911
1998277895;97912
1998298304;97913
1998318713;97914
1998339126;97915
1998359535;97916
1998379940;97917
1998400349;97918
1998420759;97919
1998441167;97920
1998461576;97921
1998481985;97922
1998502394;97923
1998522803;97924
1998543212;97925
1998563622;97926
1998584030;97927
1998604443;97928
1998624848;97929
1998645257;97930
1998665667;97931
1998686075;97932
1998706484;97933
1998726893;97934
1998747302;97935
1998767712;97936
1998788120;97937
1998808530;97938
1998828938;97939
1998849347;97940
1998869757;97941
1998890165;97942
1998910575;97943
1998930983;97944
1998951393;97945
1998971801;97946
1998992210;97947
1999012620;97948
1999033028;97949
1999053438;97950
1999073850;97951
1999094255;97952
1999114665;97953
1999135073;97954
1999155483;97955
1999175895;97956
1999196300;97957
1999216710;97958
1999237118;97959
1999257528;97960
1999277936;97961
1999298346;97962
1999318755;97963
1999339163;97964
1999359573;97965
1999379981;97966
1999400391;97967
1999420800;97968
1999441208;97969
1999461618;97970
1999482026;97971
1999502436;97972
1999522844;97973
1999543254;97974
1999563663;97975
1999584071;97976
1999604481;97977
1999624889;97978
1999645303;97979
1999665712;97980
1999686117;97981
1999706526;97982
1999726934;97983
1999747344;97984
1999767753;97985
1999788162;97986
1999808571;97987
1999828979;97988
1999849389;97989
1999869798;97990
1999890207;97991
1999910616;97992
1999931029;97993
1999951434;97994
1999971842;97995
1999992252;97996
2000012661;97997
2000033070;97998
2000053479;97999
2000073887;98000
2000094297;98001
2000114706;98002
2000135115;98003
2000155524;98004
2000175933;98005
2000196342;98006
2000216751;98007
2000237160;98008
2000257569;98009
2000277978;98010
2000298387;98011
2000318797;98012
2000339205;98013
2000359614;98014
2000380023;98015
2000400436;98016
2000420842;98017
2000441250;98018
2000461659;98019
2000482068;98020
2000502477;98021
2000522890;98022
2000543295;98023
2000563705;98024
2000584113;98025
2000604522;98026
2000624931;98027
2000645340;98028
2000665750;98029
2000686158;98030
2000706571;98031
2000726976;98032
2000747385;98033
2000767795;98034
2000788203;98035
2000808613;98036
2000829021;98037
2000849430;98038
2000869844;98039
2000890248;98040
2000910662;98041
2000931066;98042
2000951475;98043
2000971884;98044
2000992293;98045
2001012703;98046
2001033111;98047
2001053524;98048
2001073929;98049
2001094338;98050
2001114748;98051
2001135156;98052
2001155570;98053
2001175974;98054
2001196387;98055
2001216793;98056
2001237201;98057
2001257611;98058
2001278019;98059
2001298429;98060
2001318838;98061
2001339246;98062
2001359656;98063
2001380064;98064
2001400474;98065
2001420883;98066
2001441292;98067
2001461701;98068
2001482109;98069
2001502519;98070
2001522927;98071
2001543337;98072
2001563746;98073
2001584154;98074
2001604564;98075
2001624972;98076
2001645382;98077
2001665795;98078
2001686200;98079
2001706609;98080
2001727017;98081
2001747427;98082
2001767836;98083
2001788245;98084
2001808654;98085
2001829066;98086
2001849472;98087
2001869881;98088
2001890290;98089
2001910699;98090
2001931108;98091
2001951517;98092
2001971925;98093
2001992335;98094
2002012744;98095
2002033153;98096
2002053562;98097
2002073970;98098
2002094380;98099
2002114789;98100
2002135198;98101
2002155607;98102
2002176016;98103
2002196425;98104
2002216834;98105
2002237247;98106
2002257652;98107
2002278061;98108
2002298470;98109
2002318880;98110
2002339288;98111
2002359697;98112
2002380106;98113
2002400515;98114
2002420924;98115
2002441333;98116
2002461742;98117
2002482151;98118
2002502560;98119
2002522969;98120
2002543378;98121
2002563791;98122
2002584196;98123
2002604605;98124
2002625014;98125
2002645423;98126
2002665833;98127
2002686241;98128
2002706650;98129
2002727059;98130
2002747468;98131
2002767882;98132
2002788286;98133
2002808696;98134
2002829104;98135
2002849513;98136
2002869923;98137
2002890331;98138
2002910741;98139
2002931149;98140
2002951562;98141
2002971967;98142
2002992376;98143
2003012786;98144
2003033194;98145
2003053604;98146
2003074012;98147
2003094421;98148
2003114831;98149
2003135239;98150
2003155649;98151
2003176057;98152
2003196471;98153
2003216876;98154
2003237284;98155
2003257694;98156
2003278102;98157
2003298512;98158
2003318921;98159
2003339330;98160
2003359739;98161
2003380147;98162
2003400557;98163
2003420965;98164
2003441375;98165
2003461784;98166
2003482192;98167
2003502602;98168
2003523010;98169
2003543420;98170
2003563829;98171
2003584238;98172
2003604647;98173
2003625055;98174
2003645465;98175
2003665874;98176
2003686283;98177
2003706692;98178
2003727101;98179
2003747510;98180
2003767919;98181
2003788328;98182
2003808737;98183
2003829146;98184
2003849555;98185
2003869964;98186
2003890373;98187
2003910782;98188
2003931191;98189
2003951600;98190
2003972008;98191
2003992418;98192
2004012827;98193
2004033236;98194
2004053645;98195
2004074054;98196
2004094463;98197
2004114872;98198
2004135281;98199
2004155658;98200
2004176067;98201
2004196476;98202
2004216884;98203
2004237294;98204
2004257702;98205
2004278112;98206
2004298520;98207
2004318930;98208
2004339339;98209
2004359747;98210
2004380157;98211
2004400565;98212
2004420975;98213
2004441383;98214
2004461792;98215
2004482201;98216
2004502610;98217
2004523019;98218
2004543432;98219
2004563837;98220
2004584246;98221
2004604654;98222
2004625064;98223
2004645472;98224
2004665882;98225
2004686290;98226
2004706700;98227
2004727109;98228
2004747517;98229
2004767927;98230
2004788339;98231
2004808745;98232
2004829153;98233
2004849562;98234
2004869971;98235
2004890380;98236
2004910789;98237
2004931198;98238
2004951611;98239
2004972016;98240
2004992424;98241
2005012834;98242
2005033242;98243
2005053652;98244
2005074060;98245
2005094473;98246
2005114879;98247
2005135287;98248
2005155697;98249
2005176109;98250
2005196515;98251
2005216923;98252
2005237332;98253
2005257741;98254
2005278150;98255
2005298559;98256
2005318968;98257
2005339380;98258
2005359786;98259
2005380194;98260
2005400604;98261
2005421012;98262
2005441422;98263
2005461830;98264
2005482239;98265
2005502649;98266
2005523057;98267
2005543467;98268
2005563875;98269
2005584284;98270
2005604693;98271
2005625102;98272
2005645511;98273
2005665920;98274
2005686329;98275
2005706738;98276
2005727146;98277
2005747556;98278
2005767964;98279
2005788374;98280
2005808786;98281
2005829192;98282
2005849600;98283
2005870009;98284
2005890419;98285
2005910827;98286
2005931237;98287
2005951645;98288
2005972054;98289
2005992463;98290
2006012872;98291
2006033285;98292
2006053690;98293
2006074099;98294
2006094508;98295
2006114920;98296
2006135326;98297
2006155734;98298
2006176144;98299
2006196552;98300
2006216962;98301
2006237370;98302
2006257779;98303
2006278189;98304
2006298597;98305
2006319007;98306
2006339415;98307
2006359824;98308
2006380237;98309
2006400646;98310
2006421051;98311
2006441460;98312
2006461868;98313
2006482278;98314
2006502686;98315
2006523096;98316
2006543504;98317
2006563914;98318
2006584322;98319
2006604731;98320
2006625140;98321
2006645553;98322
2006665959;98323
2006686367;98324
2006706776;98325
2006727185;98326
2006747594;98327
2006768007;98328
2006788412;98329
2006808820;98330
2006829230;98331
2006849639;98332
2006870048;98333
2006890456;98334
2006910866;98335
2006931274;98336
2006951684;98337
2006972092;98338
2006992501;98339
2007012910;98340
2007033319;98341
2007053729;98342
2007074141;98343
2007094546;98344
2007114955;98345
2007135364;98346
2007155773;98347
2007176182;98348
2007196591;98349
2007217000;98350
2007237408;98351
2007257818;98352
2007278226;98353
2007298636;98354
2007319044;98355
2007339454;98356
2007359862;98357
2007380271;98358
2007400680;98359
2007421089;98360
2007441499;98361
2007461907;98362
2007482316;98363
2007502725;98364
2007523134;98365
2007543543;98366
2007563952;98367
2007584360;98368
2007604770;98369
2007625182;98370
2007645588;98371
2007665996;98372
2007686406;98373
2007706818;98374
2007727223;98375
2007747632;98376
2007768041;98377
2007788450;98378
2007808859;98379
2007829269;98380
2007849677;98381
2007870086;98382
2007890495;98383
2007910904;98384
2007931313;98385
2007951722;98386
2007972130;98387
2007992540;98388
2008012948;98389
2008033358;98390
2008053766;98391
2008074176;98392
2008094584;98393
2008114993;98394
2008135402;98395
2008155811;98396
2008176220;98397
2008196629;98398
2008217042;98399
2008237447;98400
2008257856;98401
2008278265;98402
2008298674;98403
2008319083;98404
2008339492;98405
2008359900;98406
2008380310;98407
2008400718;98408
2008421128;98409
2008441536;98410
2008461945;98411
2008482354;98412
2008502763;98413
2008523172;98414
2008543581;98415
2008563990;98416
2008584403;98417
2008604808;98418
2008625217;98419
2008645630;98420
2008666035;98421
2008686444;98422
2008706853;98423
2008727262;98424
2008747674;98425
2008768080;98426
2008788488;98427
2008808902;98428
2008829306;98429
2008849715;98430
2008870124;98431
2008890533;98432
2008910942;98433
2008931351;98434
2008951761;98435
2008972169;98436
2008992578;98437
2009012987;98438
2009033396;98439
2009053809;98440
2009074214;98441
2009094623;98442
2009115032;98443
2009135440;98444
2009155850;98445
2009176258;98446
2009196671;98447
2009217076;98448
2009237485;98449
2009257894;98450
2009278303;98451
2009298712;98452
2009319121;98453
2009339530;98454
2009359939;98455
2009380348;98456
2009400757;98457
2009421170;98458
2009441574;98459
2009461984;98460
2009482392;98461
2009502802;98462
2009523210;98463
2009543620;98464
2009564028;98465
2009584437;98466
2009604846;98467
2009625255;98468
2009645664;98469
2009666077;98470
2009686481;98471
2009706891;98472
2009727300;98473
2009747712;98474
2009768118;98475
2009788526;98476
2009808936;98477
2009829348;98478
2009849754;98479
2009870162;98480
2009890571;98481
2009910980;98482
2009931389;98483
2009951798;98484
2009972207;98485
2009992619;98486
2010013025;98487
2010033433;98488
2010053843;98489
2010074251;98490
2010094660;98491
2010115070;98492
2010135478;98493
2010155892;98494
2010176296;98495
2010196705;98496
2010217114;98497
2010237523;98498
2010257932;98499
2010278341;98500
2010298749;98501
2010319163;98502
2010339567;98503
2010359977;98504
2010380385;98505
2010400798;98506
2010421203;98507
2010441612;98508
2010462021;98509
2010482430;98510
2010502839;98511
2010523248;98512
2010543657;98513
2010564066;98514
2010584475;98515
2010604883;98516
2010625293;98517
2010645701;98518
2010666111;98519
2010686519;98520
2010706928;98521
2010727337;98522
2010747746;98523
2010768154;98524
2010788564;98525
2010808972;98526
2010829382;98527
2010849790;98528
2010870199;98529
2010890609;98530
2010911017;98531
2010931427;98532
2010951835;98533
2010972244;98534
2010992653;98535
2011013062;98536
2011033470;98537
2011053880;98538
2011074288;98539
2011094701;98540
2011115106;98541
2011135515;98542
2011155924;98543
2011176333;98544
2011196742;98545
2011217151;98546
2011237559;98547
2011257969;98548
2011278378;98549
2011298786;98550
2011319196;98551
2011339608;98552
2011360014;98553
2011380422;98554
2011400831;98555
2011421240;98556
2011441649;98557
2011462058;98558
2011482467;98559
2011502875;98560
2011523289;98561
2011543693;98562
2011564102;98563
2011584511;98564
2011604920;98565
2011625332;98566
2011645738;98567
2011666147;98568
2011686556;98569
2011706965;98570
2011727373;98571
2011747783;98572
2011768191;98573
2011788600;98574
2011809009;98575
2011829418;98576
2011849827;98577
2011870236;98578
2011890644;98579
2011911058;98580
2011931462;98581
2011951871;98582
2011972280;98583
2011992689;98584
2012013098;98585
2012033507;98586
2012053916;98587
2012074325;98588
2012094734;98589
2012115142;98590
2012135552;98591
2012155960;98592
2012176369;98593
2012196778;98594
2012217187;98595
2012237596;98596
2012258005;98597
2012278413;98598
2012298823;98599
2012319231;98600
2012339640;98601
2012360049;98602
2012380458;98603
2012400867;98604
2012421276;98605
2012441685;98606
2012462094;98607
2012482503;98608
2012502915;98609
2012523321;98610
2012543729;98611
2012564139;98612
2012584547;98613
2012604956;98614
2012625365;98615
2012645778;98616
2012666182;98617
2012686592;98618
2012707000;98619
2012727409;98620
2012747818;98621
2012768231;98622
2012788636;98623
2012809045;98624
2012829454;98625
2012849863;98626
2012870272;98627
2012890681;98628
2012911090;98629
2012931498;98630
2012951908;98631
2012972316;98632
2012992725;98633
2013013134;98634
2013033543;98635
2013053951;98636
2013074361;98637
2013094769;98638
2013115179;98639
2013135587;98640
2013155996;98641
2013176405;98642
2013196814;98643
2013217223;98644
2013237632;98645
2013258041;98646
2013278450;98647
2013298859;98648
2013319267;98649
2013339677;98650
2013360085;98651
2013380494;98652
2013400903;98653
2013421312;98654
2013441725;98655
2013462134;98656
2013482538;98657
2013502952;98658
2013523360;98659
2013543765;98660
2013564174;98661
2013584583;98662
2013604993;98663
2013625405;98664
2013645810;98665
2013666219;98666
2013686628;98667
2013707036;98668
2013727446;98669
2013747854;98670
2013768268;98671
2013788672;98672
2013809081;98673
2013829490;98674
2013849899;98675
2013870308;98676
2013890717;98677
2013911125;98678
2013931535;98679
2013951943;98680
2013972352;98681
2013992762;98682
2014013174;98683
2014033580;98684
2014053988;98685
2014074397;98686
2014094806;98687
2014115215;98688
2014135624;98689
2014156061;98690
2014176469;98691
2014196879;98692
2014217288;98693
2014237696;98694
2014258106;98695
2014278514;98696
2014298924;98697
2014319332;98698
2014339741;98699
2014360151;98700
2014380559;98701
2014400968;98702
2014421377;98703
2014441786;98704
2014462196;98705
2014482604;98706
2014503013;98707
2014523422;98708
2014543831;98709
2014564239;98710
2014584649;98711
2014605058;98712
2014625467;98713
2014645880;98714
2014666284;98715
2014686694;98716
2014707107;98717
2014727512;98718
2014747921;98719
2014768329;98720
2014788739;98721
2014809147;98722
2014829557;98723
2014849966;98724
2014870374;98725
2014890784;98726
2014911192;98727
2014931601;98728
2014952011;98729
2014972419;98730
2014992829;98731
2015013237;98732
2015033646;98733
2015054055;98734
2015074464;98735
2015094874;98736
2015115282;98737
2015135691;98738
2015156100;98739
2015176509;98740
2015196922;98741
2015217327;98742
2015237736;98743
2015258145;98744
2015278554;98745
2015298962;98746
2015319372;98747
2015339781;98748
2015360190;98749
2015380599;98750
2015401007;98751
2015421417;98752
2015441830;98753
2015462235;98754
2015482644;98755
2015503052;98756
2015523462;98757
2015543870;98758
2015564280;98759
2015584689;98760
2015605097;98761
2015625507;98762
2015645915;98763
2015666325;98764
2015686734;98765
2015707142;98766
2015727552;98767
2015747960;98768
2015768369;98769
2015788778;98770
2015809187;98771
2015829597;98772
2015850005;98773
2015870414;98774
2015890823;98775
2015911232;98776
2015931642;98777
2015952050;98778
2015972459;98779
2015992868;98780
2016013277;98781
2016033686;98782
2016054095;98783
2016074504;98784
2016094913;98785
2016115322;98786
2016135731;98787
2016156140;98788
2016176549;98789
2016196958;98790
2016217367;98791
2016237776;98792
2016258185;98793
2016278593;98794
2016299003;98795
2016319412;98796
2016339821;98797
2016360230;98798
2016380638;98799
2016401052;98800
2016421457;98801
2016441866;98802
2016462275;98803
2016482683;98804
2016503093;98805
2016523501;98806
2016543911;98807
2016564320;98808
2016584728;98809
2016605142;98810
2016625546;98811
2016645956;98812
2016666365;98813
2016686773;98814
2016707183;98815
2016727591;98816
2016748000;98817
2016768409;98818
2016788818;98819
2016809228;98820
2016829636;98821
2016850046;98822
2016870454;98823
2016890863;98824
2016911273;98825
2016931685;98826
2016952090;98827
2016972499;98828
2016992908;98829
2017013318;98830
2017033730;98831
2017054136;98832
2017074544;98833
2017094953;98834
2017115362;98835
2017135771;98836
2017156181;98837
2017176589;98838
2017197002;98839
2017217407;98840
2017237816;98841
2017258226;98842
2017278634;98843
2017299043;98844
2017319452;98845
2017339861;98846
2017360270;98847
2017380683;98848
2017401088;98849
2017421497;98850
2017441906;98851
2017462315;98852
2017482724;98853
2017503133;98854
2017523542;98855
2017543951;98856
2017564360;98857
2017584769;98858
2017605177;98859
2017625591;98860
2017645996;98861
2017666405;98862
2017686814;98863
2017707222;98864
2017727632;98865
2017748041;98866
2017768450;98867
2017788859;98868
2017809267;98869
2017829677;98870
2017850085;98871
2017870495;98872
2017890904;98873
2017911313;98874
2017931722;98875
2017952130;98876
2017972540;98877
2017992953;98878
2018013358;98879
2018033767;98880
2018054175;98881
2018074585;98882
2018094993;98883
2018115403;98884
2018135812;98885
2018156220;98886
2018176630;98887
2018197038;98888
2018217448;98889
2018237857;98890
2018258265;98891
2018278675;98892
2018299083;98893
2018319493;98894
2018339901;98895
2018360310;98896
2018380720;98897
2018401132;98898
2018421538;98899
2018441950;98900
2018462355;98901
2018482765;98902
2018503173;98903
2018523583;98904
2018543991;98905
2018564400;98906
2018584809;98907
2018605218;98908
2018625628;98909
2018646040;98910
2018666446;98911
2018686854;98912
2018707263;98913
2018727673;98914
2018748081;98915
2018768491;98916
2018788899;98917
2018809308;98918
2018829717;98919
2018850126;98920
2018870536;98921
2018890944;98922
2018911353;98923
2018931762;98924
2018952171;98925
2018972581;98926
2018992989;98927
2019013398;98928
2019033807;98929
2019054216;98930
2019074625;98931
2019095034;98932
2019115443;98933
2019135856;98934
2019156261;98935
2019176670;98936
2019197079;98937
2019217492;98938
2019237897;98939
2019258306;98940
2019278715;98941
2019299124;98942
2019319537;98943
2019339942;98944
2019360351;98945
2019380760;98946
2019401169;98947
2019421578;98948
2019441987;98949
2019462400;98950
2019482805;98951
2019503214;98952
2019523623;98953
2019544032;98954
2019564440;98955
2019584850;98956
2019605259;98957
2019625668;98958
2019646077;98959
2019666486;98960
2019686899;98961
2019707304;98962
2019727713;98963
2019748122;98964
2019768531;98965
2019788940;98966
2019809348;98967
2019829758;98968
2019850171;98969
2019870576;98970
2019890985;98971
2019911393;98972
2019931803;98973
2019952216;98974
2019972621;98975
2019993030;98976
2020013439;98977
2020033848;98978
2020054256;98979
2020074666;98980
2020095075;98981
2020115484;98982
2020135893;98983
2020156301;98984
2020176711;98985
2020197120;98986
2020217529;98987
2020237938;98988
2020258347;98989
2020278756;98990
2020299164;98991
2020319574;98992
2020339983;98993
2020360392;98994
2020380801;98995
2020401209;98996
2020421619;98997
2020442028;98998
2020462437;98999
2020482846;99000
2020503258;99001
2020523664;99002
2020544072;99003
2020564482;99004
2020584891;99005
2020605300;99006
2020625709;99007
2020646117;99008
2020666527;99009
2020686936;99010
2020707345;99011
2020727754;99012
2020748162;99013
2020768572;99014
2020788980;99015
2020809390;99016
2020829799;99017
2020850208;99018
2020870621;99019
2020891029;99020
2020911435;99021
2020931844;99022
2020952253;99023
2020972662;99024
2020993070;99025
2021013480;99026
2021033888;99027
2021054298;99028
2021074707;99029
2021095115;99030
2021115525;99031
2021135933;99032
2021156343;99033
2021176752;99034
2021197161;99035
2021217570;99036
2021237978;99037
2021258388;99038
2021278796;99039
2021299206;99040
2021319615;99041
2021340023;99042
2021360437;99043
2021380841;99044
2021401251;99045
2021421660;99046
2021442068;99047
2021462478;99048
2021482886;99049
2021503296;99050
2021523704;99051
2021544114;99052
2021564523;99053
2021584931;99054
2021605341;99055
2021625749;99056
2021646159;99057
2021666568;99058
2021686976;99059
2021707390;99060
2021727794;99061
2021748204;99062
2021768612;99063
2021789022;99064
2021809431;99065
2021829839;99066
2021850249;99067
2021870657;99068
2021891067;99069
2021911476;99070
2021931884;99071
2021952294;99072
2021972706;99073
2021993112;99074
2022013521;99075
2022033930;99076
2022054339;99077
2022074747;99078
2022095157;99079
2022115565;99080
2022135975;99081
2022156384;99082
2022176793;99083
2022197202;99084
2022217610;99085
2022238020;99086
2022258429;99087
2022278838;99088
2022299247;99089
2022319655;99090
2022340065;99091
2022360473;99092
2022380883;99093
2022401292;99094
2022421700;99095
2022442110;99096
2022462518;99097
2022482928;99098
2022503337;99099
2022523746;99100
2022544155;99101
2022564563;99102
2022584973;99103
2022605381;99104
2022625791;99105
2022646200;99106
2022666608;99107
2022687018;99108
2022707426;99109
2022727836;99110
2022748245;99111
2022768654;99112
2022789063;99113
2022809471;99114
2022829881;99115
2022850289;99116
2022870699;99117
2022891108;99118
2022911516;99119
2022931926;99120
2022952334;99121
2022972744;99122
2022993153;99123
2023013562;99124
2023033971;99125
2023054379;99126
2023074789;99127
2023095197;99128
2023115607;99129
2023136016;99130
2023156425;99131
2023176834;99132
2023197242;99133
2023217652;99134
2023238061;99135
2023258469;99136
2023278883;99137
2023299287;99138
2023319697;99139
2023340105;99140
2023360515;99141
2023380924;99142
2023401332;99143
2023421742;99144
2023442150;99145
2023462560;99146
2023482969;99147
2023503378;99148
2023523787;99149
2023544195;99150
2023564609;99151
2023585013;99152
2023605427;99153
2023625832;99154
2023646240;99155
2023666650;99156
2023687062;99157
2023707468;99158
2023727877;99159
2023748286;99160
2023768695;99161
2023789103;99162
2023809513;99163
2023829921;99164
2023850331;99165
2023870740;99166
2023891149;99167
2023911558;99168
2023931966;99169
2023952376;99170
2023972785;99171
2023993194;99172
2024013603;99173
2024034011;99174
2024054421;99175
2024074829;99176
2024095239;99177
2024115648;99178
2024136056;99179
2024156475;99180
2024176883;99181
2024197293;99182
2024217702;99183
2024238111;99184
2024258520;99185
2024278928;99186
2024299338;99187
2024319747;99188
2024340156;99189
2024360565;99190
2024380973;99191
2024401383;99192
2024421792;99193
2024442201;99194
2024462610;99195
2024483019;99196
2024503428;99197
2024523837;99198
2024544246;99199
2024564655;99200
2024585064;99201
2024605473;99202
2024625883;99203
2024646291;99204
2024666700;99205
2024687109;99206
2024707518;99207
2024727928;99208
2024748336;99209
2024768749;99210
2024789154;99211
2024809563;99212
2024829973;99213
2024850381;99214
2024870791;99215
2024891199;99216
2024911608;99217
2024932018;99218
2024952430;99219
2024972836;99220
2024993248;99221
2025013653;99222
2025034063;99223
2025054471;99224
2025074885;99225
2025095289;99226
2025115702;99227
2025136108;99228
2025156516;99229
2025176926;99230
2025197334;99231
2025217744;99232
2025238153;99233
2025258561;99234
2025278971;99235
2025299380;99236
2025319789;99237
2025340198;99238
2025360607;99239
2025381016;99240
2025401425;99241
2025421834;99242
2025442247;99243
2025462652;99244
2025483065;99245
2025503471;99246
2025523879;99247
2025544292;99248
2025564697;99249
2025585106;99250
2025605516;99251
2025625924;99252
2025646333;99253
2025666742;99254
2025687151;99255
2025707561;99256
2025727969;99257
2025748378;99258
2025768787;99259
2025789196;99260
2025809606;99261
2025830014;99262
2025850424;99263
2025870832;99264
2025891241;99265
2025911651;99266
2025932059;99267
2025952469;99268
2025972877;99269
2025993287;99270
2026013700;99271
2026034104;99272
2026054514;99273
2026074926;99274
2026095332;99275
2026115741;99276
2026136153;99277
2026156559;99278
2026176967;99279
2026197377;99280
2026217786;99281
2026238195;99282
2026258608;99283
2026279012;99284
2026299422;99285
2026319831;99286
2026340240;99287
2026360649;99288
2026381058;99289
2026401467;99290
2026421876;99291
2026442285;99292
2026462694;99293
2026483103;99294
2026503512;99295
2026523921;99296
2026544330;99297
2026564739;99298
2026585148;99299
2026605557;99300
2026625967;99301
2026646375;99302
2026666784;99303
2026687193;99304
2026707602;99305
2026728012;99306
2026748420;99307
2026768829;99308
2026789238;99309
2026809647;99310
2026830057;99311
2026850469;99312
2026870875;99313
2026891283;99314
2026911692;99315
2026932102;99316
2026952510;99317
2026972920;99318
2026993328;99319
2027013737;99320
2027034147;99321
2027054555;99322
2027074965;99323
2027095377;99324
2027115783;99325
2027136192;99326
2027156600;99327
2027177010;99328
2027197418;99329
2027217828;99330
2027238241;99331
2027258646;99332
2027279055;99333
2027299464;99334
2027319873;99335
2027340282;99336
2027360691;99337
2027381100;99338
2027401509;99339
2027421918;99340
2027442327;99341
2027462736;99342
2027483145;99343
2027503555;99344
2027523963;99345
2027544372;99346
2027564781;99347
2027585190;99348
2027605600;99349
2027626008;99350
2027646417;99351
2027666826;99352
2027687235;99353
2027707645;99354
2027728053;99355
2027748463;99356
2027768871;99357
2027789280;99358
2027809690;99359
2027830102;99360
2027850508;99361
2027870916;99362
2027891326;99363
2027911735;99364
2027932143;99365
2027952553;99366
2027972961;99367
2027993371;99368
2028013780;99369
2028034188;99370
2028054598;99371
2028075006;99372
2028095416;99373
2028115825;99374
2028136234;99375
2028156643;99376
2028177051;99377
2028197461;99378
2028217870;99379
2028238279;99380
2028258688;99381
2028279097;99382
2028299506;99383
2028319919;99384
2028340324;99385
2028360733;99386
2028381142;99387
2028401551;99388
2028421961;99389
2028442373;99390
2028462778;99391
2028483187;99392
2028503596;99393
2028524006;99394
2028544414;99395
2028564823;99396
2028585232;99397
2028605641;99398
2028626051;99399
2028646459;99400
2028666868;99401
2028687277;99402
2028707686;99403
2028728096;99404
2028748504;99405
2028768914;99406
2028789322;99407
2028809731;99408
2028830141;99409
2028850549;99410
2028870959;99411
2028891367;99412
2028911776;99413
2028932186;99414
2028952594;99415
2028973004;99416
2028993412;99417
2029013825;99418
2029034231;99419
2029054640;99420
2029075049;99421
2029095461;99422
2029115867;99423
2029136276;99424
2029156685;99425
2029177094;99426
2029197502;99427
2029217912;99428
2029238321;99429
2029258730;99430
2029279139;99431
2029299552;99432
2029319957;99433
2029340366;99434
2029360775;99435
2029381184;99436
2029401598;99437
2029422002;99438
2029442411;99439
2029462820;99440
2029483229;99441
2029503639;99442
2029524047;99443
2029544457;99444
2029564865;99445
2029585274;99446
2029605684;99447
2029626092;99448
2029646502;99449
2029666910;99450
2029687320;99451
2029707729;99452
2029728137;99453
2029748547;99454
2029768955;99455
2029789369;99456
2029809774;99457
2029830182;99458
2029850592;99459
2029871000;99460
2029891410;99461
2029911823;99462
2029932228;99463
2029952637;99464
2029973045;99465
2029993455;99466
2030013868;99467
2030034273;99468
2030054682;99469
2030075090;99470
2030095500;99471
2030115909;99472
2030136318;99473
2030156727;99474
2030177136;99475
2030197545;99476
2030217954;99477
2030238363;99478
2030258772;99479
2030279181;99480
2030299590;99481
2030320000;99482
2030340408;99483
2030360817;99484
2030381226;99485
2030401635;99486
2030422048;99487
2030442453;99488
2030462862;99489
2030483271;99490
2030503680;99491
2030524094;99492
2030544502;99493
2030564908;99494
2030585316;99495
2030605725;99496
2030626135;99497
2030646543;99498
2030666953;99499
2030687361;99500
2030707771;99501
2030728180;99502
2030748588;99503
2030768998;99504
2030789406;99505
2030809816;99506
2030830225;99507
2030850633;99508
2030871043;99509
2030891451;99510
2030911865;99511
2030932270;99512
2030952679;99513
2030973088;99514
2030993496;99515
2031013906;99516
2031034315;99517
2031054724;99518
2031075133;99519
2031095542;99520
2031115955;99521
2031136364;99522
2031156769;99523
2031177178;99524
2031197587;99525
2031217996;99526
2031238405;99527
2031258814;99528
2031279223;99529
2031299633;99530
2031320041;99531
2031340450;99532
2031360859;99533
2031381268;99534
2031401678;99535
2031422086;99536
2031442496;99537
2031462904;99538
2031483313;99539
2031503723;99540
2031524131;99541
2031544545;99542
2031564949;99543
2031585359;99544
2031605768;99545
2031626176;99546
2031646586;99547
2031666994;99548
2031687404;99549
2031707813;99550
2031728221;99551
2031748635;99552
2031769039;99553
2031789449;99554
2031809858;99555
2031830267;99556
2031850676;99557
2031871084;99558
2031891494;99559
2031911903;99560
2031932312;99561
2031952721;99562
2031973133;99563
2031993539;99564
2032013948;99565
2032034357;99566
2032054766;99567
2032075175;99568
2032095588;99569
2032115993;99570
2032136402;99571
2032156815;99572
2032177220;99573
2032197629;99574
2032218039;99575
2032238447;99576
2032258856;99577
2032279265;99578
2032299674;99579
2032320084;99580
2032340492;99581
2032360901;99582
2032381310;99583
2032401719;99584
2032422129;99585
2032442537;99586
2032462947;99587
2032483355;99588
2032503764;99589
2032524174;99590
2032544582;99591
2032564992;99592
2032585400;99593
2032605809;99594
2032626219;99595
2032646627;99596
2032667041;99597
2032687445;99598
2032707855;99599
2032728264;99600
2032748673;99601
2032769082;99602
2032789494;99603
2032809900;99604
2032830309;99605
2032850718;99606
2032871127;99607
2032891535;99608
2032911945;99609
2032932354;99610
2032952763;99611
2032973172;99612
2032993584;99613
2033013990;99614
2033034399;99615
2033054808;99616
2033075217;99617
2033095626;99618
2033116035;99619
2033136444;99620
2033156853;99621
2033177266;99622
2033197671;99623
2033218084;99624
2033238489;99625
2033258898;99626
2033279307;99627
2033299717;99628
2033320125;99629
2033340539;99630
2033360947;99631
2033381353;99632
2033401762;99633
2033422170;99634
2033442580;99635
2033462988;99636
2033483402;99637
2033503807;99638
2033524215;99639
2033544625;99640
2033565033;99641
2033585443;99642
2033605852;99643
2033626260;99644
2033646670;99645
2033667082;99646
2033687488;99647
2033707901;99648
2033728306;99649
2033748715;99650
2033769123;99651
2033789533;99652
2033809942;99653
2033830351;99654
2033850760;99655
2033871169;99656
2033891582;99657
2033911987;99658
2033932396;99659
2033952805;99660
2033973214;99661
2033993623;99662
2034014033;99663
2034034445;99664
2034054850;99665
2034075259;99666
2034095668;99667
2034116078;99668
2034136486;99669
2034156915;99670
2034177324;99671
2034197733;99672
2034218143;99673
2034238551;99674
2034258961;99675
2034279370;99676
2034299778;99677
2034320188;99678
2034340597;99679
2034361006;99680
2034381415;99681
2034401824;99682
2034422233;99683
2034442642;99684
2034463051;99685
2034483460;99686
2034503870;99687
2034524278;99688
2034544687;99689
2034565097;99690
2034585505;99691
2034605915;99692
2034626324;99693
2034646733;99694
2034667142;99695
2034687551;99696
2034707960;99697
2034728369;99698
2034748778;99699
2034769191;99700
2034789596;99701
2034810005;99702
2034830414;99703
2034850824;99704
2034871232;99705
2034891646;99706
2034912051;99707
2034932459;99708
2034952869;99709
2034973278;99710
2034993687;99711
2035014096;99712
2035034508;99713
2035054914;99714
2035075323;99715
2035095732;99716
2035116141;99717
2035136551;99718
2035156959;99719
2035177368;99720
2035197778;99721
2035218186;99722
2035238596;99723
2035259005;99724
2035279413;99725
2035299827;99726
2035320231;99727
2035340641;99728
2035361050;99729
2035381459;99730
2035401868;99731
2035422277;99732
2035442686;99733
2035463095;99734
2035483505;99735
2035503913;99736
2035524323;99737
2035544732;99738
2035565140;99739
2035585550;99740
2035605958;99741
2035626368;99742
2035646777;99743
2035667186;99744
2035687595;99745
2035708004;99746
2035728413;99747
2035748822;99748
2035769232;99749
2035789640;99750
2035810053;99751
2035830459;99752
2035850867;99753
2035871277;99754
2035891685;99755
2035912094;99756
2035932504;99757
2035952912;99758
2035973322;99759
2035993731;99760
2036014140;99761
2036034553;99762
2036054962;99763
2036075367;99764
2036095776;99765
2036116186;99766
2036136594;99767
2036157004;99768
2036177412;99769
2036197821;99770
2036218231;99771
2036238639;99772
2036259049;99773
2036279458;99774
2036299866;99775
2036320276;99776
2036340689;99777
2036361094;99778
2036381503;99779
2036401913;99780
2036422321;99781
2036442730;99782
2036463143;99783
2036483548;99784
2036503958;99785
2036524370;99786
2036544776;99787
2036565185;99788
2036585593;99789
2036606003;99790
2036626412;99791
2036646825;99792
2036667234;99793
2036687639;99794
2036708048;99795
2036728457;99796
2036748866;99797
2036769275;99798
2036789685;99799
2036810093;99800
2036830506;99801
2036850912;99802
2036871320;99803
2036891730;99804
2036912139;99805
2036932547;99806
2036952957;99807
2036973366;99808
2036993775;99809
2037014184;99810
2037034593;99811
2037055002;99812
2037075415;99813
2037095820;99814
2037116229;99815
2037136643;99816
2037157047;99817
2037177457;99818
2037197866;99819
2037218274;99820
2037238684;99821
2037259093;99822
2037279502;99823
2037299911;99824
2037320319;99825
2037340733;99826
2037361138;99827
2037381547;99828
2037401956;99829
2037422366;99830
2037442774;99831
2037463187;99832
2037483593;99833
2037504001;99834
2037524411;99835
2037544820;99836
2037565229;99837
2037585638;99838
2037606046;99839
2037626456;99840
2037646865;99841
2037667274;99842
2037687683;99843
2037708096;99844
2037728501;99845
2037748910;99846
2037769320;99847
2037789728;99848
2037810138;99849
2037830547;99850
2037850955;99851
2037871369;99852
2037891773;99853
2037912183;99854
2037932592;99855
2037953004;99856
2037973410;99857
2037993819;99858
2038014228;99859
2038034637;99860
2038055047;99861
2038075455;99862
2038095864;99863
2038116274;99864
2038136682;99865
2038157092;99866
2038177500;99867
2038197910;99868
2038218319;99869
2038238731;99870
2038259137;99871
2038279550;99872
2038299955;99873
2038320364;99874
2038340774;99875
2038361182;99876
2038381591;99877
2038402001;99878
2038422409;99879
2038442819;99880
2038463231;99881
2038483637;99882
2038504050;99883
2038524454;99884
2038544864;99885
2038565273;99886
2038585682;99887
2038606091;99888
2038626501;99889
2038646909;99890
2038667318;99891
2038687728;99892
2038708136;99893
2038728546;99894
2038748954;99895
2038769364;99896
2038789773;99897
2038810181;99898
2038830595;99899
2038851004;99900
2038871409;99901
2038891818;99902
2038912228;99903
2038932636;99904
2038953045;99905
2038973455;99906
2038993863;99907
2039014273;99908
2039034681;99909
2039055091;99910
2039075500;99911
2039095909;99912
2039116318;99913
2039136727;99914
2039157136;99915
2039177545;99916
2039197955;99917
2039218363;99918
2039238773;99919
2039259182;99920
2039279591;99921
2039300000;99922
2039320408;99923
2039340818;99924
2039361227;99925
2039381636;99926
2039402045;99927
2039422455;99928
2039442863;99929
2039463272;99930
2039483682;99931
2039504090;99932
2039524500;99933
2039544909;99934
2039565318;99935
2039585727;99936
2039606136;99937
2039626545;99938
2039646955;99939
2039667363;99940
2039687772;99941
2039708182;99942
2039728590;99943
2039749000;99944
2039769409;99945
2039789818;99946
2039810227;99947
2039830637;99948
2039851045;99949
2039871454;99950
2039891867;99951
2039912276;99952
2039932682;99953
2039953090;99954
2039973500;99955
2039993909;99956
2040014318;99957
2040034731;99958
2040055137;99959
2040075545;99960
2040095954;99961
2040116364;99962
2040136772;99963
2040157182;99964
2040177590;99965
2040198000;99966
2040218409;99967
2040238818;99968
2040259227;99969
2040279637;99970
2040300045;99971
2040320455;99972
2040340864;99973
2040361272;99974
2040381682;99975
2040402091;99976
2040422500;99977
2040442909;99978
2040463318;99979
2040483727;99980
2040504137;99981
2040524545;99982
2040544955;99983
2040565364;99984
2040585772;99985
2040606182;99986
2040626591;99987
2040647004;99988
2040667409;99989
2040687819;99990
2040708227;99991
2040728637;99992
2040749045;99993
2040769455;99994
2040789864;99995
2040810273;99996
2040830682;99997
2040851095;99998
2040871500;99999
2040891909;100000
2040912319;100001
2040932727;100002
2040953137;100003
2040973546;100004
2040993955;100005
2041014364;100006
2041034773;100007
2041055182;100008
2041075592;100009
2041096000;100010
2041116410;100011
2041136823;100012
2041157228;100013
2041177637;100014
2041198046;100015
2041218455;100016
2041238864;100017
2041259274;100018
2041279682;100019
2041300092;100020
2041320500;100021
2041340910;100022
2041361319;100023
2041381728;100024
2041402137;100025
2041422547;100026
2041442955;100027
2041463365;100028
2041483774;100029
2041504186;100030
2041524592;100031
2041545001;100032
2041565410;100033
2041585819;100034
2041606228;100035
2041626637;100036
2041647047;100037
2041667455;100038
2041687865;100039
2041708274;100040
2041728683;100041
2041749096;100042
2041769506;100043
2041789910;100044
2041810320;100045
2041830729;100046
2041851137;100047
2041871547;100048
2041891955;100049
2041912365;100050
2041932774;100051
2041953183;100052
2041973592;100053
2041994002;100054
2042014410;100055
2042034820;100056
2042055229;100057
2042075638;100058
2042096047;100059
2042116456;100060
2042136865;100061
2042157274;100062
2042177683;100063
2042198092;100064
2042218502;100065
2042238910;100066
2042259320;100067
2042279729;100068
2042300138;100069
2042320547;100070
2042340957;100071
2042361365;100072
2042381774;100073
2042402184;100074
2042422592;100075
2042443002;100076
2042463410;100077
2042483820;100078
2042504229;100079
2042524638;100080
2042545047;100081
2042565457;100082
2042585865;100083
2042606275;100084
2042626684;100085
2042647092;100086
2042667502;100087
2042687911;100088
2042708320;100089
2042728729;100090
2042749138;100091
2042769547;100092
2042789957;100093
2042810365;100094
2042830775;100095
2042851184;100096
2042871592;100097
2042892002;100098
2042912411;100099
2042932820;100100
2042953233;100101
2042973639;100102
2042994047;100103
2043014457;100104
2043034865;100105
2043055275;100106
2043075684;100107
2043096092;100108
2043116502;100109
2043136911;100110
2043157320;100111
2043177729;100112
2043198139;100113
2043218551;100114
2043238957;100115
2043259366;100116
2043279775;100117
2043300184;100118
2043320592;100119
2043341002;100120
2043361411;100121
2043381820;100122
2043402229;100123
2043422639;100124
2043443047;100125
2043463461;100126
2043483866;100127
2043504275;100128
2043524684;100129
2043545094;100130
2043565502;100131
2043585911;100132
2043606320;100133
2043626729;100134
2043647139;100135
2043667547;100136
2043687957;100137
2043708366;100138
2043728775;100139
2043749188;100140
2043769594;100141
2043790002;100142
2043810415;100143
2043830821;100144
2043851229;100145
2043871639;100146
2043892047;100147
2043912457;100148
2043932866;100149
2043953274;100150
2043973684;100151
2043994093;100152
2044014502;100153
2044034911;100154
2044055321;100155
2044075729;100156
2044096139;100157
2044116548;100158
2044136957;100159
2044157283;100160
2044177691;100161
2044198101;100162
2044218509;100163
2044238919;100164
2044259327;100165
2044279737;100166
2044300145;100167
2044320555;100168
2044340963;100169
2044361371;100170
2044381781;100171
2044402189;100172
2044422599;100173
2044443007;100174
2044463417;100175
2044483825;100176
2044504235;100177
2044524643;100178
2044545053;100179
2044565461;100180
2044585870;100181
2044606279;100182
2044626688;100183
2044647097;100184
2044667510;100185
2044687915;100186
2044708324;100187
2044728733;100188
2044749141;100189
2044769550;100190
2044789959;100191
2044810368;100192
2044830777;100193
2044851186;100194
2044871598;100195
2044892004;100196
2044912412;100197
2044932822;100198
2044953230;100199
2044973640;100200
2044994048;100201
2045014462;100202
2045034866;100203
2045055275;100204
2045075684;100205
2045096092;100206
2045116502;100207
2045136910;100208
2045157320;100209
2045177728;100210
2045198138;100211
2045218546;100212
2045238959;100213
2045259364;100214
2045279773;100215
2045300182;100216
2045320591;100217
2045341003;100218
2045361409;100219
2045381822;100220
2045402227;100221
2045422635;100222
2045443045;100223
2045463453;100224
2045483862;100225
2045504271;100226
2045524680;100227
2045545089;100228
2045565501;100229
2045585907;100230
2045606315;100231
2045626729;100232
2045647133;100233
2045667543;100234
2045687955;100235
2045708361;100236
2045728769;100237
2045749178;100238
2045769587;100239
2045789996;100240
2045810405;100241
2045830814;100242
2045851223;100243
2045871631;100244
2045892040;100245
2045912449;100246
2045932858;100247
2045953267;100248
2045973676;100249
2045994085;100250
2046014494;100251
2046034903;100252
2046055312;100253
2046075720;100254
2046096134;100255
2046116538;100256
2046136948;100257
2046157356;100258
2046177770;100259
2046198174;100260
2046218584;100261
2046238992;100262
2046259400;100263
2046279814;100264
2046300218;100265
2046320628;100266
2046341036;100267
2046361449;100268
2046381858;100269
2046402263;100270
2046422672;100271
2046443081;100272
2046463490;100273
2046483899;100274
2046504308;100275
2046524717;100276
2046545125;100277
2046565535;100278
2046585943;100279
2046606353;100280
2046626765;100281
2046647170;100282
2046667579;100283
2046687987;100284
2046708397;100285
2046728805;100286
2046749215;100287
2046769623;100288
2046790033;100289
2046810441;100290
2046830851;100291
2046851259;100292
2046871668;100293
2046892077;100294
2046912486;100295
2046932895;100296
2046953304;100297
2046973713;100298
2046994122;100299
2047014530;100300
2047034939;100301
2047055348;100302
2047075757;100303
2047096166;100304
2047116575;100305
2047136984;100306
2047157392;100307
2047177802;100308
2047198210;100309
2047218620;100310
2047239028;100311
2047259438;100312
2047279846;100313
2047300255;100314
2047320664;100315
2047341073;100316
2047361482;100317
2047381891;100318
2047402300;100319
2047422708;100320
2047443121;100321
2047463526;100322
2047483935;100323
2047504344;100324
2047524753;100325
2047545162;100326
2047565571;100327
2047585979;100328
2047606389;100329
2047626797;100330
2047647207;100331
2047667615;100332
2047688025;100333
2047708433;100334
2047728842;100335
2047749251;100336
2047769664;100337
2047790069;100338
2047810481;100339
2047830887;100340
2047851295;100341
2047871704;100342
2047892113;100343
2047912522;100344
2047932931;100345
2047953340;100346
2047973749;100347
2047994158;100348
2048014566;100349
2048034976;100350
2048055384;100351
2048075794;100352
2048096202;100353
2048116612;100354
2048137020;100355
2048157429;100356
2048177838;100357
2048198250;100358
2048218656;100359
2048239064;100360
2048259474;100361
2048279882;100362
2048300291;100363
2048320700;100364
2048341113;100365
2048361518;100366
2048381927;100367
2048402336;100368
2048422745;100369
2048443153;100370
2048463563;100371
2048483971;100372
2048504381;100373
2048524789;100374
2048545199;100375
2048565607;100376
2048586015;100377
2048606425;100378
2048626833;100379
2048647243;100380
2048667651;100381
2048688061;100382
2048708469;100383
2048728878;100384
2048749287;100385
2048769696;100386
2048790105;100387
2048810514;100388
2048830922;100389
2048851332;100390
2048871740;100391
2048892150;100392
2048912558;100393
2048932968;100394
2048953376;100395
2048973785;100396
2048994194;100397
2049014606;100398
2049035012;100399
2049055420;100400
2049075830;100401
2049096238;100402
2049116651;100403
2049137060;100404
2049157465;100405
2049177874;100406
2049198283;100407
2049218696;100408
2049239101;100409
2049259509;100410
2049279919;100411
2049300327;100412
2049320737;100413
2049341145;100414
2049361554;100415
2049381963;100416
2049402371;100417
2049422781;100418
2049443189;100419
2049463599;100420
2049484007;100421
2049504417;100422
2049524829;100423
2049545234;100424
2049565643;100425
2049586056;100426
2049606461;100427
2049626870;100428
2049647279;100429
2049667688;100430
2049688096;100431
2049708506;100432
2049728914;100433
2049749323;100434
2049769732;100435
2049790141;100436
2049810550;100437
2049830962;100438
2049851368;100439
2049871780;100440
2049892186;100441
2049912594;100442
2049933003;100443
2049953416;100444
2049973821;100445
2049994230;100446
2050014639;100447
2050035048;100448
2050055457;100449
2050075865;100450
2050096274;100451
2050116683;100452
2050137092;100453
2050157501;100454
2050177913;100455
2050198319;100456
2050218727;100457
2050239141;100458
2050259549;100459
2050279955;100460
2050300363;100461
2050320772;100462
2050341181;100463
2050361590;100464
2050381999;100465
2050402408;100466
2050422817;100467
2050443226;100468
2050463634;100469
2050484043;100470
2050504452;100471
2050524861;100472
2050545270;100473
2050565679;100474
2050586092;100475
2050606496;100476
2050626906;100477
2050647314;100478
2050667724;100479
2050688132;100480
2050708542;100481
2050728950;100482
2050749359;100483
2050769768;100484
2050790177;100485
2050810586;100486
2050830995;100487
2050851403;100488
2050871812;100489
2050892221;100490
2050912630;100491
2050933039;100492
2050953448;100493
2050973857;100494
2050994265;100495
2051014675;100496
2051035083;100497
2051055497;100498
2051075905;100499
2051096311;100500
2051116719;100501
2051137128;100502
2051157537;100503
2051177946;100504
2051198355;100505
2051218764;100506
2051239172;100507
2051259581;100508
2051279990;100509
2051300399;100510
2051320808;100511
2051341217;100512
2051361630;100513
2051382034;100514
2051402444;100515
2051422852;100516
2051443262;100517
2051463670;100518
2051484079;100519
2051504488;100520
2051524897;100521
2051545310;100522
2051565715;100523
2051586124;100524
2051606533;100525
2051626941;100526
2051647350;100527
2051667759;100528
2051688168;100529
2051708577;100530
2051728986;100531
2051749395;100532
2051769803;100533
2051790213;100534
2051810621;100535
2051831031;100536
2051851439;100537
2051871848;100538
2051892257;100539
2051912666;100540
2051933075;100541
2051953484;100542
2051973893;100543
2051994302;100544
2052014710;100545
2052035119;100546
2052055532;100547
2052075937;100548
2052096346;100549
2052116755;100550
2052137164;100551
2052157572;100552
2052177982;100553
2052198390;100554
2052218804;100555
2052239208;100556
2052259618;100557
2052280030;100558
2052300435;100559
2052320844;100560
2052341253;100561
2052361662;100562
2052382071;100563
2052402479;100564
2052422888;100565
2052443297;100566
2052463706;100567
2052484115;100568
2052504523;100569
2052524933;100570
2052545341;100571
2052565751;100572
2052586163;100573
2052606569;100574
2052626977;100575
2052647386;100576
2052667795;100577
2052688204;100578
2052708613;100579
2052729022;100580
2052749431;100581
2052769840;100582
2052790248;100583
2052810657;100584
2052831066;100585
2052851475;100586
2052871884;100587
2052892293;100588
2052912702;100589
2052933110;100590
2052953520;100591
2052973928;100592
2052994338;100593
2053014746;100594
2053035155;100595
2053055564;100596
2053075973;100597
2053096382;100598
2053116791;100599
2053137199;100600
2053157609;100601
2053178017;100602
2053198426;100603
2053218835;100604
2053239244;100605
2053259653;100606
2053280061;100607
2053300471;100608
2053320879;100609
2053341289;100610
2053361697;100611
2053382107;100612
2053402515;100613
2053422924;100614
2053443333;100615
2053463742;100616
2053484151;100617
2053504560;100618
2053524968;100619
2053545378;100620
2053565786;100621
2053586195;100622
2053606604;100623
2053627013;100624
2053647422;100625
2053667830;100626
2053688240;100627
2053708648;100628
2053729058;100629
2053749466;100630
2053769876;100631
2053790284;100632
2053810693;100633
2053831102;100634
2053851511;100635
2053871920;100636
2053892329;100637
2053912737;100638
2053933147;100639
2053953555;100640
2053973964;100641
2053994373;100642
2054014782;100643
2054035191;100644
2054055599;100645
2054076009;100646
2054096417;100647
2054116827;100648
2054137235;100649
2054157730;100650
2054178139;100651
2054198552;100652
2054218958;100653
2054239366;100654
2054259776;100655
2054280185;100656
2054300593;100657
2054321003;100658
2054341412;100659
2054361821;100660
2054382230;100661
2054402639;100662
2054423048;100663
2054443457;100664
2054463867;100665
2054484275;100666
2054504685;100667
2054525097;100668
2054545502;100669
2054565912;100670
2054586320;100671
2054606734;100672
2054627139;100673
2054647547;100674
2054667957;100675
2054688366;100676
2054708775;100677
2054729184;100678
2054749594;100679
2054770002;100680
2054790411;100681
2054810821;100682
2054831229;100683
2054851639;100684
2054872048;100685
2054892457;100686
2054912866;100687
2054933274;100688
2054953684;100689
2054974093;100690
2054994502;100691
2055014915;100692
2055035321;100693
2055055729;100694
2055076138;100695
2055096548;100696
2055116956;100697
2055137366;100698
2055157775;100699
2055178183;100700
2055198593;100701
2055219002;100702
2055239411;100703
2055259820;100704
2055280228;100705
2055300638;100706
2055321047;100707
2055341456;100708
2055361865;100709
2055382275;100710
2055402683;100711
2055423092;100712
2055443502;100713
2055463910;100714
2055484320;100715
2055504729;100716
2055525138;100717
2055545547;100718
2055565956;100719
2055586365;100720
2055606774;100721
2055627183;100722
2055647592;100723
2055668001;100724
2055688410;100725
2055708819;100726
2055729229;100727
2055749637;100728
2055770046;100729
2055790456;100730
2055810864;100731
2055831274;100732
2055851683;100733
2055872096;100734
2055892501;100735
2055912910;100736
2055933319;100737
2055953728;100738
2055974138;100739
2055994546;100740
2056014956;100741
2056035365;100742
2056055773;100743
2056076183;100744
2056096591;100745
2056117001;100746
2056137410;100747
2056157818;100748
2056178228;100749
2056198637;100750
2056219050;100751
2056239455;100752
2056259864;100753
2056280273;100754
2056300682;100755
2056321092;100756
2056341500;100757
2056361914;100758
2056382319;100759
2056402727;100760
2056423137;100761
2056443549;100762
2056463955;100763
2056484364;100764
2056504776;100765
2056525182;100766
2056545591;100767
2056566000;100768
2056586409;100769
2056606819;100770
2056627227;100771
2056647637;100772
2056668046;100773
2056688454;100774
2056708864;100775
2056729273;100776
2056749682;100777
2056770091;100778
2056790500;100779
2056810909;100780
2056831322;100781
2056851727;100782
2056872136;100783
2056892545;100784
2056912954;100785
2056933363;100786
2056953773;100787
2056974181;100788
2056994591;100789
2057015000;100790
2057035408;100791
2057055818;100792
2057076227;100793
2057096636;100794
2057117045;100795
2057137454;100796
2057157863;100797
2057178272;100798
2057198681;100799
2057219090;100800
2057239500;100801
2057259908;100802
2057280317;100803
2057300727;100804
2057321135;100805
2057341549;100806
2057361954;100807
2057382363;100808
2057402772;100809
2057423181;100810
2057443590;100811
2057464003;100812
2057484409;100813
2057504817;100814
2057525226;100815
2057545636;100816
2057566044;100817
2057586454;100818
2057606862;100819
2057627271;100820
2057647681;100821
2057668093;100822
2057688499;100823
2057708908;100824
2057729320;100825
2057749726;100826
2057770139;100827
2057790544;100828
2057810953;100829
2057831363;100830
2057851771;100831
2057872184;100832
2057892590;100833
2057912998;100834
2057933408;100835
2057953817;100836
2057974226;100837
2057994635;100838
2058015043;100839
2058035453;100840
2058055862;100841
2058076271;100842
2058096680;100843
2058117089;100844
2058137498;100845
2058157907;100846
2058178317;100847
2058198725;100848
2058219135;100849
2058239544;100850
2058259952;100851
2058280362;100852
2058300771;100853
2058321180;100854
2058341589;100855
2058361998;100856
2058382407;100857
2058402816;100858
2058423225;100859
2058443634;100860
2058464044;100861
2058484452;100862
2058504865;100863
2058525271;100864
2058545679;100865
2058566088;100866
2058586498;100867
2058606906;100868
2058627316;100869
2058647725;100870
2058668134;100871
2058688543;100872
2058708953;100873
2058729361;100874
2058749770;100875
2058770179;100876
2058790588;100877
2058810998;100878
2058831406;100879
2058851815;100880
2058872225;100881
2058892633;100882
2058913043;100883
2058933452;100884
2058953861;100885
2058974270;100886
2058994679;100887
2059015088;100888
2059035497;100889
2059055907;100890
2059076315;100891
2059096725;100892
2059117133;100893
2059137542;100894
2059157952;100895
2059178360;100896
2059198770;100897
2059219179;100898
2059239587;100899
2059259997;100900
2059280406;100901
2059300815;100902
2059321224;100903
2059341634;100904
2059362042;100905
2059382451;100906
2059402861;100907
2059423269;100908
2059443679;100909
2059464088;100910
2059484496;100911
2059504906;100912
2059525314;100913
2059545724;100914
2059566133;100915
2059586542;100916
2059606951;100917
2059627360;100918
2059647769;100919
2059668178;100920
2059688588;100921
2059708996;100922
2059729405;100923
2059749815;100924
2059770223;100925
2059790633;100926
2059811042;100927
2059831451;100928
2059851860;100929
2059872269;100930
2059892678;100931
2059913087;100932
2059933496;100933
2059953905;100934
2059974315;100935
2059994723;100936
2060015136;100937
2060035542;100938
2060055950;100939
2060076360;100940
2060096769;100941
2060117177;100942
2060137587;100943
2060157996;100944
2060178405;100945
2060198814;100946
2060219223;100947
2060239632;100948
2060260041;100949
2060280450;100950
2060300859;100951
2060321269;100952
2060341677;100953
2060362086;100954
2060382496;100955
2060402904;100956
2060423314;100957
2060443723;100958
2060464132;100959
2060484541;100960
2060504950;100961
2060525359;100962
2060545768;100963
2060566178;100964
2060586586;100965
2060606995;100966
2060627405;100967
2060647813;100968
2060668223;100969
2060688631;100970
2060709040;100971
2060729450;100972
2060749858;100973
2060770268;100974
2060790677;100975
2060811086;100976
2060831495;100977
2060851904;100978
2060872313;100979
2060892722;100980
2060913132;100981
2060933540;100982
2060953950;100983
2060974359;100984
2060994767;100985
2061015177;100986
2061035585;100987
2061055995;100988
2061076408;100989
2061096812;100990
2061117222;100991
2061137631;100992
2061158040;100993
2061178449;100994
2061198858;100995
2061219271;100996
2061239676;100997
2061260086;100998
2061280494;100999
2061300904;101000
2061321313;101001
2061341721;101002
2061362131;101003
2061382540;101004
2061402949;101005
2061423358;101006
2061443766;101007
2061464176;101008
2061484585;101009
2061504994;101010
2061525403;101011
2061545813;101012
2061566221;101013
2061586631;101014
2061607040;101015
2061627448;101016
2061647858;101017
2061668267;101018
2061688676;101019
2061709085;101020
2061729494;101021
2061749903;101022
2061770312;101023
2061790722;101024
2061811130;101025
2061831539;101026
2061851948;101027
2061872357;101028
2061892771;101029
2061913175;101030
2061933585;101031
2061953994;101032
2061974402;101033
2061994812;101034
2062015221;101035
2062035634;101036
2062056039;101037
2062076448;101038
2062096857;101039
2062117266;101040
2062137676;101041
2062158088;101042
2062178493;101043
2062198902;101044
2062219311;101045
2062239721;101046
2062260129;101047
2062280539;101048
2062300948;101049
2062321360;101050
2062341766;101051
2062362175;101052
2062382588;101053
2062402993;101054
2062423403;101055
2062443811;101056
2062464220;101057
2062484630;101058
2062505038;101059
2062525448;101060
2062545857;101061
2062566265;101062
2062586675;101063
2062607087;101064
2062627493;101065
2062647902;101066
2062668311;101067
2062688720;101068
2062709129;101069
2062729538;101070
2062749947;101071
2062770361;101072
2062790765;101073
2062811174;101074
2062831584;101075
2062851996;101076
2062872402;101077
2062892811;101078
2062913219;101079
2062933629;101080
2062954038;101081
2062974447;101082
2062994856;101083
2063015265;101084
2063035674;101085
2063056083;101086
2063076492;101087
2063096901;101088
2063117311;101089
2063137719;101090
2063158129;101091
2063178538;101092
2063198946;101093
2063219356;101094
2063239765;101095
2063260174;101096
2063280583;101097
2063300992;101098
2063321401;101099
2063341810;101100
2063362219;101101
2063382628;101102
2063403038;101103
2063423446;101104
2063443855;101105
2063464269;101106
2063484673;101107
2063505083;101108
2063525492;101109
2063545900;101110
2063566310;101111
2063586719;101112
2063607128;101113
2063627537;101114
2063647947;101115
2063668355;101116
2063688764;101117
2063709174;101118
2063729582;101119
2063749992;101120
2063770400;101121
2063790813;101122
2063811219;101123
2063831627;101124
2063852037;101125
2063872446;101126
2063892854;101127
2063913264;101128
2063933677;101129
2063954082;101130
2063974491;101131
2063994901;101132
2064015309;101133
2064035722;101134
2064056128;101135
2064076536;101136
2064096946;101137
2064117354;101138
2064137763;101139
2064158102;101140
2064178514;101141
2064198920;101142
2064219332;101143
2064239738;101144
2064260146;101145
2064280555;101146
2064300964;101147
2064321373;101148
2064341782;101149
2064362191;101150
2064382599;101151
2064403009;101152
2064423417;101153
2064443827;101154
2064464235;101155
2064484645;101156
2064505053;101157
2064525462;101158
2064545871;101159
2064566280;101160
2064586693;101161
2064607098;101162
2064627506;101163
2064647920;101164
2064668324;101165
2064688734;101166
2064709142;101167
2064729552;101168
2064749960;101169
2064770369;101170
2064790778;101171
2064811187;101172
2064831596;101173
2064852005;101174
2064872414;101175
2064892823;101176
2064913231;101177
2064933641;101178
2064954053;101179
2064974459;101180
2064994867;101181
2065015276;101182
2065035685;101183
2065056094;101184
2065076503;101185
2065096912;101186
2065117321;101187
2065137730;101188
2065158138;101189
2065178552;101190
2065198956;101191
2065219370;101192
2065239774;101193
2065260183;101194
2065280592;101195
2065301001;101196
2065321410;101197
2065341819;101198
2065362227;101199
2065382637;101200
2065403045;101201
2065423455;101202
2065443863;101203
2065464273;101204
2065484681;101205
2065505090;101206
2065525499;101207
2065545908;101208
2065566318;101209
2065586726;101210
2065607136;101211
2065627544;101212
2065647953;101213
2065668362;101214
2065688771;101215
2065709180;101216
2065729589;101217
2065749998;101218
2065770407;101219
2065790815;101220
2065811229;101221
2065831633;101222
2065852043;101223
2065872451;101224
2065892860;101225
2065913269;101226
2065933678;101227
2065954087;101228
2065974496;101229
2065994904;101230
2066015314;101231
2066035722;101232
2066056132;101233
2066076540;101234
2066096950;101235
2066117358;101236
2066137767;101237
2066158176;101238
2066178585;101239
2066198994;101240
2066219403;101241
2066239811;101242
2066260221;101243
2066280629;101244
2066301039;101245
2066321447;101246
2066341856;101247
2066362265;101248
2066382678;101249
2066403083;101250
2066423492;101251
2066443901;101252
2066464310;101253
2066484719;101254
2066505128;101255
2066525536;101256
2066545946;101257
2066566354;101258
2066586764;101259
2066607176;101260
2066627581;101261
2066647994;101262
2066668399;101263
2066688808;101264
2066709217;101265
2066729625;101266
2066750035;101267
2066770443;101268
2066790853;101269
2066811261;101270
2066831671;101271
2066852079;101272
2066872488;101273
2066892897;101274
2066913306;101275
2066933715;101276
2066954124;101277
2066974532;101278
2066994942;101279
2067015350;101280
2067035760;101281
2067056168;101282
2067076581;101283
2067096986;101284
2067117395;101285
2067137804;101286
2067158213;101287
2067178622;101288
2067199031;101289
2067219439;101290
2067239849;101291
2067260257;101292
2067280667;101293
2067301075;101294
2067321485;101295
2067341893;101296
2067362302;101297
2067382711;101298
2067403120;101299
2067423529;101300
2067443938;101301
2067464346;101302
2067484756;101303
2067505168;101304
2067525574;101305
2067545982;101306
2067566392;101307
2067586800;101308
2067607209;101309
2067627618;101310
2067648027;101311
2067668436;101312
2067688845;101313
2067709254;101314
2067729667;101315
2067750071;101316
2067770481;101317
2067790889;101318
2067811299;101319
2067831707;101320
2067852116;101321
2067872525;101322
2067892934;101323
2067913343;101324
2067933752;101325
2067954160;101326
2067974570;101327
2067994978;101328
2068015388;101329
2068035796;101330
2068056206;101331
2068076615;101332
2068097027;101333
2068117433;101334
2068137841;101335
2068158251;101336
2068178659;101337
2068199069;101338
2068219477;101339
2068239886;101340
2068260295;101341
2068280704;101342
2068301113;101343
2068321522;101344
2068341930;101345
2068362340;101346
2068382748;101347
2068403158;101348
2068423566;101349
2068443975;101350
2068464384;101351
2068484793;101352
2068505202;101353
2068525611;101354
2068546020;101355
2068566429;101356
2068586837;101357
2068607247;101358
2068627655;101359
2068648065;101360
2068668473;101361
2068688882;101362
2068709291;101363
2068729700;101364
2068750113;101365
2068770518;101366
2068790927;101367
2068811336;101368
2068831748;101369
2068852158;101370
2068872562;101371
2068892972;101372
2068913380;101373
2068933789;101374
2068954198;101375
2068974607;101376
2068995016;101377
2069015425;101378
2069035838;101379
2069056243;101380
2069076651;101381
2069097061;101382
2069117469;101383
2069137879;101384
2069158287;101385
2069178696;101386
2069199105;101387
2069219514;101388
2069239923;101389
2069260332;101390
2069280741;101391
2069301150;101392
2069321558;101393
2069341968;101394
2069362376;101395
2069382786;101396
2069403194;101397
2069423603;101398
2069444012;101399
2069464421;101400
2069484830;101401
2069505239;101402
2069525648;101403
2069546061;101404
2069566465;101405
2069586875;101406
2069607283;101407
2069627697;101408
2069648101;101409
2069668511;101410
2069688919;101411
2069709328;101412
2069729737;101413
2069750146;101414
2069770555;101415
2069790964;101416
2069811372;101417
2069831786;101418
2069852190;101419
2069872600;101420
2069893008;101421
2069913418;101422
2069933826;101423
2069954235;101424
2069974644;101425
2069995053;101426
2070015462;101427
2070035871;101428
2070056279;101429
2070076689;101430
2070097097;101431
2070117507;101432
2070137915;101433
2070158325;101434
2070178733;101435
2070199142;101436
2070219551;101437
2070239960;101438
2070260369;101439
2070280778;101440
2070301186;101441
2070321596;101442
2070342004;101443
2070362414;101444
2070382822;101445
2070403232;101446
2070423640;101447
2070444049;101448
2070464458;101449
2070484867;101450
2070505276;101451
2070525685;101452
2070546094;101453
2070566503;101454
2070586912;101455
2070607321;101456
2070627730;101457
2070648142;101458
2070668548;101459
2070688956;101460
2070709366;101461
2070729774;101462
2070750184;101463
2070770592;101464
2070791002;101465
2070811410;101466
2070831819;101467
2070852228;101468
2070872637;101469
2070893046;101470
2070913455;101471
2070933863;101472
2070954273;101473
2070974681;101474
2070995091;101475
2071015499;101476
2071035909;101477
2071056317;101478
2071076726;101479
2071097135;101480
2071117544;101481
2071137953;101482
2071158362;101483
2071178771;101484
2071199180;101485
2071219588;101486
2071239998;101487
2071260406;101488
2071280816;101489
2071301224;101490
2071321633;101491
2071342042;101492
2071362451;101493
2071382860;101494
2071403269;101495
2071423678;101496
2071444087;101497
2071464495;101498
2071484905;101499
2071505313;101500
2071525723;101501
2071546131;101502
2071566540;101503
2071586949;101504
2071607358;101505
2071627767;101506
2071648176;101507
2071668584;101508
2071688994;101509
2071709402;101510
2071729812;101511
2071750220;101512
2071770630;101513
2071791042;101514
2071811447;101515
2071831860;101516
2071852265;101517
2071872674;101518
2071893083;101519
2071913492;101520
2071933901;101521
2071954309;101522
2071974719;101523
2071995127;101524
2072015537;101525
2072035945;101526
2072056354;101527
2072076763;101528
2072097172;101529
2072117581;101530
2072137990;101531
2072158399;101532
2072178808;101533
2072199216;101534
2072219626;101535
2072240034;101536
2072260444;101537
2072280852;101538
2072301261;101539
2072321670;101540
2072342079;101541
2072362488;101542
2072382897;101543
2072403306;101544
2072423715;101545
2072444123;101546
2072464533;101547
2072484941;101548
2072505351;101549
2072525759;101550
2072546172;101551
2072566577;101552
2072586986;101553
2072607395;101554
2072627804;101555
2072648213;101556
2072668622;101557
2072689030;101558
2072709440;101559
2072729848;101560
2072750258;101561
2072770666;101562
2072791075;101563
2072811484;101564
2072831893;101565
2072852302;101566
2072872711;101567
2072893120;101568
2072913529;101569
2072933937;101570
2072954347;101571
2072974755;101572
2072995165;101573
2073015573;101574
2073035983;101575
2073056391;101576
2073076804;101577
2073097214;101578
2073117618;101579
2073138028;101580
2073158436;101581
2073178845;101582
2073199254;101583
2073219663;101584
2073240072;101585
2073260481;101586
2073280893;101587
2073301299;101588
2073321707;101589
2073342117;101590
2073362525;101591
2073382935;101592
2073403343;101593
2073423752;101594
2073444161;101595
2073464570;101596
2073484979;101597
2073505388;101598
2073525797;101599
2073546206;101600
2073566614;101601
2073587024;101602
2073607432;101603
2073627842;101604
2073648250;101605
2073668660;101606
2073689068;101607
2073709481;101608
2073729886;101609
2073750295;101610
2073770704;101611
2073791113;101612
2073811525;101613
2073831935;101614
2073852339;101615
2073872749;101616
2073893157;101617
2073913566;101618
2073933975;101619
2073954384;101620
2073974793;101621
2073995202;101622
2074015611;101623
2074036020;101624
2074056428;101625
2074076838;101626
2074097246;101627
2074117656;101628
2074138064;101629
2074158528;101630
2074178936;101631
2074199345;101632
2074219755;101633
2074240163;101634
2074260573;101635
2074280981;101636
2074301390;101637
2074321800;101638
2074342208;101639
2074362618;101640
2074383027;101641
2074403435;101642
2074423845;101643
2074444253;101644
2074464663;101645
2074485072;101646
2074505481;101647
2074525890;101648
2074546298;101649
2074566708;101650
2074587117;101651
2074607530;101652
2074627935;101653
2074648345;101654
2074668753;101655
2074689162;101656
2074709571;101657
2074729980;101658
2074750390;101659
2074770798;101660
2074791207;101661
2074811616;101662
2074832025;101663
2074852435;101664
2074872843;101665
2074893252;101666
2074913661;101667
2074934070;101668
2074954480;101669
2074974888;101670
2074995298;101671
2075015707;101672
2075036115;101673
2075056525;101674
2075076933;101675
2075097343;101676
2075117752;101677
2075138160;101678
2075158570;101679
2075178978;101680
2075199388;101681
2075219801;101682
2075240206;101683
2075260615;101684
2075281024;101685
2075301433;101686
2075321842;101687
2075342251;101688
2075362660;101689
2075383070;101690
2075403478;101691
2075423887;101692
2075444296;101693
2075464705;101694
2075485115;101695
2075505523;101696
2075525932;101697
2075546342;101698
2075566750;101699
2075587160;101700
2075607568;101701
2075627977;101702
2075648387;101703
2075668795;101704
2075689205;101705
2075709613;101706
2075730023;101707
2075750432;101708
2075770840;101709
2075791250;101710
2075811659;101711
2075832068;101712
2075852477;101713
2075872886;101714
2075893295;101715
2075913704;101716
2075934113;101717
2075954522;101718
2075974931;101719
2075995340;101720
