1977628989;96898
1977649402;96899
1977669811;96900
1977690217;96901
1977710626;96902
1977731036;96903
1977751446;96904
1977771859;96905
1977792265;96906
1977812674;96907
1977833084;96908
1977853497;96909
1977873903;96910
1977894312;96911
1977914722;96912
1977935131;96913
1977955541;96914
1977975950;96915
1977996360;96916
1978016770;96917
1978037182;96918
1978057589;96919
1978077998;96920
1978098407;96921
1978118817;96922
1978139226;96923
1978159636;96924
1978180046;96925
1978200455;96926
1978220865;96927
1978241274;96928
1978261683;96929
1978282093;96930
1978302502;96931
1978322912;96932
1978343322;96933
1978363731;96934
1978384141;96935
1978404550;96936
1978424960;96937
1978445369;96938
1978465778;96939
1978486188;96940
1978506598;96941
1978527007;96942
1978547417;96943
1978567826;96944
1978588236;96945
1978608646;96946
1978629055;96947
1978649464;96948
1978669874;96949
1978690283;96950
1978710693;96951
1978731102;96952
1978751512;96953
1978771922;96954
1978792331;96955
1978812741;96956
1978833151;96957
1978853559;96958
1978873969;96959
1978894378;96960
1978914788;96961
1978935198;96962
1978955607;96963
1978976017;96964
1978996427;96965
1979016836;96966
1979037245;96967
1979057654;96968
1979078064;96969
1979098474;96970
1979118883;96971
1979139293;96972
1979159702;96973
1979180112;96974
1979200522;96975
1979220931;96976
1979241340;96977
1979261750;96978
1979282159;96979
1979302569;96980
1979322978;96981
1979343388;96982
1979363798;96983
1979384207;96984
1979404617;96985
1979425026;96986
1979445435;96987
1979465845;96988
1979486254;96989
1979506668;96990
1979527074;96991
1979547483;96992
1979567893;96993
1979588303;96994
1979608712;96995
1979629121;96996
1979649534;96997
1979669940;96998
1979690350;96999
1979710758;97000
1979731169;97001
1979751579;97002
1979771988;97003
1979792398;97004
1979812807;97005
1979833216;97006
1979853630;97007
1979874035;97008
1979894445;97009
1979914855;97010
1979935264;97011
1979955674;97012
1979976083;97013
1979996493;97014
1980016906;97015
1980037311;97016
1980057721;97017
1980078135;97018
1980098540;97019
1980118954;97020
1980139363;97021
1980159769;97022
1980180179;97023
1980200587;97024
1980220997;97025
1980241406;97026
1980261816;97027
1980282226;97028
1980302635;97029
1980323045;97030
1980343455;97031
1980363864;97032
1980384273;97033
1980404682;97034
1980425092;97035
1980445502;97036
1980465911;97037
1980486321;97038
1980506731;97039
1980527140;97040
1980547550;97041
1980567959;97042
1980588368;97043
1980608778;97044
1980629187;97045
1980649597;97046
1980670007;97047
1980690416;97048
1980710826;97049
1980731235;97050
1980751645;97051
1980772055;97052
1980792463;97053
1980812873;97054
1980833283;97055
1980853692;97056
1980874102;97057
1980894511;97058
1980914921;97059
1980935331;97060
1980955744;97061
1980976153;97062
1980996559;97063
1981016968;97064
1981037378;97065
1981057787;97066
1981078201;97067
1981098607;97068
1981119020;97069
1981139426;97070
1981159835;97071
1981180244;97072
1981200654;97073
1981221063;97074
1981241477;97075
1981261883;97076
1981282292;97077
1981302702;97078
1981323115;97079
1981343521;97080
1981363930;97081
1981384339;97082
1981404749;97083
1981425159;97084
1981445568;97085
1981465982;97086
1981486387;97087
1981506797;97088
1981527210;97089
1981547616;97090
1981568025;97091
1981588435;97092
1981608844;97093
1981629254;97094
1981649667;97095
1981670073;97096
1981690483;97097
1981710892;97098
1981731302;97099
1981751711;97100
1981772124;97101
1981792530;97102
1981812939;97103
1981833349;97104
1981853759;97105
1981874168;97106
1981894578;97107
1981914988;97108
1981935397;97109
1981955807;97110
1981976215;97111
1981996625;97112
1982017035;97113
1982037444;97114
1982057854;97115
1982078268;97116
1982098673;97117
1982119083;97118
1982139491;97119
1982159901;97120
1982180315;97121
1982200720;97122
1982221130;97123
1982241539;97124
1982261949;97125
1982282359;97126
1982302768;97127
1982323178;97128
1982343587;97129
1982363996;97130
1982384406;97131
1982404815;97132
1982425225;97133
1982445635;97134
1982466044;97135
1982486454;97136
1982506864;97137
1982527272;97138
1982547682;97139
1982568091;97140
1982588501;97141
1982608911;97142
1982629320;97143
1982649730;97144
1982670140;97145
1982690549;97146
1982710959;97147
1982731367;97148
1982751777;97149
1982772187;97150
1982792596;97151
1982813010;97152
1982833416;97153
1982853829;97154
1982874235;97155
1982894644;97156
1982915053;97157
1982935463;97158
1982955872;97159
1982976282;97160
1982996692;97161
1983017101;97162
1983037511;97163
1983057920;97164
1983078330;97165
1983098740;97166
1983119148;97167
1983139558;97168
1983159967;97169
1983180377;97170
1983200787;97171
1983221196;97172
1983241606;97173
1983262016;97174
1983282425;97175
1983302835;97176
1983323247;97177
1983343653;97178
1983364063;97179
1983384476;97180
1983404882;97181
1983425292;97182
1983445701;97183
1983466111;97184
1983486523;97185
1983506929;97186
1983527339;97187
1983547752;97188
1983568162;97189
1983588568;97190
1983608981;97191
1983629387;97192
1983649796;97193
1983670206;97194
1983690619;97195
1983711024;97196
1983731434;97197
1983751848;97198
1983772253;97199
1983792663;97200
1983813072;97201
1983833482;97202
1983853892;97203
1983874301;97204
1983894710;97205
1983915120;97206
1983935529;97207
1983955939;97208
1983976348;97209
1983996762;97210
1984017172;97211
1984037577;97212
1984057987;97213
1984078397;97214
1984098805;97215
1984119219;97216
1984139624;97217
1984160007;97218
1984180417;97219
1984200826;97220
1984221236;97221
1984241645;97222
1984262055;97223
1984282463;97224
1984302873;97225
1984323286;97226
1984343692;97227
1984364102;97228
1984384515;97229
1984404921;97230
1984425330;97231
1984445740;97232
1984466149;97233
1984486558;97234
1984506968;97235
1984527381;97236
1984547787;97237
1984568196;97238
1984588606;97239
1984609015;97240
1984629425;97241
1984649835;97242
1984670247;97243
1984690653;97244
1984711062;97245
1984731472;97246
1984751885;97247
1984772291;97248
1984792701;97249
1984813110;97250
1984833520;97251
1984853929;97252
1984874342;97253
1984894747;97254
1984915161;97255
1984935567;97256
1984955976;97257
1984976386;97258
1984996795;97259
1985017205;97260
1985037614;97261
1985058023;97262
1985078432;97263
1985098842;97264
1985119252;97265
1985139661;97266
1985160075;97267
1985180480;97268
1985200890;97269
1985221299;97270
1985241712;97271
1985262118;97272
1985282531;97273
1985302937;97274
1985323346;97275
1985343756;97276
1985364165;97277
1985384575;97278
1985404985;97279
1985425394;97280
1985445807;97281
1985466216;97282
1985486622;97283
1985507031;97284
1985527441;97285
1985547851;97286
1985568264;97287
1985588670;97288
1985609079;97289
1985629489;97290
1985649898;97291
1985670307;97292
1985690716;97293
1985711126;97294
1985731536;97295
1985751945;97296
1985772355;97297
1985792764;97298
1985813174;97299
1985833582;97300
1985853992;97301
1985874402;97302
1985894811;97303
1985915221;97304
1985935630;97305
1985956044;97306
1985976449;97307
1985996859;97308
1986017269;97309
1986037677;97310
1986058087;97311
1986078496;97312
1986098906;97313
1986119315;97314
1986139729;97315
1986160135;97316
1986180544;97317
1986200954;97318
1986221362;97319
1986241772;97320
1986262181;97321
1986282591;97322
1986303001;97323
1986323410;97324
1986343820;97325
1986364229;97326
1986384643;97327
1986405048;97328
1986425461;97329
1986445866;97330
1986466276;97331
1986486686;97332
1986507095;97333
1986527505;97334
1986547914;97335
1986568324;97336
1986588733;97337
1986609146;97338
1986629552;97339
1986649961;97340
1986670371;97341
1986690780;97342
1986711190;97343
1986731599;97344
1986752009;97345
1986772419;97346
1986792828;97347
1986813237;97348
1986833650;97349
1986854056;97350
1986874465;97351
1986894875;97352
1986915289;97353
1986935694;97354
1986956104;97355
1986976513;97356
1986996922;97357
1987017331;97358
1987037741;97359
1987058151;97360
1987078560;97361
1987098974;97362
1987119379;97363
1987139789;97364
1987160198;97365
1987180608;97366
1987201016;97367
1987221430;97368
1987241836;97369
1987262245;97370
1987282655;97371
1987303064;97372
1987323474;97373
1987343883;97374
1987364293;97375
1987384707;97376
1987405111;97377
1987425521;97378
1987445930;97379
1987466340;97380
1987486749;97381
1987507159;97382
1987527573;97383
1987547978;97384
1987568391;97385
1987588796;97386
1987609206;97387
1987629615;97388
1987650025;97389
1987670435;97390
1987690844;97391
1987711254;97392
1987731663;97393
1987752077;97394
1987772482;97395
1987792891;97396
1987813301;97397
1987833714;97398
1987854120;97399
1987874529;97400
1987894943;97401
1987915352;97402
1987935758;97403
1987956167;97404
1987976580;97405
1987996990;97406
1988017395;97407
1988037805;97408
1988058214;97409
1988078624;97410
1988099033;97411
1988119443;97412
1988139853;97413
1988160262;97414
1988180675;97415
1988201080;97416
1988221490;97417
1988241899;97418
1988262309;97419
1988282719;97420
1988303128;97421
1988323538;97422
1988343947;97423
1988364356;97424
1988384765;97425
1988405175;97426
1988425585;97427
1988445994;97428
1988466404;97429
1988486813;97430
1988507223;97431
1988527632;97432
1988548045;97433
1988568450;97434
1988588860;97435
1988609270;97436
1988629679;97437
1988650089;97438
1988670498;97439
1988690908;97440
1988711317;97441
1988731727;97442
1988752136;97443
1988772545;97444
1988792955;97445
1988813364;97446
1988833774;97447
1988854183;97448
1988874593;97449
1988895003;97450
1988915416;97451
1988935825;97452
1988956230;97453
1988976640;97454
1988997053;97455
1989017459;97456
1989037869;97457
1989058278;97458
1989078688;97459
1989099097;97460
1989119507;97461
1989139916;97462
1989160325;97463
1989180735;97464
1989201144;97465
1989221554;97466
1989241967;97467
1989262373;97468
1989282782;97469
1989303192;97470
1989323601;97471
1989344011;97472
1989364424;97473
1989384829;97474
1989405239;97475
1989425648;97476
1989446058;97477
1989466467;97478
1989486877;97479
1989507287;97480
1989527696;97481
1989548105;97482
1989568514;97483
1989588928;97484
1989609337;97485
1989629743;97486
1989650153;97487
1989670562;97488
1989690976;97489
1989711381;97490
1989731790;97491
1989752199;97492
1989772609;97493
1989793019;97494
1989813428;97495
1989833838;97496
1989854247;97497
1989874657;97498
1989895066;97499
1989915475;97500
1989935885;97501
1989956298;97502
1989976708;97503
1989997113;97504
1990017523;97505
1990037936;97506
1990058342;97507
1990078751;97508
1990099164;97509
1990119570;97510
1990139979;97511
1990160389;97512
1990180798;97513
1990201208;97514
1990221617;97515
1990242027;97516
1990262437;97517
1990282849;97518
1990303256;97519
1990323664;97520
1990344074;97521
1990364483;97522
1990384893;97523
1990405303;97524
1990425712;97525
1990446122;97526
1990466531;97527
1990486941;97528
1990507349;97529
1990527759;97530
1990548169;97531
1990568578;97532
1990588988;97533
1990609401;97534
1990629807;97535
1990650220;97536
1990670626;97537
1990691034;97538
1990711444;97539
1990731858;97540
1990752267;97541
1990772677;97542
1990793082;97543
1990813492;97544
1990833901;97545
1990854315;97546
1990874721;97547
1990895129;97548
1990915539;97549
1990935948;97550
1990956358;97551
1990976771;97552
1990997177;97553
1991017587;97554
1991037996;97555
1991058406;97556
1991078818;97557
1991099224;97558
1991119633;97559
1991140043;97560
1991160453;97561
1991180862;97562
1991201272;97563
1991221681;97564
1991242095;97565
1991262500;97566
1991282909;97567
1991303319;97568
1991323732;97569
1991344138;97570
1991364547;97571
1991384957;97572
1991405366;97573
1991425776;97574
1991446185;97575
1991466594;97576
1991487004;97577
1991507413;97578
1991527823;97579
1991548232;97580
1991568642;97581
1991589051;97582
1991609465;97583
1991629871;97584
1991650280;97585
1991670689;97586
1991691098;97587
1991711512;97588
1991731917;97589
1991752331;97590
1991772737;97591
1991793146;97592
1991813556;97593
1991833965;97594
1991854375;97595
1991874787;97596
1991895193;97597
1991915603;97598
1991936012;97599
1991956422;97600
1991976831;97601
1991997241;97602
1992017650;97603
1992038060;97604
1992058469;97605
1992078878;97606
1992099288;97607
1992119697;97608
1992140111;97609
1992160516;97610
1992180926;97611
1992201335;97612
1992221745;97613
1992242158;97614
1992262563;97615
1992282973;97616
1992303386;97617
1992323792;97618
1992344201;97619
1992364615;97620
1992385021;97621
1992405430;97622
1992425840;97623
1992446248;97624
1992466658;97625
1992487067;97626
1992507477;97627
1992527887;97628
1992548296;97629
1992568706;97630
1992589115;97631
1992609525;97632
1992629934;97633
1992650343;97634
1992670753;97635
1992691162;97636
1992711572;97637
1992731981;97638
1992752391;97639
1992772800;97640
1992793210;97641
1992813620;97642
1992834029;97643
1992854438;97644
1992874847;97645
1992895257;97646
1992915670;97647
1992936076;97648
1992956485;97649
1992976895;97650
1992997309;97651
1993017714;97652
1993038123;97653
1993058532;97654
1993078942;97655
1993099351;97656
1993119761;97657
1993140171;97658
1993160580;97659
1993180990;97660
1993201399;97661
1993221808;97662
1993242217;97663
1993262631;97664
1993283037;97665
1993303446;97666
1993323860;97667
1993344265;97668
1993364679;97669
1993385088;97670
1993405494;97671
1993425904;97672
1993446312;97673
1993466722;97674
1993487131;97675
1993507541;97676
1993527950;97677
1993548360;97678
1993568769;97679
1993589182;97680
1993609589;97681
1993629997;97682
1993650407;97683
1993670816;97684
1993691230;97685
1993711635;97686
1993732045;97687
1993752455;97688
1993772864;97689
1993793277;97690
1993813683;97691
1993834092;97692
1993854501;97693
1993874911;97694
1993895321;97695
1993915730;97696
1993936144;97697
1993956549;97698
1993976959;97699
1993997367;97700
1994017781;97701
1994038187;97702
1994058596;97703
1994079006;97704
1994099415;97705
1994119825;97706
1994140234;97707
1994160656;97708
1994181070;97709
1994201475;97710
1994221884;97711
1994242293;97712
1994262703;97713
1994283113;97714
1994303522;97715
1994323936;97716
1994344341;97717
1994364751;97718
1994385160;97719
1994405573;97720
1994425979;97721
1994446388;97722
1994466798;97723
1994487207;97724
1994507617;97725
1994528031;97726
1994548436;97727
1994568846;97728
1994589254;97729
1994609664;97730
1994630078;97731
1994650483;97732
1994670893;97733
1994691302;97734
1994711716;97735
1994732122;97736
1994752531;97737
1994772941;97738
1994793353;97739
1994813759;97740
1994834168;97741
1994854578;97742
1994874988;97743
1994895397;97744
1994915807;97745
1994936216;97746
1994956626;97747
1994977035;97748
1994997444;97749
1995017854;97750
1995038263;97751
1995058673;97752
1995079083;97753
1995099492;97754
1995119902;97755
1995140315;97756
1995160724;97757
1995181130;97758
1995201539;97759
1995221949;97760
1995242358;97761
1995262768;97762
1995283178;97763
1995303587;97764
1995323997;97765
1995344406;97766
1995364819;97767
1995385224;97768
1995405638;97769
1995426044;97770
1995446457;97771
1995466863;97772
1995487272;97773
1995507682;97774
1995528096;97775
1995548501;97776
1995568910;97777
1995589319;97778
1995609729;97779
1995630139;97780
1995650548;97781
1995670958;97782
1995691367;97783
1995711777;97784
1995732187;97785
1995752596;97786
1995773005;97787
1995793414;97788
1995813824;97789
1995834233;97790
1995854643;97791
1995875053;97792
1995895462;97793
1995915872;97794
1995936284;97795
1995956690;97796
1995977100;97797
1995997509;97798
1996017923;97799
1996038328;97800
1996058738;97801
1996079148;97802
1996099557;97803
1996119967;97804
1996140375;97805
1996160785;97806
1996181199;97807
1996201608;97808
1996222014;97809
1996242427;97810
1996262833;97811
1996283243;97812
1996303652;97813
1996324062;97814
1996344470;97815
1996364880;97816
1996385289;97817
1996405699;97818
1996426109;97819
1996446518;97820
1996466928;97821
1996487337;97822
1996507747;97823
1996528157;97824
1996548569;97825
1996568975;97826
1996589384;97827
1996609794;97828
1996630204;97829
1996650613;97830
1996671023;97831
1996691432;97832
1996711841;97833
1996732251;97834
1996752660;97835
1996773070;97836
1996793479;97837
1996813889;97838
1996834298;97839
1996854708;97840
1996875118;97841
1996895527;97842
1996915940;97843
1996936345;97844
1996956755;97845
1996977165;97846
1996997574;97847
1997017984;97848
1997038393;97849
1997058803;97850
1997079213;97851
1997099626;97852
1997120031;97853
1997140440;97854
1997160850;97855
1997181260;97856
1997201669;97857
1997222079;97858
1997242492;97859
1997262902;97860
1997283308;97861
1997303716;97862
1997324126;97863
1997344535;97864
1997364945;97865
1997385354;97866
1997405764;97867
1997426174;97868
1997446583;97869
1997466993;97870
1997487402;97871
1997507811;97872
1997528225;97873
1997548630;97874
1997569040;97875
1997589449;97876
1997609859;97877
1997630273;97878
1997650682;97879
1997671088;97880
1997691500;97881
1997711906;97882
1997732316;97883
1997752725;97884
1997773139;97885
1997793544;97886
1997813958;97887
1997834363;97888
1997854773;97889
1997875183;97890
1997895591;97891
1997916001;97892
1997936410;97893
1997956820;97894
1997977230;97895
1997997639;97896
1998018049;97897
1998038458;97898
1998058868;97899
1998079282;97900
1998099690;97901
1998120100;97902
1998140505;97903
1998160915;97904
1998181325;97905
1998201734;97906
1998222144;97907
1998242553;97908
1998262963;97909
1998283372;97910
1998303781;97911
1998324191;97912
1998344600;97913
1998365014;97914
1998385419;97915
1998405829;97916
1998426239;97917
1998446648;97918
1998467057;97919
1998487466;97920
1998507876;97921
1998528286;97922
1998548699;97923
1998569105;97924
1998589514;97925
1998609924;97926
1998630338;97927
1998650743;97928
1998671156;97929
1998691561;97930
1998711971;97931
1998732381;97932
1998752790;97933
1998773200;97934
1998793613;97935
1998814019;97936
1998834428;97937
1998854838;97938
1998875247;97939
1998895656;97940
1998916066;97941
1998936475;97942
1998956885;97943
1998977295;97944
1998997704;97945
1999018114;97946
1999038523;97947
1999058932;97948
1999079342;97949
1999099751;97950
1999120161;97951
1999140570;97952
1999160980;97953
1999181390;97954
1999201799;97955
1999222209;97956
1999242618;97957
1999263027;97958
1999283441;97959
1999303846;97960
1999324256;97961
1999344665;97962
1999365079;97963
1999385484;97964
1999405894;97965
1999426304;97966
1999446712;97967
1999467122;97968
1999487531;97969
1999507941;97970
1999528351;97971
1999548760;97972
1999569170;97973
1999589579;97974
1999609989;97975
1999630399;97976
1999650811;97977
1999671217;97978
1999691626;97979
1999712040;97980
1999732450;97981
1999752859;97982
1999773265;97983
1999793678;97984
1999814088;97985
1999834492;97986
1999854902;97987
1999875312;97988
1999895721;97989
1999916131;97990
1999936540;97991
1999956950;97992
1999977360;97993
1999997769;97994
2000018179;97995
2000038587;97996
2000058997;97997
2000079407;97998
2000099816;97999
2000120226;98000
2000140635;98001
2000161045;98002
2000181455;98003
2000201864;98004
2000222273;98005
2000242682;98006
2000263092;98007
2000283502;98008
2000303911;98009
2000324321;98010
2000344730;98011
2000365140;98012
2000385549;98013
2000405959;98014
2000426368;98015
2000446777;98016
2000467187;98017
2000487596;98018
2000508006;98019
2000528416;98020
2000548825;98021
2000569235;98022
2000589644;98023
2000610054;98024
2000630463;98025
2000650872;98026
2000671282;98027
2000691695;98028
2000712101;98029
2000732511;98030
2000752920;98031
2000773330;98032
2000793739;98033
2000814148;98034
2000834557;98035
2000854967;98036
2000875377;98037
2000895790;98038
2000916196;98039
2000936605;98040
2000957015;98041
2000977425;98042
2000997833;98043
2001018243;98044
2001038652;98045
2001059066;98046
2001079472;98047
2001099881;98048
2001120295;98049
2001140700;98050
2001161110;98051
2001181520;98052
2001201928;98053
2001222338;98054
2001242747;98055
2001263157;98056
2001283567;98057
2001303976;98058
2001324386;98059
2001344795;98060
2001365205;98061
2001385617;98062
2001406023;98063
2001426433;98064
2001446842;98065
2001467252;98066
2001487661;98067
2001508071;98068
2001528485;98069
2001548890;98070
2001569300;98071
2001589712;98072
2001610118;98073
2001630532;98074
2001650937;98075
2001671347;98076
2001691756;98077
2001712166;98078
2001732576;98079
2001752985;98080
2001773395;98081
2001793807;98082
2001814213;98083
2001834622;98084
2001855036;98085
2001875442;98086
2001895855;98087
2001916261;98088
2001936670;98089
2001957080;98090
2001977489;98091
2001997898;98092
2002018308;98093
2002038717;98094
2002059127;98095
2002079537;98096
2002099946;98097
2002120356;98098
2002140765;98099
2002161175;98100
2002181584;98101
2002201993;98102
2002222403;98103
2002242812;98104
2002263222;98105
2002283636;98106
2002304041;98107
2002324451;98108
2002344860;98109
2002365269;98110
2002385678;98111
2002406088;98112
2002426498;98113
2002446911;98114
2002467317;98115
2002487726;98116
2002508136;98117
2002528546;98118
2002548954;98119
2002569364;98120
2002589773;98121
2002610183;98122
2002630593;98123
2002651002;98124
2002671412;98125
2002691821;98126
2002712231;98127
2002732641;98128
2002753049;98129
2002773459;98130
2002793868;98131
2002814278;98132
2002834687;98133
2002855097;98134
2002875507;98135
2002895916;98136
2002916329;98137
2002936734;98138
2002957148;98139
2002977554;98140
2002997963;98141
2003018373;98142
2003038782;98143
2003059192;98144
2003079602;98145
2003100011;98146
2003120421;98147
2003140830;98148
2003161239;98149
2003181649;98150
2003202062;98151
2003222472;98152
2003242877;98153
2003263291;98154
2003283697;98155
2003304106;98156
2003324519;98157
2003344928;98158
2003365338;98159
2003385743;98160
2003406153;98161
2003426563;98162
2003446972;98163
2003467382;98164
2003487791;98165
2003508201;98166
2003528610;98167
2003549019;98168
2003569429;98169
2003589838;98170
2003610252;98171
2003630658;98172
2003651067;98173
2003671477;98174
2003691890;98175
2003712296;98176
2003732705;98177
2003753114;98178
2003773524;98179
2003793933;98180
2003814347;98181
2003834756;98182
2003855162;98183
2003875572;98184
2003895981;98185
2003916390;98186
2003936803;98187
2003957209;98188
2003977619;98189
2003998028;98190
2004018438;98191
2004038847;98192
2004059257;98193
2004079667;98194
2004100075;98195
2004120486;98196
2004140894;98197
2004161272;98198
2004181681;98199
2004202091;98200
2004222500;98201
2004242914;98202
2004263324;98203
2004283729;98204
2004304138;98205
2004324547;98206
2004344957;98207
2004365370;98208
2004385776;98209
2004406185;98210
2004426599;98211
2004447008;98212
2004467414;98213
2004487823;98214
2004508232;98215
2004528641;98216
2004549055;98217
2004569460;98218
2004589870;98219
2004610279;98220
2004630689;98221
2004651099;98222
2004671508;98223
2004691917;98224
2004712330;98225
2004732740;98226
2004753145;98227
2004773555;98228
2004793964;98229
2004814374;98230
2004834787;98231
2004855193;98232
2004875602;98233
2004896011;98234
2004916420;98235
2004936830;98236
2004957239;98237
2004977653;98238
2004998059;98239
2005018468;98240
2005038878;98241
2005059287;98242
2005079696;98243
2005100109;98244
2005120515;98245
2005140924;98246
2005161334;98247
2005181743;98248
2005202153;98249
2005222562;98250
2005242972;98251
2005263380;98252
2005283790;98253
2005304199;98254
2005324609;98255
2005345018;98256
2005365428;98257
2005385838;98258
2005406247;98259
2005426657;98260
2005447066;98261
2005467476;98262
2005487884;98263
2005508294;98264
2005528703;98265
2005549113;98266
2005569522;98267
2005589932;98268
2005610341;98269
2005630755;98270
2005651160;98271
2005671569;98272
2005691978;98273
2005712388;98274
2005732797;98275
2005753207;98276
2005773617;98277
2005794026;98278
2005814436;98279
2005834845;98280
2005855254;98281
2005875663;98282
2005896073;98283
2005916482;98284
2005936892;98285
2005957301;98286
2005977711;98287
2005998120;98288
2006018530;98289
2006038939;98290
2006059348;98291
2006079757;98292
2006100167;98293
2006120576;98294
2006140990;98295
2006161396;98296
2006181805;98297
2006202215;98298
2006222624;98299
2006243034;98300
2006263442;98301
2006283856;98302
2006304261;98303
2006324671;98304
2006345080;98305
2006365490;98306
2006385899;98307
2006406309;98308
2006426718;98309
2006447127;98310
2006467536;98311
2006487946;98312
2006508355;98313
2006528765;98314
2006549175;98315
2006569584;98316
2006589994;98317
2006610403;98318
2006630816;98319
2006651221;98320
2006671631;98321
2006692040;98322
2006712450;98323
2006732859;98324
2006753269;98325
2006773678;98326
2006794088;98327
2006814497;98328
2006834906;98329
2006855315;98330
2006875725;98331
2006896134;98332
2006916548;98333
2006936954;98334
2006957363;98335
2006977773;98336
2006998182;98337
2007018595;98338
2007039000;98339
2007059410;98340
2007079819;98341
2007100229;98342
2007120638;98343
2007141048;98344
2007161457;98345
2007181867;98346
2007202276;98347
2007222685;98348
2007243094;98349
2007263504;98350
2007283913;98351
2007304323;98352
2007324733;98353
2007345142;98354
2007365552;98355
2007385961;98356
2007406370;98357
2007426783;98358
2007447189;98359
2007467598;98360
2007488008;98361
2007508417;98362
2007528831;98363
2007549236;98364
2007569650;98365
2007590055;98366
2007610464;98367
2007630873;98368
2007651283;98369
2007671696;98370
2007692106;98371
2007712512;98372
2007732921;98373
2007753335;98374
2007773740;98375
2007794150;98376
2007814562;98377
2007834968;98378
2007855377;98379
2007875787;98380
2007896196;98381
2007916606;98382
2007937015;98383
2007957429;98384
2007977834;98385
2007998244;98386
2008018652;98387
2008039062;98388
2008059471;98389
2008079881;98390
2008100291;98391
2008120704;98392
2008141110;98393
2008161523;98394
2008181932;98395
2008202337;98396
2008222751;98397
2008243156;98398
2008263566;98399
2008283975;98400
2008304385;98401
2008324794;98402
2008345204;98403
2008365613;98404
2008386022;98405
2008406431;98406
2008426841;98407
2008447250;98408
2008467660;98409
2008488074;98410
2008508479;98411
2008528889;98412
2008549298;98413
2008569707;98414
2008590120;98415
2008610526;98416
2008630935;98417
2008651345;98418
2008671758;98419
2008692164;98420
2008712573;98421
2008732983;98422
2008753392;98423
2008773801;98424
2008794210;98425
2008814620;98426
2008835029;98427
2008855439;98428
2008875853;98429
2008896258;98430
2008916668;98431
2008937077;98432
2008957487;98433
2008977895;98434
2008998305;98435
2009018714;98436
2009039124;98437
2009059533;98438
2009079943;98439
2009100352;98440
2009120762;98441
2009141171;98442
2009161581;98443
2009181989;98444
2009202399;98445
2009222812;98446
2009243218;98447
2009263632;98448
2009284037;98449
2009304447;98450
2009324856;98451
2009345269;98452
2009365674;98453
2009386084;98454
2009406493;98455
2009426907;98456
2009447312;98457
2009467722;98458
2009488131;98459
2009508541;98460
2009528950;98461
2009549359;98462
2009569768;98463
2009590182;98464
2009610587;98465
2009630997;98466
2009651407;98467
2009671816;98468
2009692226;98469
2009712635;98470
2009733049;98471
2009753453;98472
2009773867;98473
2009794272;98474
2009814682;98475
2009835091;98476
2009855501;98477
2009875910;98478
2009896320;98479
2009916729;98480
2009937138;98481
2009957547;98482
2009977957;98483
2009998367;98484
2010018776;98485
2010039186;98486
2010059595;98487
2010080005;98488
2010100414;98489
2010120824;98490
2010141232;98491
2010161646;98492
2010182051;98493
2010202461;98494
2010222870;98495
2010243280;98496
2010263689;98497
2010284099;98498
2010304508;98499
2010324921;98500
2010345326;98501
2010365736;98502
2010386146;98503
2010406555;98504
2010426965;98505
2010447374;98506
2010467784;98507
2010488193;98508
2010508603;98509
2010529011;98510
2010549421;98511
2010569830;98512
2010590240;98513
2010610649;98514
2010631059;98515
2010651468;98516
2010671882;98517
2010692287;98518
2010712696;98519
2010733105;98520
2010753515;98521
2010773925;98522
2010794334;98523
2010814744;98524
2010835153;98525
2010855563;98526
2010875972;98527
2010896382;98528
2010916790;98529
2010937200;98530
2010957609;98531
2010978019;98532
2010998428;98533
2011018838;98534
2011039247;98535
2011059657;98536
2011080066;98537
2011100479;98538
2011120888;98539
2011141294;98540
2011161704;98541
2011182113;98542
2011202523;98543
2011222932;98544
2011243342;98545
2011263751;98546
2011284161;98547
2011304569;98548
2011324979;98549
2011345388;98550
2011365798;98551
2011386207;98552
2011406617;98553
2011427026;98554
2011447436;98555
2011467845;98556
2011488255;98557
2011508663;98558
2011529073;98559
2011549483;98560
2011569892;98561
2011590302;98562
2011610711;98563
2011631121;98564
2011651530;98565
2011671940;98566
2011692348;98567
2011712758;98568
2011733167;98569
2011753577;98570
2011773986;98571
2011794396;98572
2011814805;98573
2011835215;98574
2011855628;98575
2011876034;98576
2011896442;98577
2011916852;98578
2011937266;98579
2011957675;98580
2011978081;98581
2011998490;98582
2012018900;98583
2012039309;98584
2012059719;98585
2012080127;98586
2012100537;98587
2012120946;98588
2012141356;98589
2012161765;98590
2012182175;98591
2012202584;98592
2012222994;98593
2012243403;98594
2012263812;98595
2012284225;98596
2012304635;98597
2012325041;98598
2012345450;98599
2012365864;98600
2012386269;98601
2012406679;98602
2012427088;98603
2012447501;98604
2012467906;98605
2012488316;98606
2012508729;98607
2012529135;98608
2012549544;98609
2012569954;98610
2012590363;98611
2012610777;98612
2012631186;98613
2012651592;98614
2012672000;98615
2012692410;98616
2012712820;98617
2012733229;98618
2012753639;98619
2012774048;98620
2012794458;98621
2012814871;98622
2012835277;98623
2012855689;98624
2012876095;98625
2012896504;98626
2012916914;98627
2012937323;98628
2012957733;98629
2012978142;98630
2012998556;98631
2013018961;98632
2013039371;98633
2013059779;98634
2013080189;98635
2013100599;98636
2013121008;98637
2013141418;98638
2013161827;98639
2013182237;98640
2013202650;98641
2013223056;98642
2013243464;98643
2013263874;98644
2013284283;98645
2013304693;98646
2013325102;98647
2013345512;98648
2013365921;98649
2013386331;98650
2013406740;98651
2013427153;98652
2013447558;98653
2013467968;98654
2013488378;98655
2013508787;98656
2013529197;98657
2013549610;98658
2013570016;98659
2013590425;98660
2013610835;98661
2013631244;98662
2013651657;98663
2013672062;98664
2013692472;98665
2013712881;98666
2013733291;98667
2013753700;98668
2013774110;98669
2013794519;98670
2013814929;98671
2013835337;98672
2013855747;98673
2013876157;98674
2013896566;98675
2013916976;98676
2013937385;98677
2013957795;98678
2013978204;98679
2013998618;98680
2014019023;98681
2014039432;98682
2014059841;98683
2014080255;98684
2014100664;98685
2014121070;98686
2014141483;98687
2014161917;98688
2014182327;98689
2014202739;98690
2014223145;98691
2014243554;98692
2014263964;98693
2014284373;98694
2014304783;98695
2014325193;98696
2014345602;98697
2014366012;98698
2014386425;98699
2014406830;98700
2014427240;98701
2014447649;98702
2014468059;98703
2014488468;98704
2014508878;98705
2014529287;98706
2014549697;98707
2014570107;98708
2014590516;98709
2014610925;98710
2014631334;98711
2014651748;98712
2014672154;98713
2014692563;98714
2014712973;98715
2014733382;98716
2014753792;98717
2014774201;98718
2014794610;98719
2014815020;98720
2014835429;98721
2014855839;98722
2014876248;98723
2014896658;98724
2014917068;98725
2014937477;98726
2014957887;98727
2014978296;98728
2014998705;98729
2015019114;98730
2015039528;98731
2015059934;98732
2015080347;98733
2015100753;98734
2015121162;98735
2015141572;98736
2015161986;98737
2015182390;98738
2015202800;98739
2015223209;98740
2015243619;98741
2015264032;98742
2015284438;98743
2015304848;98744
2015325257;98745
2015345667;98746
2015366079;98747
2015386489;98748
2015406895;98749
2015427304;98750
2015447714;98751
2015468123;98752
2015488533;98753
2015508942;98754
2015529352;98755
2015549762;98756
2015570171;98757
2015590580;98758
2015610989;98759
2015631399;98760
2015651809;98761
2015672222;98762
2015692628;98763
2015713037;98764
2015733447;98765
2015753855;98766
2015774266;98767
2015794675;98768
2015815088;98769
2015835494;98770
2015855903;98771
2015876313;98772
2015896727;98773
2015917132;98774
2015937542;98775
2015957954;98776
2015978360;98777
2015998773;98778
2016019179;98779
2016039589;98780
2016059998;98781
2016080408;98782
2016100821;98783
2016121227;98784
2016141637;98785
2016162049;98786
2016182455;98787
2016202864;98788
2016223274;98789
2016243683;98790
2016264093;98791
2016284503;98792
2016304912;98793
2016325322;98794
2016345731;98795
2016366140;98796
2016386550;98797
2016406959;98798
2016427369;98799
2016447778;98800
2016468188;98801
2016488601;98802
2016509011;98803
2016529420;98804
2016549826;98805
2016570235;98806
2016590644;98807
2016611054;98808
2016631464;98809
2016651873;98810
2016672287;98811
2016692692;98812
2016713102;98813
2016733512;98814
2016753920;98815
2016774330;98816
2016794739;98817
2016815149;98818
2016835558;98819
2016855968;98820
2016876378;98821
2016896787;98822
2016917197;98823
2016937606;98824
2016958015;98825
2016978425;98826
2016998834;98827
2017019248;98828
2017039653;98829
2017060063;98830
2017080472;98831
2017100882;98832
2017121292;98833
2017141704;98834
2017162110;98835
2017182519;98836
2017202929;98837
2017223339;98838
2017243752;98839
2017264158;98840
2017284567;98841
2017304977;98842
2017325386;98843
2017345795;98844
2017366205;98845
2017386614;98846
2017407028;98847
2017427433;98848
2017447843;98849
2017468253;98850
2017488662;98851
2017509072;98852
2017529480;98853
2017549890;98854
2017570299;98855
2017590709;98856
2017611119;98857
2017631528;98858
2017651942;98859
2017672347;98860
2017692757;98861
2017713166;98862
2017733575;98863
2017753985;98864
2017774394;98865
2017794804;98866
2017815213;98867
2017835623;98868
2017856037;98869
2017876446;98870
2017896852;98871
2017917260;98872
2017937670;98873
2017958080;98874
2017978489;98875
2017998899;98876
2018019308;98877
2018039718;98878
2018060127;98879
2018080537;98880
2018100947;98881
2018121355;98882
2018141765;98883
2018162174;98884
2018182584;98885
2018202994;98886
2018223403;98887
2018243813;98888
2018264222;98889
2018284635;98890
2018305040;98891
2018325450;98892
2018345860;98893
2018366269;98894
2018386679;98895
2018407092;98896
2018427498;98897
2018447908;98898
2018468317;98899
2018488726;98900
2018509135;98901
2018529545;98902
2018549958;98903
2018570364;98904
2018590774;98905
2018611183;98906
2018631593;98907
2018652002;98908
2018672412;98909
2018692821;98910
2018713230;98911
2018733640;98912
2018754049;98913
2018774459;98914
2018794868;98915
2018815278;98916
2018835688;98917
2018856097;98918
2018876507;98919
2018896915;98920
2018917325;98921
2018937735;98922
2018958144;98923
2018978554;98924
2018998963;98925
2019019373;98926
2019039786;98927
2019060192;98928
2019080601;98929
2019101010;98930
2019121420;98931
2019141829;98932
2019162239;98933
2019182649;98934
2019203058;98935
2019223468;98936
2019243877;98937
2019264286;98938
2019284695;98939
2019305105;98940
2019325515;98941
2019345924;98942
2019366334;98943
2019386743;98944
2019407153;98945
2019427563;98946
2019447972;98947
2019468382;98948
2019488790;98949
2019509200;98950
2019529609;98951
2019550019;98952
2019570429;98953
2019590838;98954
2019611248;98955
2019631657;98956
2019652066;98957
2019672480;98958
2019692885;98959
2019713299;98960
2019733704;98961
2019754114;98962
2019774523;98963
2019794933;98964
2019815343;98965
2019835752;98966
2019856161;98967
2019876574;98968
2019896980;98969
2019917390;98970
2019937799;98971
2019958209;98972
2019978622;98973
2019999028;98974
2020019437;98975
2020039847;98976
2020060256;98977
2020080669;98978
2020101079;98979
2020121488;98980
2020141894;98981
2020162304;98982
2020182713;98983
2020203123;98984
2020223532;98985
2020243941;98986
2020264350;98987
2020284764;98988
2020305174;98989
2020325579;98990
2020345989;98991
2020366398;98992
2020386808;98993
2020407218;98994
2020427626;98995
2020448036;98996
2020468445;98997
2020488859;98998
2020509264;98999
2020529674;99000
2020550084;99001
2020570493;99002
2020590907;99003
2020611316;99004
2020631721;99005
2020652131;99006
2020672544;99007
2020692950;99008
2020713359;99009
2020733769;99010
2020754178;99011
2020774588;99012
2020794998;99013
2020815406;99014
2020835816;99015
2020856225;99016
2020876635;99017
2020897045;99018
2020917454;99019
2020937864;99020
2020958273;99021
2020978687;99022
2020999092;99023
2021019502;99024
2021039911;99025
2021060320;99026
2021080730;99027
2021101139;99028
2021121549;99029
2021141963;99030
2021162372;99031
2021182778;99032
2021203186;99033
2021223596;99034
2021244005;99035
2021264415;99036
2021284825;99037
2021305234;99038
2021325644;99039
2021346052;99040
2021366463;99041
2021386877;99042
2021407282;99043
2021427695;99044
2021448104;99045
2021468514;99046
2021488919;99047
2021509329;99048
2021529739;99049
2021550148;99050
2021570558;99051
2021590967;99052
2021611376;99053
2021631786;99054
2021652195;99055
2021672609;99056
2021693014;99057
2021713424;99058
2021733834;99059
2021754243;99060
2021774653;99061
2021795061;99062
2021815471;99063
2021835880;99064
2021856290;99065
2021876700;99066
2021897109;99067
2021917519;99068
2021937932;99069
2021958338;99070
2021978748;99071
2021999156;99072
2022019566;99073
2022039975;99074
2022060385;99075
2022080794;99076
2022101204;99077
2022121614;99078
2022142023;99079
2022162433;99080
2022182842;99081
2022203255;99082
2022223661;99083
2022244070;99084
2022264480;99085
2022284889;99086
2022305299;99087
2022325708;99088
2022346118;99089
2022366528;99090
2022386936;99091
2022407346;99092
2022427755;99093
2022448165;99094
2022468575;99095
2022488984;99096
2022509394;99097
2022529803;99098
2022550213;99099
2022570622;99100
2022591031;99101
2022611441;99102
2022631854;99103
2022652260;99104
2022672673;99105
2022693083;99106
2022713489;99107
2022733898;99108
2022754308;99109
2022774720;99110
2022795126;99111
2022815539;99112
2022835945;99113
2022856355;99114
2022876764;99115
2022897174;99116
2022917583;99117
2022937993;99118
2022958402;99119
2022978815;99120
2022999221;99121
2023019634;99122
2023040044;99123
2023060449;99124
2023080859;99125
2023101269;99126
2023121678;99127
2023142088;99128
2023162497;99129
2023182906;99130
2023203316;99131
2023223725;99132
2023244135;99133
2023264544;99134
2023284954;99135
2023305363;99136
2023325773;99137
2023346186;99138
2023366591;99139
2023387001;99140
2023407410;99141
2023427820;99142
2023448230;99143
2023468639;99144
2023489049;99145
2023509458;99146
2023529868;99147
2023550276;99148
2023570686;99149
2023591096;99150
2023611505;99151
2023631915;99152
2023652324;99153
2023672734;99154
2023693144;99155
2023713553;99156
2023733963;99157
2023754371;99158
2023774781;99159
2023795190;99160
2023815600;99161
2023836010;99162
2023856419;99163
2023876829;99164
2023897238;99165
2023917652;99166
2023938057;99167
2023958466;99168
2023978880;99169
2023999285;99170
2024019695;99171
2024040104;99172
2024060518;99173
2024080928;99174
2024101333;99175
2024121743;99176
2024142155;99177
2024162570;99178
2024182980;99179
2024203389;99180
2024223799;99181
2024244208;99182
2024264618;99183
2024285028;99184
2024305441;99185
2024325846;99186
2024346255;99187
2024366669;99188
2024387075;99189
2024407488;99190
2024427894;99191
2024448303;99192
2024468713;99193
2024489127;99194
2024509532;99195
2024529941;99196
2024550350;99197
2024570760;99198
2024591170;99199
2024611579;99200
2024631989;99201
2024652398;99202
2024672812;99203
2024693221;99204
2024713627;99205
2024734036;99206
2024754449;99207
2024774855;99208
2024795265;99209
2024815674;99210
2024836084;99211
2024856497;99212
2024876907;99213
2024897313;99214
2024917721;99215
2024938131;99216
2024958540;99217
2024978950;99218
2024999360;99219
2025019769;99220
2025040179;99221
2025060592;99222
2025080998;99223
2025101411;99224
2025121816;99225
2025142226;99226
2025162635;99227
2025183045;99228
2025203455;99229
2025223864;99230
2025244274;99231
2025264687;99232
2025285092;99233
2025305502;99234
2025325911;99235
2025346321;99236
2025366730;99237
2025387140;99238
2025407554;99239
2025427959;99240
2025448369;99241
2025468783;99242
2025489187;99243
2025509597;99244
2025530006;99245
2025550416;99246
2025570826;99247
2025591235;99248
2025611645;99249
2025632054;99250
2025652464;99251
2025672877;99252
2025693282;99253
2025713696;99254
2025734105;99255
2025754511;99256
2025774921;99257
2025795330;99258
2025815740;99259
2025836149;99260
2025856562;99261
2025876972;99262
2025897377;99263
2025917787;99264
2025938196;99265
2025958606;99266
2025979016;99267
2025999425;99268
2026019839;99269
2026040244;99270
2026060657;99271
2026081063;99272
2026101472;99273
2026121886;99274
2026142291;99275
2026162701;99276
2026183111;99277
2026203520;99278
2026223934;99279
2026244339;99280
2026264752;99281
2026285158;99282
2026305567;99283
2026325977;99284
2026346386;99285
2026366796;99286
2026387206;99287
2026407615;99288
2026428025;99289
2026448434;99290
2026468843;99291
2026489253;99292
2026509662;99293
2026530072;99294
2026550481;99295
2026570891;99296
2026591305;99297
2026611710;99298
2026632120;99299
2026652532;99300
2026672938;99301
2026693348;99302
2026713757;99303
2026734167;99304
2026754576;99305
2026774986;99306
2026795400;99307
2026815805;99308
2026836215;99309
2026856623;99310
2026877033;99311
2026897443;99312
2026917852;99313
2026938262;99314
2026958671;99315
2026979085;99316
2026999491;99317
2027019900;99318
2027040310;99319
2027060722;99320
2027081132;99321
2027101538;99322
2027121947;99323
2027142357;99324
2027162766;99325
2027183176;99326
2027203586;99327
2027223995;99328
2027244404;99329
2027264813;99330
2027285223;99331
2027305633;99332
2027326042;99333
2027346452;99334
2027366861;99335
2027387271;99336
2027407681;99337
2027428090;99338
2027448499;99339
2027468909;99340
2027489318;99341
2027509728;99342
2027530141;99343
2027550547;99344
2027570957;99345
2027591370;99346
2027611780;99347
2027632184;99348
2027652594;99349
2027673004;99350
2027693413;99351
2027713823;99352
2027734232;99353
2027754642;99354
2027775052;99355
2027795461;99356
2027815871;99357
2027836279;99358
2027856689;99359
2027877099;99360
2027897512;99361
2027917918;99362
2027938327;99363
2027958737;99364
2027979147;99365
2027999556;99366
2028019966;99367
2028040374;99368
2028060784;99369
2028081194;99370
2028101607;99371
2028122013;99372
2028142422;99373
2028162832;99374
2028183242;99375
2028203651;99376
2028224060;99377
2028244469;99378
2028264883;99379
2028285289;99380
2028305698;99381
2028326108;99382
2028346517;99383
2028366927;99384
2028387337;99385
2028407749;99386
2028428155;99387
2028448564;99388
2028468974;99389
2028489388;99390
2028509793;99391
2028530207;99392
2028550612;99393
2028571022;99394
2028591432;99395
2028611840;99396
2028632250;99397
2028652659;99398
2028673069;99399
2028693479;99400
2028713888;99401
2028734302;99402
2028754707;99403
2028775117;99404
2028795526;99405
2028815935;99406
2028836345;99407
2028856754;99408
2028877164;99409
2028897574;99410
2028917983;99411
2028938393;99412
2028958802;99413
2028979212;99414
2028999621;99415
2029020030;99416
2029040444;99417
2029060849;99418
2029081259;99419
2029101669;99420
2029122078;99421
2029142488;99422
2029162897;99423
2029183306;99424
2029203720;99425
2029224125;99426
2029244539;99427
2029264944;99428
2029285354;99429
2029305764;99430
2029326177;99431
2029346583;99432
2029366992;99433
2029387401;99434
2029407811;99435
2029428220;99436
2029448630;99437
2029469040;99438
2029489449;99439
2029509859;99440
2029530272;99441
2029550678;99442
2029571088;99443
2029591500;99444
2029611906;99445
2029632315;99446
2029652725;99447
2029673135;99448
2029693544;99449
2029713954;99450
2029734363;99451
2029754773;99452
2029775182;99453
2029795591;99454
2029816001;99455
2029836410;99456
2029856820;99457
2029877230;99458
2029897639;99459
2029918049;99460
2029938458;99461
2029958868;99462
2029979281;99463
2029999686;99464
2030020100;99465
2030040505;99466
2030060919;99467
2030081325;99468
2030101734;99469
2030122144;99470
2030142553;99471
2030162962;99472
2030183372;99473
2030203781;99474
2030224191;99475
2030244604;99476
2030265010;99477
2030285420;99478
2030305829;99479
2030326239;99480
2030346651;99481
2030367057;99482
2030387467;99483
2030407876;99484
2030428286;99485
2030448695;99486
2030469105;99487
2030489515;99488
2030509924;99489
2030530334;99490
2030550742;99491
2030571152;99492
2030591562;99493
2030611971;99494
2030632381;99495
2030652790;99496
2030673200;99497
2030693614;99498
2030714019;99499
2030734432;99500
2030754837;99501
2030775247;99502
2030795657;99503
2030816066;99504
2030836476;99505
2030856885;99506
2030877295;99507
2030897709;99508
2030918114;99509
2030938523;99510
2030958932;99511
2030979342;99512
2030999752;99513
2031020161;99514
2031040571;99515
2031060980;99516
2031081390;99517
2031101800;99518
2031122208;99519
2031142618;99520
2031163031;99521
2031183437;99522
2031203847;99523
2031224256;99524
2031244666;99525
2031265075;99526
2031285485;99527
2031305895;99528
2031326304;99529
2031346713;99530
2031367122;99531
2031387532;99532
2031407942;99533
2031428351;99534
2031448761;99535
2031469171;99536
2031489580;99537
2031509990;99538
2031530398;99539
2031550808;99540
2031571218;99541
2031591631;99542
2031612037;99543
2031632446;99544
2031652856;99545
2031673266;99546
2031693678;99547
2031714084;99548
2031734493;99549
2031754903;99550
2031775313;99551
2031795722;99552
2031816132;99553
2031836545;99554
2031856951;99555
2031877361;99556
2031897773;99557
2031918179;99558
2031938588;99559
2031958998;99560
2031979408;99561
2031999817;99562
2032020227;99563
2032040636;99564
2032061046;99565
2032081456;99566
2032101865;99567
2032122274;99568
2032142683;99569
2032163097;99570
2032183503;99571
2032203912;99572
2032224322;99573
2032244731;99574
2032265141;99575
2032285550;99576
2032305959;99577
2032326369;99578
2032346778;99579
2032367192;99580
2032387598;99581
2032408007;99582
2032428417;99583
2032448826;99584
2032469236;99585
2032489645;99586
2032510054;99587
2032530464;99588
2032550873;99589
2032571287;99590
2032591693;99591
2032612102;99592
2032632512;99593
2032652921;99594
2032673331;99595
2032693744;99596
2032714149;99597
2032734559;99598
2032754968;99599
2032775378;99600
2032795788;99601
2032816197;99602
2032836611;99603
2032857016;99604
2032877425;99605
2032897835;99606
2032918244;99607
2032938654;99608
2032959063;99609
2032979477;99610
2032999887;99611
2033020292;99612
2033040702;99613
2033061111;99614
2033081520;99615
2033101934;99616
2033122339;99617
2033142749;99618
2033163158;99619
2033183568;99620
2033203978;99621
2033224391;99622
2033244797;99623
2033265205;99624
2033285615;99625
2033306025;99626
2033326434;99627
2033346844;99628
2033367253;99629
2033387667;99630
2033408073;99631
2033428482;99632
2033448892;99633
2033469301;99634
2033489710;99635
2033510120;99636
2033530529;99637
2033550939;99638
2033571349;99639
2033591758;99640
2033612168;99641
2033632577;99642
2033652986;99643
2033673396;99644
2033693809;99645
2033714219;99646
2033734624;99647
2033755034;99648
2033775444;99649
2033795853;99650
2033816263;99651
2033836672;99652
2033857081;99653
2033877491;99654
2033897900;99655
2033918310;99656
2033938719;99657
2033959129;99658
2033979539;99659
2033999948;99660
2034020358;99661
2034040767;99662
2034061176;99663
2034081586;99664
2034101999;99665
2034122405;99666
2034142818;99667
2034163244;99668
2034183654;99669
2034204063;99670
2034224473;99671
2034244882;99672
2034265291;99673
2034285705;99674
2034306111;99675
2034326520;99676
2034346930;99677
2034367339;99678
2034387749;99679
2034408159;99680
2034428571;99681
2034448977;99682
2034469391;99683
2034489796;99684
2034510206;99685
2034530616;99686
2034551029;99687
2034571435;99688
2034591845;99689
2034612254;99690
2034632663;99691
2034653072;99692
2034673482;99693
2034693892;99694
2034714301;99695
2034734711;99696
2034755121;99697
2034775530;99698
2034795943;99699
2034816354;99700
2034836758;99701
2034857168;99702
2034877578;99703
2034897987;99704
2034918397;99705
2034938806;99706
2034959216;99707
2034979626;99708
2035000035;99709
2035020445;99710
2035040854;99711
2035061263;99712
2035081673;99713
2035102083;99714
2035122492;99715
2035142902;99716
2035163312;99717
2035183721;99718
2035204130;99719
2035224543;99720
2035244949;99721
2035265359;99722
2035285772;99723
2035306178;99724
2035326588;99725
2035346997;99726
2035367407;99727
2035387817;99728
2035408225;99729
2035428635;99730
2035449045;99731
2035469454;99732
2035489864;99733
2035510273;99734
2035530683;99735
2035551093;99736
2035571502;99737
2035591912;99738
2035612321;99739
2035632730;99740
2035653140;99741
2035673550;99742
2035693959;99743
2035714373;99744
2035734779;99745
2035755192;99746
2035775598;99747
2035796006;99748
2035816416;99749
2035836826;99750
2035857235;99751
2035877649;99752
2035898055;99753
2035918464;99754
2035938874;99755
2035959284;99756
2035979693;99757
2036000106;99758
2036020512;99759
2036040921;99760
2036061331;99761
2036081740;99762
2036102150;99763
2036122560;99764
2036142969;99765
2036163379;99766
2036183788;99767
2036204201;99768
2036224607;99769
2036245017;99770
2036265430;99771
2036285836;99772
2036306246;99773
2036326655;99774
2036347065;99775
2036367473;99776
2036387883;99777
2036408293;99778
2036428702;99779
2036449112;99780
2036469526;99781
2036489931;99782
2036510341;99783
2036530751;99784
2036551160;99785
2036571573;99786
2036591979;99787
2036612388;99788
2036632798;99789
2036653207;99790
2036673617;99791
2036694027;99792
2036714436;99793
2036734846;99794
2036755256;99795
2036775664;99796
2036796074;99797
2036816488;99798
2036836893;99799
2036857303;99800
2036877713;99801
2036898122;99802
2036918536;99803
2036938941;99804
2036959351;99805
2036979760;99806
2037000169;99807
2037020579;99808
2037040993;99809
2037061398;99810
2037081808;99811
2037102218;99812
2037122627;99813
2037143037;99814
2037163450;99815
2037183855;99816
2037204265;99817
2037224674;99818
2037245084;99819
2037265494;99820
2037285903;99821
2037306313;99822
2037326723;99823
2037347131;99824
2037367541;99825
2037387955;99826
2037408360;99827
2037428774;99828
2037449180;99829
2037469589;99830
2037489999;99831
2037510408;99832
2037530818;99833
2037551227;99834
2037571636;99835
2037592046;99836
2037612456;99837
2037632865;99838
2037653275;99839
2037673685;99840
2037694094;99841
2037714507;99842
2037734913;99843
2037755322;99844
2037775732;99845
2037796141;99846
2037816551;99847
2037836961;99848
2037857370;99849
2037877780;99850
2037898194;99851
2037918599;99852
2037939008;99853
2037959418;99854
2037979827;99855
2038000237;99856
2038020647;99857
2038041060;99858
2038061466;99859
2038081875;99860
2038102285;99861
2038122694;99862
2038143103;99863
2038163513;99864
2038183923;99865
2038204332;99866
2038224742;99867
2038245152;99868
2038265561;99869
2038285971;99870
2038306381;99871
2038326789;99872
2038347199;99873
2038367608;99874
2038388018;99875
2038408428;99876
2038428837;99877
2038449251;99878
2038469657;99879
2038490066;99880
2038510475;99881
2038530885;99882
2038551294;99883
2038571704;99884
2038592118;99885
2038612527;99886
2038632933;99887
2038653342;99888
2038673752;99889
2038694162;99890
2038714574;99891
2038734980;99892
2038755390;99893
2038775799;99894
2038796209;99895
2038816619;99896
2038837028;99897
2038857442;99898
2038877848;99899
2038898260;99900
2038918666;99901
2038939075;99902
2038959485;99903
2038979895;99904
2039000304;99905
2039020714;99906
2039041124;99907
2039061533;99908
2039081946;99909
2039102352;99910
2039122761;99911
2039143175;99912
2039163581;99913
2039183990;99914
2039204400;99915
2039224809;99916
2039245223;99917
2039265632;99918
2039286037;99919
2039306447;99920
2039326857;99921
2039347266;99922
2039367676;99923
2039388086;99924
2039408495;99925
2039428905;99926
2039449315;99927
2039469724;99928
2039490134;99929
2039510542;99930
2039530952;99931
2039551366;99932
2039571771;99933
2039592181;99934
2039612595;99935
2039633000;99936
2039653410;99937
2039673819;99938
2039694228;99939
2039714638;99940
2039735048;99941
2039755457;99942
2039775867;99943
2039796276;99944
2039816686;99945
2039837096;99946
2039857505;99947
2039877914;99948
2039898324;99949
2039918733;99950
2039939143;99951
2039959553;99952
2039979962;99953
2040000372;99954
2040020786;99955
2040041194;99956
2040061601;99957
2040082009;99958
2040102423;99959
2040122833;99960
2040143238;99961
2040163648;99962
2040184058;99963
2040204471;99964
2040224877;99965
2040245287;99966
2040265696;99967
2040286105;99968
2040306515;99969
2040326924;99970
2040347334;99971
2040367747;99972
2040388153;99973
2040408563;99974
2040428972;99975
2040449382;99976
2040469795;99977
2040490200;99978
2040510610;99979
2040531020;99980
2040551429;99981
2040571839;99982
2040592249;99983
2040612658;99984
2040633072;99985
2040653477;99986
2040673886;99987
2040694296;99988
2040714705;99989
2040735115;99990
2040755525;99991
2040775934;99992
2040796344;99993
2040816754;99994
2040837162;99995
2040857573;99996
2040877982;99997
2040898395;99998
2040918801;99999
2040939210;100000
2040959620;100001
2040980030;100002
2041000439;100003
2041020849;100004
2041041258;100005
2041061667;100006
2041082077;100007
2041102487;100008
2041122896;100009
2041143306;100010
2041163716;100011
2041184125;100012
2041204539;100013
2041224944;100014
2041245353;100015
2041265763;100016
2041286172;100017
2041306582;100018
2041326992;100019
2041347401;100020
2041367811;100021
2041388225;100022
2041408630;100023
2041429039;100024
2041449449;100025
2041469858;100026
2041490268;100027
2041510681;100028
2041531087;100029
2041551497;100030
2041571906;100031
2041592316;100032
2041612726;100033
2041633134;100034
2041653544;100035
2041673954;100036
2041694363;100037
2041714777;100038
2041735183;100039
2041755592;100040
2041776002;100041
2041796411;100042
2041816821;100043
2041837230;100044
2041857639;100045
2041878053;100046
2041898463;100047
2041918868;100048
2041939278;100049
2041959692;100050
2041980097;100051
2042000507;100052
2042020916;100053
2042041325;100054
2042061735;100055
2042082144;100056
2042102554;100057
2042122964;100058
2042143373;100059
2042163783;100060
2042184193;100061
2042204602;100062
2042225011;100063
2042245421;100064
2042265830;100065
2042286240;100066
2042306650;100067
2042327059;100068
2042347473;100069
2042367878;100070
2042388288;100071
2042408698;100072
2042429106;100073
2042449516;100074
2042469926;100075
2042490335;100076
2042510745;100077
2042531159;100078
2042551564;100079
2042571974;100080
2042592383;100081
2042612792;100082
2042633206;100083
2042653611;100084
2042674021;100085
2042694431;100086
2042714840;100087
2042735250;100088
2042755660;100089
2042776069;100090
2042796478;100091
2042816888;100092
2042837297;100093
2042857707;100094
2042878117;100095
2042898526;100096
2042918936;100097
2042939345;100098
2042959755;100099
2042980165;100100
2043000573;100101
2043020983;100102
2043041397;100103
2043061802;100104
2043082212;100105
2043102622;100106
2043123031;100107
2043143441;100108
2043163851;100109
2043184259;100110
2043204669;100111
2043225078;100112
2043245488;100113
2043265902;100114
2043286307;100115
2043306717;100116
2043327127;100117
2043347536;100118
2043367946;100119
2043388355;100120
2043408764;100121
2043429174;100122
2043449588;100123
2043469993;100124
2043490403;100125
2043510812;100126
2043531226;100127
2043551632;100128
2043572040;100129
2043592450;100130
2043612860;100131
2043633269;100132
2043653683;100133
2043674093;100134
2043694502;100135
2043714908;100136
2043735318;100137
2043755727;100138
2043776136;100139
2043796545;100140
2043816955;100141
2043837365;100142
2043857774;100143
2043878184;100144
2043898594;100145
2043919003;100146
2043939412;100147
2043959822;100148
2043980231;100149
2044000645;100150
2044021051;100151
2044041460;100152
2044061870;100153
2044082279;100154
2044102689;100155
2044123103;100156
2044143508;100157
2044163834;100158
2044184243;100159
2044204657;100160
2044225062;100161
2044245472;100162
2044265881;100163
2044286291;100164
2044306704;100165
2044327110;100166
2044347519;100167
2044367928;100168
2044388337;100169
2044408747;100170
2044429156;100171
2044449570;100172
2044469975;100173
2044490384;100174
2044510794;100175
2044531202;100176
2044551612;100177
2044572021;100178
2044592435;100179
2044612840;100180
2044633250;100181
2044653659;100182
2044674069;100183
2044694478;100184
2044714892;100185
2044735296;100186
2044755706;100187
2044776115;100188
2044796525;100189
2044816938;100190
2044837343;100191
2044857753;100192
2044878162;100193
2044898572;100194
2044918981;100195
2044939390;100196
2044959799;100197
2044980209;100198
2045000618;100199
2045021028;100200
2045041441;100201
2045061847;100202
2045082256;100203
2045102666;100204
2045123078;100205
2045143484;100206
2045163893;100207
2045184303;100208
2045204712;100209
2045225121;100210
2045245531;100211
2045265940;100212
2045286354;100213
2045306758;100214
2045327168;100215
2045347577;100216
2045367987;100217
2045388396;100218
2045408806;100219
2045429215;100220
2045449629;100221
2045470034;100222
2045490444;100223
2045510856;100224
2045531266;100225
2045551671;100226
2045572081;100227
2045592490;100228
2045612899;100229
2045633309;100230
2045653718;100231
2045674128;100232
2045694537;100233
2045714946;100234
2045735355;100235
2045755765;100236
2045776174;100237
2045796584;100238
2045816993;100239
2045837407;100240
2045857812;100241
2045878226;100242
2045898630;100243
2045919040;100244
2045939449;100245
2045959859;100246
2045980268;100247
2046000677;100248
2046021087;100249
2046041496;100250
2046061906;100251
2046082318;100252
2046102724;100253
2046123137;100254
2046143543;100255
2046163952;100256
2046184362;100257
2046204771;100258
2046225181;100259
2046245590;100260
2046266000;100261
2046286408;100262
2046306818;100263
2046327227;100264
2046347637;100265
2046368046;100266
2046388455;100267
2046408865;100268
2046429274;100269
2046449684;100270
2046470093;100271
2046490502;100272
2046510911;100273
2046531321;100274
2046551730;100275
2046572140;100276
2046592549;100277
2046612959;100278
2046633372;100279
2046653778;100280
2046674186;100281
2046694596;100282
2046715005;100283
2046735415;100284
2046755828;100285
2046776233;100286
2046796643;100287
2046817052;100288
2046837462;100289
2046857871;100290
2046878284;100291
2046898689;100292
2046919099;100293
2046939508;100294
2046959918;100295
2046980327;100296
2047000737;100297
2047021146;100298
2047041556;100299
2047061965;100300
2047082374;100301
2047102783;100302
2047123193;100303
2047143606;100304
2047164011;100305
2047184421;100306
2047204830;100307
2047225244;100308
2047245649;100309
2047266059;100310
2047286471;100311
2047306877;100312
2047327286;100313
2047347696;100314
2047368105;100315
2047388519;100316
2047408928;100317
2047429334;100318
2047449742;100319
2047470152;100320
2047490561;100321
2047510971;100322
2047531380;100323
2047551789;100324
2047572199;100325
2047592608;100326
2047613022;100327
2047633427;100328
2047653836;100329
2047674245;100330
2047694655;100331
2047715064;100332
2047735474;100333
2047755883;100334
2047776293;100335
2047796702;100336
2047817112;100337
2047837520;100338
2047857930;100339
2047878339;100340
2047898749;100341
2047919158;100342
2047939567;100343
2047959977;100344
2047980386;100345
2048000796;100346
2048021205;100347
2048041615;100348
2048062023;100349
2048082433;100350
2048102842;100351
2048123252;100352
2048143665;100353
2048164071;100354
2048184480;100355
2048204890;100356
2048225299;100357
2048245712;100358
2048266117;100359
2048286527;100360
2048306936;100361
2048327345;100362
2048347755;100363
2048368164;100364
2048388574;100365
2048408983;100366
2048429392;100367
2048449801;100368
2048470211;100369
2048490624;100370
2048511030;100371
2048531439;100372
2048551849;100373
2048572258;100374
2048592672;100375
2048613077;100376
2048633486;100377
2048653895;100378
2048674305;100379
2048694714;100380
2048715123;100381
2048735533;100382
2048755942;100383
2048776352;100384
2048796761;100385
2048817170;100386
2048837583;100387
2048857989;100388
2048878398;100389
2048898808;100390
2048919217;100391
2048939631;100392
2048960036;100393
2048980446;100394
2049000855;100395
2049021264;100396
2049041673;100397
2049062083;100398
2049082492;100399
2049102901;100400
2049123311;100401
2049143720;100402
2049164130;100403
2049184539;100404
2049204948;100405
2049225357;100406
2049245771;100407
2049266176;100408
2049286586;100409
2049306995;100410
2049327405;100411
2049347814;100412
2049368228;100413
2049388633;100414
2049409042;100415
2049429451;100416
2049449861;100417
2049470270;100418
2049490679;100419
2049511089;100420
2049531498;100421
2049551908;100422
2049572317;100423
2049592726;100424
2049613135;100425
2049633545;100426
2049653954;100427
2049674364;100428
2049694777;100429
2049715183;100430
2049735592;100431
2049756006;100432
2049776411;100433
2049796820;100434
2049817229;100435
2049837638;100436
2049858048;100437
2049878457;100438
2049898867;100439
2049919276;100440
2049939686;100441
2049960095;100442
2049980504;100443
2050000913;100444
2050021323;100445
2050041732;100446
2050062142;100447
2050082551;100448
2050102961;100449
2050123370;100450
2050143780;100451
2050164189;100452
2050184598;100453
2050205007;100454
2050225416;100455
2050245826;100456
2050266235;100457
2050286645;100458
2050307058;100459
2050327464;100460
2050347873;100461
2050368283;100462
2050388691;100463
2050409101;100464
2050429510;100465
2050449920;100466
2050470329;100467
2050490739;100468
2050511148;100469
2050531558;100470
2050551967;100471
2050572376;100472
2050592785;100473
2050613194;100474
2050633604;100475
2050654017;100476
2050674423;100477
2050694832;100478
2050715242;100479
2050735651;100480
2050756060;100481
2050776469;100482
2050796879;100483
2050817288;100484
2050837698;100485
2050858107;100486
2050878517;100487
2050898926;100488
2050919336;100489
2050939749;100490
2050960154;100491
2050980563;100492
2051000976;100493
2051021386;100494
2051041791;100495
2051062201;100496
2051082610;100497
2051103020;100498
2051123429;100499
2051143839;100500
2051164247;100501
2051184661;100502
2051205066;100503
2051225476;100504
2051245885;100505
2051266295;100506
2051286704;100507
2051307118;100508
2051327523;100509
2051347932;100510
2051368341;100511
2051388750;100512
2051409160;100513
2051429573;100514
2051449979;100515
2051470388;100516
2051490798;100517
2051511211;100518
2051531616;100519
2051552025;100520
2051572435;100521
2051592848;100522
2051613254;100523
2051633663;100524
2051654073;100525
2051674482;100526
2051694892;100527
2051715301;100528
2051735710;100529
2051756123;100530
2051776528;100531
2051796938;100532
2051817347;100533
2051837757;100534
2051858166;100535
2051878576;100536
2051898989;100537
2051919395;100538
2051939803;100539
2051960213;100540
2051980622;100541
2052001032;100542
2052021441;100543
2052041851;100544
2052062260;100545
2052082674;100546
2052103079;100547
2052123489;100548
2052143897;100549
2052164310;100550
2052184716;100551
2052205125;100552
2052225535;100553
2052245948;100554
2052266354;100555
2052286763;100556
2052307172;100557
2052327581;100558
2052347995;100559
2052368404;100560
2052388810;100561
2052409219;100562
2052429629;100563
2052450038;100564
2052470448;100565
2052490857;100566
2052511266;100567
2052531675;100568
2052552084;100569
2052572494;100570
2052592903;100571
2052613313;100572
2052633726;100573
2052654132;100574
2052674541;100575
2052694951;100576
2052715359;100577
2052735769;100578
2052756178;100579
2052776588;100580
2052796997;100581
2052817407;100582
2052837816;100583
2052858226;100584
2052878635;100585
2052899044;100586
2052919453;100587
2052939862;100588
2052960272;100589
2052980681;100590
2053001091;100591
2053021500;100592
2053041910;100593
2053062323;100594
2053082729;100595
2053103137;100596
2053123547;100597
2053143960;100598
2053164366;100599
2053184775;100600
2053205185;100601
2053225594;100602
2053246004;100603
2053266416;100604
2053286822;100605
2053307231;100606
2053327640;100607
2053348050;100608
2053368459;100609
2053388869;100610
2053409278;100611
2053429688;100612
2053450097;100613
2053470510;100614
2053490915;100615
2053511325;100616
2053531734;100617
2053552144;100618
2053572553;100619
2053592963;100620
2053613372;100621
2053633782;100622
2053654191;100623
2053674601;100624
2053695009;100625
2053715422;100626
2053735828;100627
2053756237;100628
2053776647;100629
2053797060;100630
2053817466;100631
2053837875;100632
2053858285;100633
2053878693;100634
2053899103;100635
2053919512;100636
2053939922;100637
2053960331;100638
2053980741;100639
2054001154;100640
2054021560;100641
2054041969;100642
2054062378;100643
2054082791;100644
2054103196;100645
2054123606;100646
2054144015;100647
2054164511;100648
2054184921;100649
2054205330;100650
2054225740;100651
2054246150;100652
2054266558;100653
2054286968;100654
2054307378;100655
2054327791;100656
2054348197;100657
2054368607;100658
2054389016;100659
2054409426;100660
2054429835;100661
2054450244;100662
2054470654;100663
2054491067;100664
2054511473;100665
2054531883;100666
2054552292;100667
2054572702;100668
2054593112;100669
2054613521;100670
2054633931;100671
2054654340;100672
2054674749;100673
2054695159;100674
2054715569;100675
2054735978;100676
2054756388;100677
2054776801;100678
2054797207;100679
2054817617;100680
2054838026;100681
2054858435;100682
2054878845;100683
2054899258;100684
2054919664;100685
2054940078;100686
2054960483;100687
2054980893;100688
2055001303;100689
2055021712;100690
2055042121;100691
2055062531;100692
2055082940;100693
2055103350;100694
2055123760;100695
2055144173;100696
2055164579;100697
2055184988;100698
2055205398;100699
2055225807;100700
2055246216;100701
2055266626;100702
2055287036;100703
2055307445;100704
2055327859;100705
2055348265;100706
2055368674;100707
2055389084;100708
2055409497;100709
2055429902;100710
2055450316;100711
2055470722;100712
2055491131;100713
2055511541;100714
2055531950;100715
2055552360;100716
2055572770;100717
2055593179;100718
2055613589;100719
2055633998;100720
2055654407;100721
2055674817;100722
2055695227;100723
2055715636;100724
2055736046;100725
2055756456;100726
2055776865;100727
2055797275;100728
2055817685;100729
2055838093;100730
2055858507;100731
2055878913;100732
2055899326;100733
2055919732;100734
2055940141;100735
2055960551;100736
2055980961;100737
2056001370;100738
2056021779;100739
2056042193;100740
2056062602;100741
2056083008;100742
2056103418;100743
2056123827;100744
2056144237;100745
2056164647;100746
2056185056;100747
2056205465;100748
2056225875;100749
2056246284;100750
2056266694;100751
2056287108;100752
2056307517;100753
2056327927;100754
2056348332;100755
2056368742;100756
2056389155;100757
2056409560;100758
2056429970;100759
2056450380;100760
2056470789;100761
2056491203;100762
2056511613;100763
2056532018;100764
2056552428;100765
2056572838;100766
2056593247;100767
2056613656;100768
2056634066;100769
2056654475;100770
2056674885;100771
2056695298;100772
2056715704;100773
2056736114;100774
2056756523;100775
2056776933;100776
2056797346;100777
2056817751;100778
2056838161;100779
2056858571;100780
2056878980;100781
2056899390;100782
2056919800;100783
2056940209;100784
2056960619;100785
2056981028;100786
2057001441;100787
2057021847;100788
2057042257;100789
2057062666;100790
2057083076;100791
2057103489;100792
2057123895;100793
2057144305;100794
2057164713;100795
2057185123;100796
2057205533;100797
2057225942;100798
2057246352;100799
2057266762;100800
2057287171;100801
2057307581;100802
2057327991;100803
2057348400;100804
2057368810;100805
2057389219;100806
2057409628;100807
2057430038;100808
2057450447;100809
2057470857;100810
2057491267;100811
2057511680;100812
2057532086;100813
2057552499;100814
2057572904;100815
2057593314;100816
2057613724;100817
2057634133;100818
2057654547;100819
2057674953;100820
2057695362;100821
2057715776;100822
2057736182;100823
2057756591;100824
2057777000;100825
2057797410;100826
2057817819;100827
2057838229;100828
2057858638;100829
2057879048;100830
2057899458;100831
2057919867;100832
2057940277;100833
2057960686;100834
2057981095;100835
2058001505;100836
2058021915;100837
2058042324;100838
2058062738;100839
2058083144;100840
2058103553;100841
2058123963;100842
2058144372;100843
2058164781;100844
2058185191;100845
2058205605;100846
2058226014;100847
2058246420;100848
2058266829;100849
2058287239;100850
2058307649;100851
2058328057;100852
2058348467;100853
2058368877;100854
2058389286;100855
2058409696;100856
2058430110;100857
2058450515;100858
2058470925;100859
2058491339;100860
2058511744;100861
2058532154;100862
2058552563;100863
2058572972;100864
2058593382;100865
2058613791;100866
2058634201;100867
2058654611;100868
2058675020;100869
2058695430;100870
2058715840;100871
2058736248;100872
2058756658;100873
2058777068;100874
2058797477;100875
2058817887;100876
2058838297;100877
2058858710;100878
2058879116;100879
2058899526;100880
2058919934;100881
2058940344;100882
2058960754;100883
2058981163;100884
2059001573;100885
2059021982;100886
2059042392;100887
2059062802;100888
2059083215;100889
2059103621;100890
2059124031;100891
2059144439;100892
2059164849;100893
2059185259;100894
2059205672;100895
2059226078;100896
2059246488;100897
2059266897;100898
2059287310;100899
2059307717;100900
2059328125;100901
2059348539;100902
2059368949;100903
2059389354;100904
2059409764;100905
2059430173;100906
2059450583;100907
2059470997;100908
2059491402;100909
2059511815;100910
2059532225;100911
2059552630;100912
2059573040;100913
2059593450;100914
2059613863;100915
2059634273;100916
2059654679;100917
2059675088;100918
2059695498;100919
2059715911;100920
2059736316;100921
2059756726;100922
2059777135;100923
2059797545;100924
2059817955;100925
2059838364;100926
2059858774;100927
2059879184;100928
2059899596;100929
2059920006;100930
2059940416;100931
2059960821;100932
2059981231;100933
2060001641;100934
2060022054;100935
2060042460;100936
2060062870;100937
2060083279;100938
2060103688;100939
2060124098;100940
2060144507;100941
2060164917;100942
2060185326;100943
2060205736;100944
2060226146;100945
2060246555;100946
2060266965;100947
2060287374;100948
2060307783;100949
2060328193;100950
2060348603;100951
2060369012;100952
2060389422;100953
2060409832;100954
2060430245;100955
2060450651;100956
2060471061;100957
2060491473;100958
2060511879;100959
2060532288;100960
2060552698;100961
2060573108;100962
2060593517;100963
2060613927;100964
2060634341;100965
2060654746;100966
2060675155;100967
2060695565;100968
2060715974;100969
2060736384;100970
2060756794;100971
2060777203;100972
2060797613;100973
2060818023;100974
2060838432;100975
2060858842;100976
2060879251;100977
2060899660;100978
2060920070;100979
2060940479;100980
2060960889;100981
2060981299;100982
2061001712;100983
2061022118;100984
2061042528;100985
2061062936;100986
2061083346;100987
2061103756;100988
2061124165;100989
2061144575;100990
2061164985;100991
2061185394;100992
2061205808;100993
2061226218;100994
2061246623;100995
2061267032;100996
2061287442;100997
2061307851;100998
2061328261;100999
2061348670;101000
2061369080;101001
2061389490;101002
2061409899;101003
2061430309;101004
2061450718;101005
2061471127;101006
2061491537;101007
2061511947;101008
2061532356;101009
2061552770;101010
2061573176;101011
2061593589;101012
2061613995;101013
2061634405;101014
2061654813;101015
2061675223;101016
2061695632;101017
2061716042;101018
2061736452;101019
2061756861;101020
2061777271;101021
2061797685;101022
2061818090;101023
2061838500;101024
2061858909;101025
2061879322;101026
2061899728;101027
2061920138;101028
2061940547;101029
2061960957;101030
2061981367;101031
2062001780;101032
2062022189;101033
2062042595;101034
2062063004;101035
2062083414;101036
2062103823;101037
2062124233;101038
2062144643;101039
2062165052;101040
2062185462;101041
2062205872;101042
2062226281;101043
2062246690;101044
2062267100;101045
2062287509;101046
2062307923;101047
2062328329;101048
2062348742;101049
2062369148;101050
2062389558;101051
2062409967;101052
2062430376;101053
2062450785;101054
2062471195;101055
2062491605;101056
2062512014;101057
2062532424;101058
2062552834;101059
2062573243;101060
2062593653;101061
2062614062;101062
2062634475;101063
2062654881;101064
2062675291;101065
2062695700;101066
2062716110;101067
2062736520;101068
2062756929;101069
2062777339;101070
2062797752;101071
2062818157;101072
2062838567;101073
2062858976;101074
2062879386;101075
2062899796;101076
2062920205;101077
2062940615;101078
2062961025;101079
2062981434;101080
2063001847;101081
2063022253;101082
2063042662;101083
2063063072;101084
2063083482;101085
2063103891;101086
2063124301;101087
2063144711;101088
2063165120;101089
2063185529;101090
2063205939;101091
2063226348;101092
2063246758;101093
2063267167;101094
2063287577;101095
2063307991;101096
2063328400;101097
2063348806;101098
2063369216;101099
2063389624;101100
2063410034;101101
2063430444;101102
2063450853;101103
2063471263;101104
2063491673;101105
2063512082;101106
2063532492;101107
2063552902;101108
2063573311;101109
2063593721;101110
2063614133;101111
2063634539;101112
2063654949;101113
2063675358;101114
2063695768;101115
2063716178;101116
2063736587;101117
2063757000;101118
2063777407;101119
2063797815;101120
2063818225;101121
2063838639;101122
2063859044;101123
2063879454;101124
2063899864;101125
2063920273;101126
2063940683;101127
2063961093;101128
2063981501;101129
2064001911;101130
2064022320;101131
2064042730;101132
2064063140;101133
2064083549;101134
2064103959;101135
2064124369;101136
2064144778;101137
2064165117;101138
2064185525;101139
2064205935;101140
2064226344;101141
2064246758;101142
2064267163;101143
2064287573;101144
2064307982;101145
2064328392;101146
2064348801;101147
2064369210;101148
2064389619;101149
2064410029;101150
2064430438;101151
2064450848;101152
2064471257;101153
2064491667;101154
2064512076;101155
2064532486;101156
2064552895;101157
2064573304;101158
2064593713;101159
2064614123;101160
2064634532;101161
2064654942;101162
2064675351;101163
2064695761;101164
2064716171;101165
2064736580;101166
2064756989;101167
2064777398;101168
2064797812;101169
2064818217;101170
2064838627;101171
2064859036;101172
2064879446;101173
2064899855;101174
2064920265;101175
2064940677;101176
2064961083;101177
2064981492;101178
2065001902;101179
2065022315;101180
2065042725;101181
2065063130;101182
2065083544;101183
2065103949;101184
2065124359;101185
2065144768;101186
2065165177;101187
2065185586;101188
2065205996;101189
2065226409;101190
2065246815;101191
2065267224;101192
2065287634;101193
2065308043;101194
2065328453;101195
2065348861;101196
2065369271;101197
2065389680;101198
2065410090;101199
2065430499;101200
2065450909;101201
2065471318;101202
2065491728;101203
2065512137;101204
2065532546;101205
2065552955;101206
2065573365;101207
2065593774;101208
2065614184;101209
2065634593;101210
2065655003;101211
2065675412;101212
2065695822;101213
2065716231;101214
2065736640;101215
2065757049;101216
2065777459;101217
2065797868;101218
2065818278;101219
2065838687;101220
2065859097;101221
2065879506;101222
2065899916;101223
2065920324;101224
2065940734;101225
2065961143;101226
2065981553;101227
2066001962;101228
2066022372;101229
2066042781;101230
2066063191;101231
2066083600;101232
2066104010;101233
2066124418;101234
2066144828;101235
2066165237;101236
2066185647;101237
2066206056;101238
2066226466;101239
2066246879;101240
2066267285;101241
2066287694;101242
2066308104;101243
2066328512;101244
2066348922;101245
2066369331;101246
2066389741;101247
2066410150;101248
2066430560;101249
2066450973;101250
2066471383;101251
2066491788;101252
2066512197;101253
2066532606;101254
2066553016;101255
2066573425;101256
2066593835;101257
2066614248;101258
2066634654;101259
2066655063;101260
2066675473;101261
2066695885;101262
2066716291;101263
2066736700;101264
2066757110;101265
2066777519;101266
2066797929;101267
2066818338;101268
2066838752;101269
2066859157;101270
2066879567;101271
2066899979;101272
2066920385;101273
2066940794;101274
2066961204;101275
2066981613;101276
2067002023;101277
2067022432;101278
2067042842;101279
2067063251;101280
2067083661;101281
2067104069;101282
2067124479;101283
2067144888;101284
2067165298;101285
2067185708;101286
2067206117;101287
2067226527;101288
2067246936;101289
2067267346;101290
2067287754;101291
2067308164;101292
2067328573;101293
2067348983;101294
2067369392;101295
2067389802;101296
2067410211;101297
2067430621;101298
2067451030;101299
2067471443;101300
2067491848;101301
2067512258;101302
2067532667;101303
2067553077;101304
2067573486;101305
2067593896;101306
2067614305;101307
2067634715;101308
2067655124;101309
2067675533;101310
2067695942;101311
2067716352;101312
2067736761;101313
2067757171;101314
2067777580;101315
2067797990;101316
2067818399;101317
2067838813;101318
2067859217;101319
2067879631;101320
2067900036;101321
2067920446;101322
2067940855;101323
2067961265;101324
2067981674;101325
2068002084;101326
2068022493;101327
2068042903;101328
2068063311;101329
2068083721;101330
2068104130;101331
2068124540;101332
2068144949;101333
2068165359;101334
2068185772;101335
2068206178;101336
2068226587;101337
2068246997;101338
2068267405;101339
2068287815;101340
2068308224;101341
2068328634;101342
2068349043;101343
2068369453;101344
2068389862;101345
2068410276;101346
2068430681;101347
2068451090;101348
2068471499;101349
2068491909;101350
2068512318;101351
2068532728;101352
2068553137;101353
2068573547;101354
2068593956;101355
2068614366;101356
2068634778;101357
2068655184;101358
2068675593;101359
2068696003;101360
2068716412;101361
2068736822;101362
2068757231;101363
2068777641;101364
2068798050;101365
2068818459;101366
2068838868;101367
2068859278;101368
2068879687;101369
2068900097;101370
2068920506;101371
2068940916;101372
2068961329;101373
2068981735;101374
2069002147;101375
2069022554;101376
2069042962;101377
2069063372;101378
2069083781;101379
2069104191;101380
2069124604;101381
2069145010;101382
2069165419;101383
2069185829;101384
2069206238;101385
2069226648;101386
2069247056;101387
2069267466;101388
2069287875;101389
2069308285;101390
2069328698;101391
2069349108;101392
2069369513;101393
2069389927;101394
2069410332;101395
2069430741;101396
2069451150;101397
2069471560;101398
2069491973;101399
2069512379;101400
2069532788;101401
2069553198;101402
2069573607;101403
2069594017;101404
2069614429;101405
2069634835;101406
2069655244;101407
2069675654;101408
2069696064;101409
2069716473;101410
2069736883;101411
2069757292;101412
2069777702;101413
2069798111;101414
2069818520;101415
2069838929;101416
2069859339;101417
2069879748;101418
2069900158;101419
2069920567;101420
2069940977;101421
2069961386;101422
2069981796;101423
2070002205;101424
2070022614;101425
2070043023;101426
2070063433;101427
2070083842;101428
2070104252;101429
2070124661;101430
2070145071;101431
2070165480;101432
2070185890;101433
2070206298;101434
2070226708;101435
2070247117;101436
2070267527;101437
2070287936;101438
2070308346;101439
2070328755;101440
2070349165;101441
2070369574;101442
2070389983;101443
2070410396;101444
2070430802;101445
2070451211;101446
2070471621;101447
2070492029;101448
2070512444;101449
2070532849;101450
2070553259;101451
2070573668;101452
2070594077;101453
2070614486;101454
2070634896;101455
2070655305;101456
2070675715;101457
2070696124;101458
2070716534;101459
2070736943;101460
2070757353;101461
2070777762;101462
2070798171;101463
2070818580;101464
2070838990;101465
2070859399;101466
2070879809;101467
2070900218;101468
2070920628;101469
2070941037;101470
2070961447;101471
2070981856;101472
2071002265;101473
2071022674;101474
2071043084;101475
2071063493;101476
2071083903;101477
2071104312;101478
2071124722;101479
2071145131;101480
2071165541;101481
2071185949;101482
2071206359;101483
2071226772;101484
2071247178;101485
2071267591;101486
2071287997;101487
2071308410;101488
2071328816;101489
2071349225;101490
2071369634;101491
2071390043;101492
2071410457;101493
2071430866;101494
2071451276;101495
2071471681;101496
2071492091;101497
2071512504;101498
2071532910;101499
2071553319;101500
2071573732;101501
2071594137;101502
2071614551;101503
2071634956;101504
2071655366;101505
2071675775;101506
2071696185;101507
2071716598;101508
2071737004;101509
2071757412;101510
2071777822;101511
2071798231;101512
2071818641;101513
2071839050;101514
2071859460;101515
2071879869;101516
2071900279;101517
2071920688;101518
2071941097;101519
2071961506;101520
2071981916;101521
2072002325;101522
2072022735;101523
2072043144;101524
2072063554;101525
2072083963;101526
2072104373;101527
2072124782;101528
2072145192;101529
2072165604;101530
2072186010;101531
2072206420;101532
2072226829;101533
2072247239;101534
2072267652;101535
2072288058;101536
2072308467;101537
2072328877;101538
2072349285;101539
2072369695;101540
2072390108;101541
2072410514;101542
2072430923;101543
2072451333;101544
2072471742;101545
2072492152;101546
2072512561;101547
2072532970;101548
2072553379;101549
2072573789;101550
2072594198;101551
2072614608;101552
2072635017;101553
2072655427;101554
2072675836;101555
2072696246;101556
2072716655;101557
2072737064;101558
2072757473;101559
2072777883;101560
2072798292;101561
2072818702;101562
2072839111;101563
2072859521;101564
2072879930;101565
2072900340;101566
2072920749;101567
2072941162;101568
2072961567;101569
2072981977;101570
2073002390;101571
2073022800;101572
2073043205;101573
2073063615;101574
2073084024;101575
2073104434;101576
2073124842;101577
2073145252;101578
2073165665;101579
2073186075;101580
2073206480;101581
2073226890;101582
2073247299;101583
2073267713;101584
2073288118;101585
2073308531;101586
2073328936;101587
2073349346;101588
2073369755;101589
2073390165;101590
2073410574;101591
2073430988;101592
2073451393;101593
2073471803;101594
2073492215;101595
2073512621;101596
2073533030;101597
2073553440;101598
2073573849;101599
2073594259;101600
2073614668;101601
2073635078;101602
2073655487;101603
2073675897;101604
2073696305;101605
2073716715;101606
2073737124;101607
2073757534;101608
2073777947;101609
2073798357;101610
2073818762;101611
2073839172;101612
2073859581;101613
2073879991;101614
2073900403;101615
2073920809;101616
2073941218;101617
2073961628;101618
2073982037;101619
2074002447;101620
2074022856;101621
2074043270;101622
2074063675;101623
2074084088;101624
2074104497;101625
2074124903;101626
2074145312;101627
2074165776;101628
2074186190;101629
2074206595;101630
2074227005;101631
2074247414;101632
2074267824;101633
2074288233;101634
2074308642;101635
2074329052;101636
2074349462;101637
2074369871;101638
2074390281;101639
2074410690;101640
2074431104;101641
2074451510;101642
2074471918;101643
2074492328;101644
2074512737;101645
2074533147;101646
2074553557;101647
2074573966;101648
2074594376;101649
2074614785;101650
2074635195;101651
2074655609;101652
2074676013;101653
2074696423;101654
2074716833;101655
2074737242;101656
2074757652;101657
2074778061;101658
2074798475;101659
2074818881;101660
2074839290;101661
2074859699;101662
2074880108;101663
2074900518;101664
2074920928;101665
2074941337;101666
2074961747;101667
2074982161;101668
2075002566;101669
2075022976;101670
2075043385;101671
2075063794;101672
2075084204;101673
2075104613;101674
2075125023;101675
2075145432;101676
2075165842;101677
2075186252;101678
2075206661;101679
2075227071;101680
2075247480;101681
2075267889;101682
2075288299;101683
2075308708;101684
2075329118;101685
2075349528;101686
2075369941;101687
2075390347;101688
2075410756;101689
2075431166;101690
2075451576;101691
2075471984;101692
2075492394;101693
2075512804;101694
2075533213;101695
2075553623;101696
2075574036;101697
2075594442;101698
2075614852;101699
2075635261;101700
2075655674;101701
2075676079;101702
2075696489;101703
2075716899;101704
2075737308;101705
2075757722;101706
2075778128;101707
2075798537;101708
2075818947;101709
2075839355;101710
2075859765;101711
2075880175;101712
2075900584;101713
2075920994;101714
2075941403;101715
2075961817;101716
2075982223;101717
