1977622758;96900
1977643166;96901
1977663576;96902
1977683984;96903
1977704394;96904
1977724803;96905
1977745211;96906
1977765621;96907
1977786030;96908
1977806439;96909
1977826848;96910
1977847257;96911
1977867666;96912
1977888075;96913
1977908484;96914
1977928893;96915
1977949303;96916
1977969711;96917
1977990120;96918
1978010529;96919
1978030938;96920
1978051348;96921
1978071756;96922
1978092165;96923
1978112575;96924
1978132983;96925
1978153393;96926
1978173801;96927
1978194214;96928
1978214620;96929
1978235028;96930
1978255438;96931
1978275851;96932
1978296259;96933
1978316665;96934
1978337073;96935
1978357483;96936
1978377892;96937
1978398301;96938
1978418710;96939
1978439123;96940
1978459528;96941
1978479937;96942
1978500346;96943
1978520755;96944
1978541164;96945
1978561573;96946
1978581982;96947
1978602394;96948
1978622800;96949
1978643209;96950
1978663618;96951
1978684027;96952
1978704437;96953
1978724845;96954
1978745254;96955
1978765663;96956
1978786072;96957
1978806482;96958
1978826890;96959
1978847299;96960
1978867709;96961
1978888121;96962
1978908527;96963
1978928935;96964
1978949348;96965
1978969754;96966
1978990162;96967
1979010576;96968
1979030981;96969
1979051390;96970
1979071799;96971
1979092207;96972
1979112617;96973
1979133026;96974
1979153435;96975
1979173844;96976
1979194257;96977
1979214662;96978
1979235071;96979
1979255480;96980
1979275889;96981
1979296302;96982
1979316707;96983
1979337116;96984
1979357526;96985
1979377934;96986
1979398343;96987
1979418752;96988
1979439161;96989
1979459571;96990
1979479979;96991
1979500389;96992
1979520798;96993
1979541206;96994
1979561616;96995
1979582028;96996
1979602434;96997
1979622843;96998
1979643251;96999
1979663661;97000
1979684069;97001
1979704479;97002
1979724888;97003
1979745296;97004
1979765706;97005
1979786115;97006
1979806524;97007
1979826933;97008
1979847341;97009
1979867755;97010
1979888160;97011
1979908569;97012
1979928978;97013
1979949391;97014
1979969796;97015
1979990205;97016
1980010618;97017
1980031023;97018
1980051433;97019
1980071845;97020
1980092250;97021
1980112660;97022
1980133068;97023
1980153478;97024
1980173890;97025
1980194295;97026
1980214709;97027
1980235113;97028
1980255523;97029
1980275932;97030
1980296340;97031
1980316750;97032
1980337158;97033
1980357568;97034
1980377977;97035
1980398385;97036
1980418799;97037
1980439204;97038
1980459613;97039
1980480022;97040
1980500430;97041
1980520840;97042
1980541249;97043
1980561658;97044
1980582067;97045
1980602475;97046
1980622885;97047
1980643294;97048
1980663703;97049
1980684116;97050
1980704522;97051
1980724930;97052
1980745339;97053
1980765748;97054
1980786157;97055
1980806566;97056
1980826975;97057
1980847384;97058
1980867798;97059
1980888202;97060
1980908612;97061
1980929020;97062
1980949429;97063
1980969839;97064
1980990247;97065
1981010657;97066
1981031066;97067
1981051474;97068
1981071884;97069
1981092296;97070
1981112702;97071
1981133111;97072
1981153523;97073
1981173929;97074
1981194342;97075
1981214747;97076
1981235156;97077
1981255565;97078
1981275974;97079
1981296383;97080
1981316792;97081
1981337201;97082
1981357610;97083
1981378023;97084
1981398428;97085
1981418837;97086
1981439246;97087
1981459656;97088
1981480064;97089
1981500473;97090
1981520887;97091
1981541291;97092
1981561701;97093
1981582109;97094
1981602518;97095
1981622928;97096
1981643336;97097
1981663746;97098
1981684154;97099
1981704563;97100
1981724973;97101
1981745385;97102
1981765791;97103
1981786200;97104
1981806612;97105
1981827018;97106
1981847426;97107
1981867836;97108
1981888249;97109
1981908654;97110
1981929063;97111
1981949472;97112
1981969885;97113
1981990290;97114
1982010698;97115
1982031108;97116
1982051517;97117
1982071926;97118
1982092335;97119
1982112745;97120
1982133153;97121
1982153562;97122
1982173971;97123
1982194380;97124
1982214790;97125
1982235198;97126
1982255607;97127
1982276017;97128
1982296425;97129
1982316835;97130
1982337243;97131
1982357652;97132
1982378062;97133
1982398470;97134
1982418880;97135
1982439289;97136
1982459697;97137
1982480107;97138
1982500515;97139
1982520925;97140
1982541334;97141
1982561742;97142
1982582152;97143
1982602560;97144
1982622970;97145
1982643379;97146
1982663787;97147
1982684197;97148
1982704606;97149
1982725019;97150
1982745424;97151
1982765833;97152
1982786242;97153
1982806651;97154
1982827060;97155
1982847469;97156
1982867879;97157
1982888287;97158
1982908696;97159
1982929105;97160
1982949518;97161
1982969924;97162
1982990332;97163
1983010741;97164
1983031151;97165
1983051559;97166
1983071969;97167
1983092377;97168
1983112790;97169
1983133196;97170
1983153604;97171
1983174014;97172
1983194423;97173
1983214835;97174
1983235241;97175
1983255649;97176
1983276059;97177
1983296468;97178
1983316877;97179
1983337286;97180
1983357695;97181
1983378104;97182
1983398513;97183
1983418922;97184
1983439331;97185
1983459740;97186
1983480149;97187
1983500558;97188
1983520968;97189
1983541376;97190
1983561785;97191
1983582194;97192
1983602603;97193
1983623013;97194
1983643421;97195
1983663831;97196
1983684239;97197
1983704648;97198
1983725058;97199
1983745470;97200
1983765879;97201
1983786285;97202
1983806693;97203
1983827103;97204
1983847511;97205
1983867921;97206
1983888334;97207
1983908738;97208
1983929148;97209
1983949557;97210
1983969966;97211
1983990375;97212
1984010783;97213
1984031193;97214
1984051602;97215
1984072011;97216
1984092424;97217
1984112833;97218
1984133238;97219
1984153620;97220
1984174029;97221
1984194438;97222
1984214846;97223
1984235256;97224
1984255665;97225
1984276074;97226
1984296483;97227
1984316892;97228
1984337301;97229
1984357709;97230
1984378119;97231
1984398528;97232
1984418937;97233
1984439346;97234
1984459754;97235
1984480164;97236
1984500576;97237
1984520982;97238
1984541391;97239
1984561799;97240
1984582209;97241
1984602621;97242
1984623026;97243
1984643435;97244
1984663844;97245
1984684254;97246
1984704662;97247
1984725072;97248
1984745480;97249
1984765889;97250
1984786298;97251
1984806707;97252
1984827116;97253
1984847525;97254
1984867934;97255
1984888343;97256
1984908752;97257
1984929161;97258
1984949570;97259
1984969978;97260
1984990388;97261
1985010797;97262
1985031206;97263
1985051615;97264
1985072024;97265
1985092433;97266
1985112841;97267
1985133251;97268
1985153664;97269
1985174069;97270
1985194482;97271
1985214886;97272
1985235296;97273
1985255704;97274
1985276114;97275
1985296523;97276
1985316931;97277
1985337341;97278
1985357749;97279
1985378163;97280
1985398567;97281
1985418976;97282
1985439386;97283
1985459794;97284
1985480204;97285
1985500612;97286
1985521021;97287
1985541430;97288
1985561839;97289
1985582248;97290
1985602657;97291
1985623066;97292
1985643475;97293
1985663884;97294
1985684293;97295
1985704702;97296
1985725111;97297
1985745520;97298
1985765929;97299
1985786338;97300
1985806747;97301
1985827156;97302
1985847565;97303
1985867973;97304
1985888383;97305
1985908796;97306
1985929204;97307
1985949610;97308
1985970018;97309
1985990428;97310
1986010836;97311
1986031246;97312
1986051655;97313
1986072064;97314
1986092473;97315
1986112881;97316
1986133291;97317
1986153699;97318
1986174108;97319
1986194518;97320
1986214926;97321
1986235336;97322
1986255744;97323
1986276154;97324
1986296562;97325
1986316971;97326
1986337380;97327
1986357789;97328
1986378199;97329
1986398607;97330
1986419016;97331
1986439429;97332
1986459834;97333
1986480243;97334
1986500652;97335
1986521062;97336
1986541470;97337
1986561879;97338
1986582288;97339
1986602697;97340
1986623105;97341
1986643515;97342
1986663924;97343
1986684333;97344
1986704742;97345
1986725151;97346
1986745560;97347
1986765968;97348
1986786378;97349
1986806791;97350
1986827196;97351
1986847605;97352
1986868013;97353
1986888423;97354
1986908831;97355
1986929241;97356
1986949653;97357
1986970062;97358
1986990468;97359
1987010876;97360
1987031286;97361
1987051694;97362
1987072103;97363
1987092512;97364
1987112925;97365
1987133331;97366
1987153743;97367
1987174148;97368
1987194557;97369
1987214966;97370
1987235375;97371
1987255784;97372
1987276197;97373
1987296602;97374
1987317011;97375
1987337424;97376
1987357829;97377
1987378238;97378
1987398647;97379
1987419056;97380
1987439465;97381
1987459874;97382
1987480283;97383
1987500692;97384
1987521100;97385
1987541510;97386
1987561919;97387
1987582328;97388
1987602737;97389
1987623145;97390
1987643555;97391
1987663963;97392
1987684373;97393
1987704781;97394
1987725190;97395
1987745600;97396
1987766012;97397
1987786418;97398
1987806826;97399
1987827236;97400
1987847644;97401
1987868053;97402
1987888463;97403
1987908871;97404
1987929281;97405
1987949689;97406
1987970098;97407
1987990507;97408
1988010916;97409
1988031326;97410
1988051734;97411
1988072143;97412
1988092552;97413
1988112961;97414
1988133370;97415
1988153779;97416
1988174189;97417
1988194597;97418
1988215006;97419
1988235415;97420
1988255824;97421
1988276233;97422
1988296642;97423
1988317051;97424
1988337460;97425
1988357869;97426
1988378277;97427
1988398687;97428
1988419095;97429
1988439505;97430
1988459917;97431
1988480323;97432
1988500732;97433
1988521140;97434
1988541550;97435
1988561958;97436
1988582368;97437
1988602776;97438
1988623185;97439
1988643595;97440
1988664003;97441
1988684413;97442
1988704821;97443
1988725231;97444
1988745639;97445
1988766048;97446
1988786458;97447
1988806870;97448
1988827276;97449
1988847684;97450
1988868093;97451
1988888502;97452
1988908911;97453
1988929321;97454
1988949733;97455
1988970142;97456
1988990547;97457
1989010956;97458
1989031365;97459
1989051774;97460
1989072182;97461
1989092592;97462
1989113001;97463
1989133410;97464
1989153819;97465
1989174227;97466
1989194637;97467
1989215045;97468
1989235455;97469
1989255864;97470
1989276276;97471
1989296686;97472
1989317090;97473
1989337500;97474
1989357908;97475
1989378318;97476
1989398731;97477
1989419135;97478
1989439545;97479
1989459953;97480
1989480363;97481
1989500771;97482
1989521180;97483
1989541594;97484
1989561998;97485
1989582408;97486
1989602816;97487
1989623225;97488
1989643634;97489
1989664043;97490
1989684453;97491
1989704861;97492
1989725270;97493
1989745679;97494
1989766088;97495
1989786497;97496
1989806906;97497
1989827314;97498
1989847724;97499
1989868133;97500
1989888542;97501
1989908955;97502
1989929359;97503
1989949769;97504
1989970177;97505
1989990587;97506
1990010996;97507
1990031405;97508
1990051814;97509
1990072222;97510
1990092632;97511
1990113040;97512
1990133450;97513
1990153859;97514
1990174267;97515
1990194677;97516
1990215085;97517
1990235495;97518
1990255903;97519
1990276316;97520
1990296722;97521
1990317134;97522
1990337540;97523
1990357948;97524
1990378361;97525
1990398770;97526
1990419175;97527
1990439585;97528
1990459993;97529
1990480403;97530
1990500811;97531
1990521220;97532
1990541629;97533
1990562038;97534
1990582446;97535
1990602856;97536
1990623265;97537
1990643674;97538
1990664083;97539
1990684492;97540
1990704901;97541
1990725309;97542
1990745719;97543
1990766128;97544
1990786537;97545
1990806949;97546
1990827354;97547
1990847764;97548
1990868172;97549
1990888582;97550
1990908991;97551
1990929399;97552
1990949809;97553
1990970217;97554
1990990627;97555
1991011039;97556
1991031445;97557
1991051858;97558
1991072262;97559
1991092672;97560
1991113080;97561
1991133489;97562
1991153898;97563
1991174307;97564
1991194716;97565
1991215125;97566
1991235535;97567
1991255943;97568
1991276356;97569
1991296761;97570
1991317170;97571
1991337579;97572
1991357988;97573
1991378397;97574
1991398806;97575
1991419215;97576
1991439624;97577
1991460033;97578
1991480441;97579
1991500851;97580
1991521260;97581
1991541669;97582
1991562078;97583
1991582486;97584
1991602896;97585
1991623304;97586
1991643714;97587
1991664123;97588
1991684532;97589
1991704941;97590
1991725349;97591
1991745759;97592
1991766167;97593
1991786576;97594
1991806986;97595
1991827394;97596
1991847808;97597
1991868212;97598
1991888622;97599
1991909030;97600
1991929439;97601
1991949848;97602
1991970257;97603
1991990667;97604
1992011075;97605
1992031484;97606
1992051893;97607
1992072302;97608
1992092711;97609
1992113120;97610
1992133529;97611
1992153938;97612
1992174347;97613
1992194756;97614
1992215165;97615
1992235573;97616
1992255983;97617
1992276392;97618
1992296801;97619
1992317210;97620
1992337619;97621
1992358032;97622
1992378436;97623
1992398846;97624
1992419255;97625
1992439664;97626
1992460077;97627
1992480481;97628
1992500891;97629
1992521299;97630
1992541709;97631
1992562118;97632
1992582526;97633
1992602936;97634
1992623348;97635
1992643754;97636
1992664166;97637
1992684571;97638
1992704980;97639
1992725389;97640
1992745799;97641
1992766207;97642
1992786616;97643
1992807025;97644
1992827434;97645
1992847843;97646
1992868256;97647
1992888661;97648
1992909070;97649
1992929479;97650
1992949888;97651
1992970297;97652
1992990706;97653
1993011115;97654
1993031528;97655
1993051933;97656
1993072342;97657
1993092750;97658
1993113164;97659
1993133568;97660
1993153978;97661
1993174387;97662
1993194796;97663
1993215205;97664
1993235613;97665
1993256023;97666
1993276431;97667
1993296841;97668
1993317250;97669
1993337658;97670
1993358068;97671
1993378476;97672
1993398886;97673
1993419294;97674
1993439704;97675
1993460112;97676
1993480521;97677
1993500931;97678
1993521339;97679
1993541748;97680
1993562157;97681
1993582566;97682
1993602975;97683
1993623384;97684
1993643794;97685
1993664202;97686
1993684611;97687
1993705020;97688
1993725429;97689
1993745837;97690
1993766247;97691
1993786656;97692
1993807065;97693
1993827474;97694
1993847887;97695
1993868296;97696
1993888700;97697
1993909110;97698
1993929519;97699
1993949928;97700
1993970337;97701
1993990745;97702
1994011155;97703
1994031563;97704
1994051973;97705
1994072381;97706
1994092791;97707
1994113200;97708
1994133608;97709
1994154030;97710
1994174438;97711
1994194848;97712
1994215257;97713
1994235665;97714
1994256075;97715
1994276483;97716
1994296893;97717
1994317302;97718
1994337710;97719
1994358120;97720
1994378532;97721
1994398941;97722
1994419350;97723
1994439759;97724
1994460165;97725
1994480573;97726
1994500983;97727
1994521391;97728
1994541800;97729
1994562210;97730
1994582618;97731
1994603028;97732
1994623436;97733
1994643849;97734
1994664255;97735
1994684663;97736
1994705073;97737
1994725481;97738
1994745891;97739
1994766300;97740
1994786708;97741
1994807118;97742
1994827526;97743
1994847936;97744
1994868348;97745
1994888753;97746
1994909163;97747
1994929571;97748
1994949981;97749
1994970389;97750
1994990798;97751
1995011208;97752
1995031616;97753
1995052026;97754
1995072434;97755
1995092843;97756
1995113253;97757
1995133661;97758
1995154071;97759
1995174479;97760
1995194888;97761
1995215298;97762
1995235706;97763
1995256116;97764
1995276524;97765
1995296933;97766
1995317343;97767
1995337751;97768
1995358165;97769
1995378569;97770
1995398979;97771
1995419387;97772
1995439796;97773
1995460206;97774
1995480614;97775
1995501024;97776
1995521432;97777
1995541841;97778
1995562251;97779
1995582659;97780
1995603069;97781
1995623477;97782
1995643886;97783
1995664296;97784
1995684704;97785
1995705114;97786
1995725526;97787
1995745931;97788
1995766345;97789
1995786749;97790
1995807159;97791
1995827567;97792
1995847976;97793
1995868385;97794
1995888794;97795
1995909204;97796
1995929612;97797
1995950022;97798
1995970430;97799
1995990839;97800
1996011249;97801
1996031657;97802
1996052070;97803
1996072475;97804
1996092888;97805
1996113294;97806
1996133702;97807
1996154112;97808
1996174520;97809
1996194929;97810
1996215339;97811
1996235747;97812
1996256157;97813
1996276565;97814
1996296974;97815
1996317384;97816
1996337792;97817
1996358202;97818
1996378610;97819
1996399019;97820
1996419428;97821
1996439837;97822
1996460247;97823
1996480655;97824
1996501065;97825
1996521473;97826
1996541882;97827
1996562292;97828
1996582700;97829
1996603110;97830
1996623518;97831
1996643927;97832
1996664337;97833
1996684745;97834
1996705155;97835
1996725563;97836
1996745976;97837
1996766382;97838
1996786790;97839
1996807200;97840
1996827608;97841
1996848021;97842
1996868426;97843
1996888835;97844
1996909249;97845
1996929653;97846
1996950062;97847
1996970471;97848
1996990880;97849
1997011290;97850
1997031698;97851
1997052107;97852
1997072516;97853
1997092925;97854
1997113335;97855
1997133743;97856
1997154153;97857
1997174561;97858
1997194970;97859
1997215380;97860
1997235788;97861
1997256198;97862
1997276606;97863
1997297015;97864
1997317425;97865
1997337837;97866
1997358242;97867
1997378651;97868
1997399060;97869
1997419469;97870
1997439878;97871
1997460288;97872
1997480696;97873
1997501105;97874
1997521514;97875
1997541923;97876
1997562333;97877
1997582741;97878
1997603150;97879
1997623559;97880
1997643968;97881
1997664378;97882
1997684786;97883
1997705195;97884
1997725604;97885
1997746013;97886
1997766423;97887
1997786831;97888
1997807244;97889
1997827649;97890
1997848058;97891
1997868467;97892
1997888876;97893
1997909286;97894
1997929694;97895
1997950103;97896
1997970512;97897
1997990921;97898
1998011331;97899
1998031739;97900
1998052148;97901
1998072557;97902
1998092966;97903
1998113376;97904
1998133784;97905
1998154193;97906
1998174602;97907
1998195011;97908
1998215421;97909
1998235829;97910
1998256239;97911
1998276647;97912
1998297056;97913
1998317466;97914
1998337874;97915
1998358283;97916
1998378692;97917
1998399101;97918
1998419514;97919
1998439919;97920
1998460332;97921
1998480741;97922
1998501150;97923
1998521555;97924
1998541964;97925
1998562374;97926
1998582782;97927
1998603191;97928
1998623600;97929
1998644009;97930
1998664419;97931
1998684827;97932
1998705236;97933
1998725645;97934
1998746054;97935
1998766464;97936
1998786872;97937
1998807281;97938
1998827690;97939
1998848099;97940
1998868508;97941
1998888917;97942
1998909326;97943
1998929735;97944
1998950144;97945
1998970553;97946
1998990962;97947
1999011371;97948
1999031780;97949
1999052189;97950
1999072598;97951
1999093007;97952
1999113416;97953
1999133825;97954
1999154234;97955
1999174643;97956
1999195052;97957
1999215462;97958
1999235870;97959
1999256279;97960
1999276688;97961
1999297097;97962
1999317507;97963
1999337915;97964
1999358324;97965
1999378733;97966
1999399142;97967
1999419551;97968
1999439960;97969
1999460369;97970
1999480778;97971
1999501187;97972
1999521596;97973
1999542009;97974
1999562415;97975
1999582823;97976
1999603232;97977
1999623641;97978
1999644050;97979
1999664460;97980
1999684868;97981
1999705277;97982
1999725686;97983
1999746095;97984
1999766505;97985
1999786913;97986
1999807322;97987
1999827731;97988
1999848140;97989
1999868549;97990
1999888958;97991
1999909367;97992
1999929776;97993
1999950185;97994
1999970594;97995
1999991003;97996
2000011412;97997
2000031821;97998
2000052230;97999
2000072639;98000
2000093048;98001
2000113457;98002
2000133866;98003
2000154275;98004
2000174684;98005
2000195093;98006
2000215503;98007
2000235911;98008
2000256320;98009
2000276729;98010
2000297138;98011
2000317548;98012
2000337956;98013
2000358365;98014
2000378774;98015
2000399183;98016
2000419592;98017
2000440001;98018
2000460410;98019
2000480819;98020
2000501228;98021
2000521637;98022
2000542046;98023
2000562455;98024
2000582864;98025
2000603273;98026
2000623682;98027
2000644091;98028
2000664500;98029
2000684909;98030
2000705318;98031
2000725727;98032
2000746136;98033
2000766546;98034
2000786954;98035
2000807363;98036
2000827772;98037
2000848181;98038
2000868590;98039
2000888999;98040
2000909408;98041
2000929817;98042
2000950230;98043
2000970635;98044
2000991048;98045
2001011453;98046
2001031862;98047
2001052271;98048
2001072680;98049
2001093089;98050
2001113498;98051
2001133911;98052
2001154316;98053
2001174725;98054
2001195134;98055
2001215544;98056
2001235952;98057
2001256361;98058
2001276770;98059
2001297179;98060
2001317589;98061
2001337997;98062
2001358406;98063
2001378815;98064
2001399224;98065
2001419633;98066
2001440042;98067
2001460451;98068
2001480860;98069
2001501269;98070
2001521678;98071
2001542087;98072
2001562496;98073
2001582905;98074
2001603314;98075
2001623723;98076
2001644132;98077
2001664542;98078
2001684954;98079
2001705359;98080
2001725768;98081
2001746177;98082
2001766587;98083
2001786995;98084
2001807404;98085
2001827813;98086
2001848222;98087
2001868631;98088
2001889040;98089
2001909449;98090
2001929858;98091
2001950271;98092
2001970676;98093
2001991085;98094
2002011494;98095
2002031907;98096
2002052312;98097
2002072721;98098
2002093130;98099
2002113539;98100
2002133948;98101
2002154357;98102
2002174766;98103
2002195175;98104
2002215585;98105
2002235993;98106
2002256402;98107
2002276811;98108
2002297220;98109
2002317630;98110
2002338038;98111
2002358447;98112
2002378856;98113
2002399265;98114
2002419674;98115
2002440083;98116
2002460492;98117
2002480901;98118
2002501310;98119
2002521719;98120
2002542128;98121
2002562541;98122
2002582946;98123
2002603355;98124
2002623764;98125
2002644173;98126
2002664582;98127
2002684991;98128
2002705400;98129
2002725809;98130
2002746218;98131
2002766628;98132
2002787040;98133
2002807445;98134
2002827854;98135
2002848263;98136
2002868672;98137
2002889081;98138
2002909490;98139
2002929899;98140
2002950308;98141
2002970717;98142
2002991126;98143
2003011535;98144
2003031944;98145
2003052353;98146
2003072762;98147
2003093171;98148
2003113581;98149
2003133989;98150
2003154398;98151
2003174807;98152
2003195216;98153
2003215625;98154
2003236034;98155
2003256443;98156
2003276852;98157
2003297261;98158
2003317670;98159
2003338079;98160
2003358488;98161
2003378897;98162
2003399306;98163
2003419715;98164
2003440128;98165
2003460537;98166
2003480942;98167
2003501351;98168
2003521760;98169
2003542169;98170
2003562578;98171
2003582987;98172
2003603400;98173
2003623805;98174
2003644214;98175
2003664623;98176
2003685032;98177
2003705441;98178
2003725850;98179
2003746259;98180
2003766668;98181
2003787077;98182
2003807486;98183
2003827899;98184
2003848304;98185
2003868713;98186
2003889122;98187
2003909531;98188
2003929940;98189
2003950349;98190
2003970758;98191
2003991167;98192
2004011576;98193
2004031985;98194
2004052394;98195
2004072803;98196
2004093216;98197
2004113621;98198
2004134030;98199
2004154407;98200
2004174816;98201
2004195225;98202
2004215633;98203
2004236043;98204
2004256451;98205
2004276861;98206
2004297269;98207
2004317678;98208
2004338087;98209
2004358496;98210
2004378906;98211
2004399318;98212
2004419723;98213
2004440136;98214
2004460541;98215
2004480950;98216
2004501359;98217
2004521768;98218
2004542177;98219
2004562585;98220
2004582995;98221
2004603403;98222
2004623813;98223
2004644225;98224
2004664634;98225
2004685039;98226
2004705448;98227
2004725857;98228
2004746266;98229
2004766675;98230
2004787084;98231
2004807493;98232
2004827902;98233
2004848311;98234
2004868720;98235
2004889129;98236
2004909537;98237
2004929947;98238
2004950355;98239
2004970764;98240
2004991177;98241
2005011582;98242
2005031991;98243
2005052400;98244
2005072808;98245
2005093218;98246
2005113626;98247
2005134036;98248
2005154445;98249
2005174854;98250
2005195267;98251
2005215671;98252
2005236081;98253
2005256489;98254
2005276899;98255
2005297307;98256
2005317717;98257
2005338125;98258
2005358534;98259
2005378943;98260
2005399352;98261
2005419760;98262
2005440170;98263
2005460578;98264
2005480988;98265
2005501396;98266
2005521806;98267
2005542215;98268
2005562623;98269
2005583033;98270
2005603445;98271
2005623851;98272
2005644259;98273
2005664668;98274
2005685077;98275
2005705490;98276
2005725898;98277
2005746304;98278
2005766712;98279
2005787122;98280
2005807530;98281
2005827940;98282
2005848348;98283
2005868757;98284
2005889166;98285
2005909579;98286
2005929985;98287
2005950393;98288
2005970802;98289
2005991211;98290
2006011620;98291
2006032029;98292
2006052438;98293
2006072846;98294
2006093256;98295
2006113664;98296
2006134074;98297
2006154482;98298
2006174892;98299
2006195300;98300
2006215709;98301
2006236118;98302
2006256527;98303
2006276936;98304
2006297349;98305
2006317754;98306
2006338163;98307
2006358572;98308
2006378981;98309
2006399390;98310
2006419802;98311
2006440208;98312
2006460616;98313
2006481026;98314
2006501434;98315
2006521843;98316
2006542252;98317
2006562661;98318
2006583070;98319
2006603479;98320
2006623887;98321
2006644297;98322
2006664705;98323
2006685115;98324
2006705524;98325
2006725933;98326
2006746342;98327
2006766750;98328
2006787160;98329
2006807568;98330
2006827978;98331
2006848386;98332
2006868795;98333
2006889208;98334
2006909613;98335
2006930022;98336
2006950431;98337
2006970839;98338
2006991249;98339
2007011657;98340
2007032067;98341
2007052476;98342
2007072884;98343
2007093294;98344
2007113702;98345
2007134112;98346
2007154520;98347
2007174929;98348
2007195338;98349
2007215747;98350
2007236156;98351
2007256565;98352
2007276974;98353
2007297383;98354
2007317791;98355
2007338201;98356
2007358609;98357
2007379023;98358
2007399427;98359
2007419836;98360
2007440246;98361
2007460654;98362
2007481064;98363
2007501472;98364
2007521881;98365
2007542293;98366
2007562699;98367
2007583108;98368
2007603521;98369
2007623925;98370
2007644335;98371
2007664743;98372
2007685153;98373
2007705561;98374
2007725970;98375
2007746379;98376
2007766788;98377
2007787197;98378
2007807606;98379
2007828016;98380
2007848424;98381
2007868833;98382
2007889242;98383
2007909651;98384
2007930060;98385
2007950469;98386
2007970877;98387
2007991287;98388
2008011695;98389
2008032105;98390
2008052517;98391
2008072922;98392
2008093331;98393
2008113740;98394
2008134149;98395
2008154558;98396
2008174966;98397
2008195380;98398
2008215785;98399
2008236194;98400
2008256607;98401
2008277011;98402
2008297421;98403
2008317829;98404
2008338239;98405
2008358647;98406
2008379056;98407
2008399465;98408
2008419874;98409
2008440283;98410
2008460692;98411
2008481104;98412
2008501510;98413
2008521918;98414
2008542332;98415
2008562736;98416
2008583146;98417
2008603555;98418
2008623963;98419
2008644373;98420
2008664781;98421
2008685191;98422
2008705599;98423
2008726008;98424
2008746417;98425
2008766826;98426
2008787235;98427
2008807644;98428
2008828052;98429
2008848462;98430
2008868870;98431
2008889280;98432
2008909688;98433
2008930097;98434
2008950506;98435
2008970915;98436
2008991325;98437
2009011733;98438
2009032142;98439
2009052551;98440
2009072960;98441
2009093369;98442
2009113778;98443
2009134187;98444
2009154596;98445
2009175004;98446
2009195418;98447
2009215826;98448
2009236232;98449
2009256640;98450
2009277049;98451
2009297458;98452
2009317867;98453
2009338276;98454
2009358685;98455
2009379094;98456
2009399503;98457
2009419912;98458
2009440321;98459
2009460730;98460
2009481139;98461
2009501548;98462
2009521956;98463
2009542366;98464
2009562774;98465
2009583183;98466
2009603592;98467
2009624001;98468
2009644410;98469
2009664819;98470
2009685227;98471
2009705637;98472
2009726045;98473
2009746455;98474
2009766864;98475
2009787272;98476
2009807686;98477
2009828090;98478
2009848500;98479
2009868908;98480
2009889317;98481
2009909726;98482
2009930139;98483
2009950543;98484
2009970953;98485
2009991361;98486
2010011771;98487
2010032179;98488
2010052588;98489
2010072997;98490
2010093406;98491
2010113815;98492
2010134224;98493
2010154633;98494
2010175042;98495
2010195451;98496
2010215860;98497
2010236269;98498
2010256677;98499
2010277087;98500
2010297495;98501
2010317904;98502
2010338313;98503
2010358722;98504
2010379131;98505
2010399544;98506
2010419948;98507
2010440358;98508
2010460766;98509
2010481176;98510
2010501584;98511
2010521993;98512
2010542403;98513
2010562811;98514
2010583220;98515
2010603629;98516
2010624038;98517
2010644447;98518
2010664856;98519
2010685264;98520
2010705674;98521
2010726082;98522
2010746492;98523
2010766900;98524
2010787309;98525
2010807718;98526
2010828127;98527
2010848535;98528
2010868945;98529
2010889353;98530
2010909762;98531
2010930172;98532
2010950580;98533
2010970990;98534
2010991398;98535
2011011807;98536
2011032216;98537
2011052625;98538
2011073033;98539
2011093443;98540
2011113851;98541
2011134261;98542
2011154669;98543
2011175078;98544
2011195487;98545
2011215896;98546
2011236308;98547
2011256714;98548
2011277122;98549
2011297532;98550
2011317941;98551
2011338349;98552
2011358763;98553
2011379167;98554
2011399576;98555
2011419985;98556
2011440394;98557
2011460802;98558
2011481212;98559
2011501620;98560
2011522030;98561
2011542438;98562
2011562847;98563
2011583256;98564
2011603669;98565
2011624073;98566
2011644483;98567
2011664891;98568
2011685300;98569
2011705710;98570
2011726118;98571
2011746528;98572
2011766936;98573
2011787345;98574
2011807758;98575
2011828163;98576
2011848571;98577
2011868981;98578
2011889389;98579
2011909802;98580
2011930207;98581
2011950620;98582
2011971028;98583
2011991434;98584
2012011842;98585
2012032252;98586
2012052664;98587
2012073069;98588
2012093479;98589
2012113887;98590
2012134296;98591
2012154705;98592
2012175114;98593
2012195522;98594
2012215936;98595
2012236340;98596
2012256750;98597
2012277158;98598
2012297567;98599
2012317976;98600
2012338385;98601
2012358793;98602
2012379203;98603
2012399615;98604
2012420020;98605
2012440430;98606
2012460838;98607
2012481248;98608
2012501656;98609
2012522065;98610
2012542474;98611
2012562883;98612
2012583291;98613
2012603701;98614
2012624113;98615
2012644518;98616
2012664927;98617
2012685336;98618
2012705748;98619
2012726154;98620
2012746562;98621
2012766971;98622
2012787380;98623
2012807789;98624
2012828203;98625
2012848607;98626
2012869016;98627
2012889425;98628
2012909834;98629
2012930242;98630
2012950652;98631
2012971060;98632
2012991470;98633
2013011878;98634
2013032287;98635
2013052696;98636
2013073105;98637
2013093513;98638
2013113923;98639
2013134331;98640
2013154740;98641
2013175152;98642
2013195558;98643
2013215968;98644
2013236376;98645
2013256785;98646
2013277194;98647
2013297603;98648
2013318011;98649
2013338421;98650
2013358829;98651
2013379238;98652
2013399647;98653
2013420056;98654
2013440465;98655
2013460874;98656
2013481282;98657
2013501691;98658
2013522100;98659
2013542509;98660
2013562922;98661
2013583327;98662
2013603736;98663
2013624145;98664
2013644554;98665
2013664963;98666
2013685376;98667
2013705780;98668
2013726190;98669
2013746598;98670
2013767007;98671
2013787416;98672
2013807825;98673
2013828237;98674
2013848643;98675
2013869051;98676
2013889461;98677
2013909869;98678
2013930278;98679
2013950687;98680
2013971096;98681
2013991506;98682
2014011914;98683
2014032323;98684
2014052732;98685
2014073141;98686
2014093549;98687
2014113959;98688
2014134367;98689
2014154804;98690
2014175213;98691
2014195622;98692
2014216031;98693
2014236440;98694
2014256849;98695
2014277258;98696
2014297667;98697
2014318075;98698
2014338485;98699
2014358894;98700
2014379303;98701
2014399712;98702
2014420120;98703
2014440530;98704
2014460939;98705
2014481347;98706
2014501757;98707
2014522165;98708
2014542574;98709
2014562983;98710
2014583392;98711
2014603802;98712
2014624210;98713
2014644619;98714
2014665028;98715
2014685437;98716
2014705846;98717
2014726255;98718
2014746664;98719
2014767073;98720
2014787482;98721
2014807890;98722
2014828300;98723
2014848709;98724
2014869117;98725
2014889527;98726
2014909935;98727
2014930345;98728
2014950754;98729
2014971162;98730
2014991572;98731
2015011980;98732
2015032390;98733
2015052798;98734
2015073207;98735
2015093617;98736
2015114025;98737
2015134434;98738
2015154843;98739
2015175252;98740
2015195662;98741
2015216070;98742
2015236479;98743
2015256888;98744
2015277297;98745
2015297705;98746
2015318115;98747
2015338524;98748
2015358936;98749
2015379342;98750
2015399750;98751
2015420160;98752
2015440569;98753
2015460977;98754
2015481387;98755
2015501795;98756
2015522205;98757
2015542613;98758
2015563022;98759
2015583436;98760
2015603840;98761
2015624250;98762
2015644658;98763
2015665067;98764
2015685477;98765
2015705885;98766
2015726298;98767
2015746703;98768
2015767112;98769
2015787521;98770
2015807930;98771
2015828343;98772
2015848748;98773
2015869157;98774
2015889566;98775
2015909975;98776
2015930384;98777
2015950793;98778
2015971202;98779
2015991614;98780
2016012020;98781
2016032428;98782
2016052838;98783
2016073247;98784
2016093655;98785
2016114065;98786
2016134473;98787
2016154882;98788
2016175296;98789
2016195700;98790
2016216110;98791
2016236518;98792
2016256927;98793
2016277336;98794
2016297749;98795
2016318155;98796
2016338563;98797
2016358972;98798
2016379381;98799
2016399790;98800
2016420199;98801
2016440608;98802
2016461017;98803
2016481426;98804
2016501835;98805
2016522243;98806
2016542657;98807
2016563062;98808
2016583471;98809
2016603880;98810
2016624288;98811
2016644698;98812
2016665107;98813
2016685515;98814
2016705925;98815
2016726333;98816
2016746743;98817
2016767151;98818
2016787560;98819
2016807970;98820
2016828378;98821
2016848788;98822
2016869196;98823
2016889605;98824
2016910015;98825
2016930423;98826
2016950833;98827
2016971241;98828
2016991650;98829
2017012059;98830
2017032468;98831
2017052878;98832
2017073286;98833
2017093695;98834
2017114104;98835
2017134513;98836
2017154922;98837
2017175331;98838
2017195744;98839
2017216149;98840
2017236558;98841
2017256966;98842
2017277376;98843
2017297785;98844
2017318194;98845
2017338606;98846
2017359011;98847
2017379425;98848
2017399830;98849
2017420238;98850
2017440648;98851
2017461056;98852
2017481466;98853
2017501874;98854
2017522283;98855
2017542693;98856
2017563101;98857
2017583511;98858
2017603923;98859
2017624328;98860
2017644738;98861
2017665146;98862
2017685556;98863
2017705968;98864
2017726373;98865
2017746782;98866
2017767191;98867
2017787601;98868
2017808009;98869
2017828418;98870
2017848827;98871
2017869236;98872
2017889646;98873
2017910054;98874
2017930463;98875
2017950872;98876
2017971281;98877
2017991690;98878
2018012099;98879
2018032508;98880
2018052917;98881
2018073326;98882
2018093734;98883
2018114144;98884
2018134553;98885
2018154962;98886
2018175371;98887
2018195779;98888
2018216189;98889
2018236597;98890
2018257011;98891
2018277416;98892
2018297824;98893
2018318234;98894
2018338642;98895
2018359052;98896
2018379461;98897
2018399869;98898
2018420279;98899
2018440687;98900
2018461101;98901
2018481505;98902
2018501914;98903
2018522324;98904
2018542732;98905
2018563142;98906
2018583550;98907
2018603963;98908
2018624369;98909
2018644777;98910
2018665187;98911
2018685595;98912
2018706004;98913
2018726413;98914
2018746822;98915
2018767232;98916
2018787640;98917
2018808049;98918
2018828458;98919
2018848867;98920
2018869277;98921
2018889685;98922
2018910094;98923
2018930503;98924
2018950912;98925
2018971324;98926
2018991730;98927
2019012139;98928
2019032548;98929
2019052957;98930
2019073366;98931
2019093775;98932
2019114184;98933
2019134593;98934
2019155002;98935
2019175411;98936
2019195820;98937
2019216229;98938
2019236638;98939
2019257047;98940
2019277459;98941
2019297865;98942
2019318273;98943
2019338683;98944
2019359092;98945
2019379501;98946
2019399910;98947
2019420318;98948
2019440728;98949
2019461137;98950
2019481546;98951
2019501955;98952
2019522363;98953
2019542777;98954
2019563185;98955
2019583590;98956
2019604000;98957
2019624408;98958
2019644822;98959
2019665226;98960
2019685635;98961
2019706045;98962
2019726457;98963
2019746863;98964
2019767271;98965
2019787681;98966
2019808089;98967
2019828498;98968
2019848908;98969
2019869316;98970
2019889725;98971
2019910134;98972
2019930543;98973
2019950953;98974
2019971361;98975
2019991771;98976
2020012179;98977
2020032588;98978
2020052997;98979
2020073406;98980
2020093816;98981
2020114224;98982
2020134633;98983
2020155042;98984
2020175451;98985
2020195860;98986
2020216269;98987
2020236682;98988
2020257087;98989
2020277496;98990
2020297905;98991
2020318314;98992
2020338723;98993
2020359132;98994
2020379541;98995
2020399949;98996
2020420359;98997
2020440772;98998
2020461177;98999
2020481586;99000
2020501994;99001
2020522404;99002
2020542812;99003
2020563222;99004
2020583631;99005
2020604040;99006
2020624449;99007
2020644857;99008
2020665267;99009
2020685676;99010
2020706088;99011
2020726498;99012
2020746902;99013
2020767312;99014
2020787720;99015
2020808130;99016
2020828539;99017
2020848947;99018
2020869357;99019
2020889765;99020
2020910175;99021
2020930584;99022
2020950992;99023
2020971402;99024
2020991810;99025
2021012220;99026
2021032628;99027
2021053037;99028
2021073447;99029
2021093855;99030
2021114265;99031
2021134673;99032
2021155082;99033
2021175492;99034
2021195900;99035
2021216310;99036
2021236718;99037
2021257127;99038
2021277536;99039
2021297945;99040
2021318355;99041
2021338763;99042
2021359172;99043
2021379581;99044
2021399990;99045
2021420400;99046
2021440808;99047
2021461217;99048
2021481626;99049
2021502035;99050
2021522444;99051
2021542853;99052
2021563262;99053
2021583671;99054
2021604080;99055
2021624489;99056
2021644898;99057
2021665307;99058
2021685716;99059
2021706125;99060
2021726534;99061
2021746943;99062
2021767352;99063
2021787761;99064
2021808170;99065
2021828579;99066
2021848988;99067
2021869397;99068
2021889806;99069
2021910219;99070
2021930624;99071
2021951033;99072
2021971442;99073
2021991851;99074
2022012259;99075
2022032669;99076
2022053078;99077
2022073487;99078
2022093900;99079
2022114304;99080
2022134714;99081
2022155123;99082
2022175532;99083
2022195941;99084
2022216349;99085
2022236759;99086
2022257171;99087
2022277577;99088
2022297986;99089
2022318394;99090
2022338804;99091
2022359212;99092
2022379622;99093
2022400031;99094
2022420439;99095
2022440849;99096
2022461257;99097
2022481667;99098
2022502075;99099
2022522484;99100
2022542894;99101
2022563306;99102
2022583712;99103
2022604120;99104
2022624530;99105
2022644939;99106
2022665347;99107
2022685757;99108
2022706165;99109
2022726575;99110
2022746983;99111
2022767392;99112
2022787802;99113
2022808210;99114
2022828620;99115
2022849028;99116
2022869437;99117
2022889847;99118
2022910255;99119
2022930665;99120
2022951073;99121
2022971482;99122
2022991891;99123
2023012300;99124
2023032710;99125
2023053118;99126
2023073527;99127
2023093936;99128
2023114345;99129
2023134755;99130
2023155163;99131
2023175572;99132
2023195981;99133
2023216390;99134
2023236799;99135
2023257208;99136
2023277621;99137
2023298030;99138
2023318435;99139
2023338844;99140
2023359253;99141
2023379662;99142
2023400071;99143
2023420480;99144
2023440889;99145
2023461298;99146
2023481707;99147
2023502116;99148
2023522525;99149
2023542934;99150
2023563347;99151
2023583752;99152
2023604161;99153
2023624570;99154
2023644979;99155
2023665388;99156
2023685797;99157
2023706206;99158
2023726615;99159
2023747024;99160
2023767433;99161
2023787842;99162
2023808251;99163
2023828660;99164
2023849069;99165
2023869478;99166
2023889887;99167
2023910296;99168
2023930705;99169
2023951114;99170
2023971522;99171
2023991932;99172
2024012341;99173
2024032753;99174
2024053159;99175
2024073567;99176
2024093977;99177
2024114390;99178
2024134795;99179
2024155213;99180
2024175621;99181
2024196031;99182
2024216440;99183
2024236849;99184
2024257258;99185
2024277666;99186
2024298076;99187
2024318485;99188
2024338898;99189
2024359303;99190
2024379715;99191
2024400121;99192
2024420530;99193
2024440939;99194
2024461348;99195
2024481757;99196
2024502166;99197
2024522575;99198
2024542984;99199
2024563393;99200
2024583802;99201
2024604211;99202
2024624620;99203
2024645029;99204
2024665438;99205
2024685847;99206
2024706256;99207
2024726665;99208
2024747074;99209
2024767483;99210
2024787895;99211
2024808301;99212
2024828710;99213
2024849119;99214
2024869528;99215
2024889937;99216
2024910346;99217
2024930755;99218
2024951168;99219
2024971573;99220
2024991982;99221
2025012391;99222
2025032804;99223
2025053209;99224
2025073618;99225
2025094027;99226
2025114436;99227
2025134849;99228
2025155254;99229
2025175663;99230
2025196072;99231
2025216481;99232
2025236891;99233
2025257299;99234
2025277708;99235
2025298117;99236
2025318526;99237
2025338936;99238
2025359344;99239
2025379757;99240
2025400162;99241
2025420571;99242
2025440981;99243
2025461389;99244
2025481798;99245
2025502207;99246
2025522616;99247
2025543026;99248
2025563434;99249
2025583844;99250
2025604257;99251
2025624661;99252
2025645071;99253
2025665479;99254
2025685888;99255
2025706298;99256
2025726706;99257
2025747116;99258
2025767524;99259
2025787934;99260
2025808343;99261
2025828751;99262
2025849161;99263
2025869569;99264
2025889979;99265
2025910388;99266
2025930796;99267
2025951206;99268
2025971614;99269
2025992024;99270
2026012433;99271
2026032841;99272
2026053251;99273
2026073659;99274
2026094069;99275
2026114478;99276
2026134887;99277
2026155296;99278
2026175708;99279
2026196114;99280
2026216527;99281
2026236932;99282
2026257341;99283
2026277749;99284
2026298163;99285
2026318568;99286
2026338977;99287
2026359386;99288
2026379794;99289
2026400204;99290
2026420613;99291
2026441022;99292
2026461431;99293
2026481843;99294
2026502249;99295
2026522658;99296
2026543071;99297
2026563476;99298
2026583884;99299
2026604294;99300
2026624703;99301
2026645112;99302
2026665521;99303
2026685930;99304
2026706339;99305
2026726748;99306
2026747157;99307
2026767566;99308
2026787978;99309
2026808384;99310
2026828793;99311
2026849202;99312
2026869611;99313
2026890020;99314
2026910429;99315
2026930838;99316
2026951247;99317
2026971656;99318
2026992065;99319
2027012474;99320
2027032883;99321
2027053292;99322
2027073701;99323
2027094110;99324
2027114519;99325
2027134929;99326
2027155337;99327
2027175746;99328
2027196155;99329
2027216564;99330
2027236973;99331
2027257382;99332
2027277791;99333
2027298200;99334
2027318609;99335
2027339019;99336
2027359427;99337
2027379836;99338
2027400245;99339
2027420654;99340
2027441064;99341
2027461472;99342
2027481881;99343
2027502290;99344
2027522699;99345
2027543109;99346
2027563517;99347
2027583926;99348
2027604336;99349
2027624744;99350
2027645154;99351
2027665566;99352
2027685971;99353
2027706381;99354
2027726789;99355
2027747199;99356
2027767607;99357
2027788016;99358
2027808426;99359
2027828834;99360
2027849244;99361
2027869652;99362
2027890062;99363
2027910471;99364
2027930879;99365
2027951289;99366
2027971697;99367
2027992107;99368
2028012516;99369
2028032924;99370
2028053334;99371
2028073742;99372
2028094152;99373
2028114561;99374
2028134970;99375
2028155379;99376
2028175787;99377
2028196197;99378
2028216606;99379
2028237015;99380
2028257424;99381
2028277832;99382
2028298242;99383
2028318651;99384
2028339060;99385
2028359469;99386
2028379881;99387
2028400287;99388
2028420696;99389
2028441105;99390
2028461514;99391
2028481922;99392
2028502332;99393
2028522741;99394
2028543150;99395
2028563559;99396
2028583967;99397
2028604377;99398
2028624786;99399
2028645195;99400
2028665604;99401
2028686012;99402
2028706422;99403
2028726831;99404
2028747240;99405
2028767649;99406
2028788058;99407
2028808467;99408
2028828876;99409
2028849285;99410
2028869694;99411
2028890103;99412
2028910512;99413
2028930925;99414
2028951330;99415
2028971739;99416
2028992148;99417
2029012557;99418
2029032970;99419
2029053375;99420
2029073784;99421
2029094193;99422
2029114602;99423
2029135012;99424
2029155420;99425
2029175829;99426
2029196238;99427
2029216647;99428
2029237057;99429
2029257465;99430
2029277874;99431
2029298283;99432
2029318692;99433
2029339102;99434
2029359510;99435
2029379919;99436
2029400328;99437
2029420737;99438
2029441147;99439
2029461555;99440
2029481965;99441
2029502373;99442
2029522782;99443
2029543192;99444
2029563604;99445
2029584013;99446
2029604422;99447
2029624827;99448
2029645237;99449
2029665645;99450
2029686055;99451
2029706464;99452
2029726872;99453
2029747282;99454
2029767690;99455
2029788100;99456
2029808513;99457
2029828917;99458
2029849327;99459
2029869735;99460
2029890145;99461
2029910554;99462
2029930962;99463
2029951376;99464
2029971780;99465
2029992190;99466
2030012599;99467
2030033007;99468
2030053417;99469
2030073825;99470
2030094235;99471
2030114644;99472
2030135053;99473
2030155462;99474
2030175870;99475
2030196280;99476
2030216689;99477
2030237098;99478
2030257507;99479
2030277915;99480
2030298325;99481
2030318734;99482
2030339143;99483
2030359552;99484
2030379964;99485
2030400370;99486
2030420779;99487
2030441188;99488
2030461597;99489
2030482006;99490
2030502415;99491
2030522824;99492
2030543233;99493
2030563642;99494
2030584054;99495
2030604460;99496
2030624869;99497
2030645278;99498
2030665691;99499
2030686096;99500
2030706505;99501
2030726914;99502
2030747327;99503
2030767732;99504
2030788141;99505
2030808550;99506
2030828963;99507
2030849368;99508
2030869777;99509
2030890186;99510
2030910595;99511
2030931004;99512
2030951413;99513
2030971822;99514
2030992231;99515
2031012640;99516
2031033050;99517
2031053458;99518
2031073867;99519
2031094276;99520
2031114685;99521
2031135095;99522
2031155503;99523
2031175912;99524
2031196321;99525
2031216730;99526
2031237140;99527
2031257548;99528
2031277957;99529
2031298366;99530
2031318775;99531
2031339185;99532
2031359593;99533
2031380002;99534
2031400411;99535
2031420820;99536
2031441230;99537
2031461638;99538
2031482048;99539
2031502456;99540
2031522865;99541
2031543275;99542
2031563687;99543
2031584093;99544
2031604501;99545
2031624910;99546
2031645320;99547
2031665728;99548
2031686138;99549
2031706547;99550
2031726955;99551
2031747365;99552
2031767773;99553
2031788183;99554
2031808592;99555
2031829001;99556
2031849410;99557
2031869818;99558
2031890228;99559
2031910637;99560
2031931046;99561
2031951455;99562
2031971863;99563
2031992273;99564
2032012682;99565
2032033091;99566
2032053500;99567
2032073908;99568
2032094318;99569
2032114727;99570
2032135136;99571
2032155545;99572
2032175953;99573
2032196363;99574
2032216776;99575
2032237181;99576
2032257590;99577
2032277998;99578
2032298408;99579
2032318817;99580
2032339226;99581
2032359635;99582
2032380043;99583
2032400453;99584
2032420862;99585
2032441271;99586
2032461680;99587
2032482088;99588
2032502498;99589
2032522907;99590
2032543316;99591
2032563725;99592
2032584134;99593
2032604543;99594
2032624952;99595
2032645361;99596
2032665770;99597
2032686179;99598
2032706588;99599
2032726997;99600
2032747406;99601
2032767815;99602
2032788224;99603
2032808633;99604
2032829043;99605
2032849451;99606
2032869860;99607
2032890269;99608
2032910678;99609
2032931091;99610
2032951496;99611
2032971905;99612
2032992314;99613
2033012723;99614
2033033133;99615
2033053541;99616
2033073950;99617
2033094359;99618
2033114768;99619
2033135178;99620
2033155590;99621
2033175995;99622
2033196404;99623
2033216813;99624
2033237223;99625
2033257631;99626
2033278040;99627
2033298449;99628
2033318858;99629
2033339268;99630
2033359676;99631
2033380086;99632
2033400494;99633
2033420903;99634
2033441313;99635
2033461721;99636
2033482131;99637
2033502539;99638
2033522948;99639
2033543358;99640
2033563766;99641
2033584180;99642
2033604584;99643
2033624993;99644
2033645403;99645
2033665811;99646
2033686221;99647
2033706630;99648
2033727039;99649
2033747448;99650
2033767856;99651
2033788266;99652
2033808675;99653
2033829084;99654
2033849493;99655
2033869901;99656
2033890311;99657
2033910720;99658
2033931129;99659
2033951538;99660
2033971946;99661
2033992356;99662
2034012765;99663
2034033174;99664
2034053583;99665
2034073991;99666
2034094401;99667
2034114810;99668
2034135219;99669
2034155648;99670
2034176056;99671
2034196466;99672
2034216875;99673
2034237284;99674
2034257693;99675
2034278103;99676
2034298511;99677
2034318920;99678
2034339330;99679
2034359738;99680
2034380148;99681
2034400556;99682
2034420965;99683
2034441375;99684
2034461783;99685
2034482193;99686
2034502602;99687
2034523010;99688
2034543420;99689
2034563833;99690
2034584238;99691
2034604647;99692
2034625056;99693
2034645468;99694
2034665878;99695
2034686283;99696
2034706692;99697
2034727102;99698
2034747510;99699
2034767919;99700
2034788329;99701
2034808737;99702
2034829147;99703
2034849556;99704
2034869964;99705
2034890374;99706
2034910783;99707
2034931192;99708
2034951601;99709
2034972009;99710
2034992423;99711
2035012828;99712
2035033237;99713
2035053650;99714
2035074056;99715
2035094464;99716
2035114873;99717
2035135283;99718
2035155691;99719
2035176100;99720
2035196510;99721
2035216918;99722
2035237328;99723
2035257736;99724
2035278146;99725
2035298555;99726
2035318963;99727
2035339373;99728
2035359782;99729
2035380191;99730
2035400600;99731
2035421009;99732
2035441418;99733
2035461827;99734
2035482237;99735
2035502645;99736
2035523058;99737
2035543463;99738
2035563872;99739
2035584282;99740
2035604694;99741
2035625099;99742
2035645509;99743
2035665917;99744
2035686327;99745
2035706736;99746
2035727144;99747
2035747554;99748
2035767963;99749
2035788372;99750
2035808781;99751
2035829190;99752
2035849599;99753
2035870008;99754
2035890417;99755
2035910826;99756
2035931236;99757
2035951644;99758
2035972057;99759
2035992463;99760
2036012871;99761
2036033281;99762
2036053690;99763
2036074098;99764
2036094508;99765
2036114916;99766
2036135326;99767
2036155735;99768
2036176144;99769
2036196553;99770
2036216962;99771
2036237371;99772
2036257780;99773
2036278190;99774
2036298602;99775
2036319007;99776
2036339417;99777
2036359825;99778
2036380235;99779
2036400643;99780
2036421052;99781
2036441462;99782
2036461870;99783
2036482280;99784
2036502693;99785
2036523098;99786
2036543507;99787
2036563916;99788
2036584325;99789
2036604734;99790
2036625144;99791
2036645552;99792
2036665961;99793
2036686370;99794
2036706779;99795
2036727189;99796
2036747597;99797
2036768006;99798
2036788416;99799
2036808824;99800
2036829234;99801
2036849643;99802
2036870055;99803
2036890461;99804
2036910870;99805
2036931279;99806
2036951688;99807
2036972097;99808
2036992506;99809
2037012915;99810
2037033324;99811
2037053733;99812
2037074143;99813
2037094551;99814
2037114960;99815
2037135370;99816
2037155782;99817
2037176188;99818
2037196597;99819
2037217005;99820
2037237415;99821
2037257823;99822
2037278233;99823
2037298642;99824
2037319050;99825
2037339460;99826
2037359869;99827
2037380278;99828
2037400687;99829
2037421097;99830
2037441505;99831
2037461914;99832
2037482324;99833
2037502732;99834
2037523142;99835
2037543550;99836
2037563959;99837
2037584369;99838
2037604781;99839
2037625187;99840
2037645596;99841
2037666004;99842
2037686414;99843
2037706823;99844
2037727232;99845
2037747641;99846
2037768050;99847
2037788459;99848
2037808868;99849
2037829277;99850
2037849686;99851
2037870096;99852
2037890504;99853
2037910913;99854
2037931323;99855
2037951731;99856
2037972141;99857
2037992550;99858
2038012958;99859
2038033368;99860
2038053777;99861
2038074186;99862
2038094595;99863
2038115003;99864
2038135413;99865
2038155826;99866
2038176231;99867
2038196640;99868
2038217049;99869
2038237458;99870
2038257867;99871
2038278277;99872
2038298685;99873
2038319094;99874
2038339508;99875
2038359912;99876
2038380322;99877
2038400730;99878
2038421140;99879
2038441549;99880
2038461957;99881
2038482367;99882
2038502776;99883
2038523185;99884
2038543594;99885
2038564003;99886
2038584412;99887
2038604821;99888
2038625231;99889
2038645639;99890
2038666049;99891
2038686457;99892
2038706866;99893
2038727276;99894
2038747684;99895
2038768094;99896
2038788503;99897
2038808912;99898
2038829321;99899
2038849730;99900
2038870139;99901
2038890548;99902
2038910958;99903
2038931366;99904
2038951776;99905
2038972184;99906
2038992593;99907
2039013003;99908
2039033411;99909
2039053821;99910
2039074230;99911
2039094638;99912
2039115048;99913
2039135457;99914
2039155866;99915
2039176275;99916
2039196685;99917
2039217097;99918
2039237502;99919
2039257911;99920
2039278320;99921
2039298730;99922
2039319138;99923
2039339548;99924
2039359957;99925
2039380366;99926
2039400775;99927
2039421184;99928
2039441593;99929
2039462002;99930
2039482412;99931
2039502820;99932
2039523230;99933
2039543638;99934
2039564047;99935
2039584457;99936
2039604865;99937
2039625275;99938
2039645684;99939
2039666093;99940
2039686502;99941
2039706915;99942
2039727320;99943
2039747729;99944
2039768139;99945
2039788547;99946
2039808957;99947
2039829365;99948
2039849775;99949
2039870184;99950
2039890592;99951
2039911002;99952
2039931411;99953
2039951820;99954
2039972229;99955
2039992639;99956
2040013047;99957
2040033457;99958
2040053866;99959
2040074274;99960
2040094684;99961
2040115092;99962
2040135502;99963
2040155915;99964
2040176320;99965
2040196729;99966
2040217139;99967
2040237551;99968
2040257956;99969
2040278366;99970
2040298774;99971
2040319184;99972
2040339593;99973
2040360002;99974
2040380411;99975
2040400823;99976
2040421229;99977
2040441638;99978
2040462047;99979
2040482456;99980
2040502866;99981
2040523274;99982
2040543684;99983
2040564093;99984
2040584502;99985
2040604911;99986
2040625320;99987
2040645729;99988
2040666138;99989
2040686547;99990
2040706956;99991
2040727366;99992
2040747774;99993
2040768184;99994
2040788593;99995
2040809002;99996
2040829411;99997
2040849820;99998
2040870229;99999
2040890638;100000
2040911052;100001
2040931456;100002
2040951866;100003
2040972274;100004
2040992684;100005
2041013093;100006
2041033502;100007
2041053915;100008
2041074321;100009
2041094729;100010
2041115138;100011
2041135548;100012
2041155956;100013
2041176366;100014
2041196775;100015
2041217184;100016
2041237593;100017
2041258002;100018
2041278411;100019
2041298821;100020
2041319229;100021
2041339638;100022
2041360048;100023
2041380456;100024
2041400866;100025
2041421279;100026
2041441684;100027
2041462093;100028
2041482503;100029
2041502911;100030
2041523321;100031
2041543729;100032
2041564138;100033
2041584548;100034
2041604956;100035
2041625366;100036
2041645775;100037
2041666184;100038
2041686593;100039
2041707003;100040
2041727411;100041
2041747821;100042
2041768234;100043
2041788638;100044
2041809048;100045
2041829456;100046
2041849866;100047
2041870275;100048
2041890684;100049
2041911093;100050
2041931503;100051
2041951911;100052
2041972321;100053
2041992730;100054
2042013138;100055
2042033548;100056
2042053957;100057
2042074366;100058
2042094775;100059
2042115184;100060
2042135593;100061
2042156003;100062
2042176415;100063
2042196821;100064
2042217230;100065
2042237642;100066
2042258048;100067
2042278457;100068
2042298866;100069
2042319275;100070
2042339685;100071
2042360093;100072
2042380503;100073
2042400911;100074
2042421321;100075
2042441730;100076
2042462138;100077
2042482552;100078
2042502957;100079
2042523366;100080
2042543775;100081
2042564185;100082
2042584593;100083
2042605003;100084
2042625412;100085
2042645820;100086
2042666230;100087
2042686638;100088
2042707048;100089
2042727457;100090
2042747866;100091
2042768275;100092
2042788685;100093
2042809093;100094
2042829503;100095
2042849912;100096
2042870320;100097
2042890730;100098
2042911139;100099
2042931548;100100
2042951957;100101
2042972366;100102
2042992775;100103
2043013184;100104
2043033593;100105
2043054002;100106
2043074412;100107
2043094820;100108
2043115230;100109
2043135639;100110
2043156048;100111
2043176457;100112
2043196870;100113
2043217275;100114
2043237688;100115
2043258093;100116
2043278502;100117
2043298916;100118
2043319320;100119
2043339730;100120
2043360139;100121
2043380547;100122
2043400957;100123
2043421366;100124
2043441775;100125
2043462188;100126
2043482594;100127
2043503002;100128
2043523412;100129
2043543823;100130
2043564230;100131
2043584639;100132
2043605047;100133
2043625457;100134
2043645866;100135
2043666275;100136
2043686684;100137
2043707093;100138
2043727502;100139
2043747911;100140
2043768321;100141
2043788729;100142
2043809139;100143
2043829547;100144
2043849957;100145
2043870366;100146
2043890774;100147
2043911184;100148
2043931593;100149
2043952002;100150
2043972411;100151
2043992821;100152
2044013229;100153
2044033638;100154
2044054048;100155
2044074456;100156
2044094866;100157
2044115274;100158
2044135684;100159
2044156010;100160
2044176419;100161
2044196828;100162
2044217237;100163
2044237646;100164
2044258054;100165
2044278464;100166
2044298872;100167
2044319281;100168
2044339690;100169
2044360099;100170
2044380508;100171
2044400916;100172
2044421326;100173
2044441738;100174
2044462148;100175
2044482552;100176
2044502962;100177
2044523370;100178
2044543779;100179
2044564188;100180
2044584597;100181
2044605006;100182
2044625415;100183
2044645828;100184
2044666233;100185
2044686641;100186
2044707054;100187
2044727459;100188
2044747868;100189
2044768277;100190
2044788686;100191
2044809095;100192
2044829503;100193
2044849913;100194
2044870321;100195
2044890731;100196
2044911139;100197
2044931549;100198
2044951957;100199
2044972370;100200
2044992775;100201
2045013184;100202
2045033593;100203
2045054006;100204
2045074411;100205
2045094819;100206
2045115228;100207
2045135637;100208
2045156046;100209
2045176455;100210
2045196864;100211
2045217273;100212
2045237682;100213
2045258091;100214
2045278500;100215
2045298908;100216
2045319318;100217
2045339726;100218
2045360136;100219
2045380544;100220
2045400953;100221
2045421362;100222
2045441771;100223
2045462180;100224
2045482588;100225
2045502998;100226
2045523406;100227
2045543816;100228
2045564224;100229
2045584633;100230
2045605042;100231
2045625451;100232
2045645860;100233
2045666269;100234
2045686678;100235
2045707091;100236
2045727495;100237
2045747905;100238
2045768317;100239
2045788723;100240
2045809131;100241
2045829540;100242
2045849949;100243
2045870357;100244
2045890767;100245
2045911175;100246
2045931585;100247
2045951993;100248
2045972402;100249
2045992811;100250
2046013220;100251
2046033629;100252
2046054042;100253
2046074447;100254
2046094856;100255
2046115264;100256
2046135674;100257
2046156082;100258
2046176492;100259
2046196900;100260
2046217310;100261
2046237718;100262
2046258126;100263
2046278536;100264
2046298944;100265
2046319354;100266
2046339762;100267
2046360172;100268
2046380580;100269
2046400989;100270
2046421398;100271
2046441807;100272
2046462216;100273
2046482625;100274
2046503034;100275
2046523443;100276
2046543851;100277
2046564261;100278
2046584669;100279
2046605079;100280
2046625487;100281
2046645895;100282
2046666305;100283
2046686713;100284
2046707123;100285
2046727531;100286
2046747944;100287
2046768349;100288
2046788758;100289
2046809167;100290
2046829576;100291
2046849985;100292
2046870394;100293
2046890802;100294
2046911212;100295
2046931620;100296
2046952030;100297
2046972438;100298
2046992848;100299
2047013256;100300
2047033664;100301
2047054074;100302
2047074482;100303
2047094892;100304
2047115300;100305
2047135710;100306
2047156122;100307
2047176527;100308
2047196936;100309
2047217345;100310
2047237754;100311
2047258163;100312
2047278572;100313
2047298981;100314
2047319389;100315
2047339799;100316
2047360207;100317
2047380616;100318
2047401025;100319
2047421433;100320
2047441843;100321
2047462251;100322
2047482661;100323
2047503069;100324
2047523478;100325
2047543887;100326
2047564296;100327
2047584705;100328
2047605114;100329
2047625523;100330
2047645932;100331
2047666340;100332
2047686750;100333
2047707158;100334
2047727568;100335
2047747976;100336
2047768385;100337
2047788794;100338
2047809202;100339
2047829612;100340
2047850024;100341
2047870430;100342
2047890838;100343
2047911247;100344
2047931656;100345
2047952069;100346
2047972474;100347
2047992883;100348
2048013291;100349
2048033701;100350
2048054109;100351
2048074519;100352
2048094927;100353
2048115337;100354
2048135745;100355
2048156153;100356
2048176563;100357
2048196971;100358
2048217381;100359
2048237789;100360
2048258199;100361
2048278607;100362
2048299016;100363
2048319425;100364
2048339834;100365
2048360243;100366
2048380652;100367
2048401060;100368
2048421470;100369
2048441878;100370
2048462288;100371
2048482696;100372
2048503106;100373
2048523514;100374
2048543922;100375
2048564332;100376
2048584740;100377
2048605150;100378
2048625562;100379
2048645967;100380
2048666380;100381
2048686785;100382
2048707194;100383
2048727603;100384
2048748012;100385
2048768421;100386
2048788829;100387
2048809239;100388
2048829647;100389
2048850060;100390
2048870465;100391
2048890874;100392
2048911283;100393
2048931691;100394
2048952101;100395
2048972509;100396
2048992918;100397
2049013327;100398
2049033736;100399
2049054145;100400
2049074554;100401
2049094962;100402
2049115372;100403
2049135780;100404
2049156190;100405
2049176598;100406
2049197008;100407
2049217416;100408
2049237825;100409
2049258234;100410
2049278643;100411
2049299052;100412
2049319460;100413
2049339870;100414
2049360278;100415
2049380687;100416
2049401096;100417
2049421505;100418
2049441914;100419
2049462323;100420
2049482731;100421
2049503141;100422
2049523549;100423
2049543959;100424
2049564367;100425
2049584776;100426
2049605185;100427
2049625598;100428
2049646003;100429
2049666412;100430
2049686821;100431
2049707229;100432
2049727638;100433
2049748047;100434
2049768456;100435
2049788869;100436
2049809274;100437
2049829682;100438
2049850092;100439
2049870500;100440
2049890910;100441
2049911318;100442
2049931727;100443
2049952136;100444
2049972545;100445
2049992954;100446
2050013363;100447
2050033772;100448
2050054181;100449
2050074589;100450
2050094998;100451
2050115407;100452
2050135816;100453
2050156225;100454
2050176633;100455
2050197047;100456
2050217451;100457
2050237861;100458
2050258269;100459
2050278678;100460
2050299087;100461
2050319496;100462
2050339905;100463
2050360314;100464
2050380723;100465
2050401132;100466
2050421540;100467
2050441950;100468
2050462358;100469
2050482767;100470
2050503176;100471
2050523584;100472
2050543994;100473
2050564402;100474
2050584812;100475
2050605220;100476
2050625630;100477
2050646038;100478
2050666447;100479
2050686856;100480
2050707269;100481
2050727673;100482
2050748087;100483
2050768491;100484
2050788901;100485
2050809309;100486
2050829719;100487
2050850127;100488
2050870535;100489
2050890945;100490
2050911353;100491
2050931763;100492
2050952171;100493
2050972581;100494
2050992989;100495
2051013398;100496
2051033807;100497
2051054216;100498
2051074625;100499
2051095034;100500
2051115442;100501
2051135852;100502
2051156260;100503
2051176670;100504
2051197078;100505
2051217487;100506
2051237896;100507
2051258304;100508
2051278714;100509
2051299122;100510
2051319531;100511
2051339940;100512
2051360349;100513
2051380762;100514
2051401167;100515
2051421575;100516
2051441985;100517
2051462393;100518
2051482803;100519
2051503211;100520
2051523621;100521
2051544029;100522
2051564438;100523
2051584847;100524
2051605256;100525
2051625665;100526
2051646073;100527
2051666486;100528
2051686891;100529
2051707300;100530
2051727709;100531
2051748118;100532
2051768526;100533
2051788936;100534
2051809344;100535
2051829754;100536
2051850162;100537
2051870575;100538
2051890980;100539
2051911389;100540
2051931798;100541
2051952207;100542
2051972616;100543
2051993024;100544
2052013433;100545
2052033842;100546
2052054251;100547
2052074660;100548
2052095069;100549
2052115477;100550
2052135887;100551
2052156295;100552
2052176705;100553
2052197113;100554
2052217522;100555
2052237931;100556
2052258340;100557
2052278749;100558
2052299158;100559
2052319566;100560
2052339976;100561
2052360384;100562
2052380793;100563
2052401202;100564
2052421611;100565
2052442020;100566
2052462428;100567
2052482838;100568
2052503246;100569
2052523659;100570
2052544064;100571
2052564473;100572
2052584882;100573
2052605291;100574
2052625700;100575
2052646109;100576
2052666517;100577
2052686927;100578
2052707339;100579
2052727745;100580
2052748153;100581
2052768561;100582
2052788971;100583
2052809383;100584
2052829789;100585
2052850201;100586
2052870607;100587
2052891015;100588
2052911424;100589
2052931833;100590
2052952242;100591
2052972651;100592
2052993060;100593
2053013468;100594
2053033878;100595
2053054286;100596
2053074696;100597
2053095108;100598
2053115513;100599
2053135922;100600
2053156330;100601
2053176740;100602
2053197148;100603
2053217557;100604
2053237966;100605
2053258375;100606
2053278784;100607
2053299193;100608
2053319602;100609
2053340011;100610
2053360419;100611
2053380829;100612
2053401237;100613
2053421646;100614
2053442059;100615
2053462464;100616
2053482877;100617
2053503282;100618
2053523695;100619
2053544099;100620
2053564508;100621
2053584921;100622
2053605326;100623
2053625735;100624
2053646144;100625
2053666556;100626
2053686962;100627
2053707370;100628
2053727780;100629
2053748188;100630
2053768597;100631
2053789006;100632
2053809415;100633
2053829824;100634
2053850233;100635
2053870642;100636
2053891051;100637
2053911459;100638
2053931868;100639
2053952277;100640
2053972686;100641
2053993095;100642
2054013503;100643
2054033913;100644
2054054321;100645
2054074731;100646
2054095139;100647
2054115548;100648
2054135957;100649
2054156452;100650
2054176861;100651
2054197270;100652
2054217679;100653
2054238092;100654
2054258497;100655
2054278907;100656
2054299315;100657
2054319724;100658
2054340138;100659
2054360546;100660
2054380952;100661
2054401361;100662
2054421770;100663
2054442179;100664
2054462587;100665
2054483000;100666
2054503406;100667
2054523815;100668
2054544224;100669
2054564633;100670
2054585042;100671
2054605451;100672
2054625861;100673
2054646269;100674
2054666678;100675
2054687088;100676
2054707496;100677
2054727906;100678
2054748315;100679
2054768723;100680
2054789133;100681
2054809542;100682
2054829951;100683
2054850360;100684
2054870769;100685
2054891178;100686
2054911587;100687
2054931996;100688
2054952409;100689
2054972815;100690
2054993223;100691
2055013632;100692
2055034042;100693
2055054450;100694
2055074860;100695
2055095269;100696
2055115677;100697
2055136087;100698
2055156496;100699
2055176905;100700
2055197314;100701
2055217723;100702
2055238136;100703
2055258541;100704
2055278950;100705
2055299359;100706
2055319768;100707
2055340177;100708
2055360586;100709
2055380996;100710
2055401408;100711
2055421814;100712
2055442223;100713
2055462631;100714
2055483041;100715
2055503450;100716
2055523859;100717
2055544268;100718
2055564677;100719
2055585086;100720
2055605495;100721
2055625904;100722
2055646317;100723
2055666722;100724
2055687131;100725
2055707540;100726
2055727950;100727
2055748358;100728
2055768767;100729
2055789177;100730
2055809585;100731
2055829995;100732
2055850404;100733
2055870812;100734
2055891222;100735
2055911631;100736
2055932040;100737
2055952449;100738
2055972862;100739
2055993267;100740
2056013676;100741
2056034085;100742
2056054494;100743
2056074903;100744
2056095316;100745
2056115721;100746
2056136131;100747
2056156539;100748
2056176952;100749
2056197358;100750
2056217766;100751
2056238176;100752
2056258585;100753
2056278994;100754
2056299403;100755
2056319812;100756
2056340221;100757
2056360630;100758
2056381039;100759
2056401448;100760
2056421861;100761
2056442266;100762
2056462675;100763
2056483085;100764
2056503493;100765
2056523902;100766
2056544312;100767
2056564720;100768
2056585130;100769
2056605539;100770
2056625947;100771
2056646357;100772
2056666766;100773
2056687175;100774
2056707584;100775
2056727994;100776
2056748402;100777
2056768811;100778
2056789220;100779
2056809629;100780
2056830039;100781
2056850447;100782
2056870856;100783
2056891266;100784
2056911674;100785
2056932083;100786
2056952493;100787
2056972901;100788
2056993311;100789
2057013720;100790
2057034129;100791
2057054538;100792
2057074947;100793
2057095356;100794
2057115765;100795
2057136175;100796
2057156583;100797
2057176992;100798
2057197401;100799
2057217810;100800
2057238220;100801
2057258628;100802
2057279037;100803
2057299447;100804
2057319855;100805
2057340265;100806
2057360674;100807
2057381086;100808
2057401492;100809
2057421901;100810
2057442310;100811
2057462719;100812
2057483129;100813
2057503537;100814
2057523946;100815
2057544355;100816
2057564768;100817
2057585174;100818
2057605582;100819
2057625991;100820
2057646401;100821
2057666813;100822
2057687219;100823
2057707628;100824
2057728036;100825
2057748446;100826
2057768855;100827
2057789264;100828
2057809673;100829
2057830082;100830
2057850491;100831
2057870904;100832
2057891310;100833
2057911718;100834
2057932127;100835
2057952536;100836
2057972945;100837
2057993355;100838
2058013763;100839
2058034173;100840
2058054582;100841
2058074990;100842
2058095400;100843
2058115809;100844
2058136218;100845
2058156627;100846
2058177036;100847
2058197445;100848
2058217854;100849
2058238264;100850
2058258672;100851
2058279081;100852
2058299490;100853
2058319899;100854
2058340309;100855
2058360717;100856
2058381126;100857
2058401536;100858
2058421944;100859
2058442354;100860
2058462763;100861
2058483171;100862
2058503581;100863
2058523990;100864
2058544399;100865
2058564808;100866
2058585217;100867
2058605626;100868
2058626035;100869
2058646445;100870
2058666853;100871
2058687262;100872
2058707671;100873
2058728084;100874
2058748490;100875
2058768898;100876
2058789308;100877
2058809717;100878
2058830129;100879
2058850535;100880
2058870944;100881
2058891353;100882
2058911762;100883
2058932171;100884
2058952580;100885
2058972989;100886
2058993399;100887
2059013807;100888
2059034216;100889
2059054630;100890
2059075034;100891
2059095444;100892
2059115852;100893
2059136261;100894
2059156671;100895
2059177079;100896
2059197489;100897
2059217898;100898
2059238306;100899
2059258716;100900
2059279125;100901
2059299534;100902
2059319943;100903
2059340353;100904
2059360761;100905
2059381174;100906
2059401580;100907
2059421988;100908
2059442397;100909
2059462806;100910
2059483219;100911
2059503625;100912
2059524033;100913
2059544443;100914
2059564852;100915
2059585260;100916
2059605670;100917
2059626079;100918
2059646488;100919
2059666901;100920
2059687306;100921
2059707715;100922
2059728124;100923
2059748534;100924
2059768942;100925
2059789351;100926
2059809761;100927
2059830169;100928
2059850579;100929
2059870987;100930
2059891396;100931
2059911806;100932
2059932214;100933
2059952624;100934
2059973033;100935
2059993441;100936
2060013851;100937
2060034260;100938
2060054669;100939
2060075078;100940
2060095487;100941
2060115900;100942
2060136305;100943
2060156715;100944
2060177123;100945
2060197533;100946
2060217941;100947
2060238350;100948
2060258760;100949
2060279168;100950
2060299578;100951
2060319987;100952
2060340395;100953
2060360805;100954
2060381214;100955
2060401623;100956
2060422036;100957
2060442441;100958
2060462850;100959
2060483259;100960
2060503673;100961
2060524077;100962
2060544486;100963
2060564896;100964
2060585304;100965
2060605714;100966
2060626122;100967
2060646531;100968
2060666941;100969
2060687349;100970
2060707759;100971
2060728168;100972
2060748576;100973
2060768990;100974
2060789395;100975
2060809804;100976
2060830213;100977
2060850622;100978
2060871031;100979
2060891444;100980
2060911850;100981
2060932258;100982
2060952668;100983
2060973077;100984
2060993485;100985
2061013895;100986
2061034303;100987
2061054713;100988
2061075122;100989
2061095530;100990
2061115940;100991
2061136349;100992
2061156758;100993
2061177167;100994
2061197576;100995
2061217985;100996
2061238394;100997
2061258804;100998
2061279212;100999
2061299621;101000
2061320031;101001
2061340439;101002
2061360853;101003
2061381261;101004
2061401666;101005
2061422076;101006
2061442484;101007
2061462894;101008
2061483303;101009
2061503712;101010
2061524121;101011
2061544530;101012
2061564939;101013
2061585348;101014
2061605758;101015
2061626166;101016
2061646575;101017
2061666985;101018
2061687393;101019
2061707803;101020
2061728216;101021
2061748620;101022
2061769030;101023
2061789438;101024
2061809848;101025
2061830257;101026
2061850665;101027
2061871075;101028
2061891484;101029
2061911893;101030
2061932302;101031
2061952711;101032
2061973120;101033
2061993529;101034
2062013939;101035
2062034347;101036
2062054756;101037
2062075166;101038
2062095574;101039
2062115984;101040
2062136393;101041
2062156801;101042
2062177211;101043
2062197619;101044
2062218029;101045
2062238438;101046
2062258847;101047
2062279256;101048
2062299665;101049
2062320074;101050
2062340483;101051
2062360893;101052
2062381301;101053
2062401710;101054
2062422120;101055
2062442528;101056
2062462938;101057
2062483347;101058
2062503755;101059
2062524165;101060
2062544573;101061
2062564983;101062
2062585392;101063
2062605800;101064
2062626210;101065
2062646619;101066
2062667028;101067
2062687437;101068
2062707846;101069
2062728255;101070
2062748664;101071
2062769074;101072
2062789482;101073
2062809891;101074
2062830301;101075
2062850709;101076
2062871119;101077
2062891528;101078
2062911936;101079
2062932346;101080
2062952754;101081
2062973164;101082
2062993573;101083
2063013985;101084
2063034391;101085
2063054800;101086
2063075209;101087
2063095618;101088
2063116031;101089
2063136440;101090
2063156845;101091
2063177255;101092
2063197663;101093
2063218073;101094
2063238482;101095
2063258890;101096
2063279300;101097
2063299708;101098
2063320118;101099
2063340527;101100
2063360935;101101
2063381345;101102
2063401754;101103
2063422163;101104
2063442572;101105
2063462981;101106
2063483390;101107
2063503799;101108
2063524209;101109
2063544617;101110
2063565026;101111
2063585436;101112
2063605844;101113
2063626254;101114
2063646663;101115
2063667072;101116
2063687485;101117
2063707889;101118
2063728303;101119
2063748708;101120
2063769116;101121
2063789526;101122
2063809935;101123
2063830348;101124
2063850753;101125
2063871162;101126
2063891571;101127
2063911980;101128
2063932390;101129
2063952798;101130
2063973208;101131
2063993617;101132
2064014025;101133
2064034435;101134
2064054844;101135
2064075253;101136
2064095662;101137
2064116070;101138
2064136480;101139
2064156818;101140
2064177227;101141
2064197640;101142
2064218044;101143
2064238454;101144
2064258862;101145
2064279276;101146
2064299684;101147
2064320089;101148
2064340498;101149
2064360907;101150
2064381320;101151
2064401725;101152
2064422134;101153
2064442543;101154
2064462951;101155
2064483361;101156
2064503769;101157
2064524179;101158
2064544587;101159
2064564996;101160
2064585409;101161
2064605814;101162
2064626226;101163
2064646632;101164
2064667040;101165
2064687450;101166
2064707858;101167
2064728268;101168
2064748676;101169
2064769085;101170
2064789494;101171
2064809903;101172
2064830312;101173
2064850721;101174
2064871129;101175
2064891539;101176
2064911947;101177
2064932357;101178
2064952765;101179
2064973174;101180
2064993587;101181
2065013992;101182
2065034401;101183
2065054810;101184
2065075219;101185
2065095628;101186
2065116036;101187
2065136446;101188
2065156854;101189
2065177263;101190
2065197672;101191
2065218081;101192
2065238490;101193
2065258899;101194
2065279308;101195
2065299717;101196
2065320125;101197
2065340535;101198
2065360943;101199
2065381353;101200
2065401761;101201
2065422170;101202
2065442579;101203
2065462988;101204
2065483397;101205
2065503806;101206
2065524214;101207
2065544624;101208
2065565032;101209
2065585442;101210
2065605850;101211
2065626259;101212
2065646668;101213
2065667081;101214
2065687486;101215
2065707895;101216
2065728304;101217
2065748713;101218
2065769122;101219
2065789531;101220
2065809940;101221
2065830349;101222
2065850758;101223
2065871170;101224
2065891576;101225
2065911984;101226
2065932393;101227
2065952802;101228
2065973211;101229
2065993620;101230
2066014029;101231
2066034438;101232
2066054847;101233
2066075255;101234
2066095665;101235
2066116073;101236
2066136483;101237
2066156891;101238
2066177300;101239
2066197709;101240
2066218118;101241
2066238527;101242
2066258936;101243
2066279344;101244
2066299754;101245
2066320162;101246
2066340572;101247
2066360980;101248
2066381389;101249
2066401798;101250
2066422207;101251
2066442616;101252
2066463025;101253
2066483437;101254
2066503843;101255
2066524251;101256
2066544661;101257
2066565069;101258
2066585479;101259
2066605887;101260
2066626296;101261
2066646705;101262
2066667114;101263
2066687522;101264
2066707932;101265
2066728340;101266
2066748750;101267
2066769158;101268
2066789568;101269
2066809976;101270
2066830389;101271
2066850794;101272
2066871203;101273
2066891611;101274
2066912021;101275
2066932429;101276
2066952839;101277
2066973247;101278
2066993657;101279
2067014065;101280
2067034474;101281
2067054883;101282
2067075292;101283
2067095701;101284
2067116110;101285
2067136518;101286
2067156928;101287
2067177336;101288
2067197746;101289
2067218154;101290
2067238564;101291
2067258972;101292
2067279381;101293
2067299790;101294
2067320203;101295
2067340607;101296
2067361021;101297
2067381425;101298
2067401835;101299
2067422243;101300
2067442652;101301
2067463061;101302
2067483470;101303
2067503879;101304
2067524288;101305
2067544697;101306
2067565106;101307
2067585514;101308
2067605924;101309
2067626336;101310
2067646742;101311
2067667150;101312
2067687559;101313
2067707968;101314
2067728377;101315
2067748786;101316
2067769195;101317
2067789603;101318
2067810013;101319
2067830421;101320
2067850831;101321
2067871239;101322
2067891648;101323
2067912057;101324
2067932466;101325
2067952875;101326
2067973284;101327
2067993693;101328
2068014102;101329
2068034510;101330
2068054920;101331
2068075328;101332
2068095737;101333
2068116146;101334
2068136555;101335
2068156964;101336
2068177373;101337
2068197782;101338
2068218191;101339
2068238600;101340
2068259009;101341
2068279418;101342
2068299827;101343
2068320236;101344
2068340648;101345
2068361054;101346
2068381462;101347
2068401872;101348
2068422280;101349
2068442689;101350
2068463098;101351
2068483507;101352
2068503916;101353
2068524325;101354
2068544733;101355
2068565143;101356
2068585551;101357
2068605961;101358
2068626369;101359
2068646779;101360
2068667187;101361
2068687596;101362
2068708005;101363
2068728414;101364
2068748823;101365
2068769232;101366
2068789640;101367
2068810050;101368
2068830462;101369
2068850867;101370
2068871276;101371
2068891685;101372
2068912094;101373
2068932503;101374
2068952912;101375
2068973321;101376
2068993729;101377
2069014139;101378
2069034547;101379
2069054957;101380
2069075365;101381
2069095774;101382
2069116183;101383
2069136596;101384
2069157001;101385
2069177414;101386
2069197819;101387
2069218228;101388
2069238636;101389
2069259046;101390
2069279454;101391
2069299864;101392
2069320272;101393
2069340681;101394
2069361090;101395
2069381499;101396
2069401907;101397
2069422317;101398
2069442725;101399
2069463135;101400
2069483543;101401
2069503953;101402
2069524361;101403
2069544770;101404
2069565179;101405
2069585588;101406
2069605997;101407
2069626406;101408
2069646814;101409
2069667224;101410
2069687632;101411
2069708045;101412
2069728450;101413
2069748859;101414
2069769268;101415
2069789677;101416
2069810086;101417
2069830495;101418
2069850903;101419
2069871313;101420
2069891721;101421
2069912131;101422
2069932539;101423
2069952948;101424
2069973357;101425
2069993766;101426
2070014175;101427
2070034584;101428
2070054993;101429
2070075402;101430
2070095810;101431
2070116220;101432
2070136628;101433
2070157038;101434
2070177446;101435
2070197855;101436
2070218264;101437
2070238673;101438
2070259082;101439
2070279491;101440
2070299899;101441
2070320309;101442
2070340717;101443
2070361127;101444
2070381535;101445
2070401944;101446
2070422353;101447
2070442762;101448
2070463171;101449
2070483580;101450
2070503989;101451
2070524398;101452
2070544810;101453
2070565216;101454
2070585624;101455
2070606033;101456
2070626442;101457
2070646851;101458
2070667260;101459
2070687669;101460
2070708078;101461
2070728487;101462
2070748896;101463
2070769305;101464
2070789714;101465
2070810123;101466
2070830532;101467
2070850940;101468
2070871350;101469
2070891758;101470
2070912168;101471
2070932576;101472
2070952985;101473
2070973394;101474
2070993803;101475
2071014216;101476
2071034621;101477
2071055029;101478
2071075439;101479
2071095847;101480
2071116257;101481
2071136665;101482
2071157074;101483
2071177483;101484
2071197892;101485
2071218301;101486
2071238710;101487
2071259119;101488
2071279528;101489
2071299936;101490
2071320346;101491
2071340754;101492
2071361164;101493
2071381572;101494
2071401981;101495
2071422390;101496
2071442799;101497
2071463208;101498
2071483617;101499
2071504025;101500
2071524435;101501
2071544843;101502
2071565253;101503
2071585661;101504
2071606071;101505
2071626479;101506
2071646888;101507
2071667297;101508
2071687710;101509
2071708114;101510
2071728524;101511
2071748932;101512
2071769342;101513
2071789750;101514
2071810160;101515
2071830572;101516
2071850977;101517
2071871386;101518
2071891795;101519
2071912204;101520
2071932613;101521
2071953021;101522
2071973431;101523
2071993839;101524
2072014249;101525
2072034657;101526
2072055066;101527
2072075475;101528
2072095884;101529
2072116293;101530
2072136702;101531
2072157110;101532
2072177520;101533
2072197928;101534
2072218342;101535
2072238746;101536
2072259155;101537
2072279564;101538
2072299973;101539
2072320382;101540
2072340791;101541
2072361200;101542
2072381609;101543
2072402017;101544
2072422427;101545
2072442835;101546
2072463245;101547
2072483653;101548
2072504062;101549
2072524475;101550
2072544880;101551
2072565289;101552
2072585698;101553
2072606110;101554
2072626516;101555
2072646924;101556
2072667334;101557
2072687742;101558
2072708151;101559
2072728560;101560
2072748969;101561
2072769377;101562
2072789787;101563
2072810195;101564
2072830605;101565
2072851013;101566
2072871427;101567
2072891831;101568
2072912240;101569
2072932649;101570
2072953058;101571
2072973467;101572
2072993876;101573
2073014285;101574
2073034694;101575
2073055102;101576
2073075512;101577
2073095920;101578
2073116330;101579
2073136738;101580
2073157147;101581
2073177556;101582
2073197965;101583
2073218374;101584
2073238783;101585
2073259192;101586
2073279601;101587
2073300010;101588
2073320419;101589
2073340828;101590
2073361236;101591
2073381646;101592
2073402054;101593
2073422464;101594
2073442872;101595
2073463282;101596
2073483690;101597
2073504099;101598
2073524508;101599
2073544917;101600
2073565326;101601
2073585735;101602
2073606143;101603
2073626553;101604
2073646961;101605
2073667370;101606
2073687779;101607
2073708188;101608
2073728597;101609
2073749006;101610
2073769415;101611
2073789824;101612
2073810232;101613
2073830642;101614
2073851050;101615
2073871460;101616
2073891868;101617
2073912277;101618
2073932686;101619
2073953095;101620
2073973504;101621
2073993913;101622
2074014321;101623
2074034731;101624
2074055139;101625
2074075549;101626
2074095957;101627
2074116366;101628
2074136775;101629
2074157238;101630
2074177647;101631
2074198056;101632
2074218466;101633
2074238874;101634
2074259283;101635
2074279692;101636
2074300101;101637
2074320510;101638
2074340919;101639
2074361328;101640
2074381737;101641
2074402146;101642
2074422556;101643
2074442964;101644
2074463373;101645
2074483783;101646
2074504191;101647
2074524601;101648
2074545009;101649
2074565418;101650
2074585828;101651
2074606236;101652
2074626646;101653
2074647054;101654
2074667463;101655
2074687877;101656
2074708281;101657
2074728691;101658
2074749104;101659
2074769508;101660
2074789918;101661
2074810326;101662
2074830736;101663
2074851145;101664
2074871554;101665
2074891963;101666
2074912371;101667
2074932781;101668
2074953190;101669
2074973598;101670
2074994008;101671
2075014417;101672
2075034826;101673
2075055235;101674
2075075644;101675
2075096053;101676
2075116462;101677
2075136871;101678
2075157280;101679
2075177689;101680
2075198098;101681
2075218507;101682
2075238916;101683
2075259325;101684
2075279735;101685
2075300143;101686
2075320552;101687
2075340961;101688
2075361370;101689
2075381780;101690
2075402188;101691
2075422601;101692
2075443010;101693
2075463415;101694
2075483825;101695
2075504233;101696
2075524643;101697
2075545051;101698
2075565460;101699
2075585870;101700
2075606278;101701
2075626687;101702
2075647097;101703
2075667505;101704
2075687915;101705
2075708323;101706
2075728733;101707
2075749142;101708
2075769550;101709
2075789960;101710
2075810368;101711
2075830778;101712
2075851187;101713
2075871595;101714
2075892005;101715
2075912414;101716
2075932823;101717
2075953232;101718
2075973640;101719
2075994050;101720
