2508237299;122899
2508257704;122900
2508278117;122901
2508298526;122902
2508318931;122903
2508339340;122904
2508359750;122905
2508380158;122906
2508400567;122907
2508420976;122908
2508441385;122909
2508461794;122910
2508482207;122911
2508502611;122912
2508523021;122913
2508543430;122914
2508563839;122915
2508584248;122916
2508604657;122917
2508625066;122918
2508645474;122919
2508665888;122920
2508686292;122921
2508706702;122922
2508727115;122923
2508747519;122924
2508767929;122925
2508788337;122926
2508808747;122927
2508829155;122928
2508849565;122929
2508869974;122930
2508890382;122931
2508910792;122932
2508931200;122933
2508951614;122934
2508972018;122935
2508992428;122936
2509012836;122937
2509033245;122938
2509053655;122939
2509074067;122940
2509094473;122941
2509114881;122942
2509135294;122943
2509155699;122944
2509176108;122945
2509196518;122946
2509216926;122947
2509237336;122948
2509257744;122949
2509278153;122950
2509298562;122951
2509318971;122952
2509339380;122953
2509359789;122954
2509380202;122955
2509400607;122956
2509421016;122957
2509441425;122958
2509461834;122959
2509482243;122960
2509502652;122961
2509523061;122962
2509543470;122963
2509563879;122964
2509584288;122965
2509604697;122966
2509625106;122967
2509645515;122968
2509665923;122969
2509686333;122970
2509706742;122971
2509727151;122972
2509747560;122973
2509767968;122974
2509788378;122975
2509808786;122976
2509829196;122977
2509849608;122978
2509870017;122979
2509890423;122980
2509910831;122981
2509931241;122982
2509951653;122983
2509972059;122984
2509992467;122985
2510012877;122986
2510033290;122987
2510053694;122988
2510074104;122989
2510094512;122990
2510114922;122991
2510135330;122992
2510155739;122993
2510176148;122994
2510196561;122995
2510216967;122996
2510237375;122997
2510257784;122998
2510278193;122999
2510298606;123000
2510319011;123001
2510339420;123002
2510359830;123003
2510380238;123004
2510400647;123005
2510421056;123006
2510441465;123007
2510461874;123008
2510482283;123009
2510502692;123010
2510523101;123011
2510543510;123012
2510563919;123013
2510584328;123014
2510604737;123015
2510625146;123016
2510645554;123017
2510665964;123018
2510686372;123019
2510706782;123020
2510727191;123021
2510747600;123022
2510768009;123023
2510788417;123024
2510808827;123025
2510829235;123026
2510849645;123027
2510870054;123028
2510890463;123029
2510910872;123030
2510931280;123031
2510951690;123032
2510972098;123033
2510992508;123034
2511012916;123035
2511033325;123036
2511053735;123037
2511074143;123038
2511094553;123039
2511114961;123040
2511135370;123041
2511155779;123042
2511176188;123043
2511196598;123044
2511217006;123045
2511237416;123046
2511257824;123047
2511278233;123048
2511298642;123049
2511319051;123050
2511339460;123051
2511359869;123052
2511380282;123053
2511400687;123054
2511421096;123055
2511441505;123056
2511461914;123057
2511482323;123058
2511502732;123059
2511523141;123060
2511543550;123061
2511563959;123062
2511584368;123063
2511604777;123064
2511625186;123065
2511645599;123066
2511666003;123067
2511686413;123068
2511706822;123069
2511727231;123070
2511747640;123071
2511768049;123072
2511788458;123073
2511808866;123074
2511829276;123075
2511849684;123076
2511870094;123077
2511890503;123078
2511910911;123079
2511931321;123080
2511951729;123081
2511972139;123082
2511992547;123083
2512012957;123084
2512033366;123085
2512053774;123086
2512074184;123087
2512094592;123088
2512115002;123089
2512135410;123090
2512155819;123091
2512176228;123092
2512196641;123093
2512217047;123094
2512237455;123095
2512257865;123096
2512278273;123097
2512298682;123098
2512319091;123099
2512339500;123100
2512359910;123101
2512380318;123102
2512400728;123103
2512421136;123104
2512441545;123105
2512461954;123106
2512482363;123107
2512502772;123108
2512523181;123109
2512543591;123110
2512563999;123111
2512584408;123112
2512604817;123113
2512625226;123114
2512645635;123115
2512666044;123116
2512686452;123117
2512706866;123118
2512727271;123119
2512747680;123120
2512768089;123121
2512788497;123122
2512808907;123123
2512829315;123124
2512849725;123125
2512870134;123126
2512890546;123127
2512910956;123128
2512931360;123129
2512951770;123130
2512972178;123131
2512992588;123132
2513013000;123133
2513033409;123134
2513053815;123135
2513074223;123136
2513094633;123137
2513115041;123138
2513135451;123139
2513155859;123140
2513176268;123141
2513196678;123142
2513217090;123143
2513237500;123144
2513257904;123145
2513278314;123146
2513298722;123147
2513319131;123148
2513339540;123149
2513359949;123150
2513380359;123151
2513400767;123152
2513421177;123153
2513441585;123154
2513461994;123155
2513482403;123156
2513502812;123157
2513523222;123158
2513543630;123159
2513564039;123160
2513584448;123161
2513604857;123162
2513625266;123163
2513645675;123164
2513666084;123165
2513686493;123166
2513706902;123167
2513727311;123168
2513747720;123169
2513768129;123170
2513788538;123171
2513808947;123172
2513829356;123173
2513849764;123174
2513870174;123175
2513890583;123176
2513910992;123177
2513931401;123178
2513951809;123179
2513972219;123180
2513992627;123181
2514013037;123182
2514033446;123183
2514053855;123184
2514074264;123185
2514094672;123186
2514115086;123187
2514135490;123188
2514155900;123189
2514176342;123190
2514196751;123191
2514217160;123192
2514237568;123193
2514257978;123194
2514278387;123195
2514298796;123196
2514319205;123197
2514339617;123198
2514360023;123199
2514380432;123200
2514400841;123201
2514421250;123202
2514441660;123203
2514462068;123204
2514482477;123205
2514502887;123206
2514523295;123207
2514543705;123208
2514564113;123209
2514584522;123210
2514604932;123211
2514625340;123212
2514645750;123213
2514666159;123214
2514686568;123215
2514706977;123216
2514727385;123217
2514747795;123218
2514768204;123219
2514788613;123220
2514809022;123221
2514829432;123222
2514849840;123223
2514870249;123224
2514890658;123225
2514911067;123226
2514931481;123227
2514951885;123228
2514972295;123229
2514992704;123230
2515013112;123231
2515033522;123232
2515053930;123233
2515074343;123234
2515094749;123235
2515115157;123236
2515135567;123237
2515155976;123238
2515176385;123239
2515196794;123240
2515217203;123241
2515237612;123242
2515258021;123243
2515278430;123244
2515298839;123245
2515319249;123246
2515339657;123247
2515360066;123248
2515380476;123249
2515400884;123250
2515421294;123251
2515441706;123252
2515462112;123253
2515482521;123254
2515502929;123255
2515523339;123256
2515543748;123257
2515564157;123258
2515584566;123259
2515604974;123260
2515625384;123261
2515645793;123262
2515666202;123263
2515686611;123264
2515707021;123265
2515727429;123266
2515747838;123267
2515768247;123268
2515788656;123269
2515809066;123270
2515829474;123271
2515849884;123272
2515870293;123273
2515890701;123274
2515911111;123275
2515931520;123276
2515951929;123277
2515972338;123278
2515992746;123279
2516013160;123280
2516033565;123281
2516053974;123282
2516074383;123283
2516094793;123284
2516115201;123285
2516135614;123286
2516156023;123287
2516176428;123288
2516196838;123289
2516217246;123290
2516237656;123291
2516258065;123292
2516278473;123293
2516298883;123294
2516319291;123295
2516339701;123296
2516360110;123297
2516380518;123298
2516400928;123299
2516421337;123300
2516441746;123301
2516462159;123302
2516482564;123303
2516502973;123304
2516523382;123305
2516543791;123306
2516564200;123307
2516584614;123308
2516605018;123309
2516625427;123310
2516645837;123311
2516666245;123312
2516686655;123313
2516707063;123314
2516727473;123315
2516747882;123316
2516768290;123317
2516788700;123318
2516809109;123319
2516829518;123320
2516849927;123321
2516870336;123322
2516890745;123323
2516911154;123324
2516931563;123325
2516951972;123326
2516972382;123327
2516992790;123328
2517013199;123329
2517033608;123330
2517054017;123331
2517074427;123332
2517094835;123333
2517115249;123334
2517135654;123335
2517156062;123336
2517176472;123337
2517196880;123338
2517217294;123339
2517237699;123340
2517258107;123341
2517278517;123342
2517298926;123343
2517319335;123344
2517339744;123345
2517360154;123346
2517380562;123347
2517400971;123348
2517421384;123349
2517441789;123350
2517462199;123351
2517482607;123352
2517503017;123353
2517523426;123354
2517543834;123355
2517564244;123356
2517584652;123357
2517605062;123358
2517625475;123359
2517645879;123360
2517666289;123361
2517686698;123362
2517707107;123363
2517727516;123364
2517747925;123365
2517768334;123366
2517788743;123367
2517809152;123368
2517829561;123369
2517849971;123370
2517870379;123371
2517890792;123372
2517911197;123373
2517931610;123374
2517952016;123375
2517972424;123376
2517992834;123377
2518013243;123378
2518033651;123379
2518054061;123380
2518074470;123381
2518094879;123382
2518115288;123383
2518135697;123384
2518156106;123385
2518176515;123386
2518196924;123387
2518217333;123388
2518237743;123389
2518258151;123390
2518278560;123391
2518298969;123392
2518319378;123393
2518339788;123394
2518360196;123395
2518380606;123396
2518401015;123397
2518421423;123398
2518441833;123399
2518462245;123400
2518482651;123401
2518503060;123402
2518523469;123403
2518543878;123404
2518564287;123405
2518584696;123406
2518605105;123407
2518625514;123408
2518645923;123409
2518666332;123410
2518686741;123411
2518707150;123412
2518727560;123413
2518747968;123414
2518768378;123415
2518788791;123416
2518809195;123417
2518829605;123418
2518850013;123419
2518870423;123420
2518890832;123421
2518911241;123422
2518931650;123423
2518952059;123424
2518972468;123425
2518992877;123426
2519013286;123427
2519033695;123428
2519054104;123429
2519074513;123430
2519094922;123431
2519115332;123432
2519135744;123433
2519156150;123434
2519176558;123435
2519196967;123436
2519217377;123437
2519237785;123438
2519258195;123439
2519278604;123440
2519299013;123441
2519319422;123442
2519339830;123443
2519360240;123444
2519380649;123445
2519401058;123446
2519421467;123447
2519441876;123448
2519462289;123449
2519482698;123450
2519503104;123451
2519523512;123452
2519543922;123453
2519564334;123454
2519584739;123455
2519605149;123456
2519625557;123457
2519645967;123458
2519666376;123459
2519686785;123460
2519707194;123461
2519727602;123462
2519748012;123463
2519768421;123464
2519788830;123465
2519809239;123466
2519829648;123467
2519850057;123468
2519870466;123469
2519890875;123470
2519911284;123471
2519931697;123472
2519952102;123473
2519972511;123474
2519992921;123475
2520013329;123476
2520033739;123477
2520054147;123478
2520074557;123479
2520094966;123480
2520115374;123481
2520135784;123482
2520156193;123483
2520176606;123484
2520197011;123485
2520217420;123486
2520237829;123487
2520258238;123488
2520278647;123489
2520299056;123490
2520319466;123491
2520339874;123492
2520360283;123493
2520380693;123494
2520401105;123495
2520421511;123496
2520441919;123497
2520462328;123498
2520482738;123499
2520503146;123500
2520523556;123501
2520543965;123502
2520564374;123503
2520584783;123504
2520605191;123505
2520625601;123506
2520646010;123507
2520666419;123508
2520686828;123509
2520707238;123510
2520727646;123511
2520748055;123512
2520768464;123513
2520788873;123514
2520809283;123515
2520829695;123516
2520850100;123517
2520870510;123518
2520890918;123519
2520911328;123520
2520931741;123521
2520952146;123522
2520972555;123523
2520992963;123524
2521013373;123525
2521033782;123526
2521054191;123527
2521074600;123528
2521095010;123529
2521115418;123530
2521135827;123531
2521156240;123532
2521176645;123533
2521197055;123534
2521217463;123535
2521237876;123536
2521258282;123537
2521278690;123538
2521299100;123539
2521319508;123540
2521339917;123541
2521360327;123542
2521380735;123543
2521401145;123544
2521421558;123545
2521441963;123546
2521462376;123547
2521482780;123548
2521503190;123549
2521523599;123550
2521544008;123551
2521564417;123552
2521584827;123553
2521605235;123554
2521625644;123555
2521646054;123556
2521666462;123557
2521686876;123558
2521707280;123559
2521727690;123560
2521748099;123561
2521768507;123562
2521788917;123563
2521809326;123564
2521829735;123565
2521850144;123566
2521870552;123567
2521890966;123568
2521911371;123569
2521931784;123570
2521952189;123571
2521972599;123572
2521993007;123573
2522013416;123574
2522033825;123575
2522054234;123576
2522074644;123577
2522095052;123578
2522115462;123579
2522135871;123580
2522156279;123581
2522176689;123582
2522197097;123583
2522217507;123584
2522237916;123585
2522258324;123586
2522278734;123587
2522299143;123588
2522319552;123589
2522339961;123590
2522360371;123591
2522380779;123592
2522401188;123593
2522421597;123594
2522442006;123595
2522462416;123596
2522482824;123597
2522503233;123598
2522523643;123599
2522544051;123600
2522564461;123601
2522584869;123602
2522605279;123603
2522625688;123604
2522646096;123605
2522666506;123606
2522686915;123607
2522707324;123608
2522727733;123609
2522748142;123610
2522768551;123611
2522788960;123612
2522809369;123613
2522829778;123614
2522850188;123615
2522870596;123616
2522891005;123617
2522911414;123618
2522931823;123619
2522952233;123620
2522972641;123621
2522993051;123622
2523013460;123623
2523033868;123624
2523054278;123625
2523074687;123626
2523095096;123627
2523115509;123628
2523135913;123629
2523156323;123630
2523176732;123631
2523197141;123632
2523217550;123633
2523237960;123634
2523258368;123635
2523278777;123636
2523299186;123637
2523319595;123638
2523340005;123639
2523360413;123640
2523380823;123641
2523401232;123642
2523421640;123643
2523442050;123644
2523462458;123645
2523482868;123646
2523503277;123647
2523523685;123648
2523544095;123649
2523564504;123650
2523584913;123651
2523605322;123652
2523625731;123653
2523646140;123654
2523666549;123655
2523686958;123656
2523707367;123657
2523727777;123658
2523748185;123659
2523768595;123660
2523789004;123661
2523809412;123662
2523829826;123663
2523850230;123664
2523870640;123665
2523891049;123666
2523911458;123667
2523931867;123668
2523952276;123669
2523972685;123670
2523993094;123671
2524013503;123672
2524033912;123673
2524054321;123674
2524074730;123675
2524095139;123676
2524115549;123677
2524135957;123678
2524156366;123679
2524176705;123680
2524197113;123681
2524217522;123682
2524237931;123683
2524258340;123684
2524278749;123685
2524299157;123686
2524319567;123687
2524339979;123688
2524360385;123689
2524380793;123690
2524401203;123691
2524421611;123692
2524442020;123693
2524462429;123694
2524482838;123695
2524503247;123696
2524523656;123697
2524544065;123698
2524564474;123699
2524584882;123700
2524605292;123701
2524625700;123702
2524646110;123703
2524666518;123704
2524686927;123705
2524707336;123706
2524727745;123707
2524748154;123708
2524768562;123709
2524788972;123710
2524809380;123711
2524829789;123712
2524850202;123713
2524870607;123714
2524891016;123715
2524911425;123716
2524931834;123717
2524952243;123718
2524972651;123719
2524993061;123720
2525013469;123721
2525033883;123722
2525054287;123723
2525074696;123724
2525095105;123725
2525115514;123726
2525135923;123727
2525156336;123728
2525176740;123729
2525197150;123730
2525217558;123731
2525237968;123732
2525258376;123733
2525278786;123734
2525299194;123735
2525319603;123736
2525340012;123737
2525360421;123738
2525380830;123739
2525401238;123740
2525421648;123741
2525442056;123742
2525462469;123743
2525482874;123744
2525503283;123745
2525523692;123746
2525544101;123747
2525564509;123748
2525584919;123749
2525605331;123750
2525625737;123751
2525646145;123752
2525666555;123753
2525686963;123754
2525707372;123755
2525727781;123756
2525748190;123757
2525768599;123758
2525789008;123759
2525809417;123760
2525829826;123761
2525850234;123762
2525870644;123763
2525891052;123764
2525911462;123765
2525931870;123766
2525952280;123767
2525972692;123768
2525993097;123769
2526013506;123770
2526033914;123771
2526054324;123772
2526074732;123773
2526095141;123774
2526115550;123775
2526135959;123776
2526156368;123777
2526176777;123778
2526197185;123779
2526217595;123780
2526238007;123781
2526258413;123782
2526278821;123783
2526299231;123784
2526319643;123785
2526340048;123786
2526360457;123787
2526380866;123788
2526401275;123789
2526421688;123790
2526442093;123791
2526462506;123792
2526482910;123793
2526503320;123794
2526523728;123795
2526544138;123796
2526564546;123797
2526584955;123798
2526605364;123799
2526625773;123800
2526646182;123801
2526666590;123802
2526687000;123803
2526707408;123804
2526727817;123805
2526748226;123806
2526768635;123807
2526789044;123808
2526809453;123809
2526829861;123810
2526850271;123811
2526870679;123812
2526891089;123813
2526911497;123814
2526931907;123815
2526952315;123816
2526972725;123817
2526993133;123818
2527013542;123819
2527033951;123820
2527054360;123821
2527074769;123822
2527095178;123823
2527115586;123824
2527135996;123825
2527156404;123826
2527176814;123827
2527197222;123828
2527217631;123829
2527238044;123830
2527258448;123831
2527278858;123832
2527299266;123833
2527319676;123834
2527340084;123835
2527360493;123836
2527380902;123837
2527401311;123838
2527421720;123839
2527442129;123840
2527462541;123841
2527482947;123842
2527503355;123843
2527523765;123844
2527544173;123845
2527564583;123846
2527584995;123847
2527605400;123848
2527625809;123849
2527646218;123850
2527666627;123851
2527687040;123852
2527707445;123853
2527727854;123854
2527748266;123855
2527768672;123856
2527789084;123857
2527809490;123858
2527829898;123859
2527850307;123860
2527870716;123861
2527891124;123862
2527911534;123863
2527931942;123864
2527952355;123865
2527972760;123866
2527993169;123867
2528013578;123868
2528033987;123869
2528054396;123870
2528074805;123871
2528095214;123872
2528115623;123873
2528136031;123874
2528156441;123875
2528176849;123876
2528197263;123877
2528217667;123878
2528238076;123879
2528258485;123880
2528278894;123881
2528299303;123882
2528319712;123883
2528340121;123884
2528360530;123885
2528380938;123886
2528401348;123887
2528421756;123888
2528442166;123889
2528462574;123890
2528482983;123891
2528503392;123892
2528523800;123893
2528544210;123894
2528564618;123895
2528585028;123896
2528605436;123897
2528625845;123898
2528646254;123899
2528666667;123900
2528687072;123901
2528707481;123902
2528727889;123903
2528748299;123904
2528768707;123905
2528789117;123906
2528809525;123907
2528829935;123908
2528850343;123909
2528870752;123910
2528891161;123911
2528911570;123912
2528931979;123913
2528952388;123914
2528972800;123915
2528993210;123916
2529013614;123917
2529034024;123918
2529054432;123919
2529074842;123920
2529095254;123921
2529115659;123922
2529136068;123923
2529156476;123924
2529176890;123925
2529197294;123926
2529217704;123927
2529238112;123928
2529258521;123929
2529278930;123930
2529299343;123931
2529319748;123932
2529340157;123933
2529360566;123934
2529380975;123935
2529401383;123936
2529421793;123937
2529442201;123938
2529462611;123939
2529483019;123940
2529503428;123941
2529523837;123942
2529544246;123943
2529564655;123944
2529585064;123945
2529605473;123946
2529625882;123947
2529646290;123948
2529666700;123949
2529687108;123950
2529707518;123951
2529727926;123952
2529748335;123953
2529768744;123954
2529789152;123955
2529809562;123956
2529829970;123957
2529850380;123958
2529870788;123959
2529891197;123960
2529911606;123961
2529932015;123962
2529952424;123963
2529972837;123964
2529993245;123965
2530013651;123966
2530034059;123967
2530054469;123968
2530074881;123969
2530095287;123970
2530115699;123971
2530136104;123972
2530156513;123973
2530176922;123974
2530197331;123975
2530217740;123976
2530238148;123977
2530258558;123978
2530278966;123979
2530299380;123980
2530319784;123981
2530340194;123982
2530360602;123983
2530381010;123984
2530401420;123985
2530421832;123986
2530442238;123987
2530462646;123988
2530483056;123989
2530503464;123990
2530523873;123991
2530544282;123992
2530564691;123993
2530585100;123994
2530605509;123995
2530625918;123996
2530646327;123997
2530666735;123998
2530687145;123999
2530707553;124000
2530727963;124001
2530748371;124002
2530768780;124003
2530789189;124004
2530809598;124005
2530830007;124006
2530850416;124007
2530870825;124008
2530891234;124009
2530911642;124010
2530932052;124011
2530952460;124012
2530972870;124013
2530993278;124014
2531013686;124015
2531034096;124016
2531054504;124017
2531074914;124018
2531095322;124019
2531115731;124020
2531136140;124021
2531156553;124022
2531176958;124023
2531197367;124024
2531217776;124025
2531238185;124026
2531258593;124027
2531279007;124028
2531299411;124029
2531319821;124030
2531340229;124031
2531360639;124032
2531381047;124033
2531401456;124034
2531421865;124035
2531442274;124036
2531462683;124037
2531483096;124038
2531503500;124039
2531523914;124040
2531544318;124041
2531564728;124042
2531585136;124043
2531605546;124044
2531625954;124045
2531646362;124046
2531666772;124047
2531687184;124048
2531707590;124049
2531727998;124050
2531748411;124051
2531768816;124052
2531789225;124053
2531809634;124054
2531830043;124055
2531850452;124056
2531870861;124057
2531891269;124058
2531911683;124059
2531932087;124060
2531952497;124061
2531972905;124062
2531993315;124063
2532013723;124064
2532034132;124065
2532054541;124066
2532074950;124067
2532095359;124068
2532115768;124069
2532136177;124070
2532156586;124071
2532176994;124072
2532197404;124073
2532217812;124074
2532238222;124075
2532258630;124076
2532279038;124077
2532299448;124078
2532319856;124079
2532340266;124080
2532360674;124081
2532381088;124082
2532401492;124083
2532421901;124084
2532442310;124085
2532462719;124086
2532483128;124087
2532503537;124088
2532523946;124089
2532544355;124090
2532564763;124091
2532585173;124092
2532605581;124093
2532625991;124094
2532646399;124095
2532666808;124096
2532687221;124097
2532707626;124098
2532728035;124099
2532748444;124100
2532768853;124101
2532789262;124102
2532809670;124103
2532830080;124104
2532850488;124105
2532870898;124106
2532891306;124107
2532911714;124108
2532932124;124109
2532952532;124110
2532972942;124111
2532993354;124112
2533013760;124113
2533034168;124114
2533054577;124115
2533074986;124116
2533095395;124117
2533115804;124118
2533136213;124119
2533156622;124120
2533177035;124121
2533197439;124122
2533217849;124123
2533238257;124124
2533258671;124125
2533279075;124126
2533299484;124127
2533319893;124128
2533340302;124129
2533360711;124130
2533381120;124131
2533401528;124132
2533421938;124133
2533442346;124134
2533462756;124135
2533483164;124136
2533503573;124137
2533523982;124138
2533544390;124139
2533564800;124140
2533585208;124141
2533605622;124142
2533626026;124143
2533646436;124144
2533666848;124145
2533687253;124146
2533707662;124147
2533728071;124148
2533748480;124149
2533768889;124150
2533789298;124151
2533809707;124152
2533830115;124153
2533850525;124154
2533870933;124155
2533891343;124156
2533911751;124157
2533932160;124158
2533952569;124159
2533972978;124160
2533993387;124161
2534013796;124162
2534034205;124163
2534054614;124164
2534075022;124165
2534095432;124166
2534115840;124167
2534136249;124168
2534156658;124169
2534177171;124170
2534197580;124171
2534217989;124172
2534238403;124173
2534258807;124174
2534279217;124175
2534299626;124176
2534320034;124177
2534340444;124178
2534360853;124179
2534381262;124180
2534401671;124181
2534422081;124182
2534442489;124183
2534462898;124184
2534483312;124185
2534503717;124186
2534524130;124187
2534544535;124188
2534564944;124189
2534585353;124190
2534605766;124191
2534626172;124192
2534646580;124193
2534666990;124194
2534687399;124195
2534707808;124196
2534728221;124197
2534748626;124198
2534769036;124199
2534789444;124200
2534809853;124201
2534830263;124202
2534850671;124203
2534871081;124204
2534891490;124205
2534911899;124206
2534932308;124207
2534952717;124208
2534973127;124209
2534993535;124210
2535013945;124211
2535034354;124212
2535054763;124213
2535075172;124214
2535095581;124215
2535115990;124216
2535136399;124217
2535156809;124218
2535177218;124219
2535197630;124220
2535218036;124221
2535238449;124222
2535258854;124223
2535279263;124224
2535299673;124225
2535320081;124226
2535340490;124227
2535360900;124228
2535381312;124229
2535401718;124230
2535422127;124231
2535442537;124232
2535462945;124233
2535483354;124234
2535503764;124235
2535524172;124236
2535544582;124237
2535564991;124238
2535585399;124239
2535605809;124240
2535626218;124241
2535646628;124242
2535667036;124243
2535687446;124244
2535707855;124245
2535728263;124246
2535748673;124247
2535769082;124248
2535789491;124249
2535809900;124250
2535830309;124251
2535850718;124252
2535871131;124253
2535891537;124254
2535911946;124255
2535932355;124256
2535952764;124257
2535973173;124258
2535993582;124259
2536013991;124260
2536034401;124261
2536054813;124262
2536075219;124263
2536095628;124264
2536116041;124265
2536136446;124266
2536156855;124267
2536177265;124268
2536197673;124269
2536218082;124270
2536238492;124271
2536258900;124272
2536279310;124273
2536299719;124274
2536320129;124275
2536340537;124276
2536360946;124277
2536381356;124278
2536401764;124279
2536422174;124280
2536442583;124281
2536462991;124282
2536483401;124283
2536503810;124284
2536524219;124285
2536544628;124286
2536565038;124287
2536585447;124288
2536605856;124289
2536626265;124290
2536646674;124291
2536667083;124292
2536687492;124293
2536707902;124294
2536728310;124295
2536748719;124296
2536769129;124297
2536789538;124298
2536809947;124299
2536830356;124300
2536850766;124301
2536871174;124302
2536891583;124303
2536911993;124304
2536932401;124305
2536952811;124306
2536973220;124307
2536993628;124308
2537014038;124309
2537034447;124310
2537054857;124311
2537075265;124312
2537095674;124313
2537116084;124314
2537136492;124315
2537156902;124316
2537177311;124317
2537197720;124318
2537218129;124319
2537238539;124320
2537258948;124321
2537279356;124322
2537299766;124323
2537320175;124324
2537340584;124325
2537360993;124326
2537381402;124327
2537401811;124328
2537422220;124329
2537442630;124330
2537463038;124331
2537483448;124332
2537503857;124333
2537524266;124334
2537544675;124335
2537565084;124336
2537585494;124337
2537605902;124338
2537626311;124339
2537646721;124340
2537667129;124341
2537687539;124342
2537707948;124343
2537728358;124344
2537748766;124345
2537769175;124346
2537789585;124347
2537809993;124348
2537830403;124349
2537850812;124350
2537871220;124351
2537891630;124352
2537912039;124353
2537932448;124354
2537952857;124355
2537973267;124356
2537993676;124357
2538014084;124358
2538034494;124359
2538054903;124360
2538075312;124361
2538095721;124362
2538116131;124363
2538136539;124364
2538156948;124365
2538177362;124366
2538197767;124367
2538218180;124368
2538238585;124369
2538258994;124370
2538279403;124371
2538299812;124372
2538320222;124373
2538340630;124374
2538361040;124375
2538381449;124376
2538401858;124377
2538422267;124378
2538442676;124379
2538463086;124380
2538483494;124381
2538503904;124382
2538524313;124383
2538544721;124384
2538565131;124385
2538585540;124386
2538605949;124387
2538626358;124388
2538646768;124389
2538667177;124390
2538687589;124391
2538707995;124392
2538728404;124393
2538748813;124394
2538769222;124395
2538789631;124396
2538810040;124397
2538830449;124398
2538850859;124399
2538871267;124400
2538891677;124401
2538912086;124402
2538932495;124403
2538952904;124404
2538973317;124405
2538993723;124406
2539014131;124407
2539034540;124408
2539054950;124409
2539075358;124410
2539095768;124411
2539116177;124412
2539136587;124413
2539156995;124414
2539177404;124415
2539197814;124416
2539218226;124417
2539238632;124418
2539259041;124419
2539279449;124420
2539299859;124421
2539320268;124422
2539340677;124423
2539361086;124424
2539381496;124425
2539401905;124426
2539422314;124427
2539442723;124428
2539463132;124429
2539483541;124430
2539503950;124431
2539524360;124432
2539544768;124433
2539565177;124434
2539585587;124435
2539605996;124436
2539626405;124437
2539646814;124438
2539667223;124439
2539687632;124440
2539708041;124441
2539728451;124442
2539748859;124443
2539769269;124444
2539789678;124445
2539810087;124446
2539830496;124447
2539850909;124448
2539871315;124449
2539891723;124450
2539912133;124451
2539932542;124452
2539952950;124453
2539973360;124454
2539993769;124455
2540014178;124456
2540034587;124457
2540054996;124458
2540075406;124459
2540095814;124460
2540116224;124461
2540136633;124462
2540157042;124463
2540177451;124464
2540197860;124465
2540218269;124466
2540238678;124467
2540259088;124468
2540279497;124469
2540299906;124470
2540320315;124471
2540340724;124472
2540361133;124473
2540381542;124474
2540401952;124475
2540422360;124476
2540442770;124477
2540463179;124478
2540483587;124479
2540503997;124480
2540524406;124481
2540544816;124482
2540565224;124483
2540585633;124484
2540606047;124485
2540626451;124486
2540646861;124487
2540667270;124488
2540687679;124489
2540708088;124490
2540728497;124491
2540748907;124492
2540769315;124493
2540789725;124494
2540810134;124495
2540830546;124496
2540850952;124497
2540871361;124498
2540891770;124499
2540912179;124500
2540932589;124501
2540952997;124502
2540973406;124503
2540993816;124504
2541014225;124505
2541034634;124506
2541055043;124507
2541075456;124508
2541095861;124509
2541116274;124510
2541136680;124511
2541157088;124512
2541177498;124513
2541197907;124514
2541218316;124515
2541238725;124516
2541259134;124517
2541279544;124518
2541299952;124519
2541320362;124520
2541340771;124521
2541361179;124522
2541381589;124523
2541401998;124524
2541422407;124525
2541442816;124526
2541463225;124527
2541483635;124528
2541504043;124529
2541524453;124530
2541544862;124531
2541565271;124532
2541585680;124533
2541606089;124534
2541626498;124535
2541646911;124536
2541667317;124537
2541687726;124538
2541708135;124539
2541728544;124540
2541748953;124541
2541769362;124542
2541789771;124543
2541810181;124544
2541830589;124545
2541850998;124546
2541871408;124547
2541891816;124548
2541912226;124549
2541932635;124550
2541953049;124551
2541973453;124552
2541993862;124553
2542014272;124554
2542034680;124555
2542055090;124556
2542075499;124557
2542095907;124558
2542116317;124559
2542136726;124560
2542157136;124561
2542177548;124562
2542197954;124563
2542218363;124564
2542238771;124565
2542259181;124566
2542279594;124567
2542299999;124568
2542320408;124569
2542340818;124570
2542361226;124571
2542381635;124572
2542402045;124573
2542422454;124574
2542442863;124575
2542463272;124576
2542483681;124577
2542504090;124578
2542524499;124579
2542544909;124580
2542565317;124581
2542585727;124582
2542606136;124583
2542626545;124584
2542646954;124585
2542667363;124586
2542687773;124587
2542708181;124588
2542728591;124589
2542749000;124590
2542769408;124591
2542789818;124592
2542810227;124593
2542830636;124594
2542851049;124595
2542871454;124596
2542891864;124597
2542912272;124598
2542932682;124599
2542953091;124600
2542973499;124601
2542993909;124602
2543014318;124603
2543034727;124604
2543055136;124605
2543075546;124606
2543095955;124607
2543116363;124608
2543136773;124609
2543157182;124610
2543177591;124611
2543198000;124612
2543218410;124613
2543238818;124614
2543259227;124615
2543279637;124616
2543300046;124617
2543320455;124618
2543340864;124619
2543361273;124620
2543381682;124621
2543402091;124622
2543422505;124623
2543442909;124624
2543463319;124625
2543483728;124626
2543504136;124627
2543524546;124628
2543544955;124629
2543565365;124630
2543585773;124631
2543606186;124632
2543626592;124633
2543647000;124634
2543667410;124635
2543687819;124636
2543708228;124637
2543728637;124638
2543749046;124639
2543769456;124640
2543789864;124641
2543810274;124642
2543830683;124643
2543851091;124644
2543871501;124645
2543891910;124646
2543912319;124647
2543932728;124648
2543953138;124649
2543973546;124650
2543993955;124651
2544014365;124652
2544034774;124653
2544055183;124654
2544075592;124655
2544096002;124656
2544116414;124657
2544136819;124658
2544157229;124659
2544177637;124660
2544197918;124661
2544218326;124662
2544238736;124663
2544259144;124664
2544279553;124665
2544299962;124666
2544320370;124667
2544340784;124668
2544361188;124669
2544381597;124670
2544402006;124671
2544422415;124672
2544442824;124673
2544463237;124674
2544483641;124675
2544504050;124676
2544524459;124677
2544544868;124678
2544565277;124679
2544585686;124680
2544606095;124681
2544626503;124682
2544646912;124683
2544667321;124684
2544687730;124685
2544708139;124686
2544728548;124687
2544748957;124688
2544769365;124689
2544789774;124690
2544810183;124691
2544830592;124692
2544851001;124693
2544871410;124694
2544891819;124695
2544912227;124696
2544932636;124697
2544953049;124698
2544973454;124699
2544993863;124700
2545014275;124701
2545034681;124702
2545055089;124703
2545075498;124704
2545095907;124705
2545116316;124706
2545136725;124707
2545157133;124708
2545177547;124709
2545197951;124710
2545218361;124711
2545238769;124712
2545259181;124713
2545279587;124714
2545299995;124715
2545320405;124716
2545340813;124717
2545361223;124718
2545381631;124719
2545402039;124720
2545422449;124721
2545442857;124722
2545463267;124723
2545483675;124724
2545504084;124725
2545524493;124726
2545544901;124727
2545565311;124728
2545585719;124729
2545606129;124730
2545626541;124731
2545646946;124732
2545667355;124733
2545687763;124734
2545708177;124735
2545728581;124736
2545748991;124737
2545769399;124738
2545789812;124739
2545810217;124740
2545830625;124741
2545851035;124742
2545871443;124743
2545891853;124744
2545912261;124745
2545932670;124746
2545953079;124747
2545973492;124748
2545993901;124749
2546014305;124750
2546034714;124751
2546055123;124752
2546075532;124753
2546095941;124754
2546116350;124755
2546136759;124756
2546157167;124757
2546177576;124758
2546197985;124759
2546218394;124760
2546238803;124761
2546259212;124762
2546279620;124763
2546300029;124764
2546320438;124765
2546340851;124766
2546361256;124767
2546381665;124768
2546402074;124769
2546422482;124770
2546442891;124771
2546463300;124772
2546483713;124773
2546504118;124774
2546524527;124775
2546544936;124776
2546565344;124777
2546585754;124778
2546606162;124779
2546626571;124780
2546646980;124781
2546667388;124782
2546687798;124783
2546708206;124784
2546728616;124785
2546749028;124786
2546769433;124787
2546789842;124788
2546810250;124789
2546830660;124790
2546851068;124791
2546871478;124792
2546891886;124793
2546912295;124794
2546932704;124795
2546953112;124796
2546973522;124797
2546993930;124798
2547014340;124799
2547034748;124800
2547055156;124801
2547075566;124802
2547095974;124803
2547116384;124804
2547136792;124805
2547157202;124806
2547177610;124807
2547198022;124808
2547218428;124809
2547238836;124810
2547259246;124811
2547279654;124812
2547300063;124813
2547320472;124814
2547340881;124815
2547361290;124816
2547381698;124817
2547402108;124818
2547422516;124819
2547442925;124820
2547463334;124821
2547483743;124822
2547504156;124823
2547524560;124824
2547544970;124825
2547565378;124826
2547585787;124827
2547606196;124828
2547626605;124829
2547647014;124830
2547667422;124831
2547687831;124832
2547708240;124833
2547728649;124834
2547749058;124835
2547769467;124836
2547789876;124837
2547810284;124838
2547830693;124839
2547851102;124840
2547871515;124841
2547891920;124842
2547912329;124843
2547932741;124844
2547953146;124845
2547973555;124846
2547993964;124847
2548014373;124848
2548034782;124849
2548055191;124850
2548075599;124851
2548096009;124852
2548116417;124853
2548136830;124854
2548157239;124855
2548177644;124856
2548198053;124857
2548218461;124858
2548238871;124859
2548259283;124860
2548279688;124861
2548300097;124862
2548320506;124863
2548340915;124864
2548361323;124865
2548381733;124866
2548402141;124867
2548422550;124868
2548442959;124869
2548463367;124870
2548483781;124871
2548504185;124872
2548524595;124873
2548545003;124874
2548565412;124875
2548585821;124876
2548606229;124877
2548626639;124878
2548647047;124879
2548667457;124880
2548687865;124881
2548708275;124882
2548728683;124883
2548749091;124884
2548769501;124885
2548789909;124886
2548810319;124887
2548830727;124888
2548851136;124889
2548871545;124890
2548891953;124891
2548912363;124892
2548932771;124893
2548953180;124894
2548973589;124895
2548993998;124896
2549014407;124897
2549034815;124898
2549055225;124899
2549075633;124900
2549096042;124901
2549116451;124902
2549136860;124903
2549157269;124904
2549177677;124905
2549198087;124906
2549218495;124907
2549238904;124908
2549259313;124909
2549279722;124910
2549300131;124911
2549320539;124912
2549340948;124913
2549361357;124914
2549381766;124915
2549402175;124916
2549422584;124917
2549442993;124918
2549463402;124919
2549483810;124920
2549504223;124921
2549524628;124922
2549545041;124923
2549565446;124924
2549585855;124925
2549606264;124926
2549626672;124927
2549647081;124928
2549667490;124929
2549687899;124930
2549708308;124931
2549728716;124932
2549749126;124933
2549769534;124934
2549789943;124935
2549810352;124936
2549830761;124937
2549851170;124938
2549871578;124939
2549891988;124940
2549912396;124941
2549932805;124942
2549953218;124943
2549973623;124944
2549994032;124945
2550014440;124946
2550034850;124947
2550055258;124948
2550075667;124949
2550096076;124950
2550116484;124951
2550136894;124952
2550157302;124953
2550177712;124954
2550198120;124955
2550218529;124956
2550238938;124957
2550259346;124958
2550279756;124959
2550300164;124960
2550320574;124961
2550340982;124962
2550361391;124963
2550381800;124964
2550402212;124965
2550422618;124966
2550443026;124967
2550463436;124968
2550483844;124969
2550504257;124970
2550524662;124971
2550545070;124972
2550565480;124973
2550585888;124974
2550606297;124975
2550626706;124976
2550647115;124977
2550667524;124978
2550687932;124979
2550708342;124980
2550728750;124981
2550749159;124982
2550769568;124983
2550789977;124984
2550810386;124985
2550830794;124986
2550851204;124987
2550871612;124988
2550892021;124989
2550912434;124990
2550932843;124991
2550953248;124992
2550973657;124993
2550994065;124994
2551014474;124995
2551034883;124996
2551055292;124997
2551075701;124998
2551096110;124999
2551116519;125000
2551136927;125001
2551157336;125002
2551177745;125003
2551198158;125004
2551218563;125005
2551238971;125006
2551259381;125007
2551279789;125008
2551300198;125009
2551320607;125010
2551341016;125011
2551361425;125012
2551381833;125013
2551402243;125014
2551422651;125015
2551443060;125016
2551463469;125017
2551483878;125018
2551504287;125019
2551524695;125020
2551545105;125021
2551565513;125022
2551585923;125023
2551606331;125024
2551626739;125025
2551647149;125026
2551667557;125027
2551687967;125028
2551708379;125029
2551728785;125030
2551749193;125031
2551769605;125032
2551790011;125033
2551810419;125034
2551830829;125035
2551851237;125036
2551871647;125037
2551892055;125038
2551912463;125039
2551932877;125040
2551953281;125041
2551973691;125042
2551994103;125043
2552014509;125044
2552034917;125045
2552055325;125046
2552075735;125047
2552096143;125048
2552116557;125049
2552136961;125050
2552157370;125051
2552177779;125052
2552198191;125053
2552218597;125054
2552239005;125055
2552259415;125056
2552279827;125057
2552300232;125058
2552320641;125059
2552341050;125060
2552361459;125061
2552381867;125062
2552402276;125063
2552422685;125064
2552443098;125065
2552463503;125066
2552483912;125067
2552504321;125068
2552524729;125069
2552545138;125070
2552565547;125071
2552585956;125072
2552606365;125073
2552626774;125074
2552647183;125075
2552667591;125076
2552688000;125077
2552708409;125078
2552728818;125079
2552749227;125080
2552769636;125081
2552790044;125082
2552810453;125083
2552830862;125084
2552851271;125085
2552871684;125086
2552892089;125087
2552912498;125088
2552932906;125089
2552953315;125090
2552973724;125091
2552994133;125092
2553014542;125093
2553034950;125094
2553055360;125095
2553075768;125096
2553096178;125097
2553116586;125098
2553136995;125099
2553157404;125100
2553177812;125101
2553198222;125102
2553218630;125103
2553239040;125104
2553259448;125105
2553279860;125106
2553300266;125107
2553320674;125108
2553341084;125109
2553361492;125110
2553381902;125111
2553402310;125112
2553422718;125113
2553443128;125114
2553463536;125115
2553483946;125116
2553504354;125117
2553524764;125118
2553545176;125119
2553565580;125120
2553585990;125121
2553606398;125122
2553626808;125123
2553647216;125124
2553667626;125125
2553688034;125126
2553708446;125127
2553728852;125128
2553749260;125129
2553769670;125130
2553790078;125131
2553810488;125132
2553830900;125133
2553851305;125134
2553871718;125135
2553892122;125136
2553912532;125137
2553932940;125138
2553953349;125139
2553973758;125140
2553994167;125141
2554014576;125142
2554034984;125143
2554055393;125144
2554075802;125145
2554096211;125146
2554116620;125147
2554137029;125148
2554157438;125149
2554177846;125150
2554198301;125151
2554218710;125152
2554239119;125153
2554259529;125154
2554279937;125155
2554300347;125156
2554320755;125157
2554341164;125158
2554361573;125159
2554381982;125160
2554402391;125161
2554422800;125162
2554443209;125163
2554463618;125164
2554484026;125165
2554504440;125166
2554524844;125167
2554545254;125168
2554565662;125169
2554586072;125170
2554606480;125171
2554626889;125172
2554647299;125173
2554667707;125174
2554688117;125175
2554708525;125176
2554728934;125177
2554749343;125178
2554769752;125179
2554790161;125180
2554810570;125181
2554830979;125182
2554851388;125183
2554871796;125184
2554892206;125185
2554912614;125186
2554933024;125187
2554953432;125188
2554973841;125189
2554994250;125190
2555014659;125191
2555035069;125192
2555055477;125193
2555075891;125194
2555096295;125195
2555116704;125196
2555137113;125197
2555157522;125198
2555177931;125199
2555198340;125200
2555218752;125201
2555239158;125202
2555259566;125203
2555279976;125204
2555300384;125205
2555320794;125206
2555341202;125207
2555361611;125208
2555382021;125209
2555402429;125210
2555422839;125211
2555443247;125212
2555463657;125213
2555484065;125214
2555504474;125215
2555524883;125216
2555545292;125217
2555565701;125218
2555586110;125219
2555606518;125220
2555626928;125221
2555647336;125222
2555667746;125223
2555688154;125224
2555708564;125225
2555728972;125226
2555749381;125227
2555769791;125228
2555790199;125229
2555810609;125230
2555831017;125231
2555851427;125232
2555871839;125233
2555892244;125234
2555912653;125235
2555933062;125236
2555953471;125237
2555973880;125238
2555994288;125239
2556014698;125240
2556035106;125241
2556055516;125242
2556075924;125243
2556096334;125244
2556116742;125245
2556137151;125246
2556157561;125247
2556177969;125248
2556198383;125249
2556218787;125250
2556239197;125251
2556259605;125252
2556280014;125253
2556300423;125254
2556320832;125255
2556341241;125256
2556361650;125257
2556382062;125258
2556402468;125259
2556422876;125260
2556443286;125261
2556463694;125262
2556484104;125263
2556504512;125264
2556524921;125265
2556545331;125266
2556565739;125267
2556586149;125268
2556606557;125269
2556626966;125270
2556647375;125271
2556667784;125272
2556688193;125273
2556708602;125274
2556729011;125275
2556749420;125276
2556769828;125277
2556790238;125278
2556810646;125279
2556831056;125280
2556851464;125281
2556871874;125282
2556892282;125283
2556912691;125284
2556933105;125285
2556953509;125286
2556973919;125287
2556994327;125288
2557014737;125289
2557035149;125290
2557055554;125291
2557075963;125292
2557096372;125293
2557116781;125294
2557137190;125295
2557157598;125296
2557178008;125297
2557198416;125298
2557218826;125299
2557239234;125300
2557259644;125301
2557280052;125302
2557300461;125303
2557320871;125304
2557341283;125305
2557361689;125306
2557382097;125307
2557402506;125308
2557422915;125309
2557443324;125310
2557463733;125311
2557484142;125312
2557504551;125313
2557524960;125314
2557545368;125315
2557565778;125316
2557586186;125317
2557606596;125318
2557627004;125319
2557647413;125320
2557667822;125321
2557688231;125322
2557708645;125323
2557729049;125324
2557749459;125325
2557769871;125326
2557790276;125327
2557810685;125328
2557831094;125329
2557851503;125330
2557871912;125331
2557892321;125332
2557912730;125333
2557933138;125334
2557953548;125335
2557973956;125336
2557994366;125337
2558014774;125338
2558035183;125339
2558055592;125340
2558076001;125341
2558096411;125342
2558116819;125343
2558137229;125344
2558157637;125345
2558178046;125346
2558198455;125347
2558218864;125348
2558239273;125349
2558259682;125350
2558280091;125351
2558300500;125352
2558320908;125353
2558341318;125354
2558361726;125355
2558382136;125356
2558402544;125357
2558422953;125358
2558443362;125359
2558463771;125360
2558484181;125361
2558504589;125362
2558524999;125363
2558545407;125364
2558565816;125365
2558586225;125366
2558606634;125367
2558627043;125368
2558647452;125369
2558667860;125370
2558688270;125371
2558708678;125372
2558729088;125373
2558749496;125374
2558769906;125375
2558790318;125376
2558810723;125377
2558831132;125378
2558851541;125379
2558871955;125380
2558892359;125381
2558912769;125382
2558933177;125383
2558953586;125384
2558973995;125385
2558994404;125386
2559014813;125387
2559035222;125388
2559055631;125389
2559076040;125390
2559096448;125391
2559116858;125392
2559137266;125393
2559157676;125394
2559178084;125395
2559198493;125396
2559218902;125397
2559239311;125398
2559259721;125399
2559280129;125400
2559300538;125401
2559320947;125402
2559341356;125403
2559361765;125404
2559382174;125405
2559402583;125406
2559422992;125407
2559443404;125408
2559463810;125409
2559484218;125410
2559504628;125411
2559525036;125412
2559545446;125413
2559565854;125414
2559586263;125415
2559606672;125416
2559627081;125417
2559647491;125418
2559667899;125419
2559688309;125420
2559708717;125421
2559729126;125422
2559749535;125423
2559769944;125424
2559790353;125425
2559810762;125426
2559831174;125427
2559851580;125428
2559871988;125429
2559892398;125430
2559912806;125431
2559933216;125432
2559953624;125433
2559974033;125434
2559994446;125435
2560014851;125436
2560035261;125437
2560055669;125438
2560076079;125439
2560096487;125440
2560116896;125441
2560137305;125442
2560157714;125443
2560178123;125444
2560198532;125445
2560218940;125446
2560239350;125447
2560259758;125448
2560280168;125449
2560300576;125450
2560320986;125451
2560341394;125452
2560361803;125453
2560382212;125454
2560402621;125455
2560423031;125456
2560443439;125457
2560463852;125458
2560484257;125459
2560504666;125460
2560525075;125461
2560545488;125462
2560565893;125463
2560586302;125464
2560606710;125465
2560627120;125466
2560647528;125467
2560667938;125468
2560688346;125469
2560708755;125470
2560729164;125471
2560749573;125472
2560769983;125473
2560790391;125474
2560810801;125475
2560831209;125476
2560851619;125477
2560872027;125478
2560892436;125479
2560912845;125480
2560933254;125481
2560953663;125482
2560974072;125483
2560994480;125484
2561014890;125485
2561035298;125486
2561055708;125487
2561076116;125488
2561096525;125489
2561116934;125490
2561137343;125491
2561157753;125492
2561178165;125493
2561198571;125494
2561218983;125495
2561239388;125496
2561259797;125497
2561280206;125498
2561300615;125499
2561321024;125500
2561341432;125501
2561361842;125502
2561382250;125503
2561402660;125504
2561423068;125505
2561443478;125506
2561463886;125507
2561484295;125508
2561504704;125509
2561525113;125510
2561545523;125511
2561565931;125512
2561586341;125513
2561606749;125514
2561627158;125515
2561647567;125516
2561667976;125517
2561688385;125518
2561708798;125519
2561729202;125520
2561749612;125521
2561770024;125522
2561790430;125523
2561810838;125524
2561831248;125525
2561851656;125526
2561872065;125527
2561892474;125528
2561912883;125529
2561933293;125530
2561953701;125531
2561974111;125532
2561994519;125533
2562014928;125534
2562035337;125535
2562055746;125536
2562076155;125537
2562096564;125538
2562116973;125539
2562137382;125540
2562157790;125541
2562178200;125542
2562198608;125543
2562219018;125544
2562239426;125545
2562259835;125546
2562280244;125547
2562300653;125548
2562321063;125549
2562341475;125550
2562361881;125551
2562382289;125552
2562402698;125553
2562423107;125554
2562443516;125555
2562463925;125556
2562484334;125557
2562504742;125558
2562525152;125559
2562545560;125560
2562565970;125561
2562586378;125562
2562606788;125563
2562627196;125564
2562647605;125565
2562668014;125566
2562688423;125567
2562708833;125568
2562729241;125569
2562749654;125570
2562770059;125571
2562790468;125572
2562810877;125573
2562831286;125574
2562851695;125575
2562872104;125576
2562892512;125577
2562912922;125578
2562933330;125579
2562953744;125580
2562974148;125581
2562994558;125582
2563014966;125583
2563035375;125584
2563055784;125585
2563076193;125586
2563096603;125587
2563117011;125588
2563137420;125589
2563157832;125590
2563178238;125591
2563198647;125592
2563219056;125593
2563239465;125594
2563259874;125595
2563280282;125596
2563300692;125597
2563321100;125598
2563341510;125599
2563361918;125600
2563382328;125601
2563402736;125602
2563423145;125603
2563443554;125604
2563463963;125605
2563484373;125606
2563504781;125607
2563525190;125608
2563545599;125609
2563566008;125610
2563586417;125611
2563606826;125612
2563627235;125613
2563647644;125614
2563668052;125615
2563688462;125616
2563708870;125617
2563729280;125618
2563749692;125619
2563770097;125620
2563790506;125621
2563810915;125622
2563831324;125623
2563851733;125624
2563872143;125625
2563892551;125626
2563912960;125627
2563933369;125628
2563953778;125629
2563974187;125630
2563994596;125631
2564015005;125632
2564035414;125633
2564055822;125634
2564076232;125635
2564096640;125636
2564117050;125637
2564137458;125638
2564157867;125639
2564178276;125640
2564198711;125641
2564219121;125642
2564239529;125643
2564259939;125644
2564280347;125645
2564300756;125646
2564321165;125647
2564341574;125648
2564361984;125649
2564382396;125650
2564402802;125651
2564423214;125652
2564443619;125653
2564464029;125654
2564484437;125655
2564504847;125656
2564525255;125657
2564545665;125658
2564566073;125659
2564586482;125660
2564606892;125661
2564627300;125662
2564647710;125663
2564668122;125664
2564688527;125665
2564708936;125666
2564729345;125667
2564749759;125668
2564770163;125669
2564790572;125670
2564810981;125671
2564831394;125672
2564851800;125673
2564872208;125674
2564892618;125675
2564913026;125676
2564933435;125677
2564953844;125678
2564974253;125679
2564994663;125680
2565015071;125681
2565035480;125682
2565055889;125683
2565076298;125684
2565096708;125685
2565117116;125686
2565137526;125687
2565157934;125688
2565178343;125689
2565198752;125690
2565219161;125691
2565239571;125692
2565259983;125693
2565280389;125694
2565300797;125695
2565321206;125696
2565341615;125697
2565362024;125698
2565382434;125699
2565402842;125700
2565423252;125701
2565443660;125702
2565464069;125703
2565484479;125704
2565504887;125705
2565525297;125706
2565545705;125707
2565566114;125708
2565586523;125709
2565606932;125710
2565627346;125711
2565647754;125712
2565668160;125713
2565688568;125714
2565708977;125715
2565729386;125716
2565749795;125717
2565770205;125718
2565790613;125719
2565811026;125720
2565831431;125721
2565851844;125722
2565872250;125723
2565892658;125724
2565913068;125725
2565933476;125726
2565953885;125727
2565974294;125728
2565994703;125729
2566015113;125730
2566035521;125731
2566055931;125732
2566076339;125733
2566096748;125734
2566117157;125735
2566137566;125736
2566157976;125737
2566178384;125738
2566198797;125739
2566219202;125740
2566239611;125741
2566260021;125742
2566280429;125743
2566300839;125744
2566321251;125745
2566341656;125746
2566362065;125747
2566382474;125748
2566402884;125749
2566423296;125750
2566443702;125751
2566464110;125752
2566484519;125753
2566504928;125754
2566525337;125755
2566545747;125756
2566566155;125757
2566586568;125758
2566606973;125759
2566627386;125760
2566647792;125761
2566668200;125762
2566688610;125763
2566709018;125764
2566729427;125765
2566749836;125766
2566770245;125767
2566790659;125768
2566811063;125769
2566831472;125770
2566851881;125771
2566872290;125772
2566892700;125773
2566913108;125774
2566933518;125775
2566953926;125776
2566974335;125777
2566994744;125778
2567015153;125779
2567035563;125780
2567055971;125781
2567076384;125782
2567096789;125783
2567117198;125784
2567137607;125785
2567158016;125786
2567178426;125787
2567198834;125788
2567219244;125789
2567239652;125790
2567260061;125791
2567280471;125792
2567300879;125793
2567321289;125794
2567341697;125795
2567362106;125796
2567382515;125797
2567402924;125798
2567423334;125799
2567443742;125800
2567464155;125801
2567484560;125802
2567504969;125803
2567525378;125804
2567545791;125805
2567566197;125806
2567586605;125807
2567607014;125808
2567627423;125809
2567647832;125810
2567668242;125811
2567688650;125812
2567709060;125813
2567729472;125814
2567749877;125815
2567770286;125816
2567790695;125817
2567811105;125818
2567831517;125819
2567851923;125820
2567872331;125821
2567892740;125822
2567913149;125823
2567933558;125824
2567953968;125825
2567974376;125826
2567994785;125827
2568015194;125828
2568035603;125829
2568056013;125830
2568076421;125831
2568096831;125832
2568117239;125833
2568137648;125834
2568158057;125835
2568178466;125836
2568198876;125837
2568219284;125838
2568239694;125839
2568260102;125840
2568280511;125841
2568300920;125842
2568321329;125843
2568341739;125844
2568362147;125845
2568382556;125846
2568402965;125847
2568423374;125848
2568443784;125849
2568464192;125850
2568484602;125851
2568505010;125852
2568525419;125853
2568545828;125854
2568566237;125855
2568586647;125856
2568607055;125857
2568627465;125858
2568647873;125859
2568668282;125860
2568688692;125861
2568709100;125862
2568729510;125863
2568749918;125864
2568770327;125865
2568790736;125866
2568811149;125867
2568831555;125868
2568851963;125869
2568872373;125870
2568892781;125871
2568913190;125872
2568933599;125873
2568954008;125874
2568974418;125875
2568994826;125876
2569015236;125877
2569035644;125878
2569056053;125879
2569076463;125880
2569096871;125881
2569117281;125882
2569137689;125883
2569158098;125884
2569178507;125885
2569198916;125886
2569219326;125887
2569239734;125888
2569260147;125889
2569280552;125890
2569300961;125891
2569321370;125892
2569341779;125893
2569362189;125894
2569382597;125895
2569403006;125896
2569423415;125897
2569443824;125898
2569464234;125899
2569484642;125900
2569505052;125901
2569525460;125902
2569545869;125903
2569566278;125904
2569586687;125905
2569607097;125906
2569627505;125907
2569647915;125908
2569668323;125909
2569688732;125910
2569709141;125911
2569729554;125912
2569749960;125913
2569770368;125914
2569790777;125915
2569811186;125916
2569831595;125917
2569852005;125918
2569872413;125919
2569892823;125920
2569913231;125921
2569933644;125922
2569954049;125923
2569974458;125924
2569994868;125925
2570015276;125926
2570035686;125927
2570056094;125928
2570076503;125929
2570096913;125930
2570117325;125931
2570137731;125932
2570158139;125933
2570178549;125934
2570198957;125935
2570219366;125936
2570239780;125937
2570260188;125938
2570280594;125939
2570301002;125940
2570321411;125941
2570341820;125942
2570362229;125943
2570382643;125944
2570403047;125945
2570423457;125946
2570443865;125947
2570464274;125948
2570484684;125949
2570505092;125950
2570525502;125951
2570545910;125952
2570566320;125953
2570586728;125954
2570607137;125955
2570627547;125956
2570647955;125957
2570668365;125958
2570688773;125959
2570709182;125960
2570729591;125961
2570750000;125962
2570770410;125963
2570790818;125964
2570811228;125965
2570831636;125966
2570852045;125967
2570872455;125968
2570892863;125969
2570913273;125970
2570933681;125971
2570954091;125972
2570974499;125973
2570994908;125974
2571015318;125975
2571035726;125976
2571056136;125977
2571076544;125978
2571096953;125979
2571117362;125980
2571137771;125981
2571158181;125982
2571178589;125983
2571198998;125984
2571219411;125985
2571239816;125986
2571260226;125987
2571280634;125988
2571301044;125989
2571321452;125990
2571341861;125991
2571362270;125992
2571382679;125993
2571403089;125994
2571423497;125995
2571443907;125996
2571464315;125997
2571484724;125998
2571505133;125999
2571525542;126000
2571545952;126001
2571566360;126002
2571586770;126003
2571607178;126004
2571627587;126005
2571647997;126006
2571668405;126007
2571688815;126008
2571709223;126009
2571729632;126010
2571750041;126011
2571770450;126012
2571790860;126013
2571811268;126014
2571831678;126015
2571852086;126016
2571872495;126017
2571892905;126018
2571913313;126019
2571933723;126020
2571954131;126021
2571974540;126022
2571994949;126023
2572015358;126024
2572035768;126025
2572056176;126026
2572076586;126027
2572096994;126028
2572117403;126029
2572137812;126030
2572158221;126031
2572178631;126032
2572199039;126033
2572219449;126034
2572239857;126035
2572260266;126036
2572280676;126037
2572301084;126038
2572321494;126039
2572341902;126040
2572362312;126041
2572382720;126042
2572403129;126043
2572423539;126044
2572443947;126045
2572464360;126046
2572484765;126047
2572505174;126048
2572525583;126049
2572545992;126050
2572566402;126051
2572586810;126052
2572607220;126053
2572627628;126054
2572648037;126055
2572668447;126056
2572688855;126057
2572709265;126058
2572729673;126059
2572750082;126060
2572770491;126061
2572790900;126062
2572811310;126063
2572831718;126064
2572852128;126065
2572872536;126066
2572892945;126067
2572913354;126068
2572933763;126069
2572954173;126070
2572974581;126071
2572994990;126072
2573015399;126073
2573035808;126074
2573056222;126075
2573076626;126076
2573097036;126077
2573117444;126078
2573137853;126079
2573158262;126080
2573178671;126081
2573199081;126082
2573219489;126083
2573239899;126084
2573260311;126085
2573280716;126086
2573301125;126087
2573321534;126088
2573341944;126089
2573362352;126090
2573382762;126091
2573403170;126092
2573423579;126093
2573443989;126094
2573464401;126095
2573484807;126096
2573505215;126097
2573525624;126098
2573546033;126099
2573566442;126100
2573586852;126101
2573607260;126102
2573627670;126103
2573648078;126104
2573668487;126105
2573688897;126106
2573709305;126107
2573729715;126108
2573750123;126109
2573770532;126110
2573790941;126111
2573811350;126112
2573831760;126113
2573852168;126114
2573872578;126115
2573892986;126116
2573913395;126117
2573933804;126118
2573954213;126119
2573974623;126120
2573995031;126121
2574015441;126122
2574035849;126123
2574056258;126124
2574076668;126125
2574097076;126126
2574117486;126127
2574137894;126128
2574158303;126129
2574178712;126130
2574199104;126131
2574219514;126132
2574239922;126133
2574260335;126134
2574280740;126135
2574301149;126136
2574321558;126137
2574341967;126138
2574362376;126139
2574382785;126140
2574403193;126141
2574423603;126142
2574444012;126143
2574464421;126144
2574484830;126145
2574505239;126146
2574525648;126147
2574546056;126148
2574566466;126149
2574586874;126150
2574607284;126151
2574627692;126152
2574648105;126153
2574668511;126154
2574688919;126155
2574709329;126156
2574729737;126157
2574750147;126158
2574770555;126159
2574790964;126160
2574811377;126161
2574831782;126162
2574852191;126163
2574872600;126164
2574893009;126165
2574913418;126166
2574933827;126167
2574954236;126168
2574974645;126169
2574995054;126170
2575015463;126171
2575035871;126172
2575056281;126173
2575076689;126174
2575097099;126175
2575117507;126176
2575137917;126177
2575158326;126178
2575178734;126179
2575199144;126180
2575219552;126181
2575239966;126182
2575260370;126183
2575280780;126184
2575301188;126185
2575321597;126186
2575342006;126187
2575362415;126188
2575382825;126189
2575403233;126190
2575423642;126191
2575444051;126192
2575464460;126193
2575484869;126194
2575505278;126195
2575525690;126196
2575546096;126197
2575566504;126198
2575586914;126199
2575607323;126200
2575627732;126201
2575648141;126202
2575668549;126203
2575688959;126204
2575709367;126205
2575729777;126206
2575750185;126207
2575770595;126208
2575791003;126209
2575811412;126210
2575831822;126211
2575852230;126212
2575872640;126213
2575893048;126214
2575913458;126215
2575933866;126216
2575954275;126217
2575974684;126218
2575995093;126219
2576015502;126220
2576035911;126221
2576056320;126222
2576076729;126223
2576097138;126224
2576117547;126225
2576137960;126226
2576158365;126227
2576178774;126228
2576199182;126229
2576219592;126230
2576240000;126231
2576260414;126232
2576280819;126233
2576301227;126234
2576321637;126235
2576342049;126236
2576362455;126237
2576382863;126238
2576403273;126239
2576423685;126240
2576444090;126241
2576464499;126242
2576484908;126243
2576505318;126244
2576525726;126245
2576546136;126246
2576566544;126247
2576586953;126248
2576607362;126249
2576627771;126250
2576648180;126251
2576668589;126252
2576688997;126253
2576709407;126254
2576729820;126255
2576750225;126256
2576770634;126257
2576791043;126258
2576811452;126259
2576831860;126260
2576852270;126261
2576872678;126262
2576893088;126263
2576913496;126264
2576933906;126265
2576954315;126266
2576974723;126267
2576995133;126268
2577015541;126269
2577035955;126270
2577056363;126271
2577076772;126272
2577097177;126273
2577117586;126274
2577137995;126275
2577158404;126276
2577178814;126277
2577199222;126278
2577219631;126279
2577240040;126280
2577260449;126281
2577280858;126282
2577301267;126283
2577321675;126284
2577342085;126285
2577362493;126286
2577382903;126287
2577403312;126288
2577423721;126289
2577444130;126290
2577464539;126291
2577484948;126292
2577505356;126293
2577525766;126294
2577546174;126295
2577566584;126296
2577586996;126297
2577607401;126298
2577627811;126299
2577648219;126300
2577668629;126301
2577689041;126302
2577709446;126303
2577729859;126304
2577750264;126305
2577770673;126306
2577791082;126307
2577811491;126308
2577831900;126309
2577852309;126310
2577872718;126311
2577893127;126312
2577913536;126313
2577933945;126314
2577954353;126315
2577974763;126316
2577995171;126317
2578015581;126318
2578035989;126319
2578056403;126320
2578076807;126321
2578097216;126322
2578117626;126323
2578138034;126324
2578158444;126325
2578178852;126326
2578199262;126327
2578219670;126328
2578240083;126329
2578260488;126330
2578280897;126331
2578301306;126332
2578321715;126333
2578342125;126334
2578362533;126335
2578382942;126336
2578403351;126337
2578423764;126338
2578444169;126339
2578464578;126340
2578484986;126341
2578505396;126342
2578525804;126343
2578546214;126344
2578566623;126345
2578587032;126346
2578607441;126347
2578627849;126348
2578648263;126349
2578668671;126350
2578689077;126351
2578709485;126352
2578729895;126353
2578750303;126354
2578770712;126355
2578791122;126356
2578811530;126357
2578831940;126358
2578852348;126359
2578872757;126360
2578893166;126361
2578913575;126362
2578933984;126363
2578954393;126364
2578974802;126365
2578995211;126366
2579015620;126367
2579036029;126368
2579056438;126369
2579076847;126370
2579097256;126371
2579117664;126372
2579138074;126373
2579158482;126374
2579178892;126375
2579199300;126376
2579219710;126377
2579240119;126378
2579260527;126379
2579280937;126380
2579301345;126381
2579321755;126382
2579342163;126383
2579362573;126384
2579382985;126385
2579403394;126386
2579423799;126387
2579444208;126388
2579464618;126389
2579485026;126390
2579505435;126391
2579525844;126392
2579546253;126393
2579566662;126394
2579587071;126395
2579607480;126396
2579627893;126397
2579648297;126398
2579668707;126399
2579689116;126400
2579709525;126401
2579729934;126402
2579750343;126403
2579770752;126404
2579791160;126405
2579811570;126406
2579831978;126407
2579852388;126408
2579872796;126409
2579893205;126410
2579913615;126411
2579934027;126412
2579954433;126413
2579974841;126414
2579995251;126415
2580015659;126416
2580036068;126417
2580056477;126418
2580076886;126419
2580097295;126420
2580117704;126421
2580138114;126422
2580158522;126423
2580178931;126424
2580199340;126425
2580219749;126426
2580240158;126427
2580260567;126428
2580280975;126429
2580301385;126430
2580321793;126431
2580342207;126432
2580362612;126433
2580383025;126434
2580403430;126435
2580423838;126436
2580444248;126437
2580464656;126438
2580485066;126439
2580505478;126440
2580525884;126441
2580546292;126442
2580566701;126443
2580587111;126444
2580607519;126445
2580627929;126446
2580648337;126447
2580668746;126448
2580689155;126449
2580709564;126450
2580729977;126451
2580750382;126452
2580770791;126453
2580791200;126454
2580811613;126455
2580832018;126456
2580852427;126457
2580872840;126458
2580893249;126459
2580913653;126460
2580934063;126461
2580954471;126462
2580974881;126463
2580995289;126464
2581015699;126465
2581036108;126466
2581056516;126467
2581076926;126468
2581097334;126469
2581117744;126470
2581138152;126471
2581158561;126472
2581178970;126473
2581199379;126474
2581219788;126475
2581240197;126476
2581260606;126477
2581281015;126478
2581301425;126479
2581321833;126480
2581342242;126481
2581362651;126482
2581383060;126483
2581403469;126484
2581423878;126485
2581444286;126486
2581464696;126487
2581485104;126488
2581505514;126489
2581525923;126490
2581546332;126491
2581566745;126492
2581587149;126493
2581607559;126494
2581627967;126495
2581648377;126496
2581668785;126497
2581689194;126498
2581709603;126499
2581730016;126500
2581750422;126501
2581770830;126502
2581791240;126503
2581811648;126504
2581832057;126505
2581852466;126506
2581872875;126507
2581893284;126508
2581913693;126509
2581934102;126510
2581954511;126511
2581974920;126512
2581995329;126513
2582015738;126514
2582036147;126515
2582056556;126516
2582076964;126517
2582097374;126518
2582117782;126519
2582138192;126520
2582158600;126521
2582179010;126522
2582199419;126523
2582219827;126524
2582240237;126525
2582260649;126526
2582281055;126527
2582301463;126528
2582321873;126529
2582342281;126530
2582362690;126531
2582383099;126532
2582403508;126533
2582423921;126534
2582444326;126535
2582464735;126536
2582485144;126537
2582505553;126538
2582525962;126539
2582546371;126540
2582566780;126541
2582587189;126542
2582607597;126543
2582628011;126544
2582648416;126545
2582668825;126546
2582689234;126547
2582709642;126548
2582730052;126549
2582750460;126550
2582770870;126551
2582791278;126552
2582811688;126553
2582832096;126554
2582852505;126555
2582872915;126556
2582893323;126557
2582913733;126558
2582934141;126559
2582954550;126560
2582974959;126561
2582995368;126562
2583015777;126563
2583036186;126564
2583056595;126565
2583077004;126566
2583097413;126567
2583117822;126568
2583138231;126569
2583158640;126570
2583179049;126571
2583199458;126572
2583219871;126573
2583240275;126574
2583260689;126575
2583281097;126576
2583301503;126577
2583321912;126578
2583342321;126579
2583362730;126580
2583383138;126581
2583403548;126582
2583423956;126583
2583444366;126584
2583464774;126585
2583485183;126586
2583505592;126587
2583526001;126588
2583546411;126589
2583566819;126590
2583587229;126591
2583607637;126592
2583628046;126593
2583648459;126594
2583668864;126595
2583689273;126596
2583709682;126597
2583730091;126598
2583750500;126599
2583770909;126600
2583791318;126601
2583811727;126602
2583832136;126603
2583852545;126604
2583872953;126605
2583893363;126606
2583913771;126607
2583934181;126608
2583954589;126609
2583974999;126610
2583995408;126611
2584015816;126612
2584036226;126613
2584056634;126614
2584077044;126615
2584097452;126616
2584117861;126617
2584138270;126618
2584158679;126619
2584179092;126620
2584199496;126621
2584219905;126622
2584240314;126623
2584260727;126624
2584281132;126625
2584301541;126626
2584321950;126627
2584342359;126628
2584362768;126629
2584383177;126630
2584403585;126631
2584423995;126632
2584444403;126633
2584464813;126634
2584485222;126635
2584505630;126636
2584526040;126637
2584546448;126638
2584566858;126639
2584587266;126640
2584607676;126641
2584628084;126642
2584648493;126643
2584668902;126644
2584689311;126645
2584709721;126646
2584730129;126647
2584750538;126648
2584770947;126649
2584791356;126650
2584811765;126651
2584832174;126652
2584852582;126653
2584872992;126654
2584893400;126655
2584913810;126656
2584934219;126657
2584954628;126658
2584975037;126659
2584995445;126660
2585015855;126661
2585036267;126662
2585056673;126663
2585077081;126664
2585097491;126665
2585117899;126666
2585138308;126667
2585158717;126668
2585179126;126669
2585199536;126670
2585219944;126671
2585240357;126672
2585260762;126673
2585281171;126674
2585301580;126675
2585321989;126676
2585342398;126677
2585362807;126678
2585383215;126679
2585403625;126680
2585424034;126681
2585444443;126682
2585464852;126683
2585485261;126684
2585505670;126685
2585526078;126686
2585546488;126687
2585566896;126688
2585587306;126689
2585607714;126690
2585628123;126691
2585648533;126692
2585668941;126693
2585689351;126694
2585709759;126695
2585730169;126696
2585750577;126697
2585770986;126698
2585791395;126699
2585811804;126700
2585832213;126701
2585852622;126702
2585873031;126703
2585893440;126704
2585913849;126705
2585934258;126706
2585954667;126707
2585975076;126708
2585995485;126709
2586015893;126710
2586036303;126711
2586056711;126712
2586077121;126713
2586097529;126714
2586117939;126715
2586138348;126716
2586158756;126717
2586179166;126718
2586199578;126719
2586219984;126720
2586240392;126721
2586260802;126722
2586281210;126723
2586301619;126724
2586322028;126725
2586342437;126726
2586362847;126727
2586383255;126728
2586403664;126729
2586424077;126730
2586444482;126731
2586464891;126732
2586485300;126733
2586505709;126734
2586526118;126735
2586546526;126736
2586566936;126737
2586587344;126738
2586607754;126739
2586628167;126740
2586648572;126741
2586668981;126742
2586689389;126743
2586709799;126744
2586730207;126745
2586750617;126746
2586771025;126747
2586791434;126748
2586811843;126749
2586832252;126750
2586852662;126751
2586873070;126752
2586893480;126753
2586913888;126754
2586934297;126755
2586954710;126756
2586975115;126757
2586995524;126758
2587015933;126759
2587036341;126760
2587056751;126761
2587077160;126762
2587097569;126763
2587117978;126764
2587138387;126765
2587158796;126766
2587179208;126767
2587199614;126768
2587220022;126769
2587240432;126770
2587260840;126771
2587281250;126772
2587301658;126773
2587322067;126774
2587342477;126775
2587362885;126776
2587383295;126777
2587403703;126778
2587424112;126779
2587444521;126780
2587464930;126781
2587485339;126782
2587505748;126783
2587526157;126784
2587546570;126785
2587566975;126786
2587587384;126787
2587607793;126788
2587628202;126789
2587648611;126790
2587669023;126791
2587689429;126792
2587709837;126793
2587730247;126794
2587750655;126795
2587771065;126796
2587791474;126797
2587811882;126798
2587832292;126799
2587852700;126800
2587873110;126801
2587893518;126802
2587913928;126803
2587934336;126804
2587954745;126805
2587975154;126806
2587995567;126807
2588015972;126808
2588036381;126809
2588056791;126810
2588077199;126811
2588097608;126812
2588118017;126813
2588138426;126814
2588158835;126815
2588179244;126816
2588199652;126817
2588220062;126818
2588240470;126819
2588260880;126820
2588281289;126821
2588301698;126822
2588322107;126823
2588342515;126824
2588362925;126825
2588383333;126826
2588403743;126827
2588424151;126828
2588444561;126829
2588464969;126830
2588485378;126831
2588505788;126832
2588526196;126833
2588546605;126834
2588567014;126835
2588587423;126836
2588607832;126837
2588628241;126838
2588648650;126839
2588669059;126840
2588689468;126841
2588709877;126842
2588730285;126843
2588750695;126844
2588771108;126845
2588791513;126846
2588811922;126847
2588832331;126848
2588852740;126849
2588873148;126850
2588893558;126851
2588913970;126852
2588934376;126853
2588954784;126854
2588975193;126855
2588995603;126856
2589016011;126857
2589036421;126858
2589056829;126859
2589077239;126860
2589097647;126861
2589118056;126862
2589138465;126863
2589158874;126864
2589179283;126865
2589199692;126866
2589220105;126867
2589240510;126868
2589260919;126869
2589281328;126870
2589301737;126871
2589322146;126872
2589342555;126873
2589362964;126874
2589383373;126875
2589403781;126876
2589424191;126877
2589444599;126878
2589465009;126879
2589485418;126880
2589505826;126881
2589526236;126882
2589546644;126883
2589567054;126884
2589587462;126885
2589607871;126886
2589628280;126887
2589648689;126888
2589669098;126889
2589689507;126890
2589709917;126891
2589730325;126892
2589750734;126893
2589771143;126894
2589791552;126895
2589811965;126896
2589832370;126897
2589852779;126898
2589873188;126899
2589893596;126900
2589914006;126901
2589934415;126902
2589954824;126903
2589975233;126904
2589995641;126905
2590016051;126906
2590036459;126907
2590056869;126908
2590077277;126909
2590097687;126910
2590118095;126911
2590138504;126912
2590158913;126913
2590179322;126914
2590199732;126915
2590220140;126916
2590240553;126917
2590260958;126918
2590281367;126919
2590301776;126920
2590322185;126921
2590342594;126922
2590363003;126923
2590383411;126924
2590403821;126925
2590424234;126926
2590444639;126927
2590465048;126928
2590485460;126929
2590505866;126930
2590526274;126931
2590546684;126932
2590567092;126933
2590587502;126934
2590607914;126935
2590628320;126936
2590648729;126937
2590669137;126938
2590689547;126939
2590709955;126940
2590730365;126941
2590750773;126942
2590771182;126943
2590791591;126944
2590812000;126945
2590832409;126946
2590852818;126947
2590873231;126948
2590893636;126949
2590914045;126950
2590934454;126951
2590954863;126952
2590975272;126953
2590995681;126954
2591016089;126955
2591036499;126956
2591056907;126957
2591077317;126958
2591097725;126959
2591118135;126960
2591138544;126961
2591158952;126962
2591179366;126963
2591199770;126964
2591220180;126965
2591240588;126966
2591260998;126967
2591281406;126968
2591301815;126969
2591322224;126970
2591342633;126971
2591363043;126972
2591383451;126973
2591403861;126974
2591424269;126975
2591444678;126976
2591465087;126977
2591485500;126978
2591505908;126979
2591526314;126980
2591546722;126981
2591567132;126982
2591587540;126983
2591607954;126984
2591628359;126985
2591648767;126986
2591669177;126987
2591689585;126988
2591709995;126989
2591730403;126990
2591750813;126991
2591771221;126992
2591791630;126993
2591812039;126994
2591832448;126995
2591852858;126996
2591873266;126997
2591893679;126998
2591914084;126999
2591934493;127000
2591954902;127001
2591975315;127002
2591995720;127003
2592016133;127004
2592036537;127005
2592056947;127006
2592077356;127007
2592097765;127008
2592118174;127009
2592138583;127010
2592158992;127011
2592179400;127012
2592199810;127013
2592220218;127014
2592240628;127015
2592261036;127016
2592281445;127017
2592301854;127018
2592322263;127019
2592342673;127020
2592363081;127021
2592383491;127022
2592403899;127023
2592424308;127024
2592444717;127025
2592465126;127026
2592485535;127027
2592505944;127028
2592526353;127029
2592546762;127030
2592567171;127031
2592587580;127032
2592607989;127033
2592628398;127034
2592648811;127035
2592669215;127036
2592689625;127037
2592710033;127038
2592730447;127039
2592750855;127040
2592771261;127041
2592791674;127042
2592812078;127043
2592832488;127044
2592852896;127045
2592873306;127046
2592893714;127047
2592914124;127048
2592934532;127049
2592954941;127050
2592975350;127051
2592995759;127052
2593016168;127053
2593036581;127054
2593056986;127055
2593077399;127056
2593097804;127057
2593118213;127058
2593138622;127059
2593159031;127060
2593179440;127061
2593199848;127062
2593220258;127063
2593240666;127064
2593261076;127065
2593281485;127066
2593301894;127067
2593322303;127068
2593342711;127069
2593363121;127070
2593383529;127071
2593403939;127072
2593424347;127073
2593444756;127074
2593465165;127075
2593485574;127076
2593505984;127077
2593526392;127078
2593546802;127079
2593567210;127080
2593587619;127081
2593608028;127082
2593628437;127083
2593648846;127084
2593669255;127085
2593689663;127086
2593710073;127087
2593730481;127088
2593750891;127089
2593771300;127090
2593791709;127091
2593812118;127092
2593832526;127093
2593852936;127094
2593873344;127095
2593893754;127096
2593914162;127097
2593934572;127098
2593954980;127099
2593975389;127100
2593995799;127101
2594016207;127102
2594036617;127103
2594057025;127104
2594077434;127105
2594097847;127106
2594118252;127107
2594138661;127108
2594159070;127109
2594179479;127110
2594199917;127111
2594220326;127112
2594240735;127113
2594261144;127114
2594281553;127115
2594301962;127116
2594322371;127117
2594342780;127118
2594363189;127119
2594383598;127120
2594404007;127121
2594424417;127122
2594444825;127123
2594465234;127124
2594485643;127125
2594506052;127126
2594526462;127127
2594546870;127128
2594567280;127129
2594587688;127130
2594608097;127131
2594628507;127132
2594648915;127133
2594669325;127134
2594689733;127135
2594710143;127136
2594730552;127137
2594750960;127138
2594771370;127139
2594791778;127140
2594812188;127141
2594832597;127142
2594853005;127143
2594873415;127144
2594893823;127145
2594914233;127146
2594934642;127147
2594955051;127148
2594975460;127149
2594995868;127150
2595016278;127151
2595036687;127152
2595057096;127153
2595077505;127154
2595097913;127155
2595118323;127156
2595138732;127157
2595159141;127158
2595179550;127159
2595199960;127160
2595220368;127161
2595240777;127162
2595261186;127163
2595281595;127164
2595302009;127165
2595322413;127166
2595342823;127167
2595363231;127168
2595383640;127169
2595404050;127170
2595424458;127171
2595444868;127172
2595465276;127173
2595485685;127174
2595506095;127175
2595526503;127176
2595546913;127177
2595567321;127178
2595587731;127179
2595608140;127180
2595628548;127181
2595648958;127182
2595669366;127183
2595689776;127184
2595710185;127185
2595730593;127186
2595751007;127187
2595771411;127188
2595791821;127189
2595812234;127190
2595832639;127191
2595853048;127192
2595873456;127193
2595893866;127194
2595914275;127195
2595934684;127196
2595955093;127197
2595975502;127198
2595995911;127199
2596016320;127200
2596036729;127201
2596057138;127202
2596077547;127203
2596097956;127204
2596118366;127205
2596138774;127206
2596159183;127207
2596179592;127208
2596200001;127209
2596220414;127210
2596240819;127211
2596261228;127212
2596281637;127213
2596302046;127214
2596322456;127215
2596342864;127216
2596363274;127217
2596383682;127218
2596404091;127219
2596424505;127220
2596444909;127221
2596465319;127222
2596485727;127223
2596506136;127224
2596526546;127225
2596546954;127226
2596567364;127227
2596587772;127228
2596608182;127229
2596628591;127230
2596648999;127231
2596669409;127232
2596689817;127233
2596710227;127234
2596730636;127235
2596751045;127236
2596771454;127237
2596791862;127238
2596812272;127239
2596832685;127240
2596853090;127241
2596873499;127242
2596893908;127243
2596914317;127244
2596934726;127245
2596955139;127246
2596975544;127247
2596995953;127248
2597016362;127249
2597036771;127250
2597057184;127251
2597077589;127252
2597097998;127253
2597118407;127254
2597138817;127255
2597159225;127256
2597179634;127257
2597200044;127258
2597220452;127259
2597240862;127260
2597261270;127261
2597281683;127262
2597302093;127263
2597322497;127264
2597342907;127265
2597363315;127266
2597383728;127267
2597404134;127268
2597424542;127269
2597444952;127270
2597465360;127271
2597485770;127272
2597506179;127273
2597526587;127274
2597546997;127275
2597567405;127276
2597587815;127277
2597608224;127278
2597628633;127279
2597649042;127280
2597669454;127281
2597689860;127282
2597710269;127283
2597730678;127284
2597751087;127285
2597771496;127286
2597791905;127287
2597812314;127288
2597832723;127289
2597853132;127290
2597873541;127291
2597893950;127292
2597914359;127293
2597934768;127294
2597955177;127295
2597975590;127296
2597995995;127297
2598016405;127298
2598036813;127299
2598057222;127300
2598077631;127301
2598098040;127302
2598118450;127303
2598138858;127304
2598159268;127305
2598179676;127306
2598200085;127307
2598220495;127308
2598240903;127309
2598261313;127310
2598281721;127311
2598302131;127312
2598322540;127313
2598342948;127314
2598363358;127315
2598383770;127316
2598404176;127317
2598424585;127318
2598444993;127319
2598465403;127320
2598485811;127321
2598506221;127322
2598526630;127323
2598547039;127324
2598567448;127325
2598587856;127326
2598608266;127327
2598628675;127328
2598649084;127329
2598669493;127330
2598689905;127331
2598710311;127332
2598730720;127333
2598751129;127334
2598771538;127335
2598791947;127336
2598812356;127337
2598832765;127338
2598853174;127339
2598873583;127340
2598893992;127341
2598914401;127342
2598934810;127343
2598955219;127344
2598975628;127345
2598996037;127346
2599016446;127347
2599036856;127348
2599057264;127349
2599077673;127350
2599098082;127351
2599118491;127352
2599138905;127353
2599159309;127354
2599179719;127355
2599200128;127356
2599220536;127357
2599240946;127358
2599261354;127359
2599281764;127360
2599302173;127361
2599322581;127362
2599342995;127363
2599363399;127364
2599383809;127365
2599404218;127366
2599424627;127367
2599445036;127368
2599465444;127369
2599485854;127370
2599506263;127371
2599526672;127372
2599547081;127373
2599567489;127374
2599587899;127375
2599608308;127376
2599628717;127377
2599649126;127378
2599669535;127379
2599689944;127380
2599710353;127381
2599730762;127382
2599751171;127383
2599771580;127384
2599791989;127385
2599812398;127386
2599832807;127387
2599853216;127388
2599873625;127389
2599894034;127390
2599914448;127391
2599934852;127392
2599955261;127393
2599975670;127394
2599996079;127395
2600016489;127396
2600036897;127397
2600057307;127398
2600077715;127399
2600098124;127400
2600118538;127401
2600138942;127402
2600159352;127403
2600179760;127404
2600200170;127405
2600220579;127406
2600240987;127407
2600261397;127408
2600281805;127409
2600302215;127410
2600322624;127411
2600343032;127412
2600363442;127413
2600383850;127414
2600404260;127415
2600424669;127416
2600445078;127417
2600465487;127418
2600485895;127419
2600506305;127420
2600526714;127421
2600547123;127422
2600567532;127423
2600587940;127424
2600608350;127425
2600628763;127426
2600649168;127427
2600669577;127428
2600689986;127429
2600710395;127430
2600730804;127431
2600751213;127432
2600771622;127433
2600792031;127434
2600812440;127435
2600832850;127436
2600853258;127437
2600873667;127438
2600894076;127439
2600914485;127440
2600934895;127441
2600955307;127442
2600975712;127443
2600996125;127444
2601016530;127445
2601036940;127446
2601057348;127447
2601077758;127448
2601098166;127449
2601118575;127450
2601138985;127451
2601159397;127452
2601179803;127453
2601200211;127454
2601220621;127455
2601241030;127456
2601261438;127457
2601281848;127458
2601302261;127459
2601322666;127460
2601343079;127461
2601363483;127462
2601383893;127463
2601404302;127464
2601424711;127465
2601445120;127466
2601465528;127467
2601485938;127468
2601506347;127469
2601526756;127470
2601547165;127471
2601567574;127472
2601587983;127473
2601608396;127474
2601628801;127475
2601649210;127476
2601669623;127477
2601690028;127478
2601710438;127479
2601730846;127480
2601751255;127481
2601771664;127482
2601792073;127483
2601812483;127484
2601832891;127485
2601853301;127486
2601873709;127487
2601894118;127488
2601914528;127489
2601934940;127490
2601955346;127491
2601975754;127492
2601996163;127493
2602016573;127494
2602036981;127495
2602057391;127496
2602077799;127497
2602098209;127498
2602118618;127499
2602139026;127500
2602159436;127501
2602179844;127502
2602200254;127503
2602220663;127504
2602241071;127505
2602261481;127506
2602281889;127507
2602302299;127508
2602322708;127509
2602343117;127510
2602363526;127511
2602383934;127512
2602404344;127513
2602424753;127514
2602445162;127515
2602465571;127516
2602485980;127517
2602506393;127518
2602526798;127519
2602547207;127520
2602567616;127521
2602588025;127522
2602608434;127523
2602628844;127524
2602649252;127525
2602669661;127526
2602690074;127527
2602710479;127528
2602730889;127529
2602751297;127530
2602771706;127531
2602792115;127532
2602812524;127533
2602832934;127534
2602853342;127535
2602873751;127536
2602894160;127537
2602914573;127538
2602934979;127539
2602955387;127540
2602975797;127541
2602996205;127542
2603016614;127543
2603037024;127544
2603057432;127545
2603077842;127546
2603098250;127547
2603118660;127548
2603139069;127549
2603159481;127550
2603179887;127551
2603200295;127552
2603220705;127553
2603241114;127554
2603261526;127555
2603281932;127556
2603302341;127557
2603322750;127558
2603343159;127559
2603363572;127560
2603383977;127561
2603404386;127562
2603424795;127563
2603445208;127564
2603465613;127565
2603486022;127566
2603506435;127567
2603526840;127568
2603547249;127569
2603567658;127570
2603588067;127571
2603608477;127572
2603628885;127573
2603649294;127574
2603669703;127575
2603690112;127576
2603710522;127577
2603730930;127578
2603751340;127579
2603771748;127580
2603792157;127581
2603812567;127582
2603832975;127583
2603853385;127584
2603873793;127585
2603894202;127586
2603914612;127587
2603935020;127588
2603955430;127589
2603975838;127590
2603996248;127591
2604016657;127592
2604037065;127593
2604057475;127594
2604077883;127595
2604098293;127596
2604118702;127597
2604139111;127598
2604159520;127599
2604179928;127600
2604200272;127601
2604220680;127602
2604241090;127603
2604261498;127604
2604281908;127605
2604302316;127606
2604322725;127607
2604343134;127608
2604363543;127609
2604383952;127610
2604404361;127611
2604424769;127612
2604445178;127613
2604465587;127614
2604485996;127615
2604506405;127616
2604526814;127617
2604547223;127618
2604567631;127619
2604588041;127620
2604608449;127621
2604628859;127622
2604649267;127623
2604669676;127624
2604690085;127625
2604710498;127626
2604730903;127627
2604751312;127628
2604771721;127629
2604792129;127630
2604812538;127631
2604832947;127632
2604853356;127633
2604873765;127634
2604894174;127635
2604914583;127636
2604934992;127637
2604955404;127638
2604975810;127639
2604996218;127640
2605016628;127641
2605037036;127642
2605057445;127643
2605077854;127644
2605098262;127645
2605118672;127646
2605139080;127647
2605159490;127648
2605179902;127649
2605200307;127650
2605220716;127651
2605241125;127652
2605261534;127653
2605281943;127654
2605302352;127655
2605322761;127656
2605343169;127657
2605363579;127658
2605383987;127659
2605404396;127660
2605424805;127661
2605445213;127662
2605465623;127663
2605486031;127664
2605506441;127665
2605526849;127666
2605547259;127667
2605567671;127668
2605588076;127669
2605608485;127670
2605628894;127671
2605649303;127672
2605669712;127673
2605690120;127674
2605710529;127675
2605730938;127676
2605751347;127677
2605771756;127678
2605792165;127679
2605812574;127680
2605832982;127681
2605853392;127682
2605873800;127683
2605894210;127684
2605914618;127685
2605935031;127686
2605955436;127687
2605975845;127688
2605996258;127689
2606016662;127690
2606037072;127691
2606057480;127692
2606077889;127693
2606098298;127694
2606118707;127695
2606139116;127696
2606159525;127697
2606179934;127698
2606200343;127699
2606220751;127700
2606241165;127701
2606261573;127702
2606281979;127703
2606302387;127704
2606322795;127705
2606343205;127706
2606363613;127707
2606384023;127708
2606404431;127709
2606424841;127710
2606445249;127711
2606465658;127712
2606486067;127713
2606506480;127714
2606526885;127715
2606547294;127716
2606567702;127717
2606588112;127718
2606608520;127719
2606628929;127720
2606649338;127721
2606669750;127722
2606690156;127723
2606710565;127724
2606730974;127725
2606751382;127726
2606771792;127727
2606792200;127728
2606812609;127729
2606833018;127730
2606853427;127731
2606873836;127732
2606894245;127733
2606914654;127734
2606935063;127735
2606955471;127736
2606975880;127737
2606996289;127738
2607016698;127739
2607037107;127740
2607057516;127741
2607077925;127742
2607098333;127743
2607118743;127744
2607139151;127745
2607159561;127746
2607179969;127747
2607200379;127748
2607220791;127749
2607241196;127750
2607261605;127751
2607282013;127752
2607302423;127753
2607322831;127754
2607343240;127755
2607363649;127756
2607384058;127757
2607404467;127758
2607424876;127759
2607445285;127760
2607465694;127761
2607486102;127762
2607506512;127763
2607526920;127764
2607547330;127765
2607567738;127766
2607588147;127767
2607608556;127768
2607628964;127769
2607649374;127770
2607669782;127771
2607690192;127772
2607710600;127773
2607731009;127774
2607751418;127775
2607771827;127776
2607792236;127777
2607812645;127778
2607833054;127779
2607853463;127780
2607873871;127781
2607894280;127782
2607914689;127783
2607935098;127784
2607955507;127785
2607975915;127786
2607996325;127787
2608016733;127788
2608037143;127789
2608057551;127790
2608077961;127791
2608098369;127792
2608118778;127793
2608139187;127794
2608159596;127795
2608180005;127796
2608200417;127797
2608220823;127798
2608241231;127799
2608261640;127800
2608282049;127801
2608302458;127802
2608322867;127803
2608343276;127804
2608363684;127805
2608384094;127806
2608404502;127807
2608424912;127808
2608445320;127809
2608465734;127810
2608486138;127811
2608506546;127812
2608526956;127813
2608547364;127814
2608567774;127815
