2508231531;122899
2508251941;122900
2508272349;122901
2508292759;122902
2508313167;122903
2508333576;122904
2508353985;122905
2508374394;122906
2508394806;122907
2508415212;122908
2508435621;122909
2508456029;122910
2508476439;122911
2508496847;122912
2508517257;122913
2508537665;122914
2508558074;122915
2508578484;122916
2508598892;122917
2508619302;122918
2508639710;122919
2508660119;122920
2508680528;122921
2508700937;122922
2508721349;122923
2508741755;122924
2508762164;122925
2508782572;122926
2508802982;122927
2508823390;122928
2508843800;122929
2508864208;122930
2508884617;122931
2508905027;122932
2508925435;122933
2508945844;122934
2508966257;122935
2508986662;122936
2509007071;122937
2509027480;122938
2509047888;122939
2509068298;122940
2509088707;122941
2509109115;122942
2509129529;122943
2509149933;122944
2509170346;122945
2509190751;122946
2509211160;122947
2509231573;122948
2509251978;122949
2509272387;122950
2509292796;122951
2509313209;122952
2509333613;122953
2509354023;122954
2509374431;122955
2509394845;122956
2509415250;122957
2509435658;122958
2509456068;122959
2509476476;122960
2509496885;122961
2509517294;122962
2509537703;122963
2509558112;122964
2509578521;122965
2509598930;122966
2509619339;122967
2509639748;122968
2509660160;122969
2509680566;122970
2509700974;122971
2509721387;122972
2509741797;122973
2509762201;122974
2509782611;122975
2509803019;122976
2509823428;122977
2509843837;122978
2509864250;122979
2509884655;122980
2509905068;122981
2509925473;122982
2509945882;122983
2509966291;122984
2509986703;122985
2510007109;122986
2510027517;122987
2510047930;122988
2510068335;122989
2510088744;122990
2510109154;122991
2510129562;122992
2510149971;122993
2510170380;122994
2510190789;122995
2510211197;122996
2510231607;122997
2510252016;122998
2510272425;122999
2510292834;123000
2510313242;123001
2510333652;123002
2510354060;123003
2510374470;123004
2510394882;123005
2510415287;123006
2510435697;123007
2510456105;123008
2510476514;123009
2510496923;123010
2510517332;123011
2510537741;123012
2510558150;123013
2510578559;123014
2510598968;123015
2510619377;123016
2510639785;123017
2510660195;123018
2510680603;123019
2510701012;123020
2510721421;123021
2510741830;123022
2510762240;123023
2510782648;123024
2510803057;123025
2510823466;123026
2510843875;123027
2510864283;123028
2510884693;123029
2510905102;123030
2510925511;123031
2510945920;123032
2510966328;123033
2510986738;123034
2511007146;123035
2511027559;123036
2511047964;123037
2511068373;123038
2511088782;123039
2511109191;123040
2511129600;123041
2511150009;123042
2511170418;123043
2511190826;123044
2511211236;123045
2511231644;123046
2511252054;123047
2511272463;123048
2511292871;123049
2511313281;123050
2511333689;123051
2511354098;123052
2511374511;123053
2511394916;123054
2511415326;123055
2511435734;123056
2511456143;123057
2511476552;123058
2511496961;123059
2511517369;123060
2511537779;123061
2511558187;123062
2511578597;123063
2511599006;123064
2511619414;123065
2511639824;123066
2511660232;123067
2511680641;123068
2511701050;123069
2511721459;123070
2511741868;123071
2511762281;123072
2511782686;123073
2511803095;123074
2511823504;123075
2511843912;123076
2511864322;123077
2511884730;123078
2511905140;123079
2511925549;123080
2511945961;123081
2511966367;123082
2511986775;123083
2512007184;123084
2512027593;123085
2512048002;123086
2512068414;123087
2512088820;123088
2512109229;123089
2512129638;123090
2512150047;123091
2512170455;123092
2512190865;123093
2512211273;123094
2512231682;123095
2512252092;123096
2512272500;123097
2512292910;123098
2512313318;123099
2512333727;123100
2512354136;123101
2512374545;123102
2512394953;123103
2512415363;123104
2512435772;123105
2512456181;123106
2512476590;123107
2512496998;123108
2512517408;123109
2512537816;123110
2512558225;123111
2512578635;123112
2512599043;123113
2512619453;123114
2512639861;123115
2512660270;123116
2512680679;123117
2512701088;123118
2512721496;123119
2512741906;123120
2512762315;123121
2512782724;123122
2512803133;123123
2512823541;123124
2512843951;123125
2512864359;123126
2512884768;123127
2512905178;123128
2512925586;123129
2512945996;123130
2512966404;123131
2512986813;123132
2513007222;123133
2513027631;123134
2513048039;123135
2513068449;123136
2513088858;123137
2513109266;123138
2513129676;123139
2513150084;123140
2513170494;123141
2513190902;123142
2513211311;123143
2513231720;123144
2513252129;123145
2513272539;123146
2513292947;123147
2513313356;123148
2513333765;123149
2513354178;123150
2513374582;123151
2513394992;123152
2513415401;123153
2513435809;123154
2513456219;123155
2513476631;123156
2513497037;123157
2513517445;123158
2513537858;123159
2513558263;123160
2513578672;123161
2513599082;123162
2513619490;123163
2513639899;123164
2513660308;123165
2513680717;123166
2513701125;123167
2513721535;123168
2513741944;123169
2513762353;123170
2513782762;123171
2513803170;123172
2513823580;123173
2513843988;123174
2513864397;123175
2513884806;123176
2513905215;123177
2513925625;123178
2513946033;123179
2513966442;123180
2513986851;123181
2514007260;123182
2514027672;123183
2514048082;123184
2514068486;123185
2514088895;123186
2514109305;123187
2514129713;123188
2514150123;123189
2514170531;123190
2514190977;123191
2514211383;123192
2514231791;123193
2514252200;123194
2514272609;123195
2514293018;123196
2514313428;123197
2514333840;123198
2514354245;123199
2514374655;123200
2514395063;123201
2514415472;123202
2514435885;123203
2514456290;123204
2514476700;123205
2514497108;123206
2514517517;123207
2514537927;123208
2514558335;123209
2514578748;123210
2514599153;123211
2514619562;123212
2514639975;123213
2514660380;123214
2514680789;123215
2514701199;123216
2514721607;123217
2514742016;123218
2514762426;123219
2514782834;123220
2514803244;123221
2514823652;123222
2514844061;123223
2514864471;123224
2514884879;123225
2514905288;123226
2514925698;123227
2514946106;123228
2514966516;123229
2514986924;123230
2515007333;123231
2515027743;123232
2515048151;123233
2515068560;123234
2515088970;123235
2515109378;123236
2515129787;123237
2515150196;123238
2515170605;123239
2515191019;123240
2515211423;123241
2515231832;123242
2515252242;123243
2515272650;123244
2515293060;123245
2515313468;123246
2515333877;123247
2515354287;123248
2515374695;123249
2515395108;123250
2515415518;123251
2515435922;123252
2515456332;123253
2515476741;123254
2515497149;123255
2515517559;123256
2515537967;123257
2515558376;123258
2515578790;123259
2515599194;123260
2515619603;123261
2515640013;123262
2515660421;123263
2515680831;123264
2515701239;123265
2515721648;123266
2515742058;123267
2515762466;123268
2515782876;123269
2515803285;123270
2515823693;123271
2515844103;123272
2515864511;123273
2515884920;123274
2515905330;123275
2515925738;123276
2515946147;123277
2515966557;123278
2515986965;123279
2516007375;123280
2516027783;123281
2516048192;123282
2516068602;123283
2516089010;123284
2516109419;123285
2516129829;123286
2516150237;123287
2516170647;123288
2516191056;123289
2516211464;123290
2516231874;123291
2516252282;123292
2516272691;123293
2516293101;123294
2516313509;123295
2516333919;123296
2516354328;123297
2516374736;123298
2516395146;123299
2516415554;123300
2516435963;123301
2516456373;123302
2516476781;123303
2516497191;123304
2516517600;123305
2516538008;123306
2516558418;123307
2516578826;123308
2516599235;123309
2516619645;123310
2516640053;123311
2516660462;123312
2516680872;123313
2516701280;123314
2516721690;123315
2516742098;123316
2516762507;123317
2516782917;123318
2516803325;123319
2516823734;123320
2516844144;123321
2516864552;123322
2516884962;123323
2516905371;123324
2516925783;123325
2516946189;123326
2516966597;123327
2516987010;123328
2517007416;123329
2517027824;123330
2517048234;123331
2517068643;123332
2517089051;123333
2517109461;123334
2517129869;123335
2517150279;123336
2517170688;123337
2517191096;123338
2517211506;123339
2517231915;123340
2517252323;123341
2517272733;123342
2517293141;123343
2517313550;123344
2517333960;123345
2517354368;123346
2517374778;123347
2517395187;123348
2517415595;123349
2517436005;123350
2517456413;123351
2517476823;123352
2517497232;123353
2517517640;123354
2517538050;123355
2517558459;123356
2517578867;123357
2517599277;123358
2517619686;123359
2517640094;123360
2517660504;123361
2517680912;123362
2517701322;123363
2517721731;123364
2517742139;123365
2517762549;123366
2517782958;123367
2517803366;123368
2517823776;123369
2517844184;123370
2517864594;123371
2517885003;123372
2517905411;123373
2517925821;123374
2517946230;123375
2517966638;123376
2517987048;123377
2518007456;123378
2518027865;123379
2518048275;123380
2518068683;123381
2518089093;123382
2518109502;123383
2518129910;123384
2518150320;123385
2518170728;123386
2518191137;123387
2518211547;123388
2518231955;123389
2518252365;123390
2518272774;123391
2518293182;123392
2518313592;123393
2518334001;123394
2518354410;123395
2518374819;123396
2518395227;123397
2518415637;123398
2518436046;123399
2518456454;123400
2518476864;123401
2518497273;123402
2518517682;123403
2518538095;123404
2518558499;123405
2518578909;123406
2518599318;123407
2518619726;123408
2518640136;123409
2518660545;123410
2518680957;123411
2518701363;123412
2518721771;123413
2518742181;123414
2518762590;123415
2518782998;123416
2518803408;123417
2518823817;123418
2518844225;123419
2518864635;123420
2518885043;123421
2518905453;123422
2518925862;123423
2518946274;123424
2518966680;123425
2518987089;123426
2519007498;123427
2519027907;123428
2519048316;123429
2519068725;123430
2519089134;123431
2519109542;123432
2519129952;123433
2519150361;123434
2519170769;123435
2519191183;123436
2519211588;123437
2519231997;123438
2519252406;123439
2519272814;123440
2519293224;123441
2519313633;123442
2519334041;123443
2519354451;123444
2519374860;123445
2519395269;123446
2519415678;123447
2519436086;123448
2519456496;123449
2519476905;123450
2519497313;123451
2519517723;123452
2519538132;123453
2519558541;123454
2519578950;123455
2519599358;123456
2519619772;123457
2519640177;123458
2519660585;123459
2519680995;123460
2519701404;123461
2519721813;123462
2519742222;123463
2519762631;123464
2519783040;123465
2519803449;123466
2519823857;123467
2519844267;123468
2519864676;123469
2519885085;123470
2519905494;123471
2519925903;123472
2519946312;123473
2519966721;123474
2519987129;123475
2520007539;123476
2520027948;123477
2520048357;123478
2520068766;123479
2520089175;123480
2520109584;123481
2520129993;123482
2520150401;123483
2520170811;123484
2520191220;123485
2520211629;123486
2520232038;123487
2520252447;123488
2520272856;123489
2520293265;123490
2520313673;123491
2520334083;123492
2520354492;123493
2520374901;123494
2520395310;123495
2520415719;123496
2520436128;123497
2520456537;123498
2520476946;123499
2520497355;123500
2520517764;123501
2520538173;123502
2520558582;123503
2520578991;123504
2520599400;123505
2520619809;123506
2520640218;123507
2520660627;123508
2520681036;123509
2520701445;123510
2520721854;123511
2520742263;123512
2520762672;123513
2520783081;123514
2520803490;123515
2520823899;123516
2520844308;123517
2520864717;123518
2520885126;123519
2520905539;123520
2520925944;123521
2520946353;123522
2520966762;123523
2520987171;123524
2521007580;123525
2521027988;123526
2521048398;123527
2521068807;123528
2521089216;123529
2521109625;123530
2521130034;123531
2521150443;123532
2521170852;123533
2521191261;123534
2521211670;123535
2521232079;123536
2521252488;123537
2521272897;123538
2521293306;123539
2521313719;123540
2521334124;123541
2521354533;123542
2521374942;123543
2521395351;123544
2521415760;123545
2521436169;123546
2521456578;123547
2521476987;123548
2521497396;123549
2521517805;123550
2521538214;123551
2521558623;123552
2521579032;123553
2521599441;123554
2521619850;123555
2521640259;123556
2521660668;123557
2521681077;123558
2521701486;123559
2521721895;123560
2521742304;123561
2521762713;123562
2521783126;123563
2521803531;123564
2521823940;123565
2521844349;123566
2521864758;123567
2521885167;123568
2521905576;123569
2521925985;123570
2521946394;123571
2521966803;123572
2521987212;123573
2522007621;123574
2522028030;123575
2522048439;123576
2522068852;123577
2522089257;123578
2522109666;123579
2522130075;123580
2522150484;123581
2522170893;123582
2522191302;123583
2522211711;123584
2522232121;123585
2522252529;123586
2522272938;123587
2522293347;123588
2522313756;123589
2522334165;123590
2522354574;123591
2522374983;123592
2522395392;123593
2522415801;123594
2522436210;123595
2522456619;123596
2522477028;123597
2522497437;123598
2522517846;123599
2522538255;123600
2522558665;123601
2522579073;123602
2522599482;123603
2522619891;123604
2522640300;123605
2522660709;123606
2522681118;123607
2522701527;123608
2522721937;123609
2522742345;123610
2522762754;123611
2522783164;123612
2522803572;123613
2522823985;123614
2522844390;123615
2522864799;123616
2522885208;123617
2522905617;123618
2522926026;123619
2522946436;123620
2522966844;123621
2522987253;123622
2523007666;123623
2523028071;123624
2523048480;123625
2523068889;123626
2523089298;123627
2523109708;123628
2523130116;123629
2523150525;123630
2523170934;123631
2523191343;123632
2523211753;123633
2523232161;123634
2523252574;123635
2523272980;123636
2523293388;123637
2523313797;123638
2523334206;123639
2523354615;123640
2523375024;123641
2523395433;123642
2523415842;123643
2523436251;123644
2523456660;123645
2523477069;123646
2523497479;123647
2523517887;123648
2523538296;123649
2523558705;123650
2523579114;123651
2523599524;123652
2523619932;123653
2523640341;123654
2523660751;123655
2523681159;123656
2523701568;123657
2523721977;123658
2523742386;123659
2523762796;123660
2523783208;123661
2523803617;123662
2523824023;123663
2523844431;123664
2523864840;123665
2523885249;123666
2523905658;123667
2523926067;123668
2523946476;123669
2523966885;123670
2523987295;123671
2524007703;123672
2524028112;123673
2524048521;123674
2524068930;123675
2524089340;123676
2524109748;123677
2524130157;123678
2524150567;123679
2524170975;123680
2524191313;123681
2524211722;123682
2524232131;123683
2524252540;123684
2524272949;123685
2524293357;123686
2524313767;123687
2524334175;123688
2524354584;123689
2524374993;123690
2524395402;123691
2524415811;123692
2524436220;123693
2524456628;123694
2524477038;123695
2524497446;123696
2524517855;123697
2524538264;123698
2524558673;123699
2524579082;123700
2524599490;123701
2524619899;123702
2524640308;123703
2524660717;123704
2524681125;123705
2524701535;123706
2524721943;123707
2524742352;123708
2524762761;123709
2524783170;123710
2524803579;123711
2524823988;123712
2524844396;123713
2524864810;123714
2524885214;123715
2524905623;123716
2524926032;123717
2524946441;123718
2524966850;123719
2524987259;123720
2525007667;123721
2525028077;123722
2525048485;123723
2525068898;123724
2525089303;123725
2525109712;123726
2525130121;123727
2525150530;123728
2525170938;123729
2525191348;123730
2525211756;123731
2525232164;123732
2525252574;123733
2525272982;123734
2525293392;123735
2525313804;123736
2525334209;123737
2525354618;123738
2525375027;123739
2525395435;123740
2525415845;123741
2525436253;123742
2525456663;123743
2525477071;123744
2525497480;123745
2525517893;123746
2525538298;123747
2525558706;123748
2525579116;123749
2525599524;123750
2525619934;123751
2525640342;123752
2525660751;123753
2525681160;123754
2525701569;123755
2525721977;123756
2525742387;123757
2525762795;123758
2525783205;123759
2525803613;123760
2525824022;123761
2525844431;123762
2525864839;123763
2525885248;123764
2525905657;123765
2525926066;123766
2525946475;123767
2525966884;123768
2525987292;123769
2526007702;123770
2526028110;123771
2526048519;123772
2526068928;123773
2526089337;123774
2526109746;123775
2526130155;123776
2526150563;123777
2526170977;123778
2526191381;123779
2526211790;123780
2526232199;123781
2526252608;123782
2526273016;123783
2526293426;123784
2526313834;123785
2526334244;123786
2526354652;123787
2526375061;123788
2526395470;123789
2526415879;123790
2526436287;123791
2526456696;123792
2526477105;123793
2526497514;123794
2526517923;123795
2526538331;123796
2526558741;123797
2526579149;123798
2526599558;123799
2526619967;123800
2526640376;123801
2526660785;123802
2526681198;123803
2526701602;123804
2526722012;123805
2526742420;123806
2526762833;123807
2526783238;123808
2526803647;123809
2526824056;123810
2526844465;123811
2526864873;123812
2526885283;123813
2526905691;123814
2526926100;123815
2526946509;123816
2526966918;123817
2526987327;123818
2527007736;123819
2527028144;123820
2527048554;123821
2527068962;123822
2527089374;123823
2527109780;123824
2527130188;123825
2527150598;123826
2527171006;123827
2527191415;123828
2527211824;123829
2527232233;123830
2527252641;123831
2527273051;123832
2527293459;123833
2527313869;123834
2527334277;123835
2527354686;123836
2527375095;123837
2527395504;123838
2527415912;123839
2527436322;123840
2527456730;123841
2527477140;123842
2527497548;123843
2527517957;123844
2527538366;123845
2527558775;123846
2527579183;123847
2527599593;123848
2527620001;123849
2527640410;123850
2527660823;123851
2527681232;123852
2527701637;123853
2527722045;123854
2527742454;123855
2527762863;123856
2527783272;123857
2527803681;123858
2527824090;123859
2527844498;123860
2527864908;123861
2527885316;123862
2527905725;123863
2527926134;123864
2527946543;123865
2527966951;123866
2527987361;123867
2528007769;123868
2528028179;123869
2528048587;123870
2528068996;123871
2528089405;123872
2528109814;123873
2528130222;123874
2528150632;123875
2528171040;123876
2528191450;123877
2528211858;123878
2528232271;123879
2528252676;123880
2528273085;123881
2528293493;123882
2528313903;123883
2528334311;123884
2528354719;123885
2528375129;123886
2528395541;123887
2528415947;123888
2528436355;123889
2528456764;123890
2528477173;123891
2528497586;123892
2528517990;123893
2528538400;123894
2528558808;123895
2528579218;123896
2528599626;123897
2528620035;123898
2528640444;123899
2528660853;123900
2528681262;123901
2528701671;123902
2528722079;123903
2528742489;123904
2528762897;123905
2528783306;123906
2528803715;123907
2528824124;123908
2528844532;123909
2528864942;123910
2528885350;123911
2528905764;123912
2528926168;123913
2528946577;123914
2528966986;123915
2528987394;123916
2529007803;123917
2529028212;123918
2529048621;123919
2529069030;123920
2529089439;123921
2529109847;123922
2529130257;123923
2529150665;123924
2529171074;123925
2529191487;123926
2529211892;123927
2529232301;123928
2529252710;123929
2529273118;123930
2529293532;123931
2529313936;123932
2529334345;123933
2529354754;123934
2529375167;123935
2529395572;123936
2529415981;123937
2529436393;123938
2529456799;123939
2529477207;123940
2529497616;123941
2529518025;123942
2529538434;123943
2529558843;123944
2529579251;123945
2529599660;123946
2529620069;123947
2529640478;123948
2529660886;123949
2529681300;123950
2529701704;123951
2529722113;123952
2529742522;123953
2529762931;123954
2529783340;123955
2529803749;123956
2529824157;123957
2529844567;123958
2529864975;123959
2529885385;123960
2529905793;123961
2529926202;123962
2529946611;123963
2529967020;123964
2529987428;123965
2530007838;123966
2530028246;123967
2530048655;123968
2530069064;123969
2530089473;123970
2530109882;123971
2530130291;123972
2530150699;123973
2530171109;123974
2530191521;123975
2530211925;123976
2530232335;123977
2530252743;123978
2530273153;123979
2530293561;123980
2530313970;123981
2530334379;123982
2530354788;123983
2530375196;123984
2530395606;123985
2530416018;123986
2530436424;123987
2530456832;123988
2530477241;123989
2530497650;123990
2530518063;123991
2530538467;123992
2530558877;123993
2530579285;123994
2530599695;123995
2530620103;123996
2530640512;123997
2530660921;123998
2530681330;123999
2530701738;124000
2530722148;124001
2530742556;124002
2530762966;124003
2530783374;124004
2530803787;124005
2530824192;124006
2530844600;124007
2530865009;124008
2530885418;124009
2530905827;124010
2530926236;124011
2530946645;124012
2530967053;124013
2530987463;124014
2531007875;124015
2531028280;124016
2531048689;124017
2531069098;124018
2531089506;124019
2531109916;124020
2531130324;124021
2531150734;124022
2531171142;124023
2531191551;124024
2531211960;124025
2531232369;124026
2531252778;124027
2531273187;124028
2531293595;124029
2531314005;124030
2531334413;124031
2531354826;124032
2531375231;124033
2531395644;124034
2531416048;124035
2531436458;124036
2531456866;124037
2531477275;124038
2531497684;124039
2531518092;124040
2531538502;124041
2531558910;124042
2531579320;124043
2531599728;124044
2531620137;124045
2531640546;124046
2531660955;124047
2531681363;124048
2531701773;124049
2531722181;124050
2531742590;124051
2531762999;124052
2531783412;124053
2531803817;124054
2531824226;124055
2531844634;124056
2531865044;124057
2531885456;124058
2531905861;124059
2531926270;124060
2531946679;124061
2531967091;124062
2531987497;124063
2532007905;124064
2532028315;124065
2532048727;124066
2532069132;124067
2532089541;124068
2532109949;124069
2532130362;124070
2532150767;124071
2532171176;124072
2532191585;124073
2532211994;124074
2532232402;124075
2532252812;124076
2532273220;124077
2532293630;124078
2532314038;124079
2532334447;124080
2532354856;124081
2532375265;124082
2532395673;124083
2532416083;124084
2532436491;124085
2532456900;124086
2532477309;124087
2532497718;124088
2532518127;124089
2532538536;124090
2532558944;124091
2532579354;124092
2532599762;124093
2532620171;124094
2532640580;124095
2532660989;124096
2532681398;124097
2532701806;124098
2532722215;124099
2532742624;124100
2532763033;124101
2532783442;124102
2532803851;124103
2532824259;124104
2532844669;124105
2532865077;124106
2532885486;124107
2532905895;124108
2532926304;124109
2532946712;124110
2532967122;124111
2532987534;124112
2533007940;124113
2533028348;124114
2533048757;124115
2533069166;124116
2533089575;124117
2533109983;124118
2533130393;124119
2533150801;124120
2533171211;124121
2533191619;124122
2533212028;124123
2533232437;124124
2533252846;124125
2533273254;124126
2533293664;124127
2533314072;124128
2533334481;124129
2533354890;124130
2533375298;124131
2533395708;124132
2533416116;124133
2533436525;124134
2533456934;124135
2533477343;124136
2533497752;124137
2533518161;124138
2533538569;124139
2533558979;124140
2533579387;124141
2533599796;124142
2533620205;124143
2533640614;124144
2533661022;124145
2533681432;124146
2533701840;124147
2533722250;124148
2533742662;124149
2533763067;124150
2533783476;124151
2533803885;124152
2533824294;124153
2533844703;124154
2533865115;124155
2533885521;124156
2533905929;124157
2533926338;124158
2533946747;124159
2533967155;124160
2533987564;124161
2534007977;124162
2534028382;124163
2534048795;124164
2534069200;124165
2534089608;124166
2534110018;124167
2534130426;124168
2534150835;124169
2534171244;124170
2534191757;124171
2534212171;124172
2534232579;124173
2534252984;124174
2534273394;124175
2534293806;124176
2534314212;124177
2534334621;124178
2534355030;124179
2534375442;124180
2534395852;124181
2534416257;124182
2534436666;124183
2534457075;124184
2534477484;124185
2534497893;124186
2534518302;124187
2534538712;124188
2534559124;124189
2534579529;124190
2534599939;124191
2534620348;124192
2534640756;124193
2534661166;124194
2534681575;124195
2534701984;124196
2534722393;124197
2534742802;124198
2534763211;124199
2534783620;124200
2534804029;124201
2534824439;124202
2534844847;124203
2534865257;124204
2534885666;124205
2534906074;124206
2534926484;124207
2534946893;124208
2534967301;124209
2534987711;124210
2535008124;124211
2535028529;124212
2535048938;124213
2535069351;124214
2535089757;124215
2535110165;124216
2535130574;124217
2535150984;124218
2535171392;124219
2535191802;124220
2535212211;124221
2535232619;124222
2535253029;124223
2535273438;124224
2535293847;124225
2535314260;124226
2535334669;124227
2535355074;124228
2535375483;124229
2535395892;124230
2535416302;124231
2535436710;124232
2535457119;124233
2535477529;124234
2535497937;124235
2535518347;124236
2535538756;124237
2535559165;124238
2535579574;124239
2535599983;124240
2535620392;124241
2535640801;124242
2535661210;124243
2535681619;124244
2535702032;124245
2535722437;124246
2535742847;124247
2535763256;124248
2535783664;124249
2535804074;124250
2535824483;124251
2535844892;124252
2535865301;124253
2535885710;124254
2535906123;124255
2535926528;124256
2535946941;124257
2535967346;124258
2535987755;124259
2536008164;124260
2536028574;124261
2536048982;124262
2536069392;124263
2536089801;124264
2536110209;124265
2536130619;124266
2536151028;124267
2536171440;124268
2536191850;124269
2536212255;124270
2536232665;124271
2536253073;124272
2536273486;124273
2536293892;124274
2536314300;124275
2536334709;124276
2536355119;124277
2536375527;124278
2536395937;124279
2536416346;124280
2536436754;124281
2536457164;124282
2536477577;124283
2536497982;124284
2536518391;124285
2536538800;124286
2536559210;124287
2536579618;124288
2536600027;124289
2536620437;124290
2536640845;124291
2536661254;124292
2536681664;124293
2536702073;124294
2536722482;124295
2536742891;124296
2536763300;124297
2536783709;124298
2536804118;124299
2536824527;124300
2536844936;124301
2536865345;124302
2536885755;124303
2536906163;124304
2536926572;124305
2536946982;124306
2536967391;124307
2536987799;124308
2537008209;124309
2537028618;124310
2537049027;124311
2537069436;124312
2537089845;124313
2537110254;124314
2537130663;124315
2537151072;124316
2537171482;124317
2537191890;124318
2537212304;124319
2537232709;124320
2537253117;124321
2537273527;124322
2537293936;124323
2537314344;124324
2537334754;124325
2537355163;124326
2537375572;124327
2537395981;124328
2537416390;124329
2537436800;124330
2537457208;124331
2537477617;124332
2537498027;124333
2537518435;124334
2537538845;124335
2537559254;124336
2537579662;124337
2537600072;124338
2537620481;124339
2537640890;124340
2537661299;124341
2537681708;124342
2537702118;124343
2537722526;124344
2537742939;124345
2537763345;124346
2537783753;124347
2537804162;124348
2537824572;124349
2537844980;124350
2537865389;124351
2537885799;124352
2537906208;124353
2537926617;124354
2537947026;124355
2537967435;124356
2537987844;124357
2538008253;124358
2538028662;124359
2538049071;124360
2538069480;124361
2538089890;124362
2538110299;124363
2538130711;124364
2538151117;124365
2538171526;124366
2538191935;124367
2538212344;124368
2538232753;124369
2538253162;124370
2538273571;124371
2538293980;124372
2538314390;124373
2538334802;124374
2538355208;124375
2538375617;124376
2538396025;124377
2538416435;124378
2538436844;124379
2538457252;124380
2538477662;124381
2538498071;124382
2538518480;124383
2538538889;124384
2538559298;124385
2538579708;124386
2538600116;124387
2538620525;124388
2538640935;124389
2538661343;124390
2538681753;124391
2538702162;124392
2538722570;124393
2538742980;124394
2538763389;124395
2538783798;124396
2538804207;124397
2538824616;124398
2538845025;124399
2538865434;124400
2538885843;124401
2538906253;124402
2538926661;124403
2538947070;124404
2538967480;124405
2538987892;124406
2539008297;124407
2539028707;124408
2539049116;124409
2539069525;124410
2539089934;124411
2539110343;124412
2539130752;124413
2539151161;124414
2539171570;124415
2539191979;124416
2539212388;124417
2539232798;124418
2539253207;124419
2539273615;124420
2539294025;124421
2539314434;124422
2539334842;124423
2539355252;124424
2539375661;124425
2539396070;124426
2539416479;124427
2539436888;124428
2539457297;124429
2539477706;124430
2539498119;124431
2539518529;124432
2539538933;124433
2539559343;124434
2539579752;124435
2539600160;124436
2539620570;124437
2539640979;124438
2539661387;124439
2539681797;124440
2539702206;124441
2539722616;124442
2539743024;124443
2539763433;124444
2539783843;124445
2539804251;124446
2539824660;124447
2539845070;124448
2539865478;124449
2539885888;124450
2539906301;124451
2539926705;124452
2539947115;124453
2539967528;124454
2539987934;124455
2540008342;124456
2540028751;124457
2540049161;124458
2540069569;124459
2540089978;124460
2540110388;124461
2540130796;124462
2540151205;124463
2540171615;124464
2540192024;124465
2540212433;124466
2540232842;124467
2540253251;124468
2540273660;124469
2540294069;124470
2540314478;124471
2540334887;124472
2540355296;124473
2540375705;124474
2540396114;124475
2540416523;124476
2540436933;124477
2540457342;124478
2540477750;124479
2540498160;124480
2540518569;124481
2540538978;124482
2540559387;124483
2540579796;124484
2540600209;124485
2540620614;124486
2540641023;124487
2540661433;124488
2540681841;124489
2540702251;124490
2540722660;124491
2540743068;124492
2540763478;124493
2540783887;124494
2540804295;124495
2540824705;124496
2540845114;124497
2540865523;124498
2540885932;124499
2540906341;124500
2540926751;124501
2540947159;124502
2540967568;124503
2540987978;124504
2541008386;124505
2541028795;124506
2541049205;124507
2541069613;124508
2541090026;124509
2541110432;124510
2541130841;124511
2541151250;124512
2541171659;124513
2541192069;124514
2541212477;124515
2541232886;124516
2541253296;124517
2541273704;124518
2541294113;124519
2541314523;124520
2541334935;124521
2541355340;124522
2541375750;124523
2541396159;124524
2541416568;124525
2541436977;124526
2541457386;124527
2541477795;124528
2541498204;124529
2541518613;124530
2541539022;124531
2541559431;124532
2541579841;124533
2541600250;124534
2541620658;124535
2541641068;124536
2541661477;124537
2541681885;124538
2541702295;124539
2541722704;124540
2541743113;124541
2541763522;124542
2541783931;124543
2541804341;124544
2541824749;124545
2541845158;124546
2541865568;124547
2541885976;124548
2541906386;124549
2541926795;124550
2541947203;124551
2541967613;124552
2541988022;124553
2542008430;124554
2542028840;124555
2542049249;124556
2542069659;124557
2542090067;124558
2542110476;124559
2542130886;124560
2542151294;124561
2542171703;124562
2542192113;124563
2542212521;124564
2542232930;124565
2542253340;124566
2542273749;124567
2542294158;124568
2542314567;124569
2542334976;124570
2542355389;124571
2542375794;124572
2542396207;124573
2542416612;124574
2542437021;124575
2542457431;124576
2542477839;124577
2542498248;124578
2542518658;124579
2542539067;124580
2542559479;124581
2542579885;124582
2542600294;124583
2542620707;124584
2542641112;124585
2542661521;124586
2542681930;124587
2542702339;124588
2542722749;124589
2542743158;124590
2542763566;124591
2542783976;124592
2542804385;124593
2542824793;124594
2542845203;124595
2542865611;124596
2542886021;124597
2542906430;124598
2542926839;124599
2542947251;124600
2542967657;124601
2542988066;124602
2543008476;124603
2543028888;124604
2543049293;124605
2543069703;124606
2543090111;124607
2543110521;124608
2543130930;124609
2543151338;124610
2543171748;124611
2543192157;124612
2543212566;124613
2543232975;124614
2543253384;124615
2543273794;124616
2543294202;124617
2543314611;124618
2543335021;124619
2543355429;124620
2543375838;124621
2543396248;124622
2543416656;124623
2543437069;124624
2543457479;124625
2543477884;124626
2543498293;124627
2543518702;124628
2543539111;124629
2543559520;124630
2543579929;124631
2543600338;124632
2543620747;124633
2543641156;124634
2543661566;124635
2543681975;124636
2543702383;124637
2543722793;124638
2543743206;124639
2543763610;124640
2543784020;124641
2543804429;124642
2543824838;124643
2543845247;124644
2543865656;124645
2543886065;124646
2543906474;124647
2543926884;124648
2543947293;124649
2543967705;124650
2543988111;124651
2544008520;124652
2544028928;124653
2544049338;124654
2544069747;124655
2544090155;124656
2544110565;124657
2544130974;124658
2544151384;124659
2544171792;124660
2544192072;124661
2544212481;124662
2544232894;124663
2544253298;124664
2544273707;124665
2544294116;124666
2544314525;124667
2544334934;124668
2544355342;124669
2544375752;124670
2544396160;124671
2544416569;124672
2544436978;124673
2544457386;124674
2544477799;124675
2544498204;124676
2544518613;124677
2544539022;124678
2544559431;124679
2544579839;124680
2544600248;124681
2544620661;124682
2544641066;124683
2544661475;124684
2544681883;124685
2544702293;124686
2544722701;124687
2544743109;124688
2544763523;124689
2544783927;124690
2544804336;124691
2544824745;124692
2544845154;124693
2544865563;124694
2544885971;124695
2544906380;124696
2544926789;124697
2544947198;124698
2544967606;124699
2544988016;124700
2545008424;124701
2545028838;124702
2545049242;124703
2545069650;124704
2545090060;124705
2545110468;124706
2545130878;124707
2545151286;124708
2545171695;124709
2545192104;124710
2545212512;124711
2545232921;124712
2545253330;124713
2545273739;124714
2545294147;124715
2545314557;124716
2545334965;124717
2545355374;124718
2545375783;124719
2545396191;124720
2545416601;124721
2545437009;124722
2545457418;124723
2545477827;124724
2545498235;124725
2545518645;124726
2545539053;124727
2545559462;124728
2545579871;124729
2545600284;124730
2545620688;124731
2545641097;124732
2545661506;124733
2545681915;124734
2545702324;124735
2545722732;124736
2545743142;124737
2545763550;124738
2545783959;124739
2545804368;124740
2545824776;124741
2545845189;124742
2545865594;124743
2545886003;124744
2545906412;124745
2545926821;124746
2545947229;124747
2545967638;124748
2545988047;124749
2546008456;124750
2546028865;124751
2546049273;124752
2546069683;124753
2546090091;124754
2546110499;124755
2546130909;124756
2546151317;124757
2546171727;124758
2546192135;124759
2546212544;124760
2546232953;124761
2546253361;124762
2546273770;124763
2546294179;124764
2546314588;124765
2546334996;124766
2546355406;124767
2546375814;124768
2546396223;124769
2546416632;124770
2546437040;124771
2546457450;124772
2546477858;124773
2546498268;124774
2546518676;124775
2546539085;124776
2546559494;124777
2546579902;124778
2546600311;124779
2546620720;124780
2546641129;124781
2546661538;124782
2546681947;124783
2546702355;124784
2546722768;124785
2546743173;124786
2546763581;124787
2546783991;124788
2546804399;124789
2546824808;124790
2546845217;124791
2546865625;124792
2546886035;124793
2546906443;124794
2546926852;124795
2546947261;124796
2546967670;124797
2546988078;124798
2547008487;124799
2547028896;124800
2547049305;124801
2547069714;124802
2547090122;124803
2547110532;124804
2547130940;124805
2547151349;124806
2547171758;124807
2547192166;124808
2547212579;124809
2547232984;124810
2547253393;124811
2547273802;124812
2547294211;124813
2547314619;124814
2547335028;124815
2547355437;124816
2547375846;124817
2547396255;124818
2547416663;124819
2547437077;124820
2547457481;124821
2547477893;124822
2547498303;124823
2547518707;124824
2547539117;124825
2547559525;124826
2547579934;124827
2547600343;124828
2547620751;124829
2547641160;124830
2547661569;124831
2547681978;124832
2547702387;124833
2547722796;124834
2547743204;124835
2547763613;124836
2547784022;124837
2547804430;124838
2547824844;124839
2547845248;124840
2547865658;124841
2547886066;124842
2547906475;124843
2547926884;124844
2547947292;124845
2547967701;124846
2547988110;124847
2548008519;124848
2548028928;124849
2548049337;124850
2548069745;124851
2548090154;124852
2548110563;124853
2548130971;124854
2548151381;124855
2548171789;124856
2548192199;124857
2548212607;124858
2548233015;124859
2548253425;124860
2548273833;124861
2548294242;124862
2548314651;124863
2548335060;124864
2548355469;124865
2548375877;124866
2548396286;124867
2548416695;124868
2548437104;124869
2548457516;124870
2548477922;124871
2548498334;124872
2548518739;124873
2548539148;124874
2548559556;124875
2548579970;124876
2548600374;124877
2548620783;124878
2548641192;124879
2548661601;124880
2548682010;124881
2548702418;124882
2548722827;124883
2548743239;124884
2548763645;124885
2548784053;124886
2548804463;124887
2548824871;124888
2548845279;124889
2548865689;124890
2548886101;124891
2548906507;124892
2548926915;124893
2548947324;124894
2548967733;124895
2548988145;124896
2549008551;124897
2549028959;124898
2549049368;124899
2549069777;124900
2549090186;124901
2549110594;124902
2549131003;124903
2549151412;124904
2549171820;124905
2549192230;124906
2549212638;124907
2549233048;124908
2549253460;124909
2549273864;124910
2549294274;124911
2549314682;124912
2549335091;124913
2549355500;124914
2549375909;124915
2549396318;124916
2549416727;124917
2549437135;124918
2549457544;124919
2549477953;124920
2549498361;124921
2549518771;124922
2549539179;124923
2549559589;124924
2549579997;124925
2549600405;124926
2549620815;124927
2549641223;124928
2549661636;124929
2549682041;124930
2549702450;124931
2549722859;124932
2549743267;124933
2549763676;124934
2549784085;124935
2549804494;124936
2549824902;124937
2549845316;124938
2549865720;124939
2549886128;124940
2549906538;124941
2549926946;124942
2549947356;124943
2549967764;124944
2549988173;124945
2550008582;124946
2550028990;124947
2550049399;124948
2550069808;124949
2550090217;124950
2550110626;124951
2550131035;124952
2550151443;124953
2550171853;124954
2550192265;124955
2550212670;124956
2550233079;124957
2550253487;124958
2550273897;124959
2550294305;124960
2550314714;124961
2550335123;124962
2550355531;124963
2550375940;124964
2550396349;124965
2550416758;124966
2550437167;124967
2550457576;124968
2550477984;124969
2550498393;124970
2550518802;124971
2550539211;124972
2550559624;124973
2550580028;124974
2550600438;124975
2550620846;124976
2550641254;124977
2550661664;124978
2550682072;124979
2550702481;124980
2550722890;124981
2550743299;124982
2550763708;124983
2550784117;124984
2550804525;124985
2550824934;124986
2550845343;124987
2550865751;124988
2550886161;124989
2550906569;124990
2550926979;124991
2550947387;124992
2550967795;124993
2550988209;124994
2551008613;124995
2551029022;124996
2551049431;124997
2551069840;124998
2551090252;124999
2551110657;125000
2551131066;125001
2551151475;125002
2551171888;125003
2551192292;125004
2551212702;125005
2551233110;125006
2551253519;125007
2551273928;125008
2551294336;125009
2551314746;125010
2551335154;125011
2551355563;125012
2551375972;125013
2551396380;125014
2551416790;125015
2551437198;125016
2551457607;125017
2551478016;125018
2551498425;125019
2551518833;125020
2551539243;125021
2551559651;125022
2551580060;125023
2551600469;125024
2551620877;125025
2551641287;125026
2551661695;125027
2551682104;125028
2551702513;125029
2551722921;125030
2551743330;125031
2551763739;125032
2551784148;125033
2551804557;125034
2551824966;125035
2551845374;125036
2551865783;125037
2551886192;125038
2551906600;125039
2551927010;125040
2551947418;125041
2551967828;125042
2551988236;125043
2552008644;125044
2552029054;125045
2552049462;125046
2552069872;125047
2552090280;125048
2552110689;125049
2552131098;125050
2552151506;125051
2552171915;125052
2552192324;125053
2552212733;125054
2552233142;125055
2552253551;125056
2552273959;125057
2552294369;125058
2552314777;125059
2552335185;125060
2552355599;125061
2552376003;125062
2552396412;125063
2552416821;125064
2552437230;125065
2552457639;125066
2552478047;125067
2552498456;125068
2552518865;125069
2552539274;125070
2552559682;125071
2552580092;125072
2552600504;125073
2552620909;125074
2552641318;125075
2552661726;125076
2552682136;125077
2552702544;125078
2552722957;125079
2552743366;125080
2552763770;125081
2552784183;125082
2552804588;125083
2552824997;125084
2552845406;125085
2552865815;125086
2552886223;125087
2552906637;125088
2552927045;125089
2552947450;125090
2552967859;125091
2552988267;125092
2553008677;125093
2553029085;125094
2553049494;125095
2553069903;125096
2553090311;125097
2553110721;125098
2553131129;125099
2553151538;125100
2553171951;125101
2553192356;125102
2553212764;125103
2553233173;125104
2553253582;125105
2553273991;125106
2553294404;125107
2553314808;125108
2553335218;125109
2553355626;125110
2553376034;125111
2553396444;125112
2553416852;125113
2553437262;125114
2553457670;125115
2553478079;125116
2553498488;125117
2553518896;125118
2553539305;125119
2553559714;125120
2553580123;125121
2553600532;125122
2553620941;125123
2553641349;125124
2553661759;125125
2553682167;125126
2553702575;125127
2553722985;125128
2553743393;125129
2553763803;125130
2553784211;125131
2553804620;125132
2553825029;125133
2553845437;125134
2553865846;125135
2553886255;125136
2553906664;125137
2553927073;125138
2553947482;125139
2553967890;125140
2553988299;125141
2554008708;125142
2554029116;125143
2554049526;125144
2554069934;125145
2554090344;125146
2554110752;125147
2554131160;125148
2554151570;125149
2554171978;125150
2554192437;125151
2554212842;125152
2554233251;125153
2554253659;125154
2554274069;125155
2554294477;125156
2554314887;125157
2554335295;125158
2554355704;125159
2554376114;125160
2554396522;125161
2554416931;125162
2554437340;125163
2554457749;125164
2554478158;125165
2554498567;125166
2554518975;125167
2554539385;125168
2554559793;125169
2554580202;125170
2554600611;125171
2554621020;125172
2554641433;125173
2554661838;125174
2554682246;125175
2554702656;125176
2554723069;125177
2554743473;125178
2554763883;125179
2554784291;125180
2554804701;125181
2554825109;125182
2554845518;125183
2554865927;125184
2554886336;125185
2554906744;125186
2554927154;125187
2554947562;125188
2554967972;125189
2554988380;125190
2555008789;125191
2555029198;125192
2555049607;125193
2555070015;125194
2555090425;125195
2555110834;125196
2555131247;125197
2555151652;125198
2555172060;125199
2555192470;125200
2555212878;125201
2555233287;125202
2555253696;125203
2555274105;125204
2555294514;125205
2555314923;125206
2555335331;125207
2555355741;125208
2555376149;125209
2555396558;125210
2555416967;125211
2555437376;125212
2555457785;125213
2555478198;125214
2555498603;125215
2555519012;125216
2555539421;125217
2555559829;125218
2555580239;125219
2555600647;125220
2555621057;125221
2555641465;125222
2555661874;125223
2555682283;125224
2555702692;125225
2555723100;125226
2555743510;125227
2555763918;125228
2555784328;125229
2555804736;125230
2555825145;125231
2555845558;125232
2555865963;125233
2555886372;125234
2555906781;125235
2555927190;125236
2555947602;125237
2555968008;125238
2555988416;125239
2556008826;125240
2556029234;125241
2556049643;125242
2556070056;125243
2556090461;125244
2556110870;125245
2556131279;125246
2556151687;125247
2556172097;125248
2556192505;125249
2556212914;125250
2556233323;125251
2556253732;125252
2556274142;125253
2556294550;125254
2556314959;125255
2556335368;125256
2556355777;125257
2556376185;125258
2556396595;125259
2556417003;125260
2556437416;125261
2556457821;125262
2556478230;125263
2556498639;125264
2556519048;125265
2556539456;125266
2556559866;125267
2556580274;125268
2556600684;125269
2556621092;125270
2556641501;125271
2556661911;125272
2556682319;125273
2556702728;125274
2556723137;125275
2556743546;125276
2556763955;125277
2556784364;125278
2556804772;125279
2556825182;125280
2556845590;125281
2556865999;125282
2556886412;125283
2556906817;125284
2556927226;125285
2556947635;125286
2556968043;125287
2556988453;125288
2557008861;125289
2557029270;125290
2557049680;125291
2557070088;125292
2557090498;125293
2557110906;125294
2557131315;125295
2557151724;125296
2557172133;125297
2557192541;125298
2557212951;125299
2557233359;125300
2557253769;125301
2557274177;125302
2557294586;125303
2557314995;125304
2557335404;125305
2557355812;125306
2557376222;125307
2557396630;125308
2557417040;125309
2557437449;125310
2557457857;125311
2557478267;125312
2557498675;125313
2557519084;125314
2557539493;125315
2557559902;125316
2557580311;125317
2557600720;125318
2557621128;125319
2557641538;125320
2557661950;125321
2557682355;125322
2557702764;125323
2557723173;125324
2557743582;125325
2557763991;125326
2557784399;125327
2557804809;125328
2557825218;125329
2557845626;125330
2557866036;125331
2557886444;125332
2557906857;125333
2557927262;125334
2557947671;125335
2557968084;125336
2557988489;125337
2558008897;125338
2558029307;125339
2558049715;125340
2558070124;125341
2558090533;125342
2558110942;125343
2558131351;125344
2558151760;125345
2558172172;125346
2558192578;125347
2558212987;125348
2558233395;125349
2558253809;125350
2558274213;125351
2558294623;125352
2558315031;125353
2558335440;125354
2558355849;125355
2558376258;125356
2558396666;125357
2558417076;125358
2558437484;125359
2558457894;125360
2558478302;125361
2558498711;125362
2558519120;125363
2558539529;125364
2558559937;125365
2558580351;125366
2558600760;125367
2558621165;125368
2558641574;125369
2558661982;125370
2558682396;125371
2558702800;125372
2558723209;125373
2558743618;125374
2558764027;125375
2558784436;125376
2558804845;125377
2558825253;125378
2558845663;125379
2558866071;125380
2558886480;125381
2558906893;125382
2558927298;125383
2558947707;125384
2558968116;125385
2558988525;125386
2559008934;125387
2559029343;125388
2559049751;125389
2559070161;125390
2559090569;125391
2559110979;125392
2559131387;125393
2559151796;125394
2559172205;125395
2559192618;125396
2559213022;125397
2559233436;125398
2559253840;125399
2559274250;125400
2559294658;125401
2559315067;125402
2559335476;125403
2559355885;125404
2559376298;125405
2559396703;125406
2559417112;125407
2559437520;125408
2559457930;125409
2559478338;125410
2559498748;125411
2559519156;125412
2559539565;125413
2559559974;125414
2559580383;125415
2559600791;125416
2559621201;125417
2559641609;125418
2559662019;125419
2559682427;125420
2559702836;125421
2559723245;125422
2559743654;125423
2559764064;125424
2559784472;125425
2559804881;125426
2559825293;125427
2559845699;125428
2559866107;125429
2559886517;125430
2559906925;125431
2559927334;125432
2559947743;125433
2559968152;125434
2559988561;125435
2560008970;125436
2560029378;125437
2560049788;125438
2560070196;125439
2560090605;125440
2560111015;125441
2560131423;125442
2560151833;125443
2560172241;125444
2560192650;125445
2560213059;125446
2560233468;125447
2560253876;125448
2560274286;125449
2560294694;125450
2560315104;125451
2560335512;125452
2560355921;125453
2560376330;125454
2560396739;125455
2560417147;125456
2560437557;125457
2560457965;125458
2560478375;125459
2560498784;125460
2560519192;125461
2560539602;125462
2560560010;125463
2560580419;125464
2560600828;125465
2560621237;125466
2560641649;125467
2560662055;125468
2560682463;125469
2560702873;125470
2560723281;125471
2560743694;125472
2560764099;125473
2560784508;125474
2560804917;125475
2560825326;125476
2560845734;125477
2560866144;125478
2560886553;125479
2560906961;125480
2560927371;125481
2560947779;125482
2560968188;125483
2560988597;125484
2561009006;125485
2561029415;125486
2561049828;125487
2561070232;125488
2561090642;125489
2561111050;125490
2561131460;125491
2561151868;125492
2561172277;125493
2561192686;125494
2561213099;125495
2561233503;125496
2561253913;125497
2561274322;125498
2561294731;125499
2561315140;125500
2561335548;125501
2561355958;125502
2561376366;125503
2561396775;125504
2561417184;125505
2561437593;125506
2561458002;125507
2561478411;125508
2561498819;125509
2561519229;125510
2561539637;125511
2561560046;125512
2561580455;125513
2561600868;125514
2561621272;125515
2561641682;125516
2561662091;125517
2561682500;125518
2561702909;125519
2561723317;125520
2561743727;125521
2561764135;125522
2561784545;125523
2561804953;125524
2561825362;125525
2561845771;125526
2561866180;125527
2561886588;125528
2561906998;125529
2561927406;125530
2561947815;125531
2561968224;125532
2561988633;125533
2562009042;125534
2562029451;125535
2562049860;125536
2562070273;125537
2562090678;125538
2562111086;125539
2562131500;125540
2562151908;125541
2562172314;125542
2562192722;125543
2562213131;125544
2562233540;125545
2562253949;125546
2562274357;125547
2562294767;125548
2562315175;125549
2562335585;125550
2562355993;125551
2562376402;125552
2562396811;125553
2562417220;125554
2562437629;125555
2562458038;125556
2562478447;125557
2562498856;125558
2562519265;125559
2562539673;125560
2562560083;125561
2562580491;125562
2562600900;125563
2562621309;125564
2562641718;125565
2562662127;125566
2562682536;125567
2562702944;125568
2562723354;125569
2562743762;125570
2562764171;125571
2562784580;125572
2562804989;125573
2562825399;125574
2562845807;125575
2562866216;125576
2562886625;125577
2562907038;125578
2562927442;125579
2562947852;125580
2562968260;125581
2562988670;125582
2563009078;125583
2563029487;125584
2563049896;125585
2563070305;125586
2563090713;125587
2563111123;125588
2563131531;125589
2563151941;125590
2563172349;125591
2563192758;125592
2563213168;125593
2563233576;125594
2563253985;125595
2563274394;125596
2563294803;125597
2563315212;125598
2563335621;125599
2563356029;125600
2563376439;125601
2563396851;125602
2563417256;125603
2563437665;125604
2563458074;125605
2563478483;125606
2563498896;125607
2563519300;125608
2563539710;125609
2563560122;125610
2563580527;125611
2563600937;125612
2563621345;125613
2563641754;125614
2563662163;125615
2563682572;125616
2563702981;125617
2563723390;125618
2563743798;125619
2563764208;125620
2563784616;125621
2563805025;125622
2563825434;125623
2563845843;125624
2563866255;125625
2563886661;125626
2563907069;125627
2563927479;125628
2563947887;125629
2563968296;125630
2563988706;125631
2564009114;125632
2564029524;125633
2564049932;125634
2564070341;125635
2564090750;125636
2564111159;125637
2564131567;125638
2564151977;125639
2564172385;125640
2564192821;125641
2564213229;125642
2564233638;125643
2564254052;125644
2564274456;125645
2564294865;125646
2564315274;125647
2564335683;125648
2564356096;125649
2564376501;125650
2564396910;125651
2564417319;125652
2564437728;125653
2564458136;125654
2564478550;125655
2564498955;125656
2564519364;125657
2564539773;125658
2564560185;125659
2564580591;125660
2564600999;125661
2564621408;125662
2564641818;125663
2564662226;125664
2564682636;125665
2564703044;125666
2564723453;125667
2564743862;125668
2564764271;125669
2564784680;125670
2564805089;125671
2564825498;125672
2564845907;125673
2564866316;125674
2564886725;125675
2564907138;125676
2564927543;125677
2564947955;125678
2564968361;125679
2564988769;125680
2565009179;125681
2565029592;125682
2565049996;125683
2565070406;125684
2565090814;125685
2565111223;125686
2565131632;125687
2565152040;125688
2565172450;125689
2565192859;125690
2565213272;125691
2565233677;125692
2565254086;125693
2565274495;125694
2565294904;125695
2565315313;125696
2565335722;125697
2565356131;125698
2565376539;125699
2565396949;125700
2565417358;125701
2565437770;125702
2565458176;125703
2565478584;125704
2565498993;125705
2565519403;125706
2565539811;125707
2565560221;125708
2565580629;125709
2565601038;125710
2565621451;125711
2565641856;125712
2565662265;125713
2565682678;125714
2565703083;125715
2565723492;125716
2565743901;125717
2565764309;125718
2565784719;125719
2565805128;125720
2565825537;125721
2565845946;125722
2565866354;125723
2565886764;125724
2565907173;125725
2565927581;125726
2565947991;125727
2565968399;125728
2565988809;125729
2566009217;125730
2566029626;125731
2566050036;125732
2566070444;125733
2566090853;125734
2566111262;125735
2566131671;125736
2566152083;125737
2566172489;125738
2566192898;125739
2566213307;125740
2566233716;125741
2566254124;125742
2566274534;125743
2566294943;125744
2566315351;125745
2566335761;125746
2566356173;125747
2566376579;125748
2566396987;125749
2566417396;125750
2566437806;125751
2566458214;125752
2566478623;125753
2566499032;125754
2566519441;125755
2566539850;125756
2566560259;125757
2566580668;125758
2566601077;125759
2566621486;125760
2566641894;125761
2566662304;125762
2566682713;125763
2566703122;125764
2566723531;125765
2566743939;125766
2566764349;125767
2566784757;125768
2566805166;125769
2566825576;125770
2566845984;125771
2566866394;125772
2566886802;125773
2566907211;125774
2566927621;125775
2566948029;125776
2566968438;125777
2566988847;125778
2567009256;125779
2567029665;125780
2567050074;125781
2567070483;125782
2567090892;125783
2567111301;125784
2567131709;125785
2567152119;125786
2567172527;125787
2567192936;125788
2567213346;125789
2567233754;125790
2567254164;125791
2567274576;125792
2567294981;125793
2567315391;125794
2567335799;125795
2567356209;125796
2567376617;125797
2567397026;125798
2567417435;125799
2567437844;125800
2567458253;125801
2567478666;125802
2567499071;125803
2567519483;125804
2567539893;125805
2567560301;125806
2567580707;125807
2567601116;125808
2567621524;125809
2567641938;125810
2567662342;125811
2567682752;125812
2567703161;125813
2567723569;125814
2567743979;125815
2567764387;125816
2567784796;125817
2567805209;125818
2567825614;125819
2567846027;125820
2567866432;125821
2567886841;125822
2567907250;125823
2567927659;125824
2567948067;125825
2567968477;125826
2567988890;125827
2568009295;125828
2568029704;125829
2568050112;125830
2568070526;125831
2568090931;125832
2568111339;125833
2568131749;125834
2568152157;125835
2568172570;125836
2568192979;125837
2568213384;125838
2568233794;125839
2568254202;125840
2568274611;125841
2568295020;125842
2568315429;125843
2568335837;125844
2568356247;125845
2568376656;125846
2568397065;125847
2568417474;125848
2568437886;125849
2568458292;125850
2568478701;125851
2568499110;125852
2568519519;125853
2568539927;125854
2568560337;125855
2568580745;125856
2568601154;125857
2568621564;125858
2568641972;125859
2568662385;125860
2568682794;125861
2568703199;125862
2568723613;125863
2568744017;125864
2568764426;125865
2568784835;125866
2568805244;125867
2568825656;125868
2568846062;125869
2568866471;125870
2568886880;125871
2568907289;125872
2568927697;125873
2568948107;125874
2568968515;125875
2568988924;125876
2569009334;125877
2569029742;125878
2569050152;125879
2569070560;125880
2569090969;125881
2569111379;125882
2569131787;125883
2569152197;125884
2569172609;125885
2569193014;125886
2569213423;125887
2569233836;125888
2569254241;125889
2569274650;125890
2569295059;125891
2569315467;125892
2569335877;125893
2569356285;125894
2569376695;125895
2569397104;125896
2569417512;125897
2569437922;125898
2569458330;125899
2569478739;125900
2569499149;125901
2569519557;125902
2569539967;125903
2569560375;125904
2569580784;125905
2569601193;125906
2569621602;125907
2569642011;125908
2569662420;125909
2569682829;125910
2569703238;125911
2569723647;125912
2569744055;125913
2569764465;125914
2569784874;125915
2569805282;125916
2569825692;125917
2569846100;125918
2569866514;125919
2569886919;125920
2569907327;125921
2569927737;125922
2569948145;125923
2569968554;125924
2569988963;125925
2570009372;125926
2570029782;125927
2570050190;125928
2570070599;125929
2570091008;125930
2570111417;125931
2570131825;125932
2570152235;125933
2570172644;125934
2570193053;125935
2570213462;125936
2570233870;125937
2570254280;125938
2570274689;125939
2570295097;125940
2570315507;125941
2570335919;125942
2570356325;125943
2570376733;125944
2570397142;125945
2570417552;125946
2570437960;125947
2570458369;125948
2570478778;125949
2570499187;125950
2570519597;125951
2570540005;125952
2570560414;125953
2570580823;125954
2570601232;125955
2570621644;125956
2570642050;125957
2570662459;125958
2570682868;125959
2570703277;125960
2570723685;125961
2570744095;125962
2570764503;125963
2570784912;125964
2570805322;125965
2570825730;125966
2570846140;125967
2570866548;125968
2570886957;125969
2570907367;125970
2570927775;125971
2570948184;125972
2570968593;125973
2570989006;125974
2571009411;125975
2571029820;125976
2571050229;125977
2571070638;125978
2571091047;125979
2571111455;125980
2571131865;125981
2571152273;125982
2571172683;125983
2571193092;125984
2571213500;125985
2571233914;125986
2571254318;125987
2571274727;125988
2571295141;125989
2571315545;125990
2571335954;125991
2571356363;125992
2571376772;125993
2571397181;125994
2571417590;125995
2571437999;125996
2571458408;125997
2571478817;125998
2571499225;125999
2571519635;126000
2571540043;126001
2571560453;126002
2571580862;126003
2571601270;126004
2571621680;126005
2571642088;126006
2571662498;126007
2571682907;126008
2571703315;126009
2571723725;126010
2571744133;126011
2571764542;126012
2571784951;126013
2571805360;126014
2571825770;126015
2571846178;126016
2571866587;126017
2571886996;126018
2571907405;126019
2571927813;126020
2571948223;126021
2571968632;126022
2571989044;126023
2572009450;126024
2572029862;126025
2572050268;126026
2572070677;126027
2572091085;126028
2572111495;126029
2572131903;126030
2572152313;126031
2572172721;126032
2572193134;126033
2572213540;126034
2572233948;126035
2572254357;126036
2572274766;126037
2572295175;126038
2572315584;126039
2572335993;126040
2572356402;126041
2572376811;126042
2572397220;126043
2572417628;126044
2572438038;126045
2572458447;126046
2572478855;126047
2572499265;126048
2572519673;126049
2572540083;126050
2572560491;126051
2572580900;126052
2572601310;126053
2572621718;126054
2572642131;126055
2572662536;126056
2572682945;126057
2572703355;126058
2572723763;126059
2572744176;126060
2572764581;126061
2572784990;126062
2572805402;126063
2572825808;126064
2572846217;126065
2572866626;126066
2572887035;126067
2572907443;126068
2572927857;126069
2572948261;126070
2572968670;126071
2572989080;126072
2573009488;126073
2573029898;126074
2573050310;126075
2573070715;126076
2573091125;126077
2573111533;126078
2573131942;126079
2573152351;126080
2573172760;126081
2573193173;126082
2573213578;126083
2573233987;126084
2573254396;126085
2573274805;126086
2573295214;126087
2573315627;126088
2573336031;126089
2573356441;126090
2573376850;126091
2573397258;126092
2573417672;126093
2573438076;126094
2573458485;126095
2573478895;126096
2573499303;126097
2573519713;126098
2573540121;126099
2573560530;126100
2573580939;126101
2573601348;126102
2573621761;126103
2573642166;126104
2573662575;126105
2573682984;126106
2573703393;126107
2573723801;126108
2573744211;126109
2573764620;126110
2573785028;126111
2573805442;126112
2573825846;126113
2573846256;126114
2573866665;126115
2573887073;126116
2573907483;126117
2573927891;126118
2573948300;126119
2573968713;126120
2573989118;126121
2574009528;126122
2574029936;126123
2574050345;126124
2574070754;126125
2574091163;126126
2574111572;126127
2574131981;126128
2574152390;126129
2574172798;126130
2574193191;126131
2574213599;126132
2574234009;126133
2574254417;126134
2574274826;126135
2574295236;126136
2574315644;126137
2574336053;126138
2574356462;126139
2574376871;126140
2574397280;126141
2574417689;126142
2574438097;126143
2574458507;126144
2574478915;126145
2574499325;126146
2574519734;126147
2574540142;126148
2574560552;126149
2574580960;126150
2574601369;126151
2574621782;126152
2574642187;126153
2574662595;126154
2574683005;126155
2574703413;126156
2574723823;126157
2574744232;126158
2574764640;126159
2574785050;126160
2574805462;126161
2574825867;126162
2574846276;126163
2574866685;126164
2574887094;126165
2574907503;126166
2574927915;126167
2574948321;126168
2574968730;126169
2574989138;126170
2575009548;126171
2575029956;126172
2575050366;126173
2575070774;126174
2575091183;126175
2575111592;126176
2575132001;126177
2575152409;126178
2575172819;126179
2575193228;126180
2575213637;126181
2575234046;126182
2575254454;126183
2575274864;126184
2575295272;126185
2575315681;126186
2575336090;126187
2575356499;126188
2575376908;126189
2575397317;126190
2575417726;126191
2575438135;126192
2575458544;126193
2575478952;126194
2575499362;126195
2575519770;126196
2575540180;126197
2575560588;126198
2575581001;126199
2575601406;126200
2575621815;126201
2575642223;126202
2575662633;126203
2575683042;126204
2575703451;126205
2575723860;126206
2575744268;126207
2575764682;126208
2575785086;126209
2575805495;126210
2575825904;126211
2575846313;126212
2575866722;126213
2575887131;126214
2575907540;126215
2575927949;126216
2575948358;126217
2575968766;126218
2575989176;126219
2576009584;126220
2576029993;126221
2576050402;126222
2576070811;126223
2576091220;126224
2576111629;126225
2576132038;126226
2576152447;126227
2576172856;126228
2576193264;126229
2576213674;126230
2576234082;126231
2576254496;126232
2576274900;126233
2576295309;126234
2576315718;126235
2576336127;126236
2576356536;126237
2576376945;126238
2576397354;126239
2576417766;126240
2576438176;126241
2576458580;126242
2576478990;126243
2576499398;126244
2576519807;126245
2576540220;126246
2576560625;126247
2576581035;126248
2576601443;126249
2576621852;126250
2576642261;126251
2576662670;126252
2576683078;126253
2576703488;126254
2576723896;126255
2576744306;126256
2576764714;126257
2576785123;126258
2576805533;126259
2576825941;126260
2576846350;126261
2576866759;126262
2576887168;126263
2576907577;126264
2576927990;126265
2576948394;126266
2576968804;126267
2576989212;126268
2577009621;126269
2577030031;126270
2577050439;126271
2577070849;126272
2577091257;126273
2577111666;126274
2577132075;126275
2577152488;126276
2577172892;126277
2577193306;126278
2577213710;126279
2577234120;126280
2577254529;126281
2577274937;126282
2577295347;126283
2577315755;126284
2577336164;126285
2577356573;126286
2577376982;126287
2577397390;126288
2577417800;126289
2577438208;126290
2577458618;126291
2577479027;126292
2577499439;126293
2577519845;126294
2577540253;126295
2577560663;126296
2577581071;126297
2577601480;126298
2577621889;126299
2577642298;126300
2577662706;126301
2577683116;126302
2577703525;126303
2577723933;126304
2577744347;126305
2577764751;126306
2577785161;126307
2577805569;126308
2577825978;126309
2577846387;126310
2577866796;126311
2577887204;126312
2577907614;126313
2577928023;126314
2577948432;126315
2577968841;126316
2577989249;126317
2578009659;126318
2578030067;126319
2578050476;126320
2578070885;126321
2578091294;126322
2578111703;126323
2578132112;126324
2578152521;126325
2578172930;126326
2578193339;126327
2578213747;126328
2578234157;126329
2578254565;126330
2578274975;126331
2578295383;126332
2578315792;126333
2578336201;126334
2578356610;126335
2578377019;126336
2578397428;126337
2578417837;126338
2578438246;126339
2578458655;126340
2578479063;126341
2578499477;126342
2578519881;126343
2578540291;126344
2578560699;126345
2578581108;126346
2578601521;126347
2578621926;126348
2578642335;126349
2578662744;126350
2578683153;126351
2578703561;126352
2578723971;126353
2578744379;126354
2578764793;126355
2578785197;126356
2578805606;126357
2578826015;126358
2578846424;126359
2578866834;126360
2578887242;126361
2578907651;126362
2578928060;126363
2578948469;126364
2578968877;126365
2578989287;126366
2579009695;126367
2579030105;126368
2579050513;126369
2579070922;126370
2579091332;126371
2579111740;126372
2579132149;126373
2579152558;126374
2579172967;126375
2579193375;126376
2579213785;126377
2579234193;126378
2579254603;126379
2579275011;126380
2579295420;126381
2579315830;126382
2579336238;126383
2579356647;126384
2579377060;126385
2579397465;126386
2579417874;126387
2579438283;126388
2579458691;126389
2579479101;126390
2579499509;126391
2579519918;126392
2579540328;126393
2579560736;126394
2579581146;126395
2579601554;126396
2579621963;126397
2579642372;126398
2579662781;126399
2579683189;126400
2579703599;126401
2579724007;126402
2579744417;126403
2579764826;126404
2579785234;126405
2579805644;126406
2579826052;126407
2579846461;126408
2579866870;126409
2579887279;126410
2579907688;126411
2579928097;126412
2579948505;126413
2579968919;126414
2579989324;126415
2580009732;126416
2580030142;126417
2580050550;126418
2580070960;126419
2580091368;126420
2580111777;126421
2580132186;126422
2580152595;126423
2580173003;126424
2580193413;126425
2580213822;126426
2580234234;126427
2580254644;126428
2580275048;126429
2580295458;126430
2580315866;126431
2580336275;126432
2580356684;126433
2580377093;126434
2580397502;126435
2580417915;126436
2580438320;126437
2580458729;126438
2580479142;126439
2580499546;126440
2580519956;126441
2580540364;126442
2580560774;126443
2580581182;126444
2580601591;126445
2580622000;126446
2580642409;126447
2580662818;126448
2580683227;126449
2580703636;126450
2580724045;126451
2580744454;126452
2580764862;126453
2580785272;126454
2580805680;126455
2580826093;126456
2580846498;126457
2580866907;126458
2580887317;126459
2580907725;126460
2580928134;126461
2580948543;126462
2580968952;126463
2580989360;126464
2581009770;126465
2581030178;126466
2581050588;126467
2581070996;126468
2581091405;126469
2581111815;126470
2581132223;126471
2581152632;126472
2581173041;126473
2581193450;126474
2581213862;126475
2581234268;126476
2581254676;126477
2581275086;126478
2581295494;126479
2581315903;126480
2581336313;126481
2581356721;126482
2581377131;126483
2581397539;126484
2581417948;126485
2581438357;126486
2581458766;126487
2581479174;126488
2581499588;126489
2581519996;126490
2581540402;126491
2581560811;126492
2581581219;126493
2581601629;126494
2581622037;126495
2581642446;126496
2581662855;126497
2581683264;126498
2581703673;126499
2581724082;126500
2581744490;126501
2581764904;126502
2581785313;126503
2581805717;126504
2581826127;126505
2581846539;126506
2581866945;126507
2581887353;126508
2581907762;126509
2581928174;126510
2581948580;126511
2581968988;126512
2581989398;126513
2582009807;126514
2582030216;126515
2582050625;126516
2582071033;126517
2582091443;126518
2582111851;126519
2582132260;126520
2582152669;126521
2582173078;126522
2582193486;126523
2582213896;126524
2582234304;126525
2582254714;126526
2582275127;126527
2582295531;126528
2582315941;126529
2582336349;126530
2582356759;126531
2582377167;126532
2582397576;126533
2582417985;126534
2582438394;126535
2582458802;126536
2582479212;126537
2582499621;126538
2582520033;126539
2582540443;126540
2582560847;126541
2582581257;126542
2582601665;126543
2582622074;126544
2582642483;126545
2582662892;126546
2582683301;126547
2582703710;126548
2582724119;126549
2582744528;126550
2582764937;126551
2582785349;126552
2582805755;126553
2582826163;126554
2582846576;126555
2582866981;126556
2582887390;126557
2582907799;126558
2582928212;126559
2582948617;126560
2582969026;126561
2582989435;126562
2583009844;126563
2583030253;126564
2583050661;126565
2583071071;126566
2583091479;126567
2583111888;126568
2583132297;126569
2583152706;126570
2583173115;126571
2583193524;126572
2583213933;126573
2583234345;126574
2583254751;126575
2583275159;126576
2583295569;126577
2583315977;126578
2583336386;126579
2583356795;126580
2583377208;126581
2583397614;126582
2583418022;126583
2583438431;126584
2583458840;126585
2583479249;126586
2583499657;126587
2583520067;126588
2583540475;126589
2583560885;126590
2583581293;126591
2583601702;126592
2583622112;126593
2583642520;126594
2583662929;126595
2583683338;126596
2583703747;126597
2583724159;126598
2583744565;126599
2583764973;126600
2583785383;126601
2583805791;126602
2583826200;126603
2583846610;126604
2583867018;126605
2583887428;126606
2583907836;126607
2583928245;126608
2583948654;126609
2583969063;126610
2583989471;126611
2584009881;126612
2584030289;126613
2584050698;126614
2584071108;126615
2584091516;126616
2584111926;126617
2584132334;126618
2584152743;126619
2584173152;126620
2584193560;126621
2584213968;126622
2584234378;126623
2584254786;126624
2584275196;126625
2584295605;126626
2584316013;126627
2584336423;126628
2584356831;126629
2584377240;126630
2584397649;126631
2584418058;126632
2584438467;126633
2584458876;126634
2584479284;126635
2584499694;126636
2584520102;126637
2584540511;126638
2584560921;126639
2584581329;126640
2584601739;126641
2584622147;126642
2584642556;126643
2584662965;126644
2584683374;126645
2584703782;126646
2584724192;126647
2584744600;126648
2584765010;126649
2584785419;126650
2584805831;126651
2584826237;126652
2584846645;126653
2584867054;126654
2584887463;126655
2584907872;126656
2584928281;126657
2584948690;126658
2584969098;126659
2584989508;126660
2585009917;126661
2585030325;126662
2585050735;126663
2585071143;126664
2585091553;126665
2585111961;126666
2585132370;126667
2585152779;126668
2585173188;126669
2585193596;126670
2585214006;126671
2585234414;126672
2585254827;126673
2585275233;126674
2585295641;126675
2585316051;126676
2585336459;126677
2585356868;126678
2585377277;126679
2585397686;126680
2585418094;126681
2585438504;126682
2585458912;126683
2585479322;126684
2585499731;126685
2585520139;126686
2585540549;126687
2585560957;126688
2585581366;126689
2585601775;126690
2585622184;126691
2585642593;126692
2585663002;126693
2585683410;126694
2585703824;126695
2585724229;126696
2585744637;126697
2585765047;126698
2585785455;126699
2585805865;126700
2585826273;126701
2585846682;126702
2585867091;126703
2585887500;126704
2585907908;126705
2585928318;126706
2585948726;126707
2585969136;126708
2585989549;126709
2586009953;126710
2586030363;126711
2586050771;126712
2586071181;126713
2586091589;126714
2586111998;126715
2586132407;126716
2586152816;126717
2586173224;126718
2586193634;126719
2586214047;126720
2586234452;126721
2586254861;126722
2586275269;126723
2586295679;126724
2586316087;126725
2586336496;126726
2586356905;126727
2586377314;126728
2586397723;126729
2586418132;126730
2586438541;126731
2586458950;126732
2586479359;126733
2586499767;126734
2586520177;126735
2586540585;126736
2586560995;126737
2586581403;126738
2586601812;126739
2586622221;126740
2586642630;126741
2586663038;126742
2586683452;126743
2586703857;126744
2586724265;126745
2586744675;126746
2586765083;126747
2586785496;126748
2586805901;126749
2586826310;126750
2586846719;126751
2586867128;126752
2586887536;126753
2586907946;126754
2586928355;126755
2586948764;126756
2586969173;126757
2586989581;126758
2587009995;126759
2587030399;126760
2587050808;126761
2587071221;126762
2587091626;126763
2587112035;126764
2587132444;126765
2587152853;126766
2587173262;126767
2587193671;126768
2587214079;126769
2587234489;126770
2587254897;126771
2587275307;126772
2587295715;126773
2587316124;126774
2587336533;126775
2587356942;126776
2587377350;126777
2587397760;126778
2587418169;126779
2587438581;126780
2587458987;126781
2587479395;126782
2587499805;126783
2587520213;126784
2587540622;126785
2587561031;126786
2587581440;126787
2587601849;126788
2587622258;126789
2587642667;126790
2587663076;126791
2587683485;126792
2587703893;126793
2587724303;126794
2587744715;126795
2587765121;126796
2587785529;126797
2587805938;126798
2587826347;126799
2587846756;126800
2587867165;126801
2587887574;126802
2587907983;126803
2587928392;126804
2587948801;126805
2587969209;126806
2587989619;126807
2588010027;126808
2588030436;126809
2588050845;126810
2588071254;126811
2588091663;126812
2588112072;126813
2588132481;126814
2588152890;126815
2588173299;126816
2588193707;126817
2588214117;126818
2588234525;126819
2588254935;126820
2588275343;126821
2588295752;126822
2588316161;126823
2588336570;126824
2588356979;126825
2588377388;126826
2588397797;126827
2588418206;126828
2588438615;126829
2588459023;126830
2588479433;126831
2588499841;126832
2588520250;126833
2588540663;126834
2588561068;126835
2588581478;126836
2588601886;126837
2588622295;126838
2588642708;126839
2588663113;126840
2588683521;126841
2588703931;126842
2588724339;126843
2588744749;126844
2588765157;126845
2588785566;126846
2588805975;126847
2588826384;126848
2588846793;126849
2588867202;126850
2588887611;126851
2588908020;126852
2588928429;126853
2588948837;126854
2588969247;126855
2588989655;126856
2589010064;126857
2589030473;126858
2589050886;126859
2589071292;126860
2589091700;126861
2589112109;126862
2589132518;126863
2589152927;126864
2589173335;126865
2589193745;126866
2589214153;126867
2589234563;126868
2589254971;126869
2589275380;126870
2589295790;126871
2589316198;126872
2589336607;126873
2589357016;126874
2589377425;126875
2589397834;126876
2589418243;126877
2589438651;126878
2589459061;126879
2589479469;126880
2589499878;126881
2589520291;126882
2589540696;126883
2589561106;126884
2589581514;126885
2589601923;126886
2589622332;126887
2589642741;126888
2589663149;126889
2589683559;126890
2589703967;126891
2589724380;126892
2589744785;126893
2589765194;126894
2589785604;126895
2589806012;126896
2589826421;126897
2589846830;126898
2589867239;126899
2589887648;126900
2589908057;126901
2589928465;126902
2589948875;126903
2589969287;126904
2589989692;126905
2590010102;126906
2590030510;126907
2590050920;126908
2590071328;126909
2590091737;126910
2590112146;126911
2590132555;126912
2590152963;126913
2590173373;126914
2590193781;126915
2590214190;126916
2590234599;126917
2590255008;126918
2590275418;126919
2590295826;126920
2590316235;126921
2590336644;126922
2590357057;126923
2590377461;126924
2590397871;126925
2590418279;126926
2590438689;126927
2590459097;126928
2590479506;126929
2590499916;126930
2590520324;126931
2590540733;126932
2590561142;126933
2590581551;126934
2590601960;126935
2590622369;126936
2590642777;126937
2590663187;126938
2590683595;126939
2590704005;126940
2590724414;126941
2590744822;126942
2590765232;126943
2590785639;126944
2590806049;126945
2590826458;126946
2590846867;126947
2590867275;126948
2590887685;126949
2590908093;126950
2590928503;126951
2590948911;126952
2590969320;126953
2590989730;126954
2591010138;126955
2591030547;126956
2591050956;126957
2591071365;126958
2591091774;126959
2591112183;126960
2591132591;126961
2591153001;126962
2591173413;126963
2591193818;126964
2591214228;126965
2591234636;126966
2591255046;126967
2591275454;126968
2591295863;126969
2591316276;126970
2591336681;126971
2591357089;126972
2591377499;126973
2591397907;126974
2591418317;126975
2591438726;126976
2591459134;126977
2591479544;126978
2591499952;126979
2591520361;126980
2591540770;126981
2591561179;126982
2591581588;126983
2591601997;126984
2591622405;126985
2591642815;126986
2591663227;126987
2591683632;126988
2591704042;126989
2591724450;126990
2591744863;126991
2591765268;126992
2591785677;126993
2591806086;126994
2591826495;126995
2591846903;126996
2591867313;126997
2591887725;126998
2591908130;126999
2591928540;127000
2591948948;127001
2591969358;127002
2591989766;127003
2592010175;127004
2592030584;127005
2592050993;127006
2592071405;127007
2592091811;127008
2592112219;127009
2592132629;127010
2592153038;127011
2592173446;127012
2592193856;127013
2592214264;127014
2592234673;127015
2592255082;127016
2592275491;127017
2592295900;127018
2592316309;127019
2592336717;127020
2592357127;127021
2592377535;127022
2592397944;127023
2592418354;127024
2592438762;127025
2592459172;127026
2592479580;127027
2592499989;127028
2592520398;127029
2592540807;127030
2592561215;127031
2592581625;127032
2592602033;127033
2592622443;127034
2592642852;127035
2592663260;127036
2592683670;127037
2592704082;127038
2592724487;127039
2592744896;127040
2592765305;127041
2592785714;127042
2592806123;127043
2592826531;127044
2592846941;127045
2592867350;127046
2592887758;127047
2592908168;127048
2592928576;127049
2592948986;127050
2592969394;127051
2592989803;127052
2593010212;127053
2593030621;127054
2593051029;127055
2593071439;127056
2593091847;127057
2593112257;127058
2593132666;127059
2593153074;127060
2593173484;127061
2593193892;127062
2593214305;127063
2593234710;127064
2593255119;127065
2593275531;127066
2593295941;127067
2593316345;127068
2593336755;127069
2593357164;127070
2593377572;127071
2593397982;127072
2593418390;127073
2593438799;127074
2593459208;127075
2593479617;127076
2593500026;127077
2593520435;127078
2593540843;127079
2593561257;127080
2593581662;127081
2593602070;127082
2593622480;127083
2593642888;127084
2593663298;127085
2593683706;127086
2593704115;127087
2593724524;127088
2593744933;127089
2593765341;127090
2593785751;127091
2593806159;127092
2593826569;127093
2593846982;127094
2593867386;127095
2593887796;127096
2593908204;127097
2593928613;127098
2593949022;127099
2593969431;127100
2593989840;127101
2594010249;127102
2594030657;127103
2594051067;127104
2594071476;127105
2594091884;127106
2594112294;127107
2594132702;127108
2594153112;127109
2594173520;127110
2594193958;127111
2594214367;127112
2594234776;127113
2594255185;127114
2594275594;127115
2594296003;127116
2594316412;127117
2594336821;127118
2594357230;127119
2594377639;127120
2594398048;127121
2594418456;127122
2594438866;127123
2594459275;127124
2594479684;127125
2594500093;127126
2594520505;127127
2594540911;127128
2594561320;127129
2594581728;127130
2594602138;127131
2594622546;127132
2594642956;127133
2594663365;127134
2594683773;127135
2594704183;127136
2594724591;127137
2594745000;127138
2594765410;127139
2594785818;127140
2594806227;127141
2594826636;127142
2594847045;127143
2594867455;127144
2594887863;127145
2594908272;127146
2594928682;127147
2594949090;127148
2594969500;127149
2594989908;127150
2595010317;127151
2595030727;127152
2595051135;127153
2595071544;127154
2595091953;127155
2595112362;127156
2595132772;127157
2595153180;127158
2595173589;127159
2595194002;127160
2595214407;127161
2595234820;127162
2595255225;127163
2595275634;127164
2595296042;127165
2595316452;127166
2595336861;127167
2595357270;127168
2595377679;127169
2595398087;127170
2595418497;127171
2595438906;127172
2595459315;127173
2595479724;127174
2595500132;127175
2595520542;127176
2595540951;127177
2595561359;127178
2595581769;127179
2595602177;127180
2595622587;127181
2595642996;127182
2595663404;127183
2595683814;127184
2595704222;127185
2595724635;127186
2595745041;127187
2595765449;127188
2595785858;127189
2595806267;127190
2595826676;127191
2595847086;127192
2595867494;127193
2595887903;127194
2595908312;127195
2595928721;127196
2595949134;127197
2595969539;127198
2595989948;127199
2596010357;127200
2596030766;127201
2596051175;127202
2596071584;127203
2596091993;127204
2596112401;127205
2596132811;127206
2596153220;127207
2596173629;127208
2596194038;127209
2596214446;127210
2596234856;127211
2596255265;127212
2596275674;127213
2596296083;127214
2596316491;127215
2596336901;127216
2596357310;127217
2596377722;127218
2596398128;127219
2596418536;127220
2596438946;127221
2596459355;127222
2596479763;127223
2596500173;127224
2596520581;127225
2596540990;127226
2596561400;127227
2596581808;127228
2596602217;127229
2596622626;127230
2596643035;127231
2596663445;127232
2596683853;127233
2596704262;127234
2596724671;127235
2596745080;127236
2596765489;127237
2596785898;127238
2596806307;127239
2596826716;127240
2596847125;127241
2596867534;127242
2596887943;127243
2596908352;127244
2596928760;127245
2596949170;127246
2596969579;127247
2596989988;127248
2597010397;127249
2597030806;127250
2597051215;127251
2597071624;127252
2597092032;127253
2597112442;127254
2597132851;127255
2597153260;127256
2597173669;127257
2597194077;127258
2597214487;127259
2597234896;127260
2597255304;127261
2597275714;127262
2597296122;127263
2597316532;127264
2597336945;127265
2597357349;127266
2597377759;127267
2597398167;127268
2597418576;127269
2597438990;127270
2597459394;127271
2597479804;127272
2597500212;127273
2597520621;127274
2597541031;127275
2597561439;127276
2597581848;127277
2597602257;127278
2597622666;127279
2597643075;127280
2597663484;127281
2597683893;127282
2597704306;127283
2597724711;127284
2597745120;127285
2597765529;127286
2597785938;127287
2597806346;127288
2597826756;127289
2597847165;127290
2597867574;127291
2597887983;127292
2597908391;127293
2597928805;127294
2597949210;127295
2597969619;127296
2597990028;127297
2598010436;127298
2598030846;127299
2598051255;127300
2598071663;127301
2598092073;127302
2598112481;127303
2598132891;127304
2598153300;127305
2598173708;127306
2598194118;127307
2598214526;127308
2598234935;127309
2598255345;127310
2598275753;127311
2598296162;127312
2598316571;127313
2598336980;127314
2598357390;127315
2598377798;127316
2598398207;127317
2598418616;127318
2598439029;127319
2598459435;127320
2598479843;127321
2598500256;127322
2598520661;127323
2598541070;127324
2598561479;127325
2598581888;127326
2598602297;127327
2598622706;127328
2598643115;127329
2598663524;127330
2598683933;127331
2598704342;127332
2598724750;127333
2598745160;127334
2598765573;127335
2598785981;127336
2598806387;127337
2598826795;127338
2598847205;127339
2598867614;127340
2598888022;127341
2598908432;127342
2598928840;127343
2598949249;127344
2598969659;127345
2598990067;127346
2599010481;127347
2599030886;127348
2599051294;127349
2599071704;127350
2599092112;127351
2599112522;127352
2599132935;127353
2599153339;127354
2599173749;127355
2599194157;127356
2599214566;127357
2599234976;127358
2599255384;127359
2599275793;127360
2599296202;127361
2599316611;127362
2599337021;127363
2599357433;127364
2599377838;127365
2599398247;127366
2599418656;127367
2599439065;127368
2599459474;127369
2599479883;127370
2599500292;127371
2599520701;127372
2599541110;127373
2599561519;127374
2599581928;127375
2599602336;127376
2599622746;127377
2599643155;127378
2599663563;127379
2599683973;127380
2599704381;127381
2599724791;127382
2599745200;127383
2599765608;127384
2599786022;127385
2599806426;127386
2599826839;127387
2599847245;127388
2599867653;127389
2599888063;127390
2599908471;127391
2599928880;127392
2599949294;127393
2599969698;127394
2599990107;127395
2600010516;127396
2600030925;127397
2600051335;127398
2600071743;127399
2600092152;127400
2600112561;127401
2600132970;127402
2600153379;127403
2600173788;127404
2600194197;127405
2600214606;127406
2600235015;127407
2600255424;127408
2600275833;127409
2600296242;127410
2600316651;127411
2600337060;127412
2600357469;127413
2600377878;127414
2600398287;127415
2600418695;127416
2600439105;127417
2600459514;127418
2600479922;127419
2600500332;127420
2600520744;127421
2600541150;127422
2600561559;127423
2600581967;127424
2600602377;127425
2600622785;127426
2600643194;127427
2600663604;127428
2600684012;127429
2600704422;127430
2600724830;127431
2600745239;127432
2600765649;127433
2600786057;127434
2600806466;127435
2600826875;127436
2600847284;127437
2600867694;127438
2600888102;127439
2600908511;127440
2600928920;127441
2600949329;127442
2600969738;127443
2600990147;127444
2601010556;127445
2601030966;127446
2601051378;127447
2601071783;127448
2601092192;127449
2601112601;127450
2601133010;127451
2601153419;127452
2601173828;127453
2601194237;127454
2601214646;127455
2601235055;127456
2601255464;127457
2601275873;127458
2601296281;127459
2601316691;127460
2601337100;127461
2601357509;127462
2601377918;127463
2601398326;127464
2601418736;127465
2601439145;127466
2601459553;127467
2601479963;127468
2601500371;127469
2601520781;127470
2601541190;127471
2601561602;127472
2601582008;127473
2601602416;127474
2601622825;127475
2601643235;127476
2601663647;127477
2601684056;127478
2601704461;127479
2601724870;127480
2601745280;127481
2601765688;127482
2601786097;127483
2601806506;127484
2601826919;127485
2601847325;127486
2601867733;127487
2601888142;127488
2601908551;127489
2601928960;127490
2601949369;127491
2601969778;127492
2601990187;127493
2602010596;127494
2602031005;127495
2602051414;127496
2602071823;127497
2602092232;127498
2602112640;127499
2602133054;127500
2602153459;127501
2602173868;127502
2602194277;127503
2602214685;127504
2602235098;127505
2602255504;127506
2602275912;127507
2602296322;127508
2602316730;127509
2602337140;127510
2602357549;127511
2602377957;127512
2602398367;127513
2602418775;127514
2602439184;127515
2602459594;127516
2602480002;127517
2602500411;127518
2602520820;127519
2602541229;127520
2602561639;127521
2602582047;127522
2602602456;127523
2602622865;127524
2602643274;127525
2602663683;127526
2602684096;127527
2602704501;127528
2602724910;127529
2602745319;127530
2602765728;127531
2602786137;127532
2602806546;127533
2602826954;127534
2602847364;127535
2602867773;127536
2602888181;127537
2602908591;127538
2602928999;127539
2602949413;127540
2602969818;127541
2602990226;127542
2603010636;127543
2603031045;127544
2603051454;127545
2603071863;127546
2603092271;127547
2603112685;127548
2603133094;127549
2603153498;127550
2603173908;127551
2603194316;127552
2603214726;127553
2603235135;127554
2603255543;127555
2603275953;127556
2603296361;127557
2603316770;127558
2603337180;127559
2603357588;127560
2603377998;127561
2603398406;127562
2603418815;127563
2603439225;127564
2603459633;127565
2603480042;127566
2603500451;127567
2603520860;127568
2603541269;127569
2603561678;127570
2603582087;127571
2603602496;127572
2603622905;127573
2603643314;127574
2603663723;127575
2603684132;127576
2603704540;127577
2603724950;127578
2603745359;127579
2603765768;127580
2603786177;127581
2603806585;127582
2603826995;127583
2603847404;127584
2603867816;127585
2603888222;127586
2603908630;127587
2603929040;127588
2603949449;127589
2603969857;127590
2603990267;127591
2604010675;127592
2604031084;127593
2604051494;127594
2604071902;127595
2604092312;127596
2604112720;127597
2604133129;127598
2604153539;127599
2604173947;127600
2604194290;127601
2604214703;127602
2604235112;127603
2604255517;127604
2604275926;127605
2604296334;127606
2604316744;127607
2604337152;127608
2604357560;127609
2604377970;127610
2604398378;127611
2604418788;127612
2604439196;127613
2604459605;127614
2604480014;127615
2604500423;127616
2604520831;127617
2604541241;127618
2604561649;127619
2604582059;127620
2604602467;127621
2604622876;127622
2604643285;127623
2604663693;127624
2604684102;127625
2604704511;127626
2604724920;127627
2604745329;127628
2604765738;127629
2604786146;127630
2604806556;127631
2604826964;127632
2604847373;127633
2604867782;127634
2604888191;127635
2604908600;127636
2604929009;127637
2604949417;127638
2604969827;127639
2604990235;127640
2605010643;127641
2605031053;127642
2605051461;127643
2605071871;127644
2605092279;127645
2605112688;127646
2605133097;127647
2605153506;127648
2605173914;127649
2605194324;127650
2605214732;127651
2605235141;127652
2605255550;127653
2605275959;127654
2605296368;127655
2605316776;127656
2605337189;127657
2605357594;127658
2605378003;127659
2605398412;127660
2605418821;127661
2605439229;127662
2605459639;127663
2605480047;127664
2605500456;127665
2605520865;127666
2605541274;127667
2605561682;127668
2605582092;127669
2605602500;127670
2605622909;127671
2605643318;127672
2605663726;127673
2605684136;127674
2605704544;127675
2605724953;127676
2605745362;127677
2605765771;127678
2605786180;127679
2605806589;127680
2605826997;127681
2605847407;127682
2605867815;127683
2605888224;127684
2605908633;127685
2605929045;127686
2605949451;127687
2605969859;127688
2605990268;127689
2606010677;127690
2606031086;127691
2606051494;127692
2606071904;127693
2606092312;127694
2606112722;127695
2606133130;127696
2606153539;127697
2606173948;127698
2606194361;127699
2606214765;127700
2606235174;127701
2606255583;127702
2606275992;127703
2606296401;127704
2606316809;127705
2606337219;127706
2606357627;127707
2606378036;127708
2606398445;127709
2606418854;127710
2606439267;127711
2606459672;127712
2606480080;127713
2606500490;127714
2606520898;127715
2606541306;127716
2606561716;127717
2606582124;127718
2606602534;127719
2606622942;127720
2606643351;127721
2606663760;127722
2606684173;127723
2606704577;127724
2606724987;127725
2606745395;127726
2606765805;127727
2606786213;127728
2606806622;127729
2606827031;127730
2606847440;127731
2606867848;127732
2606888257;127733
2606908666;127734
2606929075;127735
2606949484;127736
2606969892;127737
2606990306;127738
2607010710;127739
2607031119;127740
2607051528;127741
2607071937;127742
2607092345;127743
2607112755;127744
2607133163;127745
2607153573;127746
2607173981;127747
2607194389;127748
2607214799;127749
2607235207;127750
2607255616;127751
2607276025;127752
2607296434;127753
2607316843;127754
2607337252;127755
2607357660;127756
2607378070;127757
2607398478;127758
2607418887;127759
2607439296;127760
2607459705;127761
2607480114;127762
2607500522;127763
2607520935;127764
2607541340;127765
2607561749;127766
2607582157;127767
2607602567;127768
2607622975;127769
2607643385;127770
2607663793;127771
2607684202;127772
2607704611;127773
2607725020;127774
2607745432;127775
2607765838;127776
2607786246;127777
2607806655;127778
2607827064;127779
2607847472;127780
2607867882;127781
2607888290;127782
2607908699;127783
2607929108;127784
2607949517;127785
2607969926;127786
2607990335;127787
2608010743;127788
2608031153;127789
2608051561;127790
2608071970;127791
2608092379;127792
2608112787;127793
2608133197;127794
2608153605;127795
2608174014;127796
2608194423;127797
2608214832;127798
2608235240;127799
2608255650;127800
2608276058;127801
2608296468;127802
2608316876;127803
2608337285;127804
2608357694;127805
2608378103;127806
2608398511;127807
2608418920;127808
2608439329;127809
2608459738;127810
2608480147;127811
2608500555;127812
2608520965;127813
2608541373;127814
2608561782;127815
