2508230492;122896
2508250902;122897
2508271311;122898
2508291721;122899
2508312129;122900
2508332543;122901
2508352952;122902
2508373358;122903
2508393767;122904
2508414181;122905
2508434587;122906
2508454995;122907
2508475405;122908
2508495814;122909
2508516228;122910
2508536633;122911
2508557043;122912
2508577453;122913
2508597861;122914
2508618271;122915
2508638680;122916
2508659090;122917
2508679499;122918
2508699909;122919
2508720318;122920
2508740731;122921
2508761137;122922
2508781546;122923
2508801956;122924
2508822365;122925
2508842775;122926
2508863184;122927
2508883593;122928
2508904002;122929
2508924412;122930
2508944822;122931
2508965231;122932
2508985645;122933
2509006050;122934
2509026459;122935
2509046868;122936
2509067278;122937
2509087688;122938
2509108097;122939
2509128511;122940
2509148916;122941
2509169325;122942
2509189734;122943
2509210144;122944
2509230553;122945
2509250963;122946
2509271373;122947
2509291782;122948
2509312195;122949
2509332600;122950
2509353010;122951
2509373423;122952
2509393829;122953
2509414239;122954
2509434648;122955
2509455058;122956
2509475466;122957
2509495876;122958
2509516285;122959
2509536695;122960
2509557104;122961
2509577514;122962
2509597923;122963
2509618332;122964
2509638742;122965
2509659151;122966
2509679561;122967
2509699970;122968
2509720380;122969
2509740789;122970
2509761198;122971
2509781608;122972
2509802017;122973
2509822427;122974
2509842836;122975
2509863246;122976
2509883658;122977
2509904064;122978
2509924474;122979
2509944883;122980
2509965293;122981
2509985702;122982
2510006116;122983
2510026521;122984
2510046930;122985
2510067339;122986
2510087749;122987
2510108159;122988
2510128568;122989
2510148978;122990
2510169387;122991
2510189797;122992
2510210205;122993
2510230615;122994
2510251025;122995
2510271434;122996
2510291844;122997
2510312253;122998
2510332663;122999
2510353071;123000
2510373481;123001
2510393890;123002
2510414300;123003
2510434714;123004
2510455119;123005
2510475528;123006
2510495937;123007
2510516347;123008
2510536756;123009
2510557166;123010
2510577576;123011
2510597985;123012
2510618395;123013
2510638807;123014
2510659217;123015
2510679626;123016
2510700032;123017
2510720441;123018
2510740851;123019
2510761261;123020
2510781669;123021
2510802079;123022
2510822488;123023
2510842898;123024
2510863311;123025
2510883721;123026
2510904126;123027
2510924535;123028
2510944945;123029
2510965358;123030
2510985764;123031
2511006173;123032
2511026583;123033
2511046992;123034
2511067401;123035
2511087811;123036
2511108220;123037
2511128630;123038
2511149039;123039
2511169449;123040
2511189858;123041
2511210268;123042
2511230676;123043
2511251086;123044
2511271496;123045
2511291905;123046
2511312315;123047
2511332724;123048
2511353137;123049
2511373542;123050
2511393952;123051
2511414362;123052
2511434771;123053
2511455181;123054
2511475590;123055
2511496000;123056
2511516412;123057
2511536818;123058
2511557227;123059
2511577637;123060
2511598047;123061
2511618460;123062
2511638869;123063
2511659274;123064
2511679684;123065
2511700097;123066
2511720503;123067
2511740912;123068
2511761322;123069
2511781735;123070
2511802144;123071
2511822550;123072
2511842959;123073
2511863373;123074
2511883778;123075
2511904188;123076
2511924598;123077
2511945006;123078
2511965420;123079
2511985825;123080
2512006235;123081
2512026644;123082
2512047054;123083
2512067463;123084
2512087873;123085
2512108282;123086
2512128691;123087
2512149101;123088
2512169510;123089
2512189920;123090
2512210329;123091
2512230738;123092
2512251148;123093
2512271557;123094
2512291967;123095
2512312376;123096
2512332786;123097
2512353195;123098
2512373605;123099
2512394013;123100
2512414423;123101
2512434833;123102
2512455242;123103
2512475652;123104
2512496061;123105
2512516471;123106
2512536879;123107
2512557289;123108
2512577699;123109
2512598108;123110
2512618518;123111
2512638927;123112
2512659337;123113
2512679745;123114
2512700155;123115
2512720568;123116
2512740974;123117
2512761384;123118
2512781793;123119
2512802203;123120
2512822612;123121
2512843021;123122
2512863430;123123
2512883844;123124
2512904249;123125
2512924659;123126
2512945069;123127
2512965478;123128
2512985887;123129
2513006296;123130
2513026710;123131
2513047115;123132
2513067525;123133
2513087935;123134
2513108347;123135
2513128757;123136
2513149162;123137
2513169572;123138
2513189981;123139
2513210391;123140
2513230804;123141
2513251210;123142
2513271623;123143
2513292028;123144
2513312438;123145
2513332847;123146
2513353257;123147
2513373666;123148
2513394076;123149
2513414485;123150
2513434894;123151
2513455304;123152
2513475713;123153
2513496123;123154
2513516536;123155
2513536942;123156
2513557350;123157
2513577760;123158
2513598170;123159
2513618579;123160
2513638993;123161
2513659398;123162
2513679808;123163
2513700217;123164
2513720626;123165
2513741035;123166
2513761445;123167
2513781855;123168
2513802264;123169
2513822674;123170
2513843083;123171
2513863496;123172
2513883901;123173
2513904311;123174
2513924721;123175
2513945130;123176
2513965540;123177
2513985949;123178
2514006358;123179
2514026771;123180
2514047181;123181
2514067586;123182
2514087996;123183
2514108410;123184
2514128815;123185
2514149224;123186
2514169633;123187
2514190076;123188
2514210486;123189
2514230895;123190
2514251309;123191
2514271714;123192
2514292127;123193
2514312533;123194
2514332942;123195
2514353352;123196
2514373762;123197
2514394171;123198
2514414581;123199
2514434993;123200
2514455399;123201
2514475809;123202
2514496218;123203
2514516628;123204
2514537042;123205
2514557447;123206
2514577857;123207
2514598265;123208
2514618675;123209
2514639085;123210
2514659494;123211
2514679904;123212
2514700314;123213
2514720723;123214
2514741132;123215
2514761545;123216
2514781951;123217
2514802361;123218
2514822770;123219
2514843180;123220
2514863590;123221
2514883998;123222
2514904408;123223
2514924822;123224
2514945227;123225
2514965637;123226
2514986046;123227
2515006456;123228
2515026869;123229
2515047274;123230
2515067684;123231
2515088098;123232
2515108503;123233
2515128913;123234
2515149322;123235
2515169732;123236
2515190141;123237
2515210550;123238
2515230960;123239
2515251370;123240
2515271779;123241
2515292193;123242
2515312601;123243
2515333007;123244
2515353417;123245
2515373826;123246
2515394236;123247
2515414646;123248
2515435059;123249
2515455465;123250
2515475873;123251
2515496283;123252
2515516693;123253
2515537102;123254
2515557512;123255
2515577926;123256
2515598335;123257
2515618741;123258
2515639150;123259
2515659559;123260
2515679973;123261
2515700378;123262
2515720788;123263
2515741198;123264
2515761606;123265
2515782016;123266
2515802426;123267
2515822835;123268
2515843245;123269
2515863654;123270
2515884064;123271
2515904474;123272
2515924882;123273
2515945292;123274
2515965702;123275
2515986111;123276
2516006521;123277
2516026930;123278
2516047340;123279
2516067749;123280
2516088158;123281
2516108568;123282
2516128978;123283
2516149387;123284
2516169797;123285
2516190206;123286
2516210615;123287
2516231025;123288
2516251438;123289
2516271844;123290
2516292254;123291
2516312663;123292
2516333073;123293
2516353482;123294
2516373891;123295
2516394301;123296
2516414710;123297
2516435124;123298
2516455530;123299
2516475943;123300
2516496352;123301
2516516762;123302
2516537167;123303
2516557577;123304
2516577986;123305
2516598396;123306
2516618806;123307
2516639218;123308
2516659624;123309
2516680034;123310
2516700443;123311
2516720853;123312
2516741262;123313
2516761672;123314
2516782085;123315
2516802490;123316
2516822900;123317
2516843310;123318
2516863719;123319
2516884133;123320
2516904538;123321
2516924948;123322
2516945358;123323
2516965766;123324
2516986176;123325
2517006590;123326
2517026999;123327
2517047405;123328
2517067815;123329
2517088227;123330
2517108637;123331
2517129046;123332
2517149452;123333
2517169862;123334
2517190271;123335
2517210681;123336
2517231090;123337
2517251499;123338
2517271913;123339
2517292318;123340
2517312728;123341
2517333138;123342
2517353547;123343
2517373957;123344
2517394366;123345
2517414775;123346
2517435189;123347
2517455594;123348
2517476004;123349
2517496414;123350
2517516823;123351
2517537232;123352
2517557642;123353
2517578051;123354
2517598461;123355
2517618870;123356
2517639280;123357
2517659690;123358
2517680098;123359
2517700508;123360
2517720918;123361
2517741327;123362
2517761741;123363
2517782151;123364
2517802556;123365
2517822966;123366
2517843374;123367
2517863784;123368
2517884194;123369
2517904607;123370
2517925013;123371
2517945423;123372
2517965831;123373
2517986241;123374
2518006654;123375
2518027064;123376
2518047474;123377
2518067879;123378
2518088289;123379
2518108699;123380
2518129111;123381
2518149517;123382
2518169926;123383
2518190336;123384
2518210746;123385
2518231155;123386
2518251568;123387
2518271974;123388
2518292383;123389
2518312793;123390
2518333202;123391
2518353612;123392
2518374022;123393
2518394431;123394
2518414840;123395
2518435250;123396
2518455663;123397
2518476069;123398
2518496479;123399
2518516888;123400
2518537298;123401
2518557706;123402
2518578116;123403
2518598526;123404
2518618935;123405
2518639345;123406
2518659755;123407
2518680164;123408
2518700574;123409
2518720986;123410
2518741392;123411
2518761802;123412
2518782211;123413
2518802625;123414
2518823031;123415
2518843440;123416
2518863853;123417
2518884262;123418
2518904668;123419
2518925078;123420
2518945487;123421
2518965897;123422
2518986307;123423
2519006719;123424
2519027125;123425
2519047538;123426
2519067944;123427
2519088354;123428
2519108763;123429
2519129173;123430
2519149582;123431
2519169991;123432
2519190401;123433
2519210811;123434
2519231220;123435
2519251630;123436
2519272039;123437
2519292449;123438
2519312858;123439
2519333267;123440
2519353677;123441
2519374087;123442
2519394496;123443
2519414906;123444
2519435318;123445
2519455724;123446
2519476134;123447
2519496543;123448
2519516953;123449
2519537363;123450
2519557772;123451
2519578182;123452
2519598594;123453
2519619004;123454
2519639410;123455
2519659819;123456
2519680229;123457
2519700639;123458
2519721048;123459
2519741457;123460
2519761866;123461
2519782276;123462
2519802686;123463
2519823095;123464
2519843505;123465
2519863915;123466
2519884323;123467
2519904733;123468
2519925147;123469
2519945552;123470
2519965962;123471
2519986375;123472
2520006781;123473
2520027191;123474
2520047599;123475
2520068009;123476
2520088419;123477
2520108828;123478
2520129238;123479
2520149651;123480
2520170057;123481
2520190466;123482
2520210879;123483
2520231285;123484
2520251695;123485
2520272104;123486
2520292514;123487
2520312926;123488
2520333332;123489
2520353746;123490
2520374155;123491
2520394561;123492
2520414971;123493
2520435380;123494
2520455790;123495
2520476198;123496
2520496608;123497
2520517018;123498
2520537427;123499
2520557837;123500
2520578247;123501
2520598656;123502
2520619066;123503
2520639475;123504
2520659884;123505
2520680294;123506
2520700703;123507
2520721113;123508
2520741523;123509
2520761935;123510
2520782341;123511
2520802751;123512
2520823160;123513
2520843570;123514
2520863979;123515
2520884393;123516
2520904799;123517
2520925207;123518
2520945617;123519
2520966031;123520
2520986436;123521
2521006850;123522
2521027259;123523
2521047668;123524
2521068074;123525
2521088483;123526
2521108893;123527
2521129303;123528
2521149712;123529
2521170126;123530
2521190535;123531
2521210940;123532
2521231350;123533
2521251759;123534
2521272169;123535
2521292579;123536
2521312988;123537
2521333398;123538
2521353807;123539
2521374220;123540
2521394626;123541
2521415035;123542
2521435445;123543
2521455859;123544
2521476264;123545
2521496674;123546
2521517083;123547
2521537496;123548
2521557902;123549
2521578311;123550
2521598721;123551
2521619135;123552
2521639544;123553
2521659949;123554
2521680359;123555
2521700772;123556
2521721178;123557
2521741587;123558
2521761997;123559
2521782407;123560
2521802815;123561
2521823225;123562
2521843635;123563
2521864044;123564
2521884454;123565
2521904863;123566
2521925273;123567
2521945683;123568
2521966091;123569
2521986501;123570
2522006911;123571
2522027324;123572
2522047734;123573
2522068140;123574
2522088548;123575
2522108958;123576
2522129367;123577
2522149777;123578
2522170187;123579
2522190596;123580
2522211006;123581
2522231415;123582
2522251828;123583
2522272238;123584
2522292643;123585
2522313053;123586
2522333463;123587
2522353872;123588
2522374282;123589
2522394691;123590
2522415100;123591
2522435510;123592
2522455919;123593
2522476329;123594
2522496743;123595
2522517148;123596
2522537557;123597
2522557967;123598
2522578376;123599
2522598786;123600
2522619195;123601
2522639605;123602
2522660015;123603
2522680423;123604
2522700833;123605
2522721243;123606
2522741652;123607
2522762062;123608
2522782472;123609
2522802881;123610
2522823290;123611
2522843699;123612
2522864113;123613
2522884523;123614
2522904928;123615
2522925338;123616
2522945748;123617
2522966157;123618
2522986566;123619
2523006975;123620
2523027385;123621
2523047799;123622
2523068208;123623
2523088614;123624
2523109024;123625
2523129436;123626
2523149842;123627
2523170251;123628
2523190661;123629
2523211071;123630
2523231480;123631
2523251893;123632
2523272299;123633
2523292708;123634
2523313122;123635
2523333527;123636
2523353937;123637
2523374347;123638
2523394756;123639
2523415165;123640
2523435575;123641
2523455984;123642
2523476394;123643
2523496804;123644
2523517213;123645
2523537623;123646
2523558032;123647
2523578445;123648
2523598851;123649
2523619264;123650
2523639674;123651
2523660080;123652
2523680489;123653
2523700898;123654
2523721307;123655
2523741717;123656
2523762127;123657
2523782540;123658
2523802946;123659
2523823356;123660
2523843764;123661
2523864178;123662
2523884583;123663
2523904993;123664
2523925403;123665
2523945812;123666
2523966222;123667
2523986632;123668
2524007040;123669
2524027450;123670
2524047863;123671
2524068269;123672
2524088679;123673
2524109088;123674
2524129498;123675
2524149907;123676
2524170316;123677
2524190655;123678
2524211068;123679
2524231474;123680
2524251883;123681
2524272293;123682
2524292701;123683
2524313111;123684
2524333524;123685
2524353930;123686
2524374339;123687
2524394749;123688
2524415158;123689
2524435567;123690
2524455976;123691
2524476386;123692
2524496799;123693
2524517205;123694
2524537618;123695
2524558023;123696
2524578432;123697
2524598841;123698
2524619251;123699
2524639660;123700
2524660070;123701
2524680479;123702
2524700889;123703
2524721298;123704
2524741707;123705
2524762116;123706
2524782526;123707
2524802935;123708
2524823345;123709
2524843753;123710
2524864164;123711
2524884572;123712
2524904986;123713
2524925391;123714
2524945801;123715
2524966210;123716
2524986620;123717
2525007033;123718
2525027438;123719
2525047847;123720
2525068257;123721
2525088666;123722
2525109080;123723
2525129485;123724
2525149895;123725
2525170303;123726
2525190712;123727
2525211122;123728
2525231531;123729
2525251941;123730
2525272350;123731
2525292760;123732
2525313169;123733
2525333578;123734
2525353987;123735
2525374397;123736
2525394806;123737
2525415216;123738
2525435625;123739
2525456035;123740
2525476447;123741
2525496853;123742
2525517262;123743
2525537672;123744
2525558081;123745
2525578491;123746
2525598900;123747
2525619313;123748
2525639722;123749
2525660128;123750
2525680537;123751
2525700947;123752
2525721360;123753
2525741766;123754
2525762178;123755
2525782584;123756
2525802993;123757
2525823402;123758
2525843816;123759
2525864221;123760
2525884635;123761
2525905043;123762
2525925449;123763
2525945858;123764
2525966268;123765
2525986677;123766
2526007087;123767
2526027496;123768
2526047909;123769
2526068318;123770
2526088724;123771
2526109133;123772
2526129543;123773
2526149952;123774
2526170362;123775
2526190774;123776
2526211184;123777
2526231589;123778
2526251999;123779
2526272412;123780
2526292818;123781
2526313227;123782
2526333637;123783
2526354045;123784
2526374455;123785
2526394864;123786
2526415274;123787
2526435683;123788
2526456092;123789
2526476502;123790
2526496910;123791
2526517324;123792
2526537729;123793
2526558139;123794
2526578548;123795
2526598958;123796
2526619371;123797
2526639776;123798
2526660189;123799
2526680595;123800
2526701004;123801
2526721414;123802
2526741823;123803
2526762237;123804
2526782641;123805
2526803051;123806
2526823460;123807
2526843870;123808
2526864279;123809
2526884689;123810
2526905098;123811
2526925508;123812
2526945916;123813
2526966330;123814
2526986735;123815
2527007145;123816
2527027554;123817
2527047964;123818
2527068373;123819
2527088781;123820
2527109191;123821
2527129600;123822
2527150010;123823
2527170419;123824
2527190829;123825
2527211238;123826
2527231651;123827
2527252060;123828
2527272466;123829
2527292875;123830
2527313285;123831
2527333694;123832
2527354104;123833
2527374512;123834
2527394922;123835
2527415331;123836
2527435745;123837
2527456154;123838
2527476560;123839
2527496969;123840
2527517378;123841
2527537787;123842
2527558197;123843
2527578610;123844
2527599016;123845
2527619429;123846
2527639835;123847
2527660247;123848
2527680652;123849
2527701062;123850
2527721471;123851
2527741881;123852
2527762290;123853
2527782700;123854
2527803108;123855
2527823522;123856
2527843927;123857
2527864337;123858
2527884746;123859
2527905156;123860
2527925565;123861
2527945974;123862
2527966383;123863
2527986793;123864
2528007202;123865
2528027616;123866
2528048021;123867
2528068431;123868
2528088840;123869
2528109249;123870
2528129658;123871
2528150068;123872
2528170477;123873
2528190887;123874
2528211296;123875
2528231706;123876
2528252114;123877
2528272524;123878
2528292933;123879
2528313342;123880
2528333752;123881
2528354161;123882
2528374571;123883
2528394983;123884
2528415389;123885
2528435798;123886
2528456208;123887
2528476617;123888
2528497027;123889
2528517436;123890
2528537845;123891
2528558258;123892
2528578664;123893
2528599073;123894
2528619483;123895
2528639892;123896
2528660302;123897
2528680711;123898
2528701120;123899
2528721529;123900
2528741939;123901
2528762348;123902
2528782758;123903
2528803167;123904
2528823580;123905
2528843985;123906
2528864395;123907
2528884804;123908
2528905214;123909
2528925623;123910
2528946032;123911
2528966442;123912
2528986850;123913
2529007260;123914
2529027673;123915
2529048079;123916
2529068488;123917
2529088898;123918
2529109307;123919
2529129716;123920
2529150125;123921
2529170535;123922
2529190944;123923
2529211354;123924
2529231763;123925
2529252173;123926
2529272581;123927
2529292991;123928
2529313400;123929
2529333810;123930
2529354219;123931
2529374629;123932
2529395038;123933
2529415447;123934
2529435856;123935
2529456266;123936
2529476675;123937
2529497085;123938
2529517494;123939
2529537904;123940
2529558312;123941
2529578721;123942
2529599131;123943
2529619544;123944
2529639950;123945
2529660359;123946
2529680769;123947
2529701177;123948
2529721587;123949
2529741996;123950
2529762406;123951
2529782815;123952
2529803225;123953
2529823634;123954
2529844044;123955
2529864452;123956
2529884862;123957
2529905271;123958
2529925681;123959
2529946090;123960
2529966500;123961
2529986909;123962
2530007318;123963
2530027731;123964
2530048141;123965
2530068546;123966
2530088960;123967
2530109365;123968
2530129775;123969
2530150183;123970
2530170593;123971
2530191002;123972
2530211415;123973
2530231821;123974
2530252230;123975
2530272640;123976
2530293048;123977
2530313458;123978
2530333867;123979
2530354277;123980
2530374686;123981
2530395096;123982
2530415505;123983
2530435914;123984
2530456323;123985
2530476733;123986
2530497142;123987
2530517552;123988
2530537961;123989
2530558371;123990
2530578779;123991
2530599193;123992
2530619598;123993
2530640008;123994
2530660417;123995
2530680827;123996
2530701236;123997
2530721646;123998
2530742054;123999
2530762464;124000
2530782873;124001
2530803283;124002
2530823692;124003
2530844101;124004
2530864511;124005
2530884919;124006
2530905329;124007
2530925738;124008
2530946148;124009
2530966557;124010
2530986971;124011
2531007376;124012
2531027789;124013
2531048194;124014
2531068604;124015
2531089013;124016
2531109423;124017
2531129832;124018
2531150242;124019
2531170650;124020
2531191064;124021
2531211473;124022
2531231879;124023
2531252288;124024
2531272698;124025
2531293107;124026
2531313516;124027
2531333925;124028
2531354335;124029
2531374748;124030
2531395154;124031
2531415563;124032
2531435975;124033
2531456381;124034
2531476790;124035
2531497200;124036
2531517609;124037
2531538019;124038
2531558428;124039
2531578838;124040
2531599246;124041
2531619656;124042
2531640065;124043
2531660475;124044
2531680888;124045
2531701294;124046
2531721703;124047
2531742116;124048
2531762521;124049
2531782931;124050
2531803340;124051
2531823750;124052
2531844163;124053
2531864569;124054
2531884978;124055
2531905391;124056
2531925796;124057
2531946210;124058
2531966615;124059
2531987025;124060
2532007434;124061
2532027844;124062
2532048256;124063
2532068661;124064
2532089071;124065
2532109480;124066
2532129890;124067
2532150299;124068
2532170712;124069
2532191117;124070
2532211527;124071
2532231940;124072
2532252350;124073
2532272759;124074
2532293165;124075
2532313574;124076
2532333983;124077
2532354392;124078
2532374802;124079
2532395211;124080
2532415621;124081
2532436030;124082
2532456440;124083
2532476848;124084
2532497258;124085
2532517667;124086
2532538077;124087
2532558486;124088
2532578896;124089
2532599305;124090
2532619714;124091
2532640123;124092
2532660533;124093
2532680942;124094
2532701351;124095
2532721761;124096
2532742170;124097
2532762579;124098
2532782988;124099
2532803398;124100
2532823807;124101
2532844217;124102
2532864626;124103
2532885036;124104
2532905445;124105
2532925854;124106
2532946263;124107
2532966673;124108
2532987082;124109
2533007492;124110
2533027901;124111
2533048311;124112
2533068723;124113
2533089133;124114
2533109538;124115
2533129948;124116
2533150357;124117
2533170767;124118
2533191176;124119
2533211585;124120
2533231994;124121
2533252404;124122
2533272813;124123
2533293223;124124
2533313636;124125
2533334041;124126
2533354450;124127
2533374859;124128
2533395269;124129
2533415678;124130
2533436088;124131
2533456497;124132
2533476907;124133
2533497315;124134
2533517725;124135
2533538138;124136
2533558544;124137
2533578953;124138
2533599363;124139
2533619772;124140
2533640182;124141
2533660594;124142
2533681000;124143
2533701409;124144
2533721819;124145
2533742228;124146
2533762638;124147
2533783046;124148
2533803456;124149
2533823865;124150
2533844275;124151
2533864684;124152
2533885094;124153
2533905503;124154
2533925912;124155
2533946321;124156
2533966730;124157
2533987140;124158
2534007553;124159
2534027959;124160
2534048372;124161
2534068778;124162
2534089186;124163
2534109596;124164
2534130005;124165
2534150415;124166
2534170824;124167
2534191342;124168
2534211748;124169
2534232156;124170
2534252566;124171
2534272980;124172
2534293385;124173
2534313795;124174
2534334205;124175
2534354614;124176
2534375023;124177
2534395437;124178
2534415843;124179
2534436252;124180
2534456662;124181
2534477072;124182
2534497481;124183
2534517890;124184
2534538304;124185
2534558713;124186
2534579119;124187
2534599533;124188
2534619939;124189
2534640348;124190
2534660758;124191
2534681167;124192
2534701576;124193
2534721986;124194
2534742396;124195
2534762805;124196
2534783219;124197
2534803625;124198
2534824037;124199
2534844443;124200
2534864853;124201
2534885263;124202
2534905672;124203
2534926082;124204
2534946492;124205
2534966900;124206
2534987310;124207
2535007720;124208
2535028129;124209
2535048543;124210
2535068949;124211
2535089359;124212
2535109768;124213
2535130177;124214
2535150591;124215
2535170996;124216
2535191406;124217
2535211816;124218
2535232225;124219
2535252634;124220
2535273044;124221
2535293453;124222
2535313863;124223
2535334273;124224
2535354687;124225
2535375092;124226
2535395501;124227
2535415911;124228
2535436320;124229
2535456734;124230
2535477140;124231
2535497549;124232
2535517959;124233
2535538372;124234
2535558778;124235
2535579187;124236
2535599601;124237
2535620007;124238
2535640416;124239
2535660826;124240
2535681236;124241
2535701644;124242
2535722054;124243
2535742468;124244
2535762874;124245
2535783283;124246
2535803697;124247
2535824107;124248
2535844511;124249
2535864925;124250
2535885335;124251
2535905740;124252
2535926150;124253
2535946560;124254
2535966969;124255
2535987378;124256
2536007788;124257
2536028198;124258
2536048607;124259
2536069017;124260
2536089427;124261
2536109836;124262
2536130249;124263
2536150659;124264
2536171064;124265
2536191474;124266
2536211884;124267
2536232294;124268
2536252703;124269
2536273116;124270
2536293522;124271
2536313935;124272
2536334341;124273
2536354751;124274
2536375160;124275
2536395570;124276
2536415980;124277
2536436388;124278
2536456798;124279
2536477208;124280
2536497618;124281
2536518027;124282
2536538437;124283
2536558847;124284
2536579255;124285
2536599665;124286
2536620079;124287
2536640484;124288
2536660894;124289
2536681304;124290
2536701714;124291
2536722123;124292
2536742532;124293
2536762942;124294
2536783351;124295
2536803765;124296
2536824171;124297
2536844584;124298
2536864989;124299
2536885399;124300
2536905808;124301
2536926218;124302
2536946628;124303
2536967038;124304
2536987451;124305
2537007860;124306
2537028266;124307
2537048679;124308
2537069085;124309
2537089495;124310
2537109904;124311
2537130314;124312
2537150727;124313
2537171133;124314
2537191542;124315
2537211952;124316
2537232362;124317
2537252771;124318
2537273181;124319
2537293591;124320
2537313999;124321
2537334409;124322
2537354823;124323
2537375228;124324
2537395642;124325
2537416048;124326
2537436458;124327
2537456870;124328
2537477276;124329
2537497690;124330
2537518095;124331
2537538505;124332
2537558915;124333
2537579328;124334
2537599734;124335
2537620143;124336
2537640553;124337
2537660962;124338
2537681376;124339
2537701786;124340
2537722191;124341
2537742600;124342
2537763010;124343
2537783423;124344
2537803829;124345
2537824239;124346
2537844648;124347
2537865062;124348
2537885468;124349
2537905877;124350
2537926290;124351
2537946696;124352
2537967106;124353
2537987515;124354
2538007929;124355
2538028335;124356
2538048747;124357
2538069153;124358
2538089567;124359
2538109973;124360
2538130386;124361
2538150792;124362
2538171202;124363
2538191614;124364
2538212020;124365
2538232430;124366
2538252839;124367
2538273249;124368
2538293659;124369
2538314072;124370
2538334477;124371
2538354887;124372
2538375301;124373
2538395706;124374
2538416116;124375
2538436526;124376
2538456935;124377
2538477348;124378
2538497758;124379
2538518167;124380
2538538573;124381
2538558983;124382
2538579393;124383
2538599802;124384
2538620215;124385
2538640621;124386
2538661030;124387
2538681440;124388
2538701850;124389
2538722259;124390
2538742673;124391
2538763082;124392
2538783488;124393
2538803897;124394
2538824307;124395
2538844717;124396
2538865126;124397
2538885536;124398
2538905946;124399
2538926354;124400
2538946764;124401
2538967174;124402
2538987587;124403
2539007993;124404
2539028407;124405
2539048813;124406
2539069221;124407
2539089631;124408
2539110045;124409
2539130450;124410
2539150864;124411
2539171270;124412
2539191683;124413
2539212092;124414
2539232498;124415
2539252908;124416
2539273321;124417
2539293727;124418
2539314137;124419
2539334546;124420
2539354956;124421
2539375365;124422
2539395774;124423
2539416184;124424
2539436598;124425
2539457003;124426
2539477413;124427
2539497823;124428
2539518232;124429
2539538641;124430
2539559051;124431
2539579461;124432
2539599870;124433
2539620280;124434
2539640690;124435
2539661098;124436
2539681508;124437
2539701918;124438
2539722328;124439
2539742737;124440
2539763147;124441
2539783557;124442
2539803965;124443
2539824375;124444
2539844785;124445
2539865198;124446
2539885604;124447
2539906014;124448
2539926423;124449
2539946832;124450
2539967242;124451
2539987652;124452
2540008061;124453
2540028471;124454
2540048885;124455
2540069290;124456
2540089699;124457
2540110113;124458
2540130518;124459
2540150928;124460
2540171338;124461
2540191748;124462
2540212161;124463
2540232567;124464
2540252976;124465
2540273385;124466
2540293795;124467
2540314205;124468
2540334614;124469
2540355024;124470
2540375434;124471
2540395842;124472
2540416256;124473
2540436662;124474
2540457072;124475
2540477481;124476
2540497891;124477
2540518304;124478
2540538709;124479
2540559119;124480
2540579529;124481
2540599938;124482
2540620348;124483
2540640758;124484
2540661168;124485
2540681577;124486
2540701986;124487
2540722396;124488
2540742805;124489
2540763215;124490
2540783625;124491
2540804034;124492
2540824447;124493
2540844857;124494
2540865262;124495
2540885672;124496
2540906082;124497
2540926492;124498
2540946901;124499
2540967310;124500
2540987724;124501
2541008129;124502
2541028539;124503
2541048949;124504
2541069358;124505
2541089768;124506
2541110181;124507
2541130587;124508
2541150996;124509
2541171410;124510
2541191816;124511
2541212229;124512
2541232635;124513
2541253045;124514
2541273453;124515
2541293863;124516
2541314273;124517
2541334682;124518
2541355092;124519
2541375502;124520
2541395912;124521
2541416324;124522
2541436730;124523
2541457140;124524
2541477549;124525
2541497963;124526
2541518373;124527
2541538778;124528
2541559187;124529
2541579601;124530
2541600011;124531
2541620416;124532
2541640826;124533
2541661236;124534
2541681645;124535
2541702055;124536
2541722464;124537
2541742873;124538
2541763287;124539
2541783697;124540
2541804102;124541
2541824512;124542
2541844921;124543
2541865331;124544
2541885740;124545
2541906154;124546
2541926560;124547
2541946969;124548
2541967379;124549
2541987788;124550
2542008197;124551
2542028607;124552
2542049021;124553
2542069427;124554
2542089840;124555
2542110246;124556
2542130656;124557
2542151064;124558
2542171474;124559
2542191884;124560
2542212293;124561
2542232703;124562
2542253113;124563
2542273523;124564
2542293931;124565
2542314341;124566
2542334751;124567
2542355160;124568
2542375570;124569
2542395980;124570
2542416392;124571
2542436798;124572
2542457212;124573
2542477617;124574
2542498027;124575
2542518437;124576
2542538847;124577
2542559256;124578
2542579665;124579
2542600075;124580
2542620484;124581
2542640894;124582
2542661304;124583
2542681713;124584
2542702123;124585
2542722532;124586
2542742942;124587
2542763355;124588
2542783761;124589
2542804175;124590
2542824580;124591
2542844990;124592
2542865400;124593
2542885812;124594
2542906218;124595
2542926628;124596
2542947037;124597
2542967447;124598
2542987857;124599
2543008267;124600
2543028679;124601
2543049089;124602
2543069499;124603
2543089904;124604
2543110318;124605
2543130724;124606
2543151132;124607
2543171542;124608
2543191952;124609
2543212366;124610
2543232775;124611
2543253181;124612
2543273591;124613
2543294000;124614
2543314409;124615
2543334819;124616
2543355228;124617
2543375638;124618
2543396048;124619
2543416457;124620
2543436867;124621
2543457276;124622
2543477686;124623
2543498095;124624
2543518509;124625
2543538915;124626
2543559324;124627
2543579734;124628
2543600143;124629
2543620556;124630
2543640962;124631
2543661372;124632
2543681782;124633
2543702191;124634
2543722601;124635
2543743011;124636
2543763419;124637
2543783829;124638
2543804239;124639
2543824648;124640
2543845062;124641
2543865468;124642
2543885877;124643
2543906286;124644
2543926696;124645
2543947106;124646
2543967515;124647
2543987925;124648
2544008335;124649
2544028743;124650
2544049153;124651
2544069563;124652
2544089972;124653
2544110382;124654
2544130792;124655
2544151202;124656
2544171611;124657
2544191891;124658
2544212300;124659
2544232710;124660
2544253119;124661
2544273528;124662
2544293938;124663
2544314347;124664
2544334760;124665
2544355165;124666
2544375575;124667
2544395984;124668
2544416394;124669
2544436803;124670
2544457212;124671
2544477621;124672
2544498030;124673
2544518440;124674
2544538849;124675
2544559263;124676
2544579668;124677
2544600077;124678
2544620486;124679
2544640895;124680
2544661305;124681
2544681718;124682
2544702124;124683
2544722533;124684
2544742946;124685
2544763351;124686
2544783760;124687
2544804170;124688
2544824579;124689
2544844989;124690
2544865398;124691
2544885811;124692
2544906220;124693
2544926625;124694
2544947035;124695
2544967444;124696
2544987854;124697
2545008263;124698
2545028672;124699
2545049085;124700
2545069494;124701
2545089900;124702
2545110309;124703
2545130719;124704
2545151128;124705
2545171542;124706
2545191946;124707
2545212355;124708
2545232765;124709
2545253174;124710
2545273588;124711
2545293993;124712
2545314403;124713
2545334812;124714
2545355220;124715
2545375630;124716
2545396039;124717
2545416449;124718
2545436858;124719
2545457268;124720
2545477681;124721
2545498085;124722
2545518495;124723
2545538904;124724
2545559314;124725
2545579723;124726
2545600133;124727
2545620542;124728
2545640951;124729
2545661360;124730
2545681769;124731
2545702179;124732
2545722588;124733
2545742998;124734
2545763411;124735
2545783817;124736
2545804225;124737
2545824634;124738
2545845044;124739
2545865453;124740
2545885867;124741
2545906272;124742
2545926682;124743
2545947090;124744
2545967503;124745
2545987913;124746
2546008318;124747
2546028732;124748
2546049141;124749
2546069547;124750
2546089955;124751
2546110364;124752
2546130774;124753
2546151183;124754
2546171593;124755
2546192006;124756
2546212412;124757
2546232820;124758
2546253229;124759
2546273643;124760
2546294052;124761
2546314458;124762
2546334871;124763
2546355277;124764
2546375685;124765
2546396094;124766
2546416504;124767
2546436917;124768
2546457323;124769
2546477736;124770
2546498142;124771
2546518550;124772
2546538960;124773
2546559369;124774
2546579778;124775
2546600192;124776
2546620601;124777
2546641010;124778
2546661416;124779
2546681825;124780
2546702234;124781
2546722643;124782
2546743053;124783
2546763462;124784
2546783872;124785
2546804284;124786
2546824694;124787
2546845099;124788
2546865508;124789
2546885918;124790
2546906327;124791
2546926737;124792
2546947146;124793
2546967555;124794
2546987968;124795
2547008377;124796
2547028783;124797
2547049196;124798
2547069606;124799
2547090010;124800
2547110424;124801
2547130829;124802
2547151238;124803
2547171648;124804
2547192057;124805
2547212467;124806
2547232876;124807
2547253285;124808
2547273694;124809
2547294104;124810
2547314513;124811
2547334922;124812
2547355332;124813
2547375741;124814
2547396150;124815
2547416559;124816
2547436969;124817
2547457378;124818
2547477787;124819
2547498201;124820
2547518606;124821
2547539016;124822
2547559428;124823
2547579834;124824
2547600243;124825
2547620656;124826
2547641062;124827
2547661471;124828
2547681881;124829
2547702289;124830
2547722699;124831
2547743108;124832
2547763517;124833
2547783927;124834
2547804336;124835
2547824746;124836
2547845154;124837
2547865564;124838
2547885973;124839
2547906383;124840
2547926792;124841
2547947201;124842
2547967611;124843
2547988019;124844
2548008429;124845
2548028838;124846
2548049248;124847
2548069657;124848
2548090066;124849
2548110480;124850
2548130885;124851
2548151298;124852
2548171703;124853
2548192113;124854
2548212522;124855
2548232931;124856
2548253345;124857
2548273750;124858
2548294159;124859
2548314568;124860
2548334978;124861
2548355387;124862
2548375796;124863
2548396206;124864
2548416615;124865
2548437024;124866
2548457433;124867
2548477843;124868
2548498252;124869
2548518661;124870
2548539075;124871
2548559480;124872
2548579889;124873
2548600298;124874
2548620708;124875
2548641117;124876
2548661531;124877
2548681940;124878
2548702345;124879
2548722754;124880
2548743163;124881
2548763573;124882
2548783982;124883
2548804392;124884
2548824801;124885
2548845214;124886
2548865620;124887
2548886028;124888
2548906438;124889
2548926847;124890
2548947257;124891
2548967666;124892
2548988075;124893
2549008485;124894
2549028893;124895
2549049303;124896
2549069712;124897
2549090122;124898
2549110531;124899
2549130940;124900
2549151350;124901
2549171758;124902
2549192172;124903
2549212581;124904
2549232987;124905
2549253396;124906
2549273809;124907
2549294215;124908
2549314627;124909
2549335037;124910
2549355446;124911
2549375852;124912
2549396261;124913
2549416671;124914
2549437080;124915
2549457488;124916
2549477898;124917
2549498307;124918
2549518717;124919
2549539126;124920
2549559536;124921
2549579945;124922
2549600353;124923
2549620763;124924
2549641172;124925
2549661582;124926
2549681991;124927
2549702405;124928
2549722810;124929
2549743219;124930
2549763628;124931
2549784037;124932
2549804447;124933
2549824856;124934
2549845266;124935
2549865679;124936
2549886084;124937
2549906493;124938
2549926902;124939
2549947312;124940
2549967721;124941
2549988131;124942
2550008540;124943
2550028948;124944
2550049358;124945
2550069767;124946
2550090181;124947
2550110586;124948
2550130996;124949
2550151405;124950
2550171815;124951
2550192227;124952
2550212636;124953
2550233042;124954
2550253451;124955
2550273861;124956
2550294270;124957
2550314680;124958
2550335088;124959
2550355497;124960
2550375907;124961
2550396316;124962
2550416726;124963
2550437135;124964
2550457545;124965
2550477957;124966
2550498362;124967
2550518772;124968
2550539181;124969
2550559591;124970
2550580000;124971
2550600410;124972
2550620818;124973
2550641227;124974
2550661637;124975
2550682046;124976
2550702456;124977
2550722865;124978
2550743275;124979
2550763683;124980
2550784093;124981
2550804502;124982
2550824915;124983
2550845321;124984
2550865730;124985
2550886140;124986
2550906549;124987
2550926958;124988
2550947367;124989
2550967776;124990
2550988186;124991
2551008595;124992
2551029005;124993
2551049414;124994
2551069823;124995
2551090232;124996
2551110641;124997
2551131051;124998
2551151460;124999
2551171870;125000
2551192279;125001
2551212688;125002
2551233097;125003
2551253506;125004
2551273916;125005
2551294325;125006
2551314735;125007
2551335147;125008
2551355553;125009
2551375962;125010
2551396371;125011
2551416781;125012
2551437190;125013
2551457600;125014
2551478009;125015
2551498418;125016
2551518827;125017
2551539237;125018
2551559646;125019
2551580055;125020
2551600465;125021
2551620874;125022
2551641284;125023
2551661692;125024
2551682102;125025
2551702511;125026
2551722920;125027
2551743330;125028
2551763739;125029
2551784149;125030
2551804557;125031
2551824967;125032
2551845380;125033
2551865789;125034
2551886199;125035
2551906604;125036
2551927014;125037
2551947426;125038
2551967832;125039
2551988241;125040
2552008650;125041
2552029060;125042
2552049469;125043
2552069879;125044
2552090287;125045
2552110697;125046
2552131106;125047
2552151515;125048
2552171925;125049
2552192338;125050
2552212744;125051
2552233152;125052
2552253562;125053
2552273971;125054
2552294381;125055
2552314790;125056
2552335199;125057
2552355613;125058
2552376017;125059
2552396427;125060
2552416836;125061
2552437250;125062
2552457655;125063
2552478064;125064
2552498474;125065
2552518883;125066
2552539292;125067
2552559701;125068
2552580111;125069
2552600520;125070
2552620929;125071
2552641339;125072
2552661748;125073
2552682157;125074
2552702566;125075
2552722976;125076
2552743385;125077
2552763794;125078
2552784204;125079
2552804613;125080
2552825022;125081
2552845435;125082
2552865841;125083
2552886254;125084
2552906664;125085
2552927069;125086
2552947481;125087
2552967887;125088
2552988296;125089
2553008706;125090
2553029119;125091
2553049525;125092
2553069934;125093
2553090346;125094
2553110752;125095
2553131165;125096
2553151575;125097
2553171980;125098
2553192390;125099
2553212799;125100
2553233208;125101
2553253617;125102
2553274030;125103
2553294440;125104
2553314845;125105
2553335255;125106
2553355668;125107
2553376073;125108
2553396483;125109
2553416891;125110
2553437301;125111
2553457710;125112
2553478120;125113
2553498529;125114
2553518938;125115
2553539351;125116
2553559756;125117
2553580166;125118
2553600575;125119
2553620985;125120
2553641398;125121
2553661808;125122
2553682216;125123
2553702625;125124
2553723031;125125
2553743444;125126
2553763850;125127
2553784259;125128
2553804673;125129
2553825082;125130
2553845487;125131
2553865896;125132
2553886309;125133
2553906719;125134
2553927124;125135
2553947534;125136
2553967946;125137
2553988351;125138
2554008761;125139
2554029170;125140
2554049580;125141
2554069989;125142
2554090399;125143
2554110808;125144
2554131217;125145
2554151630;125146
2554172035;125147
2554192491;125148
2554212900;125149
2554233310;125150
2554253723;125151
2554274129;125152
2554294541;125153
2554314947;125154
2554335357;125155
2554355770;125156
2554376176;125157
2554396585;125158
2554416999;125159
2554437403;125160
2554457813;125161
2554478222;125162
2554498632;125163
2554519045;125164
2554539455;125165
2554559864;125166
2554580270;125167
2554600678;125168
2554621088;125169
2554641497;125170
2554661907;125171
2554682316;125172
2554702729;125173
2554723139;125174
2554743548;125175
2554763958;125176
2554784367;125177
2554804773;125178
2554825182;125179
2554845592;125180
2554866001;125181
2554886410;125182
2554906819;125183
2554927229;125184
2554947638;125185
2554968048;125186
2554988457;125187
2555008867;125188
2555029275;125189
2555049685;125190
2555070094;125191
2555090504;125192
2555110914;125193
2555131323;125194
2555151736;125195
2555172145;125196
2555192551;125197
2555212960;125198
2555233370;125199
2555253783;125200
2555274189;125201
2555294598;125202
2555315007;125203
2555335416;125204
2555355826;125205
2555376235;125206
2555396645;125207
2555417054;125208
2555437464;125209
2555457872;125210
2555478282;125211
2555498692;125212
2555519101;125213
2555539511;125214
2555559920;125215
2555580330;125216
2555600739;125217
2555621148;125218
2555641557;125219
2555661967;125220
2555682376;125221
2555702786;125222
2555723195;125223
2555743605;125224
2555764017;125225
2555784423;125226
2555804832;125227
2555825242;125228
2555845651;125229
2555866061;125230
2555886474;125231
2555906879;125232
2555927289;125233
2555947698;125234
2555968108;125235
2555988517;125236
2556008927;125237
2556029336;125238
2556049745;125239
2556070154;125240
2556090564;125241
2556110973;125242
2556131383;125243
2556151792;125244
2556172202;125245
2556192610;125246
2556213024;125247
2556233429;125248
2556253839;125249
2556274249;125250
2556294658;125251
2556315072;125252
2556335480;125253
2556355886;125254
2556376295;125255
2556396705;125256
2556417114;125257
2556437524;125258
2556457933;125259
2556478343;125260
2556498751;125261
2556519161;125262
2556539570;125263
2556559984;125264
2556580389;125265
2556600799;125266
2556621208;125267
2556641621;125268
2556662027;125269
2556682436;125270
2556702850;125271
2556723255;125272
2556743665;125273
2556764074;125274
2556784483;125275
2556804892;125276
2556825302;125277
2556845711;125278
2556866121;125279
2556886530;125280
2556906940;125281
2556927352;125282
2556947758;125283
2556968167;125284
2556988577;125285
2557008986;125286
2557029400;125287
2557049806;125288
2557070214;125289
2557090624;125290
2557111037;125291
2557131443;125292
2557151852;125293
2557172262;125294
2557192671;125295
2557213084;125296
2557233493;125297
2557253899;125298
2557274308;125299
2557294718;125300
2557315127;125301
2557335537;125302
2557355945;125303
2557376355;125304
2557396764;125305
2557417174;125306
2557437584;125307
2557457993;125308
2557478407;125309
2557498812;125310
2557519221;125311
2557539630;125312
2557560044;125313
2557580449;125314
2557600859;125315
2557621268;125316
2557641678;125317
2557662086;125318
2557682496;125319
2557702909;125320
2557723319;125321
2557743724;125322
2557764134;125323
2557784543;125324
2557804952;125325
2557825362;125326
2557845775;125327
2557866181;125328
2557886590;125329
2557907000;125330
2557927413;125331
2557947822;125332
2557968227;125333
2557988637;125334
2558009046;125335
2558029456;125336
2558049865;125337
2558070275;125338
2558090683;125339
2558111093;125340
2558131502;125341
2558151912;125342
2558172321;125343
2558192731;125344
2558213141;125345
2558233549;125346
2558253959;125347
2558274368;125348
2558294778;125349
2558315187;125350
2558335597;125351
2558356006;125352
2558376419;125353
2558396824;125354
2558417234;125355
2558437643;125356
2558458057;125357
2558478462;125358
2558498872;125359
2558519281;125360
2558539690;125361
2558560099;125362
2558580509;125363
2558600919;125364
2558621328;125365
2558641738;125366
2558662147;125367
2558682556;125368
2558702965;125369
2558723375;125370
2558743784;125371
2558764198;125372
2558784603;125373
2558805013;125374
2558825421;125375
2558845835;125376
2558866240;125377
2558886654;125378
2558907059;125379
2558927469;125380
2558947882;125381
2558968287;125382
2558988701;125383
2559009106;125384
2559029516;125385
2559049925;125386
2559070339;125387
2559090744;125388
2559111153;125389
2559131562;125390
2559151976;125391
2559172385;125392
2559192791;125393
2559213200;125394
2559233610;125395
2559254022;125396
2559274432;125397
2559294837;125398
2559315247;125399
2559335657;125400
2559356066;125401
2559376480;125402
2559396885;125403
2559417294;125404
2559437703;125405
2559458113;125406
2559478522;125407
2559498936;125408
2559519341;125409
2559539751;125410
2559560159;125411
2559580569;125412
2559600978;125413
2559621392;125414
2559641797;125415
2559662207;125416
2559682616;125417
2559703025;125418
2559723435;125419
2559743844;125420
2559764258;125421
2559784663;125422
2559805073;125423
2559825482;125424
2559845891;125425
2559866300;125426
2559886710;125427
2559907119;125428
2559927529;125429
2559947938;125430
2559968348;125431
2559988757;125432
2560009166;125433
2560029575;125434
2560049989;125435
2560070394;125436
2560090808;125437
2560111218;125438
2560131623;125439
2560152032;125440
2560172441;125441
2560192855;125442
2560213260;125443
2560233670;125444
2560254079;125445
2560274489;125446
2560294897;125447
2560315307;125448
2560335716;125449
2560356126;125450
2560376535;125451
2560396945;125452
2560417357;125453
2560437763;125454
2560458172;125455
2560478582;125456
2560498992;125457
2560519401;125458
2560539811;125459
2560560220;125460
2560580629;125461
2560601038;125462
2560621452;125463
2560641857;125464
2560662271;125465
2560682676;125466
2560703086;125467
2560723495;125468
2560743904;125469
2560764313;125470
2560784727;125471
2560805136;125472
2560825546;125473
2560845955;125474
2560866360;125475
2560886770;125476
2560907183;125477
2560927589;125478
2560947998;125479
2560968412;125480
2560988817;125481
2561009227;125482
2561029635;125483
2561050045;125484
2561070454;125485
2561090864;125486
2561111273;125487
2561131683;125488
2561152092;125489
2561172501;125490
2561192910;125491
2561213320;125492
2561233729;125493
2561254139;125494
2561274549;125495
2561294958;125496
2561315367;125497
2561335776;125498
2561356186;125499
2561376595;125500
2561397005;125501
2561417414;125502
2561437824;125503
2561458232;125504
2561478642;125505
2561499051;125506
2561519461;125507
2561539874;125508
2561560284;125509
2561580689;125510
2561601098;125511
2561621507;125512
2561641917;125513
2561662327;125514
2561682740;125515
2561703146;125516
2561723555;125517
2561743968;125518
2561764377;125519
2561784783;125520
2561805192;125521
2561825602;125522
2561846015;125523
2561866421;125524
2561886833;125525
2561907239;125526
2561927648;125527
2561948058;125528
2561968467;125529
2561988881;125530
2562009286;125531
2562029696;125532
2562050105;125533
2562070514;125534
2562090924;125535
2562111333;125536
2562131743;125537
2562152156;125538
2562172562;125539
2562192974;125540
2562213380;125541
2562233789;125542
2562254199;125543
2562274608;125544
2562295018;125545
2562315431;125546
2562335836;125547
2562356245;125548
2562376655;125549
2562397064;125550
2562417474;125551
2562437888;125552
2562458293;125553
2562478702;125554
2562499111;125555
2562519521;125556
2562539930;125557
2562560340;125558
2562580749;125559
2562601159;125560
2562621571;125561
2562641977;125562
2562662386;125563
2562682800;125564
2562703205;125565
2562723615;125566
2562744024;125567
2562764434;125568
2562784842;125569
2562805252;125570
2562825662;125571
2562846075;125572
2562866481;125573
2562886890;125574
2562907300;125575
2562927708;125576
2562948118;125577
2562968527;125578
2562988941;125579
2563009346;125580
2563029756;125581
2563050165;125582
2563070574;125583
2563090983;125584
2563111393;125585
2563131802;125586
2563152212;125587
2563172621;125588
2563193031;125589
2563213444;125590
2563233853;125591
2563254259;125592
2563274668;125593
2563295082;125594
2563315487;125595
2563335897;125596
2563356305;125597
2563376715;125598
2563397124;125599
2563417538;125600
2563437943;125601
2563458353;125602
2563478762;125603
2563499171;125604
2563519580;125605
2563539994;125606
2563560399;125607
2563580809;125608
2563601219;125609
2563621628;125610
2563642038;125611
2563662446;125612
2563682860;125613
2563703265;125614
2563723675;125615
2563744084;125616
2563764494;125617
2563784903;125618
2563805312;125619
2563825721;125620
2563846131;125621
2563866540;125622
2563886950;125623
2563907359;125624
2563927769;125625
2563948177;125626
2563968587;125627
2563988997;125628
2564009406;125629
2564029816;125630
2564050225;125631
2564070635;125632
2564091047;125633
2564111457;125634
2564131862;125635
2564152272;125636
2564172681;125637
2564193117;125638
2564213530;125639
2564233935;125640
2564254345;125641
2564274754;125642
2564295164;125643
2564315573;125644
2564335983;125645
2564356392;125646
2564376802;125647
2564397215;125648
2564417620;125649
2564438030;125650
2564458439;125651
2564478853;125652
2564499259;125653
2564519667;125654
2564540077;125655
2564560490;125656
2564580896;125657
2564601305;125658
2564621715;125659
2564642125;125660
2564662534;125661
2564682943;125662
2564703356;125663
2564723766;125664
2564744171;125665
2564764581;125666
2564784991;125667
2564805400;125668
2564825809;125669
2564846218;125670
2564866632;125671
2564887042;125672
2564907447;125673
2564927857;125674
2564948266;125675
2564968675;125676
2564989088;125677
2565009494;125678
2565029904;125679
2565050313;125680
2565070723;125681
2565091132;125682
2565111541;125683
2565131951;125684
2565152364;125685
2565172770;125686
2565193179;125687
2565213589;125688
2565233998;125689
2565254408;125690
2565274821;125691
2565295230;125692
2565315636;125693
2565336045;125694
2565356455;125695
2565376868;125696
2565397277;125697
2565417683;125698
2565438092;125699
2565458506;125700
2565478915;125701
2565499321;125702
2565519731;125703
2565540139;125704
2565560549;125705
2565580958;125706
2565601368;125707
2565621777;125708
2565642191;125709
2565662597;125710
2565683005;125711
2565703415;125712
2565723824;125713
2565744238;125714
2565764647;125715
2565785053;125716
2565805463;125717
2565825872;125718
2565846281;125719
2565866690;125720
2565887100;125721
2565907510;125722
2565927919;125723
2565948329;125724
2565968738;125725
2565989147;125726
2566009556;125727
2566029966;125728
2566050376;125729
2566070785;125730
2566091195;125731
2566111604;125732
2566132014;125733
2566152422;125734
2566172836;125735
2566193242;125736
2566213651;125737
2566234061;125738
2566254470;125739
2566274880;125740
2566295289;125741
2566315698;125742
2566336108;125743
2566356517;125744
2566376927;125745
2566397336;125746
2566417746;125747
2566438155;125748
2566458564;125749
2566478974;125750
2566499383;125751
2566519793;125752
2566540202;125753
2566560612;125754
2566581025;125755
2566601434;125756
2566621840;125757
2566642249;125758
2566662659;125759
2566683073;125760
2566703481;125761
2566723887;125762
2566744296;125763
2566764710;125764
2566785115;125765
2566805525;125766
2566825939;125767
2566846344;125768
2566866757;125769
2566887162;125770
2566907572;125771
2566927982;125772
2566948391;125773
2566968801;125774
2566989210;125775
2567009619;125776
2567030028;125777
2567050438;125778
2567070852;125779
2567091261;125780
2567111667;125781
2567132076;125782
2567152485;125783
2567172894;125784
2567193304;125785
2567213714;125786
2567234127;125787
2567254533;125788
2567274942;125789
2567295351;125790
2567315761;125791
2567336170;125792
2567356580;125793
2567376993;125794
2567397399;125795
2567417808;125796
2567438218;125797
2567458627;125798
2567479036;125799
2567499446;125800
2567519855;125801
2567540265;125802
2567560678;125803
2567581088;125804
2567601494;125805
2567621902;125806
2567642312;125807
2567662721;125808
2567683131;125809
2567703541;125810
2567723950;125811
2567744359;125812
2567764772;125813
2567785178;125814
2567805587;125815
2567825997;125816
2567846407;125817
2567866816;125818
2567887226;125819
2567907634;125820
2567928048;125821
2567948453;125822
2567968863;125823
2567989273;125824
2568009682;125825
2568030092;125826
2568050500;125827
2568070910;125828
2568091320;125829
2568111729;125830
2568132143;125831
2568152552;125832
2568172957;125833
2568193366;125834
2568213776;125835
2568234186;125836
2568254595;125837
2568275009;125838
2568295418;125839
2568315824;125840
2568336233;125841
2568356642;125842
2568377052;125843
2568397461;125844
2568417871;125845
2568438280;125846
2568458690;125847
2568479099;125848
2568499512;125849
2568519918;125850
2568540327;125851
2568560737;125852
2568581146;125853
2568601556;125854
2568621965;125855
2568642374;125856
2568662788;125857
2568683193;125858
2568703603;125859
2568724013;125860
2568744422;125861
2568764831;125862
2568785240;125863
2568805650;125864
2568826059;125865
2568846469;125866
2568866879;125867
2568887288;125868
2568907698;125869
2568928106;125870
2568948516;125871
2568968925;125872
2568989335;125873
2569009749;125874
2569030154;125875
2569050564;125876
2569070972;125877
2569091382;125878
2569111792;125879
2569132201;125880
2569152611;125881
2569173020;125882
2569193430;125883
2569213838;125884
2569234248;125885
2569254658;125886
2569275067;125887
2569295481;125888
2569315886;125889
2569336296;125890
2569356704;125891
2569377114;125892
2569397524;125893
2569417933;125894
2569438343;125895
2569458752;125896
2569479166;125897
2569499571;125898
2569519980;125899
2569540390;125900
2569560803;125901
2569581209;125902
2569601618;125903
2569622028;125904
2569642438;125905
2569662846;125906
2569683256;125907
2569703665;125908
2569724075;125909
2569744484;125910
2569764894;125911
2569785303;125912
2569805712;125913
2569826122;125914
2569846531;125915
2569866941;125916
2569887355;125917
2569907760;125918
2569928170;125919
2569948578;125920
2569968988;125921
2569989397;125922
2570009807;125923
2570030217;125924
2570050626;125925
2570071036;125926
2570091444;125927
2570111854;125928
2570132264;125929
2570152673;125930
2570173083;125931
2570193492;125932
2570213902;125933
2570234310;125934
2570254720;125935
2570275130;125936
2570295539;125937
2570315949;125938
2570336358;125939
2570356772;125940
2570377176;125941
2570397586;125942
2570418000;125943
2570438405;125944
2570458815;125945
2570479224;125946
2570499634;125947
2570520044;125948
2570540452;125949
2570560862;125950
2570581271;125951
2570601681;125952
2570622090;125953
2570642500;125954
2570662910;125955
2570683322;125956
2570703728;125957
2570724137;125958
2570744547;125959
2570764956;125960
2570785366;125961
2570805776;125962
2570826184;125963
2570846594;125964
2570867003;125965
2570887413;125966
2570907823;125967
2570928232;125968
2570948642;125969
2570969051;125970
2570989464;125971
2571009869;125972
2571030283;125973
2571050689;125974
2571071098;125975
2571091512;125976
2571111917;125977
2571132326;125978
2571152739;125979
2571173145;125980
2571193555;125981
2571213964;125982
2571234374;125983
2571254783;125984
2571275192;125985
2571295602;125986
2571316011;125987
2571336425;125988
2571356830;125989
2571377240;125990
2571397648;125991
2571418062;125992
2571438468;125993
2571458877;125994
2571479287;125995
2571499700;125996
2571520106;125997
2571540515;125998
2571560924;125999
2571581334;126000
2571601743;126001
2571622153;126002
2571642562;126003
2571662972;126004
2571683382;126005
2571703790;126006
2571724200;126007
2571744609;126008
2571765023;126009
2571785428;126010
2571805838;126011
2571826248;126012
2571846656;126013
2571867066;126014
2571887475;126015
2571907889;126016
2571928295;126017
2571948708;126018
2571969114;126019
2571989523;126020
2572009932;126021
2572030345;126022
2572050751;126023
2572071161;126024
2572091570;126025
2572111980;126026
2572132389;126027
2572152798;126028
2572173207;126029
2572193617;126030
2572214027;126031
2572234436;126032
2572254846;126033
2572275258;126034
2572295664;126035
2572316074;126036
2572336487;126037
2572356897;126038
2572377306;126039
2572397716;126040
2572418121;126041
2572438531;126042
2572458940;126043
2572479349;126044
2572499759;126045
2572520168;126046
2572540578;126047
2572560987;126048
2572581396;126049
2572601806;126050
2572622215;126051
2572642629;126052
2572663034;126053
2572683444;126054
2572703854;126055
2572724263;126056
2572744672;126057
2572765081;126058
2572785491;126059
2572805900;126060
2572826310;126061
2572846720;126062
2572867129;126063
2572887538;126064
2572907947;126065
2572928357;126066
2572948766;126067
2572969176;126068
2572989586;126069
2573009995;126070
2573030404;126071
2573050813;126072
2573071223;126073
2573091637;126074
2573112042;126075
2573132452;126076
2573152861;126077
2573173270;126078
2573193679;126079
2573214093;126080
2573234499;126081
2573254908;126082
2573275318;126083
2573295727;126084
2573316136;126085
2573336550;126086
2573356955;126087
2573377365;126088
2573397778;126089
2573418184;126090
2573438593;126091
2573459002;126092
2573479412;126093
2573499821;126094
2573520231;126095
2573540640;126096
2573561050;126097
2573581459;126098
2573601872;126099
2573622278;126100
2573642687;126101
2573663097;126102
2573683506;126103
2573703916;126104
2573724330;126105
2573744734;126106
2573765144;126107
2573785557;126108
2573805963;126109
2573826372;126110
2573846782;126111
2573867192;126112
2573887601;126113
2573908010;126114
2573928419;126115
2573948829;126116
2573969238;126117
2573989652;126118
2574010058;126119
2574030467;126120
2574050876;126121
2574071285;126122
2574091695;126123
2574112105;126124
2574132514;126125
2574152924;126126
2574173333;126127
2574193729;126128
2574214134;126129
2574234544;126130
2574254953;126131
2574275363;126132
2574295773;126133
2574316182;126134
2574336592;126135
2574357000;126136
2574377414;126137
2574397819;126138
2574418229;126139
2574438638;126140
2574459048;126141
2574479457;126142
2574499866;126143
2574520276;126144
2574540685;126145
2574561095;126146
2574581504;126147
2574601914;126148
2574622322;126149
2574642736;126150
2574663141;126151
2574683551;126152
2574703960;126153
2574724370;126154
2574744780;126155
2574765193;126156
2574785598;126157
2574806007;126158
2574826417;126159
2574846826;126160
2574867236;126161
2574887645;126162
2574908058;126163
2574928463;126164
2574948873;126165
2574969283;126166
2574989696;126167
2575010102;126168
2575030515;126169
2575050921;126170
2575071329;126171
2575091739;126172
2575112148;126173
2575132558;126174
2575152971;126175
2575173377;126176
2575193787;126177
2575214196;126178
2575234605;126179
2575255018;126180
2575275428;126181
2575295833;126182
2575316243;126183
2575336652;126184
2575357065;126185
2575377470;126186
2575397880;126187
2575418294;126188
2575438699;126189
2575459109;126190
2575479518;126191
2575499928;126192
2575520336;126193
2575540746;126194
2575561155;126195
2575581565;126196
2575601974;126197
2575622384;126198
2575642794;126199
2575663202;126200
2575683612;126201
2575704021;126202
2575724435;126203
2575744840;126204
2575765250;126205
2575785659;126206
2575806068;126207
2575826477;126208
2575846887;126209
2575867297;126210
2575887710;126211
2575908116;126212
2575928525;126213
2575948934;126214
2575969343;126215
2575989757;126216
2576010166;126217
2576030572;126218
2576050981;126219
2576071391;126220
2576091804;126221
2576112209;126222
2576132623;126223
2576153032;126224
2576173438;126225
2576193847;126226
2576214257;126227
2576234666;126228
2576255079;126229
2576275484;126230
2576295894;126231
2576316307;126232
2576336713;126233
2576357123;126234
2576377535;126235
2576397945;126236
2576418350;126237
2576438764;126238
2576459169;126239
2576479579;126240
2576499988;126241
2576520398;126242
2576540806;126243
2576561216;126244
2576581626;126245
2576602035;126246
2576622445;126247
2576642854;126248
2576663264;126249
2576683672;126250
2576704082;126251
2576724491;126252
2576744901;126253
2576765310;126254
2576785720;126255
2576806129;126256
2576826538;126257
2576846948;126258
2576867357;126259
2576887767;126260
2576908176;126261
2576928586;126262
2576948995;126263
2576969404;126264
2576989813;126265
2577010223;126266
2577030633;126267
2577051042;126268
2577071452;126269
2577091860;126270
2577112271;126271
2577132679;126272
2577153089;126273
2577173502;126274
2577193908;126275
2577214321;126276
2577234727;126277
2577255136;126278
2577275545;126279
2577295955;126280
2577316364;126281
2577336774;126282
2577357183;126283
2577377593;126284
2577398001;126285
2577418411;126286
2577438820;126287
2577459230;126288
2577479640;126289
2577500049;126290
2577520459;126291
2577540868;126292
2577561277;126293
2577581686;126294
2577602096;126295
2577622505;126296
2577642915;126297
2577663324;126298
2577683734;126299
2577704147;126300
2577724552;126301
2577744962;126302
2577765371;126303
2577785781;126304
2577806190;126305
2577826600;126306
2577847008;126307
2577867418;126308
2577887827;126309
2577908237;126310
2577928647;126311
2577949056;126312
2577969466;126313
2577989874;126314
2578010284;126315
2578030693;126316
2578051103;126317
2578071512;126318
2578091922;126319
2578112331;126320
2578132740;126321
2578153150;126322
2578173559;126323
2578193969;126324
2578214378;126325
2578234788;126326
2578255201;126327
2578275606;126328
2578296015;126329
2578316425;126330
2578336834;126331
2578357244;126332
2578377654;126333
2578398067;126334
2578418473;126335
2578438881;126336
2578459291;126337
2578479700;126338
2578500110;126339
2578520519;126340
2578540929;126341
2578561337;126342
2578581747;126343
2578602161;126344
2578622566;126345
2578642976;126346
2578663385;126347
2578683795;126348
2578704208;126349
2578724613;126350
2578745022;126351
2578765432;126352
2578785845;126353
2578806251;126354
2578826661;126355
2578847070;126356
2578867480;126357
2578887888;126358
2578908302;126359
2578928707;126360
2578949117;126361
2578969526;126362
2578989936;126363
2579010344;126364
2579030758;126365
2579051164;126366
2579071577;126367
2579091983;126368
2579112392;126369
2579132802;126370
2579153210;126371
2579173620;126372
2579194029;126373
2579214439;126374
2579234848;126375
2579255258;126376
2579275668;126377
2579296080;126378
2579316490;126379
2579336895;126380
2579357309;126381
2579377714;126382
2579398124;126383
2579418533;126384
2579438943;126385
2579459351;126386
2579479761;126387
2579500170;126388
2579520580;126389
2579540990;126390
2579561399;126391
2579581809;126392
2579602217;126393
2579622627;126394
2579643040;126395
2579663450;126396
2579683855;126397
2579704265;126398
2579724674;126399
2579745084;126400
2579765493;126401
2579785902;126402
2579806316;126403
2579826721;126404
2579847131;126405
2579867540;126406
2579887949;126407
2579908358;126408
2579928768;126409
2579949177;126410
2579969587;126411
2579989997;126412
2580010410;126413
2580030815;126414
2580051224;126415
2580071634;126416
2580092043;126417
2580112453;126418
2580132862;126419
2580153272;126420
2580173681;126421
2580194090;126422
2580214504;126423
2580234909;126424
2580255319;126425
2580275728;126426
2580296138;126427
2580316547;126428
2580336956;126429
2580357365;126430
2580377775;126431
2580398188;126432
2580418594;126433
2580439004;126434
2580459413;126435
2580479822;126436
2580500231;126437
2580520641;126438
2580541050;126439
2580561460;126440
2580581869;126441
2580602279;126442
2580622688;126443
2580643097;126444
2580663511;126445
2580683916;126446
2580704326;126447
2580724735;126448
2580745145;126449
2580765554;126450
2580785967;126451
2580806376;126452
2580826782;126453
2580847191;126454
2580867605;126455
2580888011;126456
2580908420;126457
2580928829;126458
2580949238;126459
2580969648;126460
2580990061;126461
2581010467;126462
2581030876;126463
2581051289;126464
2581071694;126465
2581092104;126466
2581112518;126467
2581132923;126468
2581153333;126469
2581173742;126470
2581194152;126471
2581214564;126472
2581234970;126473
2581255379;126474
2581275793;126475
2581296198;126476
2581316608;126477
2581337018;126478
2581357427;126479
2581377836;126480
2581398245;126481
2581418655;126482
2581439064;126483
2581459474;126484
2581479883;126485
2581500293;126486
2581520701;126487
2581541111;126488
2581561521;126489
2581581930;126490
2581602340;126491
2581622749;126492
2581643159;126493
2581663567;126494
2581683977;126495
2581704386;126496
2581724800;126497
2581745205;126498
2581765615;126499
2581786028;126500
2581806437;126501
2581826843;126502
2581847252;126503
2581867662;126504
2581888071;126505
2581908481;126506
2581928890;126507
2581949299;126508
2581969708;126509
2581990118;126510
2582010528;126511
2582030937;126512
2582051347;126513
2582071759;126514
2582092165;126515
2582112574;126516
2582132984;126517
2582153393;126518
2582173803;126519
2582194212;126520
2582214622;126521
2582235035;126522
2582255440;126523
2582275850;126524
2582296263;126525
2582316669;126526
2582337078;126527
2582357492;126528
2582377900;126529
2582398306;126530
2582418719;126531
2582439125;126532
2582459535;126533
2582479944;126534
2582500358;126535
2582520762;126536
2582541172;126537
2582561581;126538
2582581995;126539
2582602400;126540
2582622810;126541
2582643223;126542
2582663632;126543
2582684038;126544
2582704451;126545
2582724861;126546
2582745270;126547
2582765676;126548
2582786085;126549
2582806495;126550
2582826903;126551
2582847313;126552
2582867722;126553
2582888132;126554
2582908541;126555
2582928951;126556
2582949361;126557
2582969769;126558
2582990179;126559
2583010588;126560
2583031002;126561
2583051407;126562
2583071817;126563
2583092229;126564
2583112635;126565
2583133044;126566
2583153454;126567
2583173864;126568
2583194273;126569
2583214683;126570
2583235096;126571
2583255501;126572
2583275910;126573
2583296320;126574
2583316733;126575
2583337139;126576
2583357548;126577
2583377958;126578
2583398367;126579
2583418776;126580
2583439186;126581
2583459595;126582
2583480005;126583
2583500414;126584
2583520828;126585
2583541233;126586
2583561642;126587
2583582055;126588
2583602461;126589
2583622871;126590
2583643280;126591
2583663690;126592
2583684099;126593
2583704508;126594
2583724917;126595
2583745327;126596
2583765736;126597
2583786146;126598
2583806555;126599
2583826965;126600
2583847374;126601
2583867783;126602
2583888193;126603
2583908602;126604
2583929012;126605
2583949425;126606
2583969835;126607
2583990243;126608
2584010649;126609
2584031062;126610
2584051468;126611
2584071878;126612
2584092287;126613
2584112697;126614
2584133105;126615
2584153515;126616
2584173924;126617
2584194333;126618
2584214746;126619
2584235152;126620
2584255561;126621
2584275971;126622
2584296380;126623
2584316793;126624
2584337199;126625
2584357608;126626
2584378018;126627
2584398427;126628
2584418836;126629
2584439245;126630
2584459655;126631
2584480064;126632
2584500478;126633
2584520884;126634
2584541293;126635
2584561702;126636
2584582111;126637
2584602525;126638
2584622930;126639
2584643340;126640
2584663749;126641
2584684159;126642
2584704567;126643
2584724977;126644
2584745386;126645
2584765800;126646
2584786210;126647
2584806615;126648
2584827029;126649
2584847434;126650
2584867843;126651
2584888252;126652
2584908662;126653
2584929071;126654
2584949481;126655
2584969890;126656
2584990304;126657
2585010713;126658
2585031122;126659
2585051528;126660
2585071941;126661
2585092351;126662
2585112756;126663
2585133166;126664
2585153574;126665
2585173984;126666
2585194393;126667
2585214803;126668
2585235213;126669
2585255622;126670
2585276035;126671
2585296440;126672
2585316850;126673
2585337259;126674
2585357669;126675
2585378078;126676
2585398492;126677
2585418897;126678
2585439306;126679
2585459715;126680
2585480125;126681
2585500535;126682
2585520944;126683
2585541354;126684
2585561763;126685
2585582172;126686
2585602585;126687
2585622991;126688
2585643400;126689
2585663810;126690
2585684219;126691
2585704633;126692
2585725038;126693
2585745447;126694
2585765857;126695
2585786266;126696
2585806676;126697
2585827085;126698
2585847499;126699
2585867904;126700
2585888317;126701
2585908722;126702
2585929132;126703
2585949542;126704
2585969955;126705
2585990365;126706
2586010770;126707
2586031179;126708
2586051588;126709
2586071998;126710
2586092407;126711
2586112817;126712
2586133226;126713
2586153636;126714
2586174048;126715
2586194454;126716
2586214864;126717
2586235273;126718
2586255683;126719
2586276092;126720
2586296506;126721
2586316910;126722
2586337320;126723
2586357733;126724
2586378139;126725
2586398548;126726
2586418958;126727
2586439368;126728
2586459776;126729
2586480186;126730
2586500595;126731
2586521005;126732
2586541414;126733
2586561824;126734
2586582233;126735
2586602643;126736
2586623051;126737
2586643461;126738
2586663871;126739
2586684280;126740
2586704690;126741
2586725099;126742
2586745509;126743
2586765917;126744
2586786331;126745
2586806736;126746
2586827146;126747
2586847555;126748
2586867965;126749
2586888374;126750
2586908783;126751
2586929193;126752
2586949602;126753
2586970012;126754
2586990421;126755
2587010831;126756
2587031240;126757
2587051649;126758
2587072062;126759
2587092468;126760
2587112877;126761
2587133291;126762
2587153701;126763
2587174109;126764
2587194515;126765
2587214924;126766
2587235334;126767
2587255747;126768
2587276153;126769
2587296562;126770
2587316972;126771
2587337380;126772
2587357790;126773
2587378200;126774
2587398609;126775
2587419019;126776
2587439428;126777
2587459838;126778
2587480247;126779
2587500656;126780
2587521065;126781
2587541475;126782
2587561884;126783
2587582294;126784
2587602707;126785
2587623112;126786
2587643522;126787
2587663931;126788
2587684341;126789
2587704750;126790
2587725160;126791
2587745569;126792
2587765979;126793
2587786391;126794
2587806797;126795
2587827206;126796
2587847616;126797
2587868026;126798
2587888435;126799
2587908845;126800
2587929253;126801
2587949667;126802
2587970072;126803
2587990482;126804
2588010891;126805
2588031305;126806
2588051710;126807
2588072119;126808
2588092529;126809
2588112938;126810
2588133348;126811
2588153761;126812
2588174167;126813
2588194576;126814
2588214985;126815
2588235394;126816
2588255804;126817
2588276217;126818
2588296627;126819
2588317032;126820
2588337442;126821
2588357852;126822
2588378264;126823
2588398670;126824
2588419079;126825
2588439489;126826
2588459898;126827
2588480308;126828
2588500717;126829
2588521126;126830
2588541535;126831
2588561945;126832
2588582355;126833
2588602764;126834
2588623174;126835
2588643583;126836
2588663992;126837
2588684401;126838
2588704811;126839
2588725220;126840
2588745630;126841
2588766039;126842
2588786449;126843
2588806858;126844
2588827267;126845
2588847677;126846
2588868086;126847
2588888496;126848
2588908905;126849
2588929315;126850
2588949723;126851
2588970133;126852
2588990546;126853
2589010952;126854
2589031365;126855
2589051771;126856
2589072181;126857
2589092590;126858
2589112999;126859
2589133408;126860
2589153818;126861
2589174227;126862
2589194637;126863
2589215046;126864
2589235456;126865
2589255864;126866
2589276274;126867
2589296684;126868
2589317093;126869
2589337503;126870
2589357912;126871
2589378322;126872
2589398730;126873
2589419140;126874
2589439549;126875
2589459959;126876
2589480368;126877
2589500778;126878
2589521188;126879
2589541597;126880
2589562006;126881
2589582415;126882
2589602825;126883
2589623234;126884
2589643644;126885
2589664053;126886
2589684463;126887
2589704871;126888
2589725281;126889
2589745690;126890
2589766100;126891
2589786514;126892
2589806919;126893
2589827332;126894
2589847737;126895
2589868147;126896
2589888556;126897
2589908966;126898
2589929375;126899
2589949785;126900
2589970194;126901
2589990603;126902
2590011017;126903
2590031426;126904
2590051836;126905
2590072241;126906
2590092651;126907
2590113060;126908
2590133469;126909
2590153878;126910
2590174288;126911
2590194697;126912
2590215111;126913
2590235517;126914
2590255926;126915
2590276335;126916
2590296748;126917
2590317154;126918
2590337567;126919
2590357973;126920
2590378382;126921
2590398795;126922
2590419201;126923
2590439610;126924
2590460019;126925
2590480429;126926
2590500839;126927
2590521248;126928
2590541658;126929
2590562067;126930
2590582476;126931
2590602885;126932
2590623295;126933
2590643704;126934
2590664114;126935
2590684523;126936
2590704933;126937
2590725342;126938
2590745751;126939
2590766161;126940
2590786570;126941
2590806980;126942
2590827389;126943
2590847799;126944
2590868207;126945
2590888617;126946
2590909026;126947
2590929436;126948
2590949846;126949
2590970255;126950
2590990664;126951
2591011077;126952
2591031483;126953
2591051892;126954
2591072302;126955
2591092711;126956
2591113121;126957
2591133530;126958
2591153939;126959
2591174348;126960
2591194758;126961
2591215168;126962
2591235577;126963
2591255987;126964
2591276396;126965
2591296805;126966
2591317214;126967
2591337624;126968
2591358033;126969
2591378443;126970
2591398852;126971
2591419262;126972
2591439675;126973
2591460080;126974
2591480490;126975
2591500899;126976
2591521313;126977
2591541718;126978
2591562128;126979
2591582536;126980
2591602950;126981
2591623355;126982
2591643765;126983
2591664175;126984
2591684584;126985
2591704994;126986
2591725403;126987
2591745812;126988
2591766225;126989
2591786631;126990
2591807044;126991
2591827450;126992
2591847859;126993
2591868272;126994
2591888677;126995
2591909087;126996
2591929497;126997
2591949906;126998
2591970316;126999
2591990725;127000
2592011135;127001
2592031547;127002
2592051953;127003
2592072362;127004
2592092772;127005
2592113181;127006
2592133591;127007
2592154001;127008
2592174409;127009
2592194819;127010
2592215228;127011
2592235638;127012
2592256047;127013
2592276457;127014
2592296866;127015
2592317275;127016
2592337684;127017
2592358094;127018
2592378504;127019
2592398917;127020
2592419323;127021
2592439732;127022
2592460141;127023
2592480550;127024
2592500960;127025
2592521369;127026
2592541779;127027
2592562188;127028
2592582598;127029
2592603007;127030
2592623416;127031
2592643826;127032
2592664235;127033
2592684645;127034
2592705054;127035
2592725464;127036
2592745873;127037
2592766286;127038
2592786691;127039
2592807101;127040
2592827510;127041
2592847924;127042
2592868330;127043
2592888739;127044
2592909148;127045
2592929557;127046
2592949967;127047
2592970376;127048
2592990786;127049
2593011195;127050
2593031609;127051
2593052013;127052
2593072423;127053
2593092837;127054
2593113242;127055
2593133652;127056
2593154061;127057
2593174471;127058
2593194879;127059
2593215293;127060
2593235698;127061
2593256108;127062
2593276517;127063
2593296927;127064
2593317340;127065
2593337745;127066
2593358155;127067
2593378564;127068
2593398974;127069
2593419383;127070
2593439797;127071
2593460206;127072
2593480611;127073
2593501024;127074
2593521434;127075
2593541839;127076
2593562249;127077
2593582659;127078
2593603068;127079
2593623478;127080
2593643886;127081
2593664296;127082
2593684705;127083
2593705115;127084
2593725524;127085
2593745934;127086
2593766343;127087
2593786752;127088
2593807166;127089
2593827575;127090
2593847985;127091
2593868390;127092
2593888800;127093
2593909209;127094
2593929618;127095
2593950027;127096
2593970437;127097
2593990846;127098
2594011256;127099
2594031665;127100
2594052075;127101
2594072484;127102
2594092893;127103
2594113303;127104
2594133712;127105
2594154122;127106
2594174531;127107
2594194970;127108
2594215378;127109
2594235788;127110
2594256198;127111
2594276607;127112
2594297017;127113
2594317426;127114
2594337839;127115
2594358245;127116
2594378654;127117
2594399064;127118
2594419473;127119
2594439887;127120
2594460293;127121
2594480702;127122
2594501112;127123
2594521524;127124
2594541930;127125
2594562340;127126
2594582749;127127
2594603159;127128
2594623569;127129
2594643977;127130
2594664387;127131
2594684796;127132
2594705206;127133
2594725616;127134
2594746025;127135
2594766439;127136
2594786844;127137
2594807253;127138
2594827667;127139
2594848072;127140
2594868482;127141
2594888891;127142
2594909301;127143
2594929711;127144
2594950119;127145
2594970529;127146
2594990938;127147
2595011348;127148
2595031758;127149
2595052167;127150
2595072577;127151
2595092985;127152
2595113395;127153
2595133805;127154
2595154214;127155
2595174624;127156
2595195033;127157
2595215443;127158
2595235852;127159
2595256261;127160
2595276675;127161
2595297080;127162
2595317490;127163
2595337900;127164
2595358309;127165
2595378719;127166
2595399127;127167
2595419537;127168
2595439947;127169
2595460356;127170
2595480766;127171
2595501175;127172
2595521585;127173
2595541994;127174
2595562403;127175
2595582813;127176
2595603222;127177
2595623632;127178
2595644042;127179
2595664451;127180
2595684860;127181
2595705269;127182
2595725679;127183
2595746089;127184
2595766498;127185
2595786912;127186
2595807320;127187
2595827726;127188
2595848140;127189
2595868549;127190
2595888955;127191
2595909364;127192
2595929774;127193
2595950187;127194
2595970593;127195
2595991002;127196
2596011411;127197
2596031821;127198
2596052235;127199
2596072640;127200
2596093050;127201
2596113462;127202
2596133868;127203
2596154278;127204
2596174687;127205
2596195097;127206
2596215506;127207
2596235916;127208
2596256325;127209
2596276734;127210
2596297148;127211
2596317553;127212
2596337963;127213
2596358377;127214
2596378786;127215
2596399195;127216
2596419604;127217
2596440014;127218
2596460420;127219
2596480829;127220
2596501239;127221
2596521648;127222
2596542058;127223
2596562467;127224
2596582880;127225
2596603286;127226
2596623696;127227
2596644105;127228
2596664515;127229
2596684927;127230
2596705333;127231
2596725747;127232
2596746156;127233
2596766562;127234
2596786971;127235
2596807381;127236
2596827795;127237
2596848199;127238
2596868609;127239
2596889018;127240
2596909428;127241
2596929838;127242
2596950247;127243
2596970657;127244
2596991065;127245
2597011475;127246
2597031885;127247
2597052298;127248
2597072704;127249
2597093113;127250
2597113523;127251
2597133933;127252
2597154341;127253
2597174755;127254
2597195160;127255
2597215574;127256
2597235980;127257
2597256389;127258
2597276798;127259
2597297207;127260
2597317617;127261
2597338027;127262
2597358436;127263
2597378846;127264
2597399255;127265
2597419665;127266
2597440074;127267
2597460483;127268
2597480893;127269
2597501302;127270
2597521712;127271
2597542122;127272
2597562531;127273
2597582944;127274
2597603349;127275
2597623759;127276
2597644169;127277
2597664578;127278
2597684988;127279
2597705397;127280
2597725806;127281
2597746216;127282
2597766625;127283
2597787035;127284
2597807444;127285
2597827854;127286
2597848264;127287
2597868672;127288
2597889086;127289
2597909491;127290
2597929901;127291
2597950311;127292
2597970720;127293
2597991130;127294
2598011539;127295
2598031948;127296
2598052358;127297
2598072767;127298
2598093177;127299
2598113586;127300
2598133996;127301
2598154406;127302
2598174818;127303
2598195224;127304
2598215633;127305
2598236043;127306
2598256453;127307
2598276862;127308
2598297272;127309
2598317684;127310
2598338090;127311
2598358500;127312
2598378909;127313
2598399319;127314
2598419728;127315
2598440138;127316
2598460547;127317
2598480956;127318
2598501366;127319
2598521775;127320
2598542185;127321
2598562595;127322
2598583004;127323
2598603413;127324
2598623823;127325
2598644232;127326
2598664642;127327
2598685051;127328
2598705465;127329
2598725874;127330
2598746283;127331
2598766689;127332
2598787098;127333
2598807512;127334
2598827922;127335
2598848327;127336
2598868737;127337
2598889145;127338
2598909559;127339
2598929965;127340
2598950374;127341
2598970784;127342
2598991193;127343
2599011603;127344
2599032013;127345
2599052421;127346
2599072831;127347
2599093240;127348
2599113650;127349
2599134064;127350
2599154473;127351
2599174879;127352
2599195287;127353
2599215697;127354
2599236107;127355
2599256516;127356
2599276926;127357
2599297335;127358
2599317745;127359
2599338154;127360
2599358563;127361
2599378973;127362
2599399382;127363
2599419792;127364
2599440202;127365
2599460611;127366
2599481020;127367
2599501429;127368
2599521843;127369
2599542249;127370
2599562662;127371
2599583068;127372
2599603477;127373
2599623886;127374
2599644296;127375
2599664705;127376
2599685115;127377
2599705524;127378
2599725934;127379
2599746344;127380
2599766756;127381
2599787162;127382
2599807571;127383
2599827981;127384
2599848391;127385
2599868800;127386
2599889210;127387
2599909619;127388
2599930028;127389
2599950438;127390
2599970847;127391
2599991257;127392
2600011666;127393
2600032076;127394
2600052486;127395
2600072894;127396
2600093304;127397
2600113713;127398
2600134123;127399
2600154533;127400
2600174946;127401
2600195352;127402
2600215760;127403
2600236170;127404
2600256580;127405
2600276989;127406
2600297403;127407
2600317808;127408
2600338218;127409
2600358627;127410
2600379036;127411
2600399446;127412
2600419855;127413
2600440265;127414
2600460675;127415
2600481084;127416
2600501493;127417
2600521902;127418
2600542312;127419
2600562722;127420
2600583131;127421
2600603541;127422
2600623950;127423
2600644360;127424
2600664769;127425
2600685178;127426
2600705588;127427
2600725998;127428
2600746407;127429
2600766817;127430
2600787225;127431
2600807635;127432
2600828045;127433
2600848454;127434
2600868864;127435
2600889273;127436
2600909683;127437
2600930093;127438
2600950501;127439
2600970911;127440
2600991320;127441
2601011730;127442
2601032140;127443
2601052549;127444
2601072959;127445
2601093367;127446
2601113777;127447
2601134187;127448
2601154600;127449
2601175010;127450
2601195415;127451
2601215828;127452
2601236238;127453
2601256643;127454
2601277053;127455
2601297462;127456
2601317872;127457
2601338282;127458
2601358694;127459
2601379104;127460
2601399509;127461
2601419923;127462
2601440329;127463
2601460738;127464
2601481148;127465
2601501561;127466
2601521966;127467
2601542376;127468
2601562785;127469
2601583195;127470
2601603604;127471
2601624018;127472
2601644424;127473
2601664832;127474
2601685242;127475
2601705655;127476
2601726061;127477
2601746471;127478
2601766880;127479
2601787294;127480
2601807702;127481
2601828108;127482
2601848518;127483
2601868927;127484
2601889337;127485
2601909746;127486
2601930156;127487
2601950569;127488
2601970974;127489
2601991388;127490
2602011793;127491
2602032203;127492
2602052613;127493
2602073022;127494
2602093432;127495
2602113840;127496
2602134250;127497
2602154660;127498
2602175069;127499
2602195479;127500
2602215888;127501
2602236298;127502
2602256707;127503
2602277116;127504
2602297526;127505
2602317935;127506
2602338349;127507
2602358755;127508
2602379167;127509
2602399577;127510
2602419982;127511
2602440392;127512
2602460802;127513
2602481211;127514
2602501621;127515
2602522029;127516
2602542439;127517
2602562849;127518
2602583262;127519
2602603672;127520
2602624077;127521
2602644487;127522
2602664900;127523
2602685309;127524
2602705715;127525
2602726125;127526
2602746538;127527
2602766944;127528
2602787353;127529
2602807766;127530
2602828172;127531
2602848581;127532
2602868991;127533
2602889400;127534
2602909810;127535
2602930220;127536
2602950629;127537
2602971038;127538
2602991451;127539
2603011857;127540
2603032267;127541
2603052676;127542
2603073086;127543
2603093495;127544
2603113905;127545
2603134314;127546
2603154727;127547
2603175133;127548
2603195542;127549
2603215952;127550
2603236362;127551
2603256770;127552
2603277180;127553
2603297589;127554
2603317999;127555
2603338409;127556
2603358818;127557
2603379228;127558
2603399636;127559
2603420046;127560
2603440456;127561
2603460865;127562
2603481275;127563
2603501684;127564
2603522094;127565
2603542503;127566
2603562912;127567
2603583322;127568
2603603731;127569
2603624141;127570
2603644551;127571
2603664960;127572
2603685369;127573
2603705782;127574
2603726188;127575
2603746598;127576
2603767007;127577
2603787417;127578
2603807826;127579
2603828239;127580
2603848645;127581
2603869054;127582
2603889468;127583
2603909873;127584
2603930283;127585
2603950693;127586
2603971105;127587
2603991511;127588
2604011920;127589
2604032334;127590
2604052740;127591
2604073153;127592
2604093559;127593
2604113968;127594
2604134377;127595
2604154787;127596
2604175196;127597
2604195540;127598
2604215949;127599
2604236363;127600
2604256768;127601
2604277181;127602
2604297586;127603
2604317996;127604
2604338405;127605
2604358815;127606
2604379224;127607
2604399637;127608
2604420042;127609
2604440451;127610
2604460861;127611
2604481270;127612
2604501680;127613
2604522089;127614
2604542499;127615
2604562907;127616
2604583317;127617
2604603726;127618
2604624136;127619
2604644545;127620
2604664959;127621
2604685364;127622
2604705772;127623
2604726182;127624
2604746591;127625
2604767001;127626
2604787410;127627
2604807824;127628
2604828229;127629
2604848639;127630
2604869047;127631
2604889457;127632
2604909866;127633
2604930276;127634
2604950685;127635
2604971099;127636
2604991504;127637
2605011912;127638
2605032322;127639
2605052731;127640
2605073141;127641
2605093550;127642
2605113960;127643
2605134369;127644
2605154782;127645
2605175187;127646
2605195597;127647
2605216006;127648
2605236420;127649
2605256829;127650
2605277235;127651
2605297644;127652
2605318052;127653
2605338462;127654
2605358875;127655
2605379281;127656
2605399690;127657
2605420100;127658
2605440508;127659
2605460918;127660
2605481331;127661
2605501737;127662
2605522150;127663
2605542556;127664
2605562965;127665
2605583378;127666
2605603783;127667
2605624192;127668
2605644602;127669
2605665011;127670
2605685421;127671
2605705830;127672
2605726240;127673
2605746652;127674
2605767058;127675
2605787467;127676
2605807877;127677
2605828286;127678
2605848696;127679
2605869105;127680
2605889518;127681
2605909923;127682
2605930332;127683
2605950742;127684
2605971151;127685
2605991561;127686
2606011970;127687
2606032383;127688
2606052788;127689
2606073198;127690
2606093607;127691
2606114017;127692
2606134426;127693
2606154836;127694
2606175244;127695
2606195654;127696
2606216063;127697
2606236473;127698
2606256882;127699
2606277291;127700
2606297701;127701
2606318113;127702
2606338519;127703
2606358928;127704
2606379338;127705
2606399747;127706
2606420157;127707
2606440570;127708
2606460979;127709
2606481384;127710
2606501794;127711
2606522203;127712
2606542613;127713
2606563026;127714
2606583431;127715
2606603840;127716
2606624249;127717
2606644663;127718
2606665068;127719
2606685482;127720
2606705887;127721
2606726297;127722
2606746706;127723
2606767115;127724
2606787524;127725
2606807934;127726
2606828343;127727
2606848753;127728
2606869162;127729
2606889571;127730
2606909984;127731
2606930389;127732
2606950799;127733
2606971208;127734
2606991618;127735
2607012027;127736
2607032437;127737
2607052849;127738
2607073255;127739
2607093664;127740
2607114078;127741
2607134483;127742
2607154893;127743
2607175302;127744
2607195710;127745
2607216120;127746
2607236533;127747
2607256939;127748
2607277348;127749
2607297758;127750
2607318170;127751
2607338576;127752
2607358985;127753
2607379395;127754
2607399804;127755
2607420214;127756
2607440623;127757
2607461033;127758
2607481442;127759
2607501850;127760
2607522260;127761
2607542673;127762
2607563083;127763
2607583488;127764
2607603898;127765
2607624307;127766
2607644716;127767
2607665125;127768
2607685539;127769
2607705944;127770
2607726354;127771
2607746763;127772
2607767172;127773
2607787581;127774
2607807990;127775
2607828400;127776
2607848809;127777
2607869219;127778
2607889628;127779
2607910037;127780
2607930450;127781
2607950856;127782
2607971265;127783
2607991675;127784
2608012084;127785
2608032498;127786
2608052906;127787
2608073312;127788
2608093721;127789
2608114131;127790
2608134540;127791
2608154949;127792
2608175359;127793
2608195768;127794
2608216177;127795
2608236586;127796
2608257000;127797
2608277409;127798
2608297815;127799
2608318228;127800
2608338637;127801
2608359042;127802
2608379452;127803
2608399861;127804
2608420275;127805
2608440680;127806
2608461089;127807
2608481503;127808
2608501907;127809
2608522317;127810
2608542726;127811
2608563136;127812
