2508234469;122899
2508254878;122900
2508275291;122901
2508295696;122902
2508316105;122903
2508336514;122904
2508356922;122905
2508377332;122906
2508397741;122907
2508418150;122908
2508438559;122909
2508458967;122910
2508479377;122911
2508499785;122912
2508520195;122913
2508540603;122914
2508561012;122915
2508581422;122916
2508601830;122917
2508622240;122918
2508642648;122919
2508663057;122920
2508683466;122921
2508703875;122922
2508724285;122923
2508744693;122924
2508765102;122925
2508785511;122926
2508805920;122927
2508826329;122928
2508846738;122929
2508867146;122930
2508887556;122931
2508907965;122932
2508928377;122933
2508948783;122934
2508969191;122935
2508989601;122936
2509010009;122937
2509030419;122938
2509050828;122939
2509071236;122940
2509091646;122941
2509112054;122942
2509132464;122943
2509152872;122944
2509173281;122945
2509193690;122946
2509214103;122947
2509234509;122948
2509254921;122949
2509275326;122950
2509295735;122951
2509316144;122952
2509336552;122953
2509356962;122954
2509377370;122955
2509397780;122956
2509418189;122957
2509438598;122958
2509459007;122959
2509479415;122960
2509499825;122961
2509520237;122962
2509540642;122963
2509561052;122964
2509581460;122965
2509601870;122966
2509622282;122967
2509642687;122968
2509663096;122969
2509683505;122970
2509703914;122971
2509724323;122972
2509744732;122973
2509765141;122974
2509785550;122975
2509805959;122976
2509826368;122977
2509846776;122978
2509867190;122979
2509887595;122980
2509908004;122981
2509928413;122982
2509948821;122983
2509969231;122984
2509989639;122985
2510010049;122986
2510030457;122987
2510050866;122988
2510071276;122989
2510091684;122990
2510112094;122991
2510132502;122992
2510152911;122993
2510173320;122994
2510193729;122995
2510214139;122996
2510234547;122997
2510254956;122998
2510275365;122999
2510295774;123000
2510316182;123001
2510336592;123002
2510357000;123003
2510377410;123004
2510397819;123005
2510418227;123006
2510438637;123007
2510459045;123008
2510479455;123009
2510499863;123010
2510520272;123011
2510540681;123012
2510561090;123013
2510581500;123014
2510601908;123015
2510622317;123016
2510642730;123017
2510663135;123018
2510683548;123019
2510703953;123020
2510724362;123021
2510744771;123022
2510765180;123023
2510785589;123024
2510805998;123025
2510826406;123026
2510846816;123027
2510867224;123028
2510887634;123029
2510908043;123030
2510928451;123031
2510948861;123032
2510969269;123033
2510989679;123034
2511010087;123035
2511030500;123036
2511050906;123037
2511071314;123038
2511091723;123039
2511112132;123040
2511132545;123041
2511152950;123042
2511173359;123043
2511193768;123044
2511214177;123045
2511234586;123046
2511254995;123047
2511275404;123048
2511295812;123049
2511316222;123050
2511336630;123051
2511357040;123052
2511377448;123053
2511397858;123054
2511418267;123055
2511438675;123056
2511459089;123057
2511479493;123058
2511499902;123059
2511520311;123060
2511540720;123061
2511561134;123062
2511581538;123063
2511601947;123064
2511622356;123065
2511642765;123066
2511663174;123067
2511683583;123068
2511703991;123069
2511724401;123070
2511744810;123071
2511765219;123072
2511785632;123073
2511806036;123074
2511826446;123075
2511846854;123076
2511867264;123077
2511887673;123078
2511908081;123079
2511928491;123080
2511948899;123081
2511969312;123082
2511989721;123083
2512010126;123084
2512030535;123085
2512050944;123086
2512071354;123087
2512091762;123088
2512112171;123089
2512132580;123090
2512152989;123091
2512173398;123092
2512193807;123093
2512214216;123094
2512234625;123095
2512255034;123096
2512275446;123097
2512295852;123098
2512316264;123099
2512336670;123100
2512357078;123101
2512377488;123102
2512397897;123103
2512418305;123104
2512438715;123105
2512459123;123106
2512479533;123107
2512499941;123108
2512520350;123109
2512540759;123110
2512561168;123111
2512581577;123112
2512601986;123113
2512622395;123114
2512642804;123115
2512663213;123116
2512683621;123117
2512704031;123118
2512724440;123119
2512744849;123120
2512765258;123121
2512785666;123122
2512806076;123123
2512826484;123124
2512846894;123125
2512867302;123126
2512887711;123127
2512908121;123128
2512928529;123129
2512948939;123130
2512969347;123131
2512989756;123132
2513010165;123133
2513030574;123134
2513050984;123135
2513071392;123136
2513091801;123137
2513112210;123138
2513132619;123139
2513153028;123140
2513173437;123141
2513193845;123142
2513214255;123143
2513234668;123144
2513255073;123145
2513275486;123146
2513295890;123147
2513316300;123148
2513336708;123149
2513357118;123150
2513377526;123151
2513397939;123152
2513418345;123153
2513438753;123154
2513459163;123155
2513479571;123156
2513499984;123157
2513520389;123158
2513540798;123159
2513561207;123160
2513581616;123161
2513602025;123162
2513622434;123163
2513642843;123164
2513663252;123165
2513683661;123166
2513704073;123167
2513724479;123168
2513744888;123169
2513765296;123170
2513785706;123171
2513806118;123172
2513826524;123173
2513846932;123174
2513867342;123175
2513887751;123176
2513908159;123177
2513928569;123178
2513948977;123179
2513969386;123180
2513989795;123181
2514010204;123182
2514030613;123183
2514051022;123184
2514071431;123185
2514091840;123186
2514112249;123187
2514132658;123188
2514153067;123189
2514173476;123190
2514193918;123191
2514214327;123192
2514234736;123193
2514255145;123194
2514275554;123195
2514295967;123196
2514316372;123197
2514336781;123198
2514357190;123199
2514377599;123200
2514398008;123201
2514418417;123202
2514438827;123203
2514459235;123204
2514479648;123205
2514500057;123206
2514520462;123207
2514540872;123208
2514561280;123209
2514581689;123210
2514602099;123211
2514622507;123212
2514642916;123213
2514663325;123214
2514683734;123215
2514704144;123216
2514724552;123217
2514744962;123218
2514765371;123219
2514785779;123220
2514806189;123221
2514826597;123222
2514847007;123223
2514867416;123224
2514887824;123225
2514908234;123226
2514928643;123227
2514949051;123228
2514969461;123229
2514989870;123230
2515010279;123231
2515030692;123232
2515051097;123233
2515071506;123234
2515091915;123235
2515112324;123236
2515132733;123237
2515153142;123238
2515173555;123239
2515193960;123240
2515214369;123241
2515234778;123242
2515255187;123243
2515275596;123244
2515296009;123245
2515316415;123246
2515336823;123247
2515357236;123248
2515377641;123249
2515398050;123250
2515418460;123251
2515438872;123252
2515459278;123253
2515479687;123254
2515500095;123255
2515520505;123256
2515540917;123257
2515561322;123258
2515581732;123259
2515602140;123260
2515622550;123261
2515642959;123262
2515663367;123263
2515683777;123264
2515704186;123265
2515724595;123266
2515745004;123267
2515765412;123268
2515785822;123269
2515806231;123270
2515826640;123271
2515847049;123272
2515867462;123273
2515887867;123274
2515908276;123275
2515928685;123276
2515949094;123277
2515969503;123278
2515989912;123279
2516010321;123280
2516030731;123281
2516051139;123282
2516071548;123283
2516091957;123284
2516112366;123285
2516132776;123286
2516153184;123287
2516173593;123288
2516194003;123289
2516214411;123290
2516234821;123291
2516255229;123292
2516275638;123293
2516296048;123294
2516316460;123295
2516336866;123296
2516357275;123297
2516377683;123298
2516398093;123299
2516418502;123300
2516438910;123301
2516459320;123302
2516479728;123303
2516500138;123304
2516520547;123305
2516540959;123306
2516561365;123307
2516581774;123308
2516602183;123309
2516622592;123310
2516643000;123311
2516663410;123312
2516683819;123313
2516704228;123314
2516724637;123315
2516745046;123316
2516765455;123317
2516785864;123318
2516806273;123319
2516826682;123320
2516847091;123321
2516867500;123322
2516887913;123323
2516908319;123324
2516928727;123325
2516949136;123326
2516969545;123327
2516989954;123328
2517010364;123329
2517030772;123330
2517051181;123331
2517071591;123332
2517091999;123333
2517112409;123334
2517132822;123335
2517153226;123336
2517173636;123337
2517194044;123338
2517214454;123339
2517234863;123340
2517255271;123341
2517275681;123342
2517296094;123343
2517316499;123344
2517336908;123345
2517357316;123346
2517377726;123347
2517398135;123348
2517418543;123349
2517438953;123350
2517459362;123351
2517479771;123352
2517500180;123353
2517520589;123354
2517540998;123355
2517561407;123356
2517581816;123357
2517602229;123358
2517622634;123359
2517643043;123360
2517663452;123361
2517683861;123362
2517704270;123363
2517724680;123364
2517745088;123365
2517765497;123366
2517785907;123367
2517806315;123368
2517826728;123369
2517847134;123370
2517867542;123371
2517887952;123372
2517908360;123373
2517928769;123374
2517949179;123375
2517969587;123376
2517989997;123377
2518010406;123378
2518030814;123379
2518051224;123380
2518071632;123381
2518092042;123382
2518112451;123383
2518132859;123384
2518153269;123385
2518173678;123386
2518194087;123387
2518214500;123388
2518234904;123389
2518255314;123390
2518275723;123391
2518296135;123392
2518316541;123393
2518336950;123394
2518357359;123395
2518377768;123396
2518398177;123397
2518418586;123398
2518438995;123399
2518459404;123400
2518479813;123401
2518500223;123402
2518520631;123403
2518541040;123404
2518561450;123405
2518581858;123406
2518602268;123407
2518622676;123408
2518643085;123409
2518663499;123410
2518683907;123411
2518704312;123412
2518724722;123413
2518745130;123414
2518765540;123415
2518785948;123416
2518806357;123417
2518826767;123418
2518847175;123419
2518867585;123420
2518887994;123421
2518908402;123422
2518928812;123423
2518949220;123424
2518969630;123425
2518990039;123426
2519010447;123427
2519030857;123428
2519051266;123429
2519071675;123430
2519092084;123431
2519112492;123432
2519132902;123433
2519153311;123434
2519173720;123435
2519194129;123436
2519214538;123437
2519234947;123438
2519255356;123439
2519275770;123440
2519296174;123441
2519316583;123442
2519336992;123443
2519357401;123444
2519377815;123445
2519398219;123446
2519418628;123447
2519439038;123448
2519459446;123449
2519479856;123450
2519500264;123451
2519520673;123452
2519541083;123453
2519561491;123454
2519581901;123455
2519602310;123456
2519622718;123457
2519643128;123458
2519663536;123459
2519683946;123460
2519704355;123461
2519724763;123462
2519745173;123463
2519765582;123464
2519785991;123465
2519806400;123466
2519826808;123467
2519847218;123468
2519867631;123469
2519888036;123470
2519908445;123471
2519928854;123472
2519949263;123473
2519969672;123474
2519990082;123475
2520010490;123476
2520030899;123477
2520051308;123478
2520071717;123479
2520092126;123480
2520112535;123481
2520132944;123482
2520153354;123483
2520173762;123484
2520194171;123485
2520214580;123486
2520234989;123487
2520255399;123488
2520275807;123489
2520296217;123490
2520316626;123491
2520337034;123492
2520357444;123493
2520377852;123494
2520398261;123495
2520418671;123496
2520439079;123497
2520459489;123498
2520479898;123499
2520500306;123500
2520520716;123501
2520541124;123502
2520561534;123503
2520581943;123504
2520602351;123505
2520622761;123506
2520643170;123507
2520663579;123508
2520683988;123509
2520704397;123510
2520724806;123511
2520745215;123512
2520765624;123513
2520786033;123514
2520806442;123515
2520826851;123516
2520847260;123517
2520867670;123518
2520888078;123519
2520908487;123520
2520928896;123521
2520949305;123522
2520969715;123523
2520990123;123524
2521010536;123525
2521030942;123526
2521051350;123527
2521071760;123528
2521092168;123529
2521112577;123530
2521132987;123531
2521153395;123532
2521173805;123533
2521194214;123534
2521214622;123535
2521235032;123536
2521255440;123537
2521275849;123538
2521296259;123539
2521316667;123540
2521337077;123541
2521357486;123542
2521377895;123543
2521398304;123544
2521418713;123545
2521439122;123546
2521459535;123547
2521479939;123548
2521500349;123549
2521520758;123550
2521541167;123551
2521561576;123552
2521581985;123553
2521602394;123554
2521622803;123555
2521643212;123556
2521663621;123557
2521684031;123558
2521704439;123559
2521724848;123560
2521745258;123561
2521765666;123562
2521786079;123563
2521806484;123564
2521826893;123565
2521847303;123566
2521867711;123567
2521888120;123568
2521908534;123569
2521928938;123570
2521949348;123571
2521969756;123572
2521990165;123573
2522010575;123574
2522030983;123575
2522051393;123576
2522071806;123577
2522092210;123578
2522112620;123579
2522133029;123580
2522153438;123581
2522173847;123582
2522194255;123583
2522214665;123584
2522235074;123585
2522255483;123586
2522275892;123587
2522296301;123588
2522316710;123589
2522337119;123590
2522357528;123591
2522377937;123592
2522398346;123593
2522418755;123594
2522439164;123595
2522459574;123596
2522479982;123597
2522500391;123598
2522520800;123599
2522541209;123600
2522561618;123601
2522582027;123602
2522602436;123603
2522622846;123604
2522643254;123605
2522663663;123606
2522684072;123607
2522704481;123608
2522724895;123609
2522745299;123610
2522765708;123611
2522786118;123612
2522806526;123613
2522826936;123614
2522847345;123615
2522867753;123616
2522888163;123617
2522908571;123618
2522928981;123619
2522949390;123620
2522969798;123621
2522990208;123622
2523010617;123623
2523031026;123624
2523051435;123625
2523071843;123626
2523092253;123627
2523112662;123628
2523133071;123629
2523153480;123630
2523173889;123631
2523194298;123632
2523214707;123633
2523235116;123634
2523255525;123635
2523275934;123636
2523296343;123637
2523316752;123638
2523337162;123639
2523357570;123640
2523377979;123641
2523398388;123642
2523418797;123643
2523439207;123644
2523459615;123645
2523480024;123646
2523500434;123647
2523520842;123648
2523541252;123649
2523561661;123650
2523582069;123651
2523602483;123652
2523622887;123653
2523643297;123654
2523663706;123655
2523684114;123656
2523704524;123657
2523724933;123658
2523745341;123659
2523765751;123660
2523786159;123661
2523806569;123662
2523826978;123663
2523847387;123664
2523867796;123665
2523888205;123666
2523908614;123667
2523929023;123668
2523949431;123669
2523969841;123670
2523990250;123671
2524010659;123672
2524031068;123673
2524051481;123674
2524071886;123675
2524092295;123676
2524112704;123677
2524133113;123678
2524153523;123679
2524173931;123680
2524194269;123681
2524214678;123682
2524235087;123683
2524255495;123684
2524275905;123685
2524296313;123686
2524316723;123687
2524337131;123688
2524357541;123689
2524377949;123690
2524398358;123691
2524418767;123692
2524439176;123693
2524459584;123694
2524479994;123695
2524500402;123696
2524520812;123697
2524541220;123698
2524561629;123699
2524582042;123700
2524602447;123701
2524622856;123702
2524643265;123703
2524663673;123704
2524684082;123705
2524704491;123706
2524724900;123707
2524745309;123708
2524765717;123709
2524786127;123710
2524806535;123711
2524826945;123712
2524847353;123713
2524867766;123714
2524888171;123715
2524908580;123716
2524928989;123717
2524949402;123718
2524969806;123719
2524990216;123720
2525010624;123721
2525031034;123722
2525051442;123723
2525071851;123724
2525092260;123725
2525112673;123726
2525133078;123727
2525153487;123728
2525173895;123729
2525194305;123730
2525214713;123731
2525235123;123732
2525255531;123733
2525275940;123734
2525296349;123735
2525316757;123736
2525337167;123737
2525357575;123738
2525377984;123739
2525398393;123740
2525418802;123741
2525439210;123742
2525459620;123743
2525480028;123744
2525500438;123745
2525520846;123746
2525541256;123747
2525561664;123748
2525582073;123749
2525602486;123750
2525622891;123751
2525643299;123752
2525663709;123753
2525684117;123754
2525704527;123755
2525724935;123756
2525745344;123757
2525765753;123758
2525786162;123759
2525806571;123760
2525826984;123761
2525847388;123762
2525867798;123763
2525888206;123764
2525908616;123765
2525929024;123766
2525949432;123767
2525969842;123768
2525990250;123769
2526010660;123770
2526031068;123771
2526051477;123772
2526071886;123773
2526092295;123774
2526112704;123775
2526133113;123776
2526153521;123777
2526173931;123778
2526194339;123779
2526214749;123780
2526235157;123781
2526255566;123782
2526275975;123783
2526296384;123784
2526316793;123785
2526337202;123786
2526357610;123787
2526378020;123788
2526398428;123789
2526418838;123790
2526439246;123791
2526459655;123792
2526480064;123793
2526500473;123794
2526520882;123795
2526541290;123796
2526561699;123797
2526582108;123798
2526602517;123799
2526622926;123800
2526643335;123801
2526663743;123802
2526684153;123803
2526704561;123804
2526724971;123805
2526745383;123806
2526765788;123807
2526786197;123808
2526806606;123809
2526827014;123810
2526847424;123811
2526867832;123812
2526888246;123813
2526908650;123814
2526929059;123815
2526949468;123816
2526969877;123817
2526990286;123818
2527010695;123819
2527031103;123820
2527051513;123821
2527071921;123822
2527092331;123823
2527112739;123824
2527133148;123825
2527153557;123826
2527173969;123827
2527194375;123828
2527214783;123829
2527235192;123830
2527255601;123831
2527276010;123832
2527296419;123833
2527316828;123834
2527337236;123835
2527357646;123836
2527378054;123837
2527398464;123838
2527418872;123839
2527439281;123840
2527459690;123841
2527480099;123842
2527500507;123843
2527520921;123844
2527541325;123845
2527561735;123846
2527582143;123847
2527602553;123848
2527622961;123849
2527643370;123850
2527663779;123851
2527684188;123852
2527704596;123853
2527725006;123854
2527745414;123855
2527765824;123856
2527786232;123857
2527806640;123858
2527827050;123859
2527847462;123860
2527867868;123861
2527888276;123862
2527908686;123863
2527929098;123864
2527949503;123865
2527969912;123866
2527990321;123867
2528010729;123868
2528031139;123869
2528051547;123870
2528071957;123871
2528092365;123872
2528112778;123873
2528133183;123874
2528153592;123875
2528174001;123876
2528194410;123877
2528214818;123878
2528235228;123879
2528255636;123880
2528276046;123881
2528296454;123882
2528316863;123883
2528337272;123884
2528357681;123885
2528378090;123886
2528398499;123887
2528418907;123888
2528439320;123889
2528459725;123890
2528480134;123891
2528500543;123892
2528520955;123893
2528541361;123894
2528561769;123895
2528582179;123896
2528602587;123897
2528622996;123898
2528643405;123899
2528663814;123900
2528684223;123901
2528704632;123902
2528725040;123903
2528745450;123904
2528765858;123905
2528786268;123906
2528806676;123907
2528827085;123908
2528847494;123909
2528867903;123910
2528888312;123911
2528908721;123912
2528929133;123913
2528949539;123914
2528969947;123915
2528990356;123916
2529010765;123917
2529031174;123918
2529051583;123919
2529071995;123920
2529092400;123921
2529112809;123922
2529133218;123923
2529153627;123924
2529174036;123925
2529194444;123926
2529214854;123927
2529235262;123928
2529255672;123929
2529276080;123930
2529296489;123931
2529316898;123932
2529337307;123933
2529357716;123934
2529378125;123935
2529398533;123936
2529418943;123937
2529439355;123938
2529459761;123939
2529480169;123940
2529500578;123941
2529520987;123942
2529541396;123943
2529561805;123944
2529582214;123945
2529602622;123946
2529623036;123947
2529643440;123948
2529663849;123949
2529684258;123950
2529704666;123951
2529725076;123952
2529745484;123953
2529765893;123954
2529786302;123955
2529806711;123956
2529827120;123957
2529847529;123958
2529867937;123959
2529888347;123960
2529908755;123961
2529929165;123962
2529949573;123963
2529969983;123964
2529990391;123965
2530010800;123966
2530031209;123967
2530051618;123968
2530072030;123969
2530092436;123970
2530112844;123971
2530133254;123972
2530153662;123973
2530174071;123974
2530194480;123975
2530214889;123976
2530235298;123977
2530255707;123978
2530276115;123979
2530296524;123980
2530316933;123981
2530337342;123982
2530357751;123983
2530378163;123984
2530398569;123985
2530418977;123986
2530439387;123987
2530459795;123988
2530480204;123989
2530500613;123990
2530521022;123991
2530541431;123992
2530561840;123993
2530582248;123994
2530602658;123995
2530623066;123996
2530643476;123997
2530663884;123998
2530684293;123999
2530704706;124000
2530725111;124001
2530745520;124002
2530765929;124003
2530786337;124004
2530806747;124005
2530827155;124006
2530847565;124007
2530867973;124008
2530888382;124009
2530908791;124010
2530929199;124011
2530949608;124012
2530970017;124013
2530990426;124014
2531010835;124015
2531031244;124016
2531051652;124017
2531072062;124018
2531092470;124019
2531112880;124020
2531133288;124021
2531153697;124022
2531174106;124023
2531194515;124024
2531214928;124025
2531235333;124026
2531255741;124027
2531276155;124028
2531296559;124029
2531316969;124030
2531337377;124031
2531357786;124032
2531378195;124033
2531398604;124034
2531419013;124035
2531439422;124036
2531459830;124037
2531480240;124038
2531500648;124039
2531521058;124040
2531541466;124041
2531561874;124042
2531582284;124043
2531602692;124044
2531623102;124045
2531643510;124046
2531663919;124047
2531684328;124048
2531704737;124049
2531725146;124050
2531745555;124051
2531765963;124052
2531786373;124053
2531806785;124054
2531827190;124055
2531847603;124056
2531868008;124057
2531888417;124058
2531908826;124059
2531929234;124060
2531949644;124061
2531970052;124062
2531990462;124063
2532010870;124064
2532031280;124065
2532051688;124066
2532072097;124067
2532092506;124068
2532112919;124069
2532133327;124070
2532153733;124071
2532174141;124072
2532194550;124073
2532214959;124074
2532235367;124075
2532255777;124076
2532276189;124077
2532296595;124078
2532317003;124079
2532337416;124080
2532357821;124081
2532378230;124082
2532398643;124083
2532419048;124084
2532439456;124085
2532459866;124086
2532480274;124087
2532500684;124088
2532521092;124089
2532541501;124090
2532561910;124091
2532582319;124092
2532602728;124093
2532623137;124094
2532643545;124095
2532663955;124096
2532684363;124097
2532704773;124098
2532725181;124099
2532745590;124100
2532765999;124101
2532786407;124102
2532806817;124103
2532827225;124104
2532847634;124105
2532868043;124106
2532888452;124107
2532908860;124108
2532929270;124109
2532949678;124110
2532970088;124111
2532990496;124112
2533010905;124113
2533031314;124114
2533051723;124115
2533072136;124116
2533092541;124117
2533112949;124118
2533133359;124119
2533153767;124120
2533174181;124121
2533194585;124122
2533214995;124123
2533235403;124124
2533255812;124125
2533276221;124126
2533296630;124127
2533317038;124128
2533337448;124129
2533357856;124130
2533378266;124131
2533398674;124132
2533419082;124133
2533439492;124134
2533459900;124135
2533480310;124136
2533500718;124137
2533521127;124138
2533541536;124139
2533561945;124140
2533582354;124141
2533602763;124142
2533623171;124143
2533643581;124144
2533663989;124145
2533684399;124146
2533704807;124147
2533725216;124148
2533745625;124149
2533766034;124150
2533786443;124151
2533806852;124152
2533827260;124153
2533847670;124154
2533868078;124155
2533888488;124156
2533908896;124157
2533929305;124158
2533949714;124159
2533970123;124160
2533990532;124161
2534010941;124162
2534031349;124163
2534051758;124164
2534072167;124165
2534092576;124166
2534112985;124167
2534133393;124168
2534153807;124169
2534174215;124170
2534194728;124171
2534215134;124172
2534235542;124173
2534255952;124174
2534276361;124175
2534296770;124176
2534317179;124177
2534337588;124178
2534357998;124179
2534378406;124180
2534398815;124181
2534419225;124182
2534439637;124183
2534460043;124184
2534480452;124185
2534500864;124186
2534521270;124187
2534541679;124188
2534562089;124189
2534582497;124190
2534602906;124191
2534623316;124192
2534643724;124193
2534664134;124194
2534684543;124195
2534704951;124196
2534725361;124197
2534745774;124198
2534766180;124199
2534786588;124200
2534806997;124201
2534827411;124202
2534847815;124203
2534868225;124204
2534888634;124205
2534909042;124206
2534929452;124207
2534949861;124208
2534970270;124209
2534990679;124210
2535011088;124211
2535031498;124212
2535051906;124213
2535072316;124214
2535092725;124215
2535113133;124216
2535133543;124217
2535153952;124218
2535174361;124219
2535194774;124220
2535215179;124221
2535235589;124222
2535255997;124223
2535276407;124224
2535296816;124225
2535317224;124226
2535337634;124227
2535358043;124228
2535378451;124229
2535398861;124230
2535419270;124231
2535439679;124232
2535460088;124233
2535480497;124234
2535500911;124235
2535521315;124236
2535541725;124237
2535562134;124238
2535582542;124239
2535602952;124240
2535623361;124241
2535643770;124242
2535664179;124243
2535684588;124244
2535704998;124245
2535725406;124246
2535745816;124247
2535766225;124248
2535786633;124249
2535807043;124250
2535827456;124251
2535847861;124252
2535868270;124253
2535888679;124254
2535909088;124255
2535929497;124256
2535949907;124257
2535970316;124258
2535990724;124259
2536011134;124260
2536031543;124261
2536051952;124262
2536072365;124263
2536092770;124264
2536113179;124265
2536133588;124266
2536153998;124267
2536174407;124268
2536194815;124269
2536215229;124270
2536235634;124271
2536256043;124272
2536276452;124273
2536296861;124274
2536317274;124275
2536337679;124276
2536358089;124277
2536378497;124278
2536398906;124279
2536419316;124280
2536439725;124281
2536460134;124282
2536480543;124283
2536500952;124284
2536521361;124285
2536541770;124286
2536562179;124287
2536582588;124288
2536602997;124289
2536623407;124290
2536643816;124291
2536664225;124292
2536684634;124293
2536705043;124294
2536725452;124295
2536745861;124296
2536766271;124297
2536786679;124298
2536807088;124299
2536827498;124300
2536847907;124301
2536868316;124302
2536888725;124303
2536909134;124304
2536929543;124305
2536949952;124306
2536970361;124307
2536990770;124308
2537011179;124309
2537031589;124310
2537051997;124311
2537072406;124312
2537092816;124313
2537113225;124314
2537133634;124315
2537154043;124316
2537174452;124317
2537194861;124318
2537215270;124319
2537235680;124320
2537256088;124321
2537276497;124322
2537296911;124323
2537317320;124324
2537337725;124325
2537358138;124326
2537378543;124327
2537398952;124328
2537419365;124329
2537439771;124330
2537460179;124331
2537480588;124332
2537500998;124333
2537521410;124334
2537541816;124335
2537562225;124336
2537582634;124337
2537603043;124338
2537623452;124339
2537643862;124340
2537664269;124341
2537684679;124342
2537705089;124343
2537725497;124344
2537745907;124345
2537766316;124346
2537786725;124347
2537807134;124348
2537827543;124349
2537847953;124350
2537868361;124351
2537888770;124352
2537909180;124353
2537929588;124354
2537949998;124355
2537970407;124356
2537990815;124357
2538011225;124358
2538031634;124359
2538052043;124360
2538072452;124361
2538092861;124362
2538113271;124363
2538133679;124364
2538154088;124365
2538174498;124366
2538194906;124367
2538215320;124368
2538235725;124369
2538256135;124370
2538276543;124371
2538296952;124372
2538317362;124373
2538337770;124374
2538358180;124375
2538378589;124376
2538398997;124377
2538419407;124378
2538439816;124379
2538460224;124380
2538480634;124381
2538501043;124382
2538521453;124383
2538541861;124384
2538562270;124385
2538582680;124386
2538603088;124387
2538623498;124388
2538643907;124389
2538664315;124390
2538684725;124391
2538705134;124392
2538725544;124393
2538745952;124394
2538766361;124395
2538786771;124396
2538807183;124397
2538827592;124398
2538848002;124399
2538868406;124400
2538888820;124401
2538909225;124402
2538929634;124403
2538950043;124404
2538970452;124405
2538990862;124406
2539011270;124407
2539031680;124408
2539052089;124409
2539072497;124410
2539092907;124411
2539113316;124412
2539133725;124413
2539154134;124414
2539174543;124415
2539194953;124416
2539215361;124417
2539235771;124418
2539256180;124419
2539276588;124420
2539297002;124421
2539317407;124422
2539337816;124423
2539358225;124424
2539378634;124425
2539399043;124426
2539419452;124427
2539439862;124428
2539460270;124429
2539480679;124430
2539501089;124431
2539521498;124432
2539541907;124433
2539562316;124434
2539582725;124435
2539603134;124436
2539623543;124437
2539643952;124438
2539664362;124439
2539684774;124440
2539705180;124441
2539725589;124442
2539745998;124443
2539766407;124444
2539786816;124445
2539807225;124446
2539827638;124447
2539848043;124448
2539868456;124449
2539888861;124450
2539909275;124451
2539929680;124452
2539950088;124453
2539970498;124454
2539990907;124455
2540011316;124456
2540031725;124457
2540052134;124458
2540072543;124459
2540092956;124460
2540113362;124461
2540133771;124462
2540154183;124463
2540174589;124464
2540194998;124465
2540215407;124466
2540235816;124467
2540256229;124468
2540276634;124469
2540297043;124470
2540317453;124471
2540337866;124472
2540358270;124473
2540378680;124474
2540399089;124475
2540419502;124476
2540439907;124477
2540460316;124478
2540480725;124479
2540501134;124480
2540521544;124481
2540541952;124482
2540562361;124483
2540582771;124484
2540603180;124485
2540623589;124486
2540643998;124487
2540664407;124488
2540684816;124489
2540705225;124490
2540725635;124491
2540746047;124492
2540766452;124493
2540786862;124494
2540807271;124495
2540827679;124496
2540848089;124497
2540868498;124498
2540888907;124499
2540909320;124500
2540929729;124501
2540950134;124502
2540970543;124503
2540990953;124504
2541011361;124505
2541031771;124506
2541052180;124507
2541072589;124508
2541092998;124509
2541113407;124510
2541133816;124511
2541154225;124512
2541174634;124513
2541195044;124514
2541215452;124515
2541235861;124516
2541256271;124517
2541276680;124518
2541297089;124519
2541317498;124520
2541337907;124521
2541358316;124522
2541378725;124523
2541399139;124524
2541419543;124525
2541439952;124526
2541460362;124527
2541480770;124528
2541501180;124529
2541521589;124530
2541541998;124531
2541562407;124532
2541582816;124533
2541603226;124534
2541623634;124535
2541644043;124536
2541664453;124537
2541684861;124538
2541705275;124539
2541725680;124540
2541746089;124541
2541766498;124542
2541786907;124543
2541807316;124544
2541827725;124545
2541848134;124546
2541868548;124547
2541888952;124548
2541909362;124549
2541929771;124550
2541950179;124551
2541970589;124552
2541990998;124553
2542011407;124554
2542031816;124555
2542052225;124556
2542072635;124557
2542093043;124558
2542113453;124559
2542133866;124560
2542154274;124561
2542174680;124562
2542195089;124563
2542215498;124564
2542235907;124565
2542256316;124566
2542276730;124567
2542297134;124568
2542317543;124569
2542337953;124570
2542358361;124571
2542378771;124572
2542399180;124573
2542419588;124574
2542439998;124575
2542460407;124576
2542480817;124577
2542501225;124578
2542521634;124579
2542542044;124580
2542562452;124581
2542582862;124582
2542603271;124583
2542623679;124584
2542644089;124585
2542664498;124586
2542684908;124587
2542705316;124588
2542725725;124589
2542746135;124590
2542766543;124591
2542786953;124592
2542807362;124593
2542827770;124594
2542848180;124595
2542868589;124596
2542888998;124597
2542909411;124598
2542929816;124599
2542950230;124600
2542970634;124601
2542991044;124602
2543011453;124603
2543031861;124604
2543052271;124605
2543072680;124606
2543093089;124607
2543113502;124608
2543133907;124609
2543154317;124610
2543174725;124611
2543195134;124612
2543215544;124613
2543235952;124614
2543256362;124615
2543276771;124616
2543297179;124617
2543317593;124618
2543337998;124619
2543358407;124620
2543378816;124621
2543399225;124622
2543419635;124623
2543440047;124624
2543460453;124625
2543480862;124626
2543501270;124627
2543521680;124628
2543542093;124629
2543562498;124630
2543582907;124631
2543603316;124632
2543623726;124633
2543644134;124634
2543664544;124635
2543684953;124636
2543705361;124637
2543725771;124638
2543746180;124639
2543766589;124640
2543786998;124641
2543807407;124642
2543827816;124643
2543848225;124644
2543868634;124645
2543889044;124646
2543909452;124647
2543929862;124648
2543950271;124649
2543970679;124650
2543991089;124651
2544011498;124652
2544031911;124653
2544052316;124654
2544072726;124655
2544093135;124656
2544113547;124657
2544133953;124658
2544154362;124659
2544174771;124660
2544195051;124661
2544215459;124662
2544235869;124663
2544256277;124664
2544276687;124665
2544297099;124666
2544317503;124667
2544337913;124668
2544358321;124669
2544378730;124670
2544399139;124671
2544419548;124672
2544439957;124673
2544460365;124674
2544480774;124675
2544501183;124676
2544521592;124677
2544542001;124678
2544562410;124679
2544582822;124680
2544603227;124681
2544623636;124682
2544644045;124683
2544664454;124684
2544684862;124685
2544705272;124686
2544725680;124687
2544746090;124688
2544766498;124689
2544786906;124690
2544807316;124691
2544827724;124692
2544848134;124693
2544868542;124694
2544888951;124695
2544909360;124696
2544929768;124697
2544950178;124698
2544970586;124699
2544990995;124700
2545011404;124701
2545031813;124702
2545052221;124703
2545072630;124704
2545093039;124705
2545113448;124706
2545133857;124707
2545154266;124708
2545174674;124709
2545195083;124710
2545215492;124711
2545235901;124712
2545256313;124713
2545276723;124714
2545297127;124715
2545317537;124716
2545337945;124717
2545358354;124718
2545378767;124719
2545399171;124720
2545419581;124721
2545439989;124722
2545460398;124723
2545480807;124724
2545501216;124725
2545521625;124726
2545542033;124727
2545562442;124728
2545582851;124729
2545603260;124730
2545623669;124731
2545644078;124732
2545664486;124733
2545684895;124734
2545705304;124735
2545725717;124736
2545746122;124737
2545766530;124738
2545786940;124739
2545807348;124740
2545827757;124741
2545848166;124742
2545868578;124743
2545888984;124744
2545909392;124745
2545929802;124746
2545950210;124747
2545970622;124748
2545991028;124749
2546011436;124750
2546031846;124751
2546052254;124752
2546072663;124753
2546093072;124754
2546113480;124755
2546133890;124756
2546154302;124757
2546174707;124758
2546195116;124759
2546215525;124760
2546235934;124761
2546256343;124762
2546276751;124763
2546297164;124764
2546317569;124765
2546337978;124766
2546358387;124767
2546378795;124768
2546399205;124769
2546419613;124770
2546440021;124771
2546460431;124772
2546480839;124773
2546501253;124774
2546521657;124775
2546542066;124776
2546562475;124777
2546582883;124778
2546603293;124779
2546623701;124780
2546644110;124781
2546664519;124782
2546684928;124783
2546705337;124784
2546725745;124785
2546746154;124786
2546766563;124787
2546786972;124788
2546807381;124789
2546827790;124790
2546848202;124791
2546868608;124792
2546889020;124793
2546909425;124794
2546929834;124795
2546950242;124796
2546970652;124797
2546991060;124798
2547011470;124799
2547031878;124800
2547052286;124801
2547072696;124802
2547093104;124803
2547113514;124804
2547133926;124805
2547154331;124806
2547174740;124807
2547195152;124808
2547215558;124809
2547235966;124810
2547256375;124811
2547276784;124812
2547297193;124813
2547317601;124814
2547338010;124815
2547358419;124816
2547378832;124817
2547399237;124818
2547419646;124819
2547440055;124820
2547460463;124821
2547480872;124822
2547501281;124823
2547521690;124824
2547542099;124825
2547562507;124826
2547582917;124827
2547603325;124828
2547623735;124829
2547644143;124830
2547664555;124831
2547684961;124832
2547705369;124833
2547725778;124834
2547746187;124835
2547766596;124836
2547787005;124837
2547807413;124838
2547827823;124839
2547848231;124840
2547868640;124841
2547889049;124842
2547909458;124843
2547929866;124844
2547950275;124845
2547970684;124846
2547991093;124847
2548011502;124848
2548031910;124849
2548052320;124850
2548072728;124851
2548093137;124852
2548113546;124853
2548133954;124854
2548154364;124855
2548174772;124856
2548195182;124857
2548215590;124858
2548235998;124859
2548256408;124860
2548276816;124861
2548297226;124862
2548317634;124863
2548338047;124864
2548358452;124865
2548378861;124866
2548399270;124867
2548419682;124868
2548440087;124869
2548460496;124870
2548480905;124871
2548501314;124872
2548521723;124873
2548542135;124874
2548562540;124875
2548582949;124876
2548603358;124877
2548623767;124878
2548644175;124879
2548664585;124880
2548684993;124881
2548705402;124882
2548725811;124883
2548746219;124884
2548766629;124885
2548787037;124886
2548807450;124887
2548827855;124888
2548848263;124889
2548868673;124890
2548889081;124891
2548909490;124892
2548929903;124893
2548950308;124894
2548970717;124895
2548991125;124896
2549011535;124897
2549031943;124898
2549052352;124899
2549072765;124900
2549093170;124901
2549113579;124902
2549133988;124903
2549154396;124904
2549174809;124905
2549195214;124906
2549215622;124907
2549236032;124908
2549256440;124909
2549276850;124910
2549297258;124911
2549317666;124912
2549338080;124913
2549358484;124914
2549378894;124915
2549399302;124916
2549419712;124917
2549440120;124918
2549460528;124919
2549480938;124920
2549501346;124921
2549521756;124922
2549542164;124923
2549562573;124924
2549582982;124925
2549603390;124926
2549623799;124927
2549644208;124928
2549664617;124929
2549685026;124930
2549705435;124931
2549725843;124932
2549746253;124933
2549766665;124934
2549787070;124935
2549807479;124936
2549827887;124937
2549848297;124938
2549868705;124939
2549889115;124940
2549909523;124941
2549929931;124942
2549950341;124943
2549970749;124944
2549991159;124945
2550011567;124946
2550031976;124947
2550052385;124948
2550072793;124949
2550093203;124950
2550113611;124951
2550134020;124952
2550154433;124953
2550174838;124954
2550195246;124955
2550215655;124956
2550236064;124957
2550256473;124958
2550276882;124959
2550297291;124960
2550317700;124961
2550338108;124962
2550358517;124963
2550378926;124964
2550399335;124965
2550419744;124966
2550440152;124967
2550460562;124968
2550480970;124969
2550501379;124970
2550521788;124971
2550542196;124972
2550562606;124973
2550583014;124974
2550603423;124975
2550623832;124976
2550644241;124977
2550664650;124978
2550685058;124979
2550705467;124980
2550725876;124981
2550746285;124982
2550766694;124983
2550787103;124984
2550807511;124985
2550827920;124986
2550848329;124987
2550868738;124988
2550889147;124989
2550909555;124990
2550929965;124991
2550950373;124992
2550970786;124993
2550991191;124994
2551011599;124995
2551032009;124996
2551052417;124997
2551072827;124998
2551093235;124999
2551113643;125000
2551134053;125001
2551154461;125002
2551174871;125003
2551195279;125004
2551215692;125005
2551236097;125006
2551256506;125007
2551276915;125008
2551297323;125009
2551317732;125010
2551338141;125011
2551358550;125012
2551378962;125013
2551399368;125014
2551419776;125015
2551440185;125016
2551460598;125017
2551481003;125018
2551501412;125019
2551521820;125020
2551542230;125021
2551562638;125022
2551583046;125023
2551603456;125024
2551623864;125025
2551644274;125026
2551664682;125027
2551685091;125028
2551705500;125029
2551725908;125030
2551746318;125031
2551766730;125032
2551787135;125033
2551807544;125034
2551827953;125035
2551848362;125036
2551868771;125037
2551889179;125038
2551909588;125039
2551929997;125040
2551950406;125041
2551970815;125042
2551991223;125043
2552011633;125044
2552032041;125045
2552052450;125046
2552072859;125047
2552093267;125048
2552113677;125049
2552134085;125050
2552154495;125051
2552174903;125052
2552195311;125053
2552215721;125054
2552236129;125055
2552256539;125056
2552276947;125057
2552297356;125058
2552317765;125059
2552338173;125060
2552358586;125061
2552378991;125062
2552399400;125063
2552419809;125064
2552440218;125065
2552460627;125066
2552481035;125067
2552501444;125068
2552521853;125069
2552542262;125070
2552562671;125071
2552583080;125072
2552603488;125073
2552623898;125074
2552644306;125075
2552664715;125076
2552685124;125077
2552705532;125078
2552725942;125079
2552746350;125080
2552766759;125081
2552787168;125082
2552807576;125083
2552827986;125084
2552848394;125085
2552868804;125086
2552889212;125087
2552909621;125088
2552930030;125089
2552950438;125090
2552970851;125091
2552991256;125092
2553011665;125093
2553032074;125094
2553052483;125095
2553072891;125096
2553093300;125097
2553113709;125098
2553134118;125099
2553154531;125100
2553174936;125101
2553195345;125102
2553215753;125103
2553236162;125104
2553256571;125105
2553276979;125106
2553297389;125107
2553317797;125108
2553338207;125109
2553358615;125110
2553379024;125111
2553399433;125112
2553419841;125113
2553440251;125114
2553460659;125115
2553481068;125116
2553501477;125117
2553521886;125118
2553542295;125119
2553562703;125120
2553583112;125121
2553603521;125122
2553623930;125123
2553644339;125124
2553664748;125125
2553685160;125126
2553705565;125127
2553725974;125128
2553746383;125129
2553766792;125130
2553787200;125131
2553807610;125132
2553828018;125133
2553848427;125134
2553868836;125135
2553889244;125136
2553909654;125137
2553930062;125138
2553950472;125139
2553970884;125140
2553991288;125141
2554011698;125142
2554032106;125143
2554052516;125144
2554072924;125145
2554093333;125146
2554113742;125147
2554134155;125148
2554154560;125149
2554174968;125150
2554195423;125151
2554215832;125152
2554236241;125153
2554256650;125154
2554277059;125155
2554297468;125156
2554317877;125157
2554338286;125158
2554358695;125159
2554379104;125160
2554399512;125161
2554419922;125162
2554440330;125163
2554460739;125164
2554481148;125165
2554501561;125166
2554521966;125167
2554542375;125168
2554562784;125169
2554583193;125170
2554603601;125171
2554624011;125172
2554644419;125173
2554664828;125174
2554685238;125175
2554705646;125176
2554726056;125177
2554746464;125178
2554766873;125179
2554787282;125180
2554807695;125181
2554828100;125182
2554848509;125183
2554868917;125184
2554889327;125185
2554909735;125186
2554930149;125187
2554950557;125188
2554970962;125189
2554991371;125190
2555011780;125191
2555032189;125192
2555052598;125193
2555073007;125194
2555093416;125195
2555113825;125196
2555134234;125197
2555154643;125198
2555175051;125199
2555195461;125200
2555215869;125201
2555236279;125202
2555256687;125203
2555277096;125204
2555297505;125205
2555317914;125206
2555338323;125207
2555358732;125208
2555379140;125209
2555399550;125210
2555419958;125211
2555440368;125212
2555460777;125213
2555481185;125214
2555501595;125215
2555522003;125216
2555542412;125217
2555562821;125218
2555583230;125219
2555603639;125220
2555624052;125221
2555644457;125222
2555664866;125223
2555685274;125224
2555705684;125225
2555726092;125226
2555746502;125227
2555766910;125228
2555787323;125229
2555807728;125230
2555828137;125231
2555848547;125232
2555868955;125233
2555889368;125234
2555909773;125235
2555930182;125236
2555950594;125237
2555971000;125238
2555991408;125239
2556011818;125240
2556032226;125241
2556052636;125242
2556073044;125243
2556093453;125244
2556113862;125245
2556134271;125246
2556154679;125247
2556175089;125248
2556195497;125249
2556215907;125250
2556236316;125251
2556256724;125252
2556277134;125253
2556297542;125254
2556317952;125255
2556338360;125256
2556358769;125257
2556379178;125258
2556399587;125259
2556419996;125260
2556440409;125261
2556460813;125262
2556481223;125263
2556501631;125264
2556522041;125265
2556542449;125266
2556562858;125267
2556583267;125268
2556603676;125269
2556624086;125270
2556644494;125271
2556664903;125272
2556685312;125273
2556705721;125274
2556726130;125275
2556746539;125276
2556766947;125277
2556787357;125278
2556807765;125279
2556828175;125280
2556848583;125281
2556868992;125282
2556889401;125283
2556909810;125284
2556930219;125285
2556950628;125286
2556971036;125287
2556991446;125288
2557011855;125289
2557032264;125290
2557052673;125291
2557073081;125292
2557093491;125293
2557113903;125294
2557134309;125295
2557154717;125296
2557175126;125297
2557195535;125298
2557215944;125299
2557236352;125300
2557256762;125301
2557277170;125302
2557297580;125303
2557317988;125304
2557338397;125305
2557358807;125306
2557379215;125307
2557399625;125308
2557420033;125309
2557440443;125310
2557460851;125311
2557481260;125312
2557501669;125313
2557522082;125314
2557542486;125315
2557562896;125316
2557583304;125317
2557603714;125318
2557624122;125319
2557644531;125320
2557664940;125321
2557685349;125322
2557705758;125323
2557726167;125324
2557746576;125325
2557766985;125326
2557787394;125327
2557807803;125328
2557828212;125329
2557848620;125330
2557869030;125331
2557889438;125332
2557909848;125333
2557930256;125334
2557950665;125335
2557971074;125336
2557991483;125337
2558011892;125338
2558032301;125339
2558052709;125340
2558073119;125341
2558093527;125342
2558113940;125343
2558134346;125344
2558154754;125345
2558175164;125346
2558195572;125347
2558215982;125348
2558236390;125349
2558256799;125350
2558277208;125351
2558297617;125352
2558318026;125353
2558338435;125354
2558358843;125355
2558379253;125356
2558399661;125357
2558420070;125358
2558440483;125359
2558460888;125360
2558481297;125361
2558501706;125362
2558522119;125363
2558542524;125364
2558562933;125365
2558583342;125366
2558603751;125367
2558624159;125368
2558644569;125369
2558664977;125370
2558685387;125371
2558705799;125372
2558726204;125373
2558746613;125374
2558767022;125375
2558787431;125376
2558807840;125377
2558828248;125378
2558848658;125379
2558869066;125380
2558889476;125381
2558909885;125382
2558930293;125383
2558950703;125384
2558971111;125385
2558991521;125386
2559011929;125387
2559032338;125388
2559052747;125389
2559073156;125390
2559093565;125391
2559113974;125392
2559134382;125393
2559154792;125394
2559175200;125395
2559195613;125396
2559216018;125397
2559236427;125398
2559256836;125399
2559277245;125400
2559297655;125401
2559318063;125402
2559338472;125403
2559358881;125404
2559379294;125405
2559399703;125406
2559420108;125407
2559440516;125408
2559460926;125409
2559481334;125410
2559501743;125411
2559522152;125412
2559542561;125413
2559562970;125414
2559583379;125415
2559603788;125416
2559624197;125417
2559644605;125418
2559665015;125419
2559685424;125420
2559705833;125421
2559726242;125422
2559746650;125423
2559767060;125424
2559787468;125425
2559807878;125426
2559828286;125427
2559848695;125428
2559869104;125429
2559889513;125430
2559909921;125431
2559930331;125432
2559950739;125433
2559971149;125434
2559991557;125435
2560011966;125436
2560032375;125437
2560052784;125438
2560073194;125439
2560093602;125440
2560114011;125441
2560134420;125442
2560154829;125443
2560175238;125444
2560195647;125445
2560216055;125446
2560236465;125447
2560256873;125448
2560277283;125449
2560297691;125450
2560318100;125451
2560338509;125452
2560358918;125453
2560379327;125454
2560399736;125455
2560420144;125456
2560440558;125457
2560460963;125458
2560481372;125459
2560501781;125460
2560522189;125461
2560542599;125462
2560563007;125463
2560583417;125464
2560603829;125465
2560624234;125466
2560644643;125467
2560665052;125468
2560685461;125469
2560705870;125470
2560726282;125471
2560746688;125472
2560767096;125473
2560787506;125474
2560807914;125475
2560828323;125476
2560848732;125477
2560869141;125478
2560889551;125479
2560909959;125480
2560930368;125481
2560950777;125482
2560971186;125483
2560991594;125484
2561012004;125485
2561032412;125486
2561052826;125487
2561073230;125488
2561093640;125489
2561114048;125490
2561134457;125491
2561154866;125492
2561175275;125493
2561195683;125494
2561216093;125495
2561236502;125496
2561256911;125497
2561277320;125498
2561297728;125499
2561318138;125500
2561338546;125501
2561358956;125502
2561379364;125503
2561399774;125504
2561420182;125505
2561440595;125506
2561461000;125507
2561481409;125508
2561501817;125509
2561522227;125510
2561542635;125511
2561563045;125512
2561583453;125513
2561603862;125514
2561624272;125515
2561644680;125516
2561665090;125517
2561685498;125518
2561705907;125519
2561726316;125520
2561746725;125521
2561767137;125522
2561787543;125523
2561807951;125524
2561828361;125525
2561848769;125526
2561869179;125527
2561889587;125528
2561909996;125529
2561930405;125530
2561950814;125531
2561971223;125532
2561991632;125533
2562012041;125534
2562032450;125535
2562052859;125536
2562073268;125537
2562093677;125538
2562114085;125539
2562134495;125540
2562154903;125541
2562175313;125542
2562195721;125543
2562216130;125544
2562236539;125545
2562256948;125546
2562277357;125547
2562297766;125548
2562318174;125549
2562338584;125550
2562358992;125551
2562379401;125552
2562399811;125553
2562420219;125554
2562440633;125555
2562461037;125556
2562481447;125557
2562501855;125558
2562522264;125559
2562542673;125560
2562563082;125561
2562583491;125562
2562603904;125563
2562624308;125564
2562644718;125565
2562665126;125566
2562685535;125567
2562705944;125568
2562726353;125569
2562746763;125570
2562767175;125571
2562787580;125572
2562807988;125573
2562828398;125574
2562848807;125575
2562869216;125576
2562889624;125577
2562910034;125578
2562930442;125579
2562950852;125580
2562971260;125581
2562991669;125582
2563012078;125583
2563032487;125584
2563052896;125585
2563073305;125586
2563093713;125587
2563114123;125588
2563134532;125589
2563154941;125590
2563175350;125591
2563195758;125592
2563216172;125593
2563236576;125594
2563256986;125595
2563277394;125596
2563297807;125597
2563318212;125598
2563338625;125599
2563359030;125600
2563379439;125601
2563399847;125602
2563420257;125603
2563440665;125604
2563461075;125605
2563481483;125606
2563501892;125607
2563522302;125608
2563542710;125609
2563563119;125610
2563583528;125611
2563603937;125612
2563624346;125613
2563644755;125614
2563665164;125615
2563685573;125616
2563705981;125617
2563726395;125618
2563746799;125619
2563767209;125620
2563787617;125621
2563808026;125622
2563828435;125623
2563848844;125624
2563869252;125625
2563889666;125626
2563910071;125627
2563930480;125628
2563950889;125629
2563971297;125630
2563991707;125631
2564012115;125632
2564032525;125633
2564052933;125634
2564073342;125635
2564093751;125636
2564114160;125637
2564134569;125638
2564154978;125639
2564175386;125640
2564195822;125641
2564216231;125642
2564236640;125643
2564257049;125644
2564277457;125645
2564297867;125646
2564318275;125647
2564338685;125648
2564359098;125649
2564379502;125650
2564399916;125651
2564420320;125652
2564440730;125653
2564461138;125654
2564481547;125655
2564501957;125656
2564522365;125657
2564542775;125658
2564563183;125659
2564583592;125660
2564604002;125661
2564624410;125662
2564644820;125663
2564665228;125664
2564685637;125665
2564706046;125666
2564726455;125667
2564746865;125668
2564767273;125669
2564787682;125670
2564808091;125671
2564828500;125672
2564848909;125673
2564869318;125674
2564889727;125675
2564910136;125676
2564930545;125677
2564950954;125678
2564971363;125679
2564991772;125680
2565012181;125681
2565032590;125682
2565052998;125683
2565073408;125684
2565093816;125685
2565114226;125686
2565134635;125687
2565155043;125688
2565175453;125689
2565195861;125690
2565216271;125691
2565236679;125692
2565257088;125693
2565277498;125694
2565297906;125695
2565318320;125696
2565338724;125697
2565359133;125698
2565379543;125699
2565399951;125700
2565420361;125701
2565440769;125702
2565461178;125703
2565481587;125704
2565501996;125705
2565522406;125706
2565542814;125707
2565563223;125708
2565583632;125709
2565604041;125710
2565624450;125711
2565644859;125712
2565665268;125713
2565685677;125714
2565706086;125715
2565726495;125716
2565746904;125717
2565767313;125718
2565787722;125719
2565808135;125720
2565828540;125721
2565848949;125722
2565869357;125723
2565889767;125724
2565910176;125725
2565930585;125726
2565950994;125727
2565971402;125728
2565991812;125729
2566012221;125730
2566032630;125731
2566053039;125732
2566073447;125733
2566093857;125734
2566114265;125735
2566134675;125736
2566155084;125737
2566175492;125738
2566195902;125739
2566216310;125740
2566236719;125741
2566257128;125742
2566277537;125743
2566297947;125744
2566318355;125745
2566338764;125746
2566359173;125747
2566379582;125748
2566399992;125749
2566420404;125750
2566440809;125751
2566461218;125752
2566481627;125753
2566502036;125754
2566522445;125755
2566542854;125756
2566563263;125757
2566583672;125758
2566604081;125759
2566624490;125760
2566644899;125761
2566665308;125762
2566685717;125763
2566706126;125764
2566726535;125765
2566746944;125766
2566767353;125767
2566787762;125768
2566808171;125769
2566828580;125770
2566848988;125771
2566869398;125772
2566889806;125773
2566910216;125774
2566930625;125775
2566951034;125776
2566971443;125777
2566991851;125778
2567012261;125779
2567032669;125780
2567053078;125781
2567073492;125782
2567093896;125783
2567114306;125784
2567134714;125785
2567155127;125786
2567175533;125787
2567195941;125788
2567216351;125789
2567236759;125790
2567257168;125791
2567277577;125792
2567297986;125793
2567318396;125794
2567338804;125795
2567359213;125796
2567379626;125797
2567400031;125798
2567420440;125799
2567440849;125800
2567461258;125801
2567481671;125802
2567502076;125803
2567522485;125804
2567542894;125805
2567563303;125806
2567583712;125807
2567604121;125808
2567624530;125809
2567644939;125810
2567665347;125811
2567685761;125812
2567706166;125813
2567726575;125814
2567746984;125815
2567767392;125816
2567787802;125817
2567808211;125818
2567828619;125819
2567849029;125820
2567869437;125821
2567889847;125822
2567910255;125823
2567930668;125824
2567951074;125825
2567971482;125826
2567991892;125827
2568012300;125828
2568032710;125829
2568053118;125830
2568073531;125831
2568093937;125832
2568114345;125833
2568134755;125834
2568155163;125835
2568175572;125836
2568195982;125837
2568216390;125838
2568236799;125839
2568257208;125840
2568277617;125841
2568298026;125842
2568318435;125843
2568338844;125844
2568359253;125845
2568379662;125846
2568400071;125847
2568420480;125848
2568440888;125849
2568461298;125850
2568481707;125851
2568502116;125852
2568522525;125853
2568542933;125854
2568563343;125855
2568583752;125856
2568604161;125857
2568624570;125858
2568644978;125859
2568665388;125860
2568685796;125861
2568706206;125862
2568726615;125863
2568747023;125864
2568767433;125865
2568787841;125866
2568808251;125867
2568828659;125868
2568849068;125869
2568869478;125870
2568889886;125871
2568910296;125872
2568930704;125873
2568951113;125874
2568971523;125875
2568991931;125876
2569012341;125877
2569032749;125878
2569053158;125879
2569073567;125880
2569093976;125881
2569114386;125882
2569134798;125883
2569155207;125884
2569175612;125885
2569196021;125886
2569216429;125887
2569236839;125888
2569257248;125889
2569277657;125890
2569298066;125891
2569318475;125892
2569338888;125893
2569359293;125894
2569379702;125895
2569400111;125896
2569420520;125897
2569440929;125898
2569461337;125899
2569481747;125900
2569502156;125901
2569522564;125902
2569542974;125903
2569563382;125904
2569583792;125905
2569604201;125906
2569624609;125907
2569645019;125908
2569665427;125909
2569685837;125910
2569706245;125911
2569726655;125912
2569747064;125913
2569767472;125914
2569787882;125915
2569808290;125916
2569828699;125917
2569849108;125918
2569869517;125919
2569889927;125920
2569910335;125921
2569930745;125922
2569951153;125923
2569971566;125924
2569991972;125925
2570012380;125926
2570032789;125927
2570053198;125928
2570073607;125929
2570094016;125930
2570114425;125931
2570134834;125932
2570155243;125933
2570175652;125934
2570196061;125935
2570216474;125936
2570236878;125937
2570257288;125938
2570277697;125939
2570298106;125940
2570318515;125941
2570338923;125942
2570359333;125943
2570379742;125944
2570400151;125945
2570420560;125946
2570440968;125947
2570461378;125948
2570481786;125949
2570502196;125950
2570522605;125951
2570543013;125952
2570563423;125953
2570583831;125954
2570604241;125955
2570624649;125956
2570645058;125957
2570665468;125958
2570685876;125959
2570706286;125960
2570726694;125961
2570747103;125962
2570767513;125963
2570787921;125964
2570808331;125965
2570828739;125966
2570849148;125967
2570869557;125968
2570889966;125969
2570910376;125970
2570930788;125971
2570951197;125972
2570971602;125973
2570992011;125974
2571012421;125975
2571032829;125976
2571053238;125977
2571073647;125978
2571094056;125979
2571114465;125980
2571134874;125981
2571155283;125982
2571175692;125983
2571196101;125984
2571216509;125985
2571236919;125986
2571257327;125987
2571277737;125988
2571298146;125989
2571318555;125990
2571338968;125991
2571359372;125992
2571379782;125993
2571400191;125994
2571420599;125995
2571441009;125996
2571461417;125997
2571481827;125998
2571502235;125999
2571522645;126000
2571543058;126001
2571563462;126002
2571583872;126003
2571604280;126004
2571624689;126005
2571645098;126006
2571665507;126007
2571685917;126008
2571706325;126009
2571726734;126010
2571747143;126011
2571767552;126012
2571787962;126013
2571808370;126014
2571828779;126015
2571849188;126016
2571869597;126017
2571890006;126018
2571910419;126019
2571930824;126020
2571951233;126021
2571971642;126022
2571992051;126023
2572012460;126024
2572032868;126025
2572053278;126026
2572073687;126027
2572094096;126028
2572114505;126029
2572134913;126030
2572155323;126031
2572175732;126032
2572196141;126033
2572216550;126034
2572236958;126035
2572257368;126036
2572277776;126037
2572298189;126038
2572318595;126039
2572339003;126040
2572359413;126041
2572379821;126042
2572400231;126043
2572420639;126044
2572441052;126045
2572461458;126046
2572481866;126047
2572502276;126048
2572522684;126049
2572543093;126050
2572563503;126051
2572583911;126052
2572604321;126053
2572624733;126054
2572645138;126055
2572665547;126056
2572685956;126057
2572706366;126058
2572726774;126059
2572747183;126060
2572767592;126061
2572788001;126062
2572808411;126063
2572828819;126064
2572849228;126065
2572869637;126066
2572890046;126067
2572910454;126068
2572930864;126069
2572951273;126070
2572971682;126071
2572992091;126072
2573012499;126073
2573032909;126074
2573053317;126075
2573073727;126076
2573094136;126077
2573114548;126078
2573134954;126079
2573155362;126080
2573175772;126081
2573196181;126082
2573216589;126083
2573236999;126084
2573257407;126085
2573277817;126086
2573298225;126087
2573318634;126088
2573339044;126089
2573359452;126090
2573379862;126091
2573400270;126092
2573420679;126093
2573441088;126094
2573461497;126095
2573481907;126096
2573502315;126097
2573522724;126098
2573543133;126099
2573563542;126100
2573583956;126101
2573604360;126102
2573624769;126103
2573645178;126104
2573665587;126105
2573685996;126106
2573706405;126107
2573726814;126108
2573747223;126109
2573767632;126110
2573788044;126111
2573808450;126112
2573828858;126113
2573849268;126114
2573869677;126115
2573890090;126116
2573910495;126117
2573930903;126118
2573951317;126119
2573971722;126120
2573992131;126121
2574012540;126122
2574032948;126123
2574053358;126124
2574073766;126125
2574094176;126126
2574114585;126127
2574134993;126128
2574155403;126129
2574175811;126130
2574196204;126131
2574216612;126132
2574237025;126133
2574257431;126134
2574277839;126135
2574298249;126136
2574318657;126137
2574339066;126138
2574359475;126139
2574379884;126140
2574400296;126141
2574420702;126142
2574441110;126143
2574461524;126144
2574481933;126145
2574502337;126146
2574522747;126147
2574543155;126148
2574563565;126149
2574583973;126150
2574604386;126151
2574624791;126152
2574645200;126153
2574665609;126154
2574686018;126155
2574706427;126156
2574726836;126157
2574747245;126158
2574767654;126159
2574788063;126160
2574808471;126161
2574828881;126162
2574849289;126163
2574869699;126164
2574890107;126165
2574910516;126166
2574930926;126167
2574951334;126168
2574971744;126169
2574992152;126170
2575012561;126171
2575032970;126172
2575053379;126173
2575073788;126174
2575094197;126175
2575114605;126176
2575135015;126177
2575155424;126178
2575175833;126179
2575196242;126180
2575216650;126181
2575237060;126182
2575257468;126183
2575277878;126184
2575298286;126185
2575318695;126186
2575339108;126187
2575359513;126188
2575379922;126189
2575400331;126190
2575420740;126191
2575441149;126192
2575461558;126193
2575481966;126194
2575502376;126195
2575522784;126196
2575543194;126197
2575563602;126198
2575584011;126199
2575604420;126200
2575624829;126201
2575645239;126202
2575665647;126203
2575686056;126204
2575706465;126205
2575726874;126206
2575747283;126207
2575767696;126208
2575788100;126209
2575808510;126210
2575828918;126211
2575849328;126212
2575869737;126213
2575890146;126214
2575910555;126215
2575930963;126216
2575951373;126217
2575971781;126218
2575992190;126219
2576012599;126220
2576033008;126221
2576053417;126222
2576073826;126223
2576094239;126224
2576114644;126225
2576135053;126226
2576155462;126227
2576175871;126228
2576196279;126229
2576216689;126230
2576237097;126231
2576257507;126232
2576277915;126233
2576298328;126234
2576318734;126235
2576339142;126236
2576359552;126237
2576379960;126238
2576400369;126239
2576420778;126240
2576441187;126241
2576461596;126242
2576482005;126243
2576502413;126244
2576522827;126245
2576543232;126246
2576563641;126247
2576584050;126248
2576604458;126249
2576624868;126250
2576645276;126251
2576665686;126252
2576686094;126253
2576706503;126254
2576726912;126255
2576747321;126256
2576767731;126257
2576788139;126258
2576808548;126259
2576828957;126260
2576849370;126261
2576869775;126262
2576890184;126263
2576910592;126264
2576931002;126265
2576951410;126266
2576971819;126267
2576992229;126268
2577012637;126269
2577033047;126270
2577053455;126271
2577073865;126272
2577094273;126273
2577114682;126274
2577135091;126275
2577155500;126276
2577175908;126277
2577196318;126278
2577216727;126279
2577237136;126280
2577257545;126281
2577277953;126282
2577298363;126283
2577318771;126284
2577339181;126285
2577359589;126286
2577379998;126287
2577400407;126288
2577420816;126289
2577441226;126290
2577461634;126291
2577482043;126292
2577502452;126293
2577522861;126294
2577543270;126295
2577563679;126296
2577584087;126297
2577604497;126298
2577624905;126299
2577645315;126300
2577665728;126301
2577686136;126302
2577706542;126303
2577726950;126304
2577747360;126305
2577767768;126306
2577788177;126307
2577808586;126308
2577828995;126309
2577849404;126310
2577869813;126311
2577890222;126312
2577910635;126313
2577931040;126314
2577951448;126315
2577971858;126316
2577992266;126317
2578012676;126318
2578033088;126319
2578053493;126320
2578073902;126321
2578094311;126322
2578114725;126323
2578135129;126324
2578155538;126325
2578175947;126326
2578196360;126327
2578216765;126328
2578237174;126329
2578257582;126330
2578277992;126331
2578298400;126332
2578318810;126333
2578339223;126334
2578359628;126335
2578380037;126336
2578400445;126337
2578420855;126338
2578441263;126339
2578461672;126340
2578482081;126341
2578502490;126342
2578522899;126343
2578543308;126344
2578563716;126345
2578584130;126346
2578604535;126347
2578624944;126348
2578645353;126349
2578665761;126350
2578686171;126351
2578706579;126352
2578726989;126353
2578747397;126354
2578767810;126355
2578788215;126356
2578808624;126357
2578829034;126358
2578849442;126359
2578869851;126360
2578890260;126361
2578910669;126362
2578931078;126363
2578951487;126364
2578971895;126365
2578992305;126366
2579012713;126367
2579033123;126368
2579053532;126369
2579073940;126370
2579094350;126371
2579114758;126372
2579135172;126373
2579155576;126374
2579175985;126375
2579196398;126376
2579216803;126377
2579237212;126378
2579257621;126379
2579278030;126380
2579298439;126381
2579318848;126382
2579339257;126383
2579359666;126384
2579380074;126385
2579400488;126386
2579420892;126387
2579441302;126388
2579461710;126389
2579482119;126390
2579502529;126391
2579522937;126392
2579543347;126393
2579563755;126394
2579584164;126395
2579604573;126396
2579624986;126397
2579645394;126398
2579665800;126399
2579686208;126400
2579706618;126401
2579727027;126402
2579747435;126403
2579767845;126404
2579788253;126405
2579808663;126406
2579829071;126407
2579849480;126408
2579869889;126409
2579890298;126410
2579910707;126411
2579931120;126412
2579951526;126413
2579971934;126414
2579992343;126415
2580012752;126416
2580033161;126417
2580053569;126418
2580073979;126419
2580094387;126420
2580114801;126421
2580135205;126422
2580155614;126423
2580176024;126424
2580196432;126425
2580216842;126426
2580237254;126427
2580257659;126428
2580278068;126429
2580298477;126430
2580318886;126431
2580339295;126432
2580359703;126433
2580380113;126434
2580400522;126435
2580420931;126436
2580441340;126437
2580461752;126438
2580482158;126439
2580502566;126440
2580522976;126441
2580543384;126442
2580563793;126443
2580584206;126444
2580604611;126445
2580625021;126446
2580645429;126447
2580665838;126448
2580686247;126449
2580706656;126450
2580727064;126451
2580747474;126452
2580767882;126453
2580788292;126454
2580808700;126455
2580829110;126456
2580849519;126457
2580869927;126458
2580890337;126459
2580910749;126460
2580931154;126461
2580951563;126462
2580971972;126463
2580992381;126464
2581012790;126465
2581033199;126466
2581053608;126467
2581074017;126468
2581094426;126469
2581114835;126470
2581135244;126471
2581155653;126472
2581176061;126473
2581196471;126474
2581216879;126475
2581237288;126476
2581257697;126477
2581278106;126478
2581298516;126479
2581318924;126480
2581339333;126481
2581359742;126482
2581380151;126483
2581400560;126484
2581420969;126485
2581441377;126486
2581461787;126487
2581482195;126488
2581502605;126489
2581523014;126490
2581543422;126491
2581563832;126492
2581584240;126493
2581604650;126494
2581625058;126495
2581645467;126496
2581665876;126497
2581686285;126498
2581706694;126499
2581727103;126500
2581747511;126501
2581767921;126502
2581788330;126503
2581808739;126504
2581829148;126505
2581849556;126506
2581869966;126507
2581890374;126508
2581910784;126509
2581931192;126510
2581951601;126511
2581972010;126512
2581992419;126513
2582012829;126514
2582033237;126515
2582053646;126516
2582074055;126517
2582094464;126518
2582114873;126519
2582135286;126520
2582155690;126521
2582176100;126522
2582196508;126523
2582216922;126524
2582237327;126525
2582257735;126526
2582278145;126527
2582298553;126528
2582318962;126529
2582339371;126530
2582359780;126531
2582380189;126532
2582400598;126533
2582421007;126534
2582441416;126535
2582461825;126536
2582482234;126537
2582502643;126538
2582523052;126539
2582543461;126540
2582563869;126541
2582584279;126542
2582604687;126543
2582625097;126544
2582645505;126545
2582665914;126546
2582686324;126547
2582706732;126548
2582727142;126549
2582747550;126550
2582767959;126551
2582788368;126552
2582808777;126553
2582829185;126554
2582849595;126555
2582870003;126556
2582890413;126557
2582910822;126558
2582931230;126559
2582951640;126560
2582972048;126561
2582992458;126562
2583012866;126563
2583033275;126564
2583053688;126565
2583074093;126566
2583094502;126567
2583114911;126568
2583135320;126569
2583155729;126570
2583176138;126571
2583196547;126572
2583216956;126573
2583237364;126574
2583257774;126575
2583278186;126576
2583298592;126577
2583319000;126578
2583339409;126579
2583359819;126580
2583380227;126581
2583400637;126582
2583421045;126583
2583441454;126584
2583461863;126585
2583482272;126586
2583502681;126587
2583523090;126588
2583543498;126589
2583563908;126590
2583584317;126591
2583604725;126592
2583625135;126593
2583645543;126594
2583665953;126595
2583686361;126596
2583706771;126597
2583727179;126598
2583747588;126599
2583767997;126600
2583788406;126601
2583808816;126602
2583829224;126603
2583849633;126604
2583870042;126605
2583890451;126606
2583910860;126607
2583931269;126608
2583951677;126609
2583972091;126610
2583992499;126611
2584012904;126612
2584033314;126613
2584053722;126614
2584074132;126615
2584094540;126616
2584114949;126617
2584135358;126618
2584155767;126619
2584176180;126620
2584196584;126621
2584216992;126622
2584237402;126623
2584257811;126624
2584278220;126625
2584298629;126626
2584319037;126627
2584339447;126628
2584359855;126629
2584380265;126630
2584400673;126631
2584421082;126632
2584441491;126633
2584461900;126634
2584482309;126635
2584502718;126636
2584523127;126637
2584543536;126638
2584563945;126639
2584584354;126640
2584604763;126641
2584625171;126642
2584645581;126643
2584665989;126644
2584686399;126645
2584706807;126646
2584727216;126647
2584747626;126648
2584768034;126649
2584788444;126650
2584808852;126651
2584829261;126652
2584849670;126653
2584870079;126654
2584890487;126655
2584910897;126656
2584931305;126657
2584951715;126658
2584972124;126659
2584992533;126660
2585012942;126661
2585033350;126662
2585053764;126663
2585074168;126664
2585094577;126665
2585114986;126666
2585135395;126667
2585155808;126668
2585176213;126669
2585196622;126670
2585217031;126671
2585237440;126672
2585257849;126673
2585278258;126674
2585298666;126675
2585319076;126676
2585339484;126677
2585359898;126678
2585380302;126679
2585400711;126680
2585421120;126681
2585441529;126682
2585461939;126683
2585482347;126684
2585502756;126685
2585523165;126686
2585543578;126687
2585563983;126688
2585584392;126689
2585604800;126690
2585625210;126691
2585645618;126692
2585666028;126693
2585686437;126694
2585706845;126695
2585727255;126696
2585747663;126697
2585768073;126698
2585788481;126699
2585808890;126700
2585829299;126701
2585849712;126702
2585870120;126703
2585890526;126704
2585910938;126705
2585931348;126706
2585951753;126707
2585972165;126708
2585992571;126709
2586012979;126710
2586033389;126711
2586053797;126712
2586074207;126713
2586094615;126714
2586115024;126715
2586135433;126716
2586155842;126717
2586176252;126718
2586196664;126719
2586217073;126720
2586237478;126721
2586257887;126722
2586278296;126723
2586298705;126724
2586319113;126725
2586339523;126726
2586359931;126727
2586380340;126728
2586400750;126729
2586421158;126730
2586441572;126731
2586461976;126732
2586482386;126733
2586502794;126734
2586523203;126735
2586543612;126736
2586564021;126737
2586584429;126738
2586604839;126739
2586625247;126740
2586645657;126741
2586666066;126742
2586686474;126743
2586706888;126744
2586727292;126745
2586747702;126746
2586768110;126747
2586788519;126748
2586808928;126749
2586829337;126750
2586849746;126751
2586870155;126752
2586890564;126753
2586910977;126754
2586931386;126755
2586951791;126756
2586972200;126757
2586992608;126758
2587013018;126759
2587033426;126760
2587053836;126761
2587074244;126762
2587094653;126763
2587115063;126764
2587135471;126765
2587155881;126766
2587176289;126767
2587196698;126768
2587217107;126769
2587237516;126770
2587257925;126771
2587278334;126772
2587298742;126773
2587319156;126774
2587339560;126775
2587359970;126776
2587380379;126777
2587400787;126778
2587421197;126779
2587441605;126780
2587462015;126781
2587482423;126782
2587502832;126783
2587523245;126784
2587543650;126785
2587564059;126786
2587584468;126787
2587604877;126788
2587625286;126789
2587645699;126790
2587666103;126791
2587686513;126792
2587706921;126793
2587727331;126794
2587747739;126795
2587768149;126796
2587788557;126797
2587808966;126798
2587829376;126799
2587849788;126800
2587870194;126801
2587890602;126802
2587911011;126803
2587931420;126804
2587951829;126805
2587972237;126806
2587992647;126807
2588013055;126808
2588033465;126809
2588053873;126810
2588074283;126811
2588094692;126812
2588115100;126813
2588135514;126814
2588155918;126815
2588176327;126816
2588196740;126817
2588217145;126818
2588237554;126819
2588257963;126820
2588278371;126821
2588298781;126822
2588319190;126823
2588339599;126824
2588360008;126825
2588380416;126826
2588400826;126827
2588421234;126828
2588441644;126829
2588462052;126830
2588482461;126831
2588502870;126832
2588523279;126833
2588543689;126834
2588564097;126835
2588584506;126836
2588604915;126837
2588625324;126838
2588645733;126839
2588666142;126840
2588686550;126841
2588706960;126842
2588727368;126843
2588747778;126844
2588768190;126845
2588788595;126846
2588809005;126847
2588829413;126848
2588849827;126849
2588870231;126850
2588890640;126851
2588911053;126852
2588931462;126853
2588951867;126854
2588972276;126855
2588992684;126856
2589013094;126857
2589033503;126858
2589053912;126859
2589074321;126860
2589094733;126861
2589115139;126862
2589135547;126863
2589155957;126864
2589176365;126865
2589196774;126866
2589217183;126867
2589237592;126868
2589258002;126869
2589278410;126870
2589298819;126871
2589319228;126872
2589339637;126873
2589360046;126874
2589380455;126875
2589400863;126876
2589421273;126877
2589441681;126878
2589462091;126879
2589482499;126880
2589502908;126881
2589523318;126882
2589543726;126883
2589564136;126884
2589584544;126885
2589604953;126886
2589625362;126887
2589645771;126888
2589666180;126889
2589686589;126890
2589706997;126891
2589727407;126892
2589747816;126893
2589768228;126894
2589788634;126895
2589809042;126896
2589829452;126897
2589849860;126898
2589870270;126899
2589890682;126900
2589911087;126901
2589931500;126902
2589951905;126903
2589972314;126904
2589992723;126905
2590013132;126906
2590033541;126907
2590053950;126908
2590074358;126909
2590094768;126910
2590115176;126911
2590135586;126912
2590155994;126913
2590176404;126914
2590196812;126915
2590217221;126916
2590237635;126917
2590258039;126918
2590278448;126919
2590298857;126920
2590319266;126921
2590339675;126922
2590360084;126923
2590380492;126924
2590400902;126925
2590421310;126926
2590441720;126927
2590462129;126928
2590482537;126929
2590502947;126930
2590523355;126931
2590543765;126932
2590564173;126933
2590584582;126934
2590604991;126935
2590625400;126936
2590645809;126937
2590666218;126938
2590686627;126939
2590707036;126940
2590727445;126941
2590747854;126942
2590768263;126943
2590788671;126944
2590809081;126945
2590829489;126946
2590849899;126947
2590870307;126948
2590890716;126949
2590911125;126950
2590931534;126951
2590951944;126952
2590972356;126953
2590992761;126954
2591013170;126955
2591033579;126956
2591053988;126957
2591074397;126958
2591094805;126959
2591115215;126960
2591135623;126961
2591156033;126962
2591176442;126963
2591196850;126964
2591217260;126965
2591237668;126966
2591258078;126967
2591278486;126968
2591298895;126969
2591319304;126970
2591339717;126971
2591360121;126972
2591380531;126973
2591400940;126974
2591421349;126975
2591441758;126976
2591462166;126977
2591482576;126978
2591502984;126979
2591523394;126980
2591543802;126981
2591564212;126982
2591584620;126983
2591605029;126984
2591625438;126985
2591645847;126986
2591666256;126987
2591686665;126988
2591707074;126989
2591727483;126990
2591747892;126991
2591768300;126992
2591788710;126993
2591809118;126994
2591829528;126995
2591849936;126996
2591870345;126997
2591890755;126998
2591911163;126999
2591931573;127000
2591951981;127001
2591972390;127002
2591992799;127003
2592013208;127004
2592033617;127005
2592054030;127006
2592074438;127007
2592094844;127008
2592115253;127009
2592135662;127010
2592156071;127011
2592176479;127012
2592196889;127013
2592217297;127014
2592237710;127015
2592258115;127016
2592278524;127017
2592298933;127018
2592319342;127019
2592339751;127020
2592360160;127021
2592380569;127022
2592400978;127023
2592421387;127024
2592441795;127025
2592462205;127026
2592482617;127027
2592503023;127028
2592523431;127029
2592543841;127030
2592564249;127031
2592584658;127032
2592605068;127033
2592625476;127034
2592645885;127035
2592666294;127036
2592686703;127037
2592707112;127038
2592727521;127039
2592747930;127040
2592768339;127041
2592788747;127042
2592809157;127043
2592829566;127044
2592849974;127045
2592870384;127046
2592890792;127047
2592911202;127048
2592931610;127049
2592952019;127050
2592972428;127051
2592992837;127052
2593013246;127053
2593033659;127054
2593054063;127055
2593074473;127056
2593094882;127057
2593115291;127058
2593135700;127059
2593156108;127060
2593176518;127061
2593196926;127062
2593217336;127063
2593237744;127064
2593258153;127065
2593278562;127066
2593298971;127067
2593319381;127068
2593339789;127069
2593360198;127070
2593380607;127071
2593401016;127072
2593421425;127073
2593441834;127074
2593462242;127075
2593482652;127076
2593503060;127077
2593523470;127078
2593543879;127079
2593564287;127080
2593584697;127081
2593605105;127082
2593625515;127083
2593645927;127084
2593666336;127085
2593686741;127086
2593707150;127087
2593727562;127088
2593747968;127089
2593768376;127090
2593788786;127091
2593809195;127092
2593829603;127093
2593850013;127094
2593870425;127095
2593890831;127096
2593911239;127097
2593931649;127098
2593952057;127099
2593972466;127100
2593992875;127101
2594013284;127102
2594033694;127103
2594054106;127104
2594074511;127105
2594094920;127106
2594115329;127107
2594135741;127108
2594156147;127109
2594176555;127110
2594196994;127111
2594217403;127112
2594237811;127113
2594258221;127114
2594278629;127115
2594299039;127116
2594319448;127117
2594339856;127118
2594360266;127119
2594380674;127120
2594401084;127121
2594421493;127122
2594441901;127123
2594462311;127124
2594482719;127125
2594503129;127126
2594523538;127127
2594543946;127128
2594564356;127129
2594584764;127130
2594605174;127131
2594625583;127132
2594645991;127133
2594666401;127134
2594686809;127135
2594707219;127136
2594727628;127137
2594748036;127138
2594768446;127139
2594788854;127140
2594809264;127141
2594829673;127142
2594850081;127143
2594870491;127144
2594890899;127145
2594911309;127146
2594931718;127147
2594952126;127148
2594972536;127149
2594992944;127150
2595013358;127151
2595033763;127152
2595054171;127153
2595074581;127154
2595094989;127155
2595115399;127156
2595135812;127157
2595156216;127158
2595176626;127159
2595197034;127160
2595217444;127161
2595237853;127162
2595258261;127163
2595278671;127164
2595299079;127165
2595319488;127166
2595339898;127167
2595360310;127168
2595380716;127169
2595401124;127170
2595421534;127171
2595441943;127172
2595462351;127173
2595482761;127174
2595503169;127175
2595523578;127176
2595543988;127177
2595564396;127178
2595584806;127179
2595605214;127180
2595625627;127181
2595646033;127182
2595666441;127183
2595686851;127184
2595707259;127185
2595727668;127186
2595748078;127187
2595768486;127188
2595788896;127189
2595809304;127190
2595829713;127191
2595850123;127192
2595870531;127193
2595890941;127194
2595911349;127195
2595931759;127196
2595952168;127197
2595972576;127198
2595992986;127199
2596013394;127200
2596033803;127201
2596054213;127202
2596074625;127203
2596095031;127204
2596115440;127205
2596135848;127206
2596156258;127207
2596176666;127208
2596197076;127209
2596217485;127210
2596237893;127211
2596258303;127212
2596278711;127213
2596299121;127214
2596319534;127215
2596339938;127216
2596360348;127217
2596380760;127218
2596401166;127219
2596421575;127220
2596441983;127221
2596462393;127222
2596482801;127223
2596503211;127224
2596523620;127225
2596544028;127226
2596564438;127227
2596584846;127228
2596605256;127229
2596625665;127230
2596646077;127231
2596666483;127232
2596686891;127233
2596707301;127234
2596727714;127235
2596748118;127236
2596768528;127237
2596788936;127238
2596809346;127239
2596829755;127240
2596850163;127241
2596870573;127242
2596890981;127243
2596911391;127244
2596931800;127245
2596952208;127246
2596972618;127247
2596993026;127248
2597013436;127249
2597033845;127250
2597054257;127251
2597074663;127252
2597095071;127253
2597115480;127254
2597135890;127255
2597156298;127256
2597176708;127257
2597197120;127258
2597217525;127259
2597237935;127260
2597258343;127261
2597278753;127262
2597299161;127263
2597319570;127264
2597339980;127265
2597360388;127266
2597380798;127267
2597401206;127268
2597421615;127269
2597442025;127270
2597462433;127271
2597482843;127272
2597503255;127273
2597523660;127274
2597544070;127275
2597564478;127276
2597584888;127277
2597605296;127278
2597625705;127279
2597646115;127280
2597666523;127281
2597686933;127282
2597707341;127283
2597727750;127284
2597748160;127285
2597768568;127286
2597788978;127287
2597809386;127288
2597829795;127289
2597850205;127290
2597870613;127291
2597891023;127292
2597911431;127293
2597931840;127294
2597952250;127295
2597972658;127296
2597993068;127297
2598013476;127298
2598033885;127299
2598054295;127300
2598074703;127301
2598095113;127302
2598115522;127303
2598135930;127304
2598156340;127305
2598176748;127306
2598197158;127307
2598217567;127308
2598237975;127309
2598258385;127310
2598278793;127311
2598299203;127312
2598319612;127313
2598340020;127314
2598360430;127315
2598380838;127316
2598401248;127317
2598421657;127318
2598442065;127319
2598462475;127320
2598482883;127321
2598503292;127322
2598523702;127323
2598544110;127324
2598564520;127325
2598584928;127326
2598605337;127327
2598625747;127328
2598646155;127329
2598666565;127330
2598686973;127331
2598707386;127332
2598727792;127333
2598748204;127334
2598768610;127335
2598789018;127336
2598809427;127337
2598829837;127338
2598850245;127339
2598870655;127340
2598891063;127341
2598911472;127342
2598931882;127343
2598952290;127344
2598972700;127345
2598993108;127346
2599013517;127347
2599033931;127348
2599054335;127349
2599074745;127350
2599095153;127351
2599115562;127352
2599135972;127353
2599156380;127354
2599176790;127355
2599197198;127356
2599217607;127357
2599238017;127358
2599258425;127359
2599278835;127360
2599299243;127361
2599319652;127362
2599340066;127363
2599360470;127364
2599380883;127365
2599401288;127366
2599421697;127367
2599442111;127368
2599462515;127369
2599482929;127370
2599503333;127371
2599523742;127372
2599544152;127373
2599564560;127374
2599584970;127375
2599605378;127376
2599625791;127377
2599646197;127378
2599666605;127379
2599687015;127380
2599707423;127381
2599727832;127382
2599748242;127383
2599768650;127384
2599789059;127385
2599809472;127386
2599829877;127387
2599850287;127388
2599870695;127389
2599891105;127390
2599911513;127391
2599931922;127392
2599952332;127393
2599972740;127394
2599993153;127395
2600013558;127396
2600033967;127397
2600054377;127398
2600074785;127399
2600095194;127400
2600115604;127401
2600136012;127402
2600156422;127403
2600176830;127404
2600197239;127405
2600217649;127406
2600238057;127407
2600258467;127408
2600278875;127409
2600299284;127410
2600319694;127411
2600340106;127412
2600360512;127413
2600380920;127414
2600401329;127415
2600421739;127416
2600442151;127417
2600462557;127418
2600482965;127419
2600503374;127420
2600523784;127421
2600544192;127422
2600564602;127423
2600585010;127424
2600605419;127425
2600625829;127426
2600646237;127427
2600666647;127428
2600687055;127429
2600707464;127430
2600727874;127431
2600748282;127432
2600768692;127433
2600789100;127434
2600809509;127435
2600829919;127436
2600850327;127437
2600870737;127438
2600891145;127439
2600911554;127440
2600931964;127441
2600952372;127442
2600972781;127443
2600993190;127444
2601013599;127445
2601034009;127446
2601054417;127447
2601074827;127448
2601095235;127449
2601115644;127450
2601136054;127451
2601156462;127452
2601176871;127453
2601197284;127454
2601217689;127455
2601238099;127456
2601258507;127457
2601278917;127458
2601299325;127459
2601319734;127460
2601340144;127461
2601360552;127462
2601380961;127463
2601401370;127464
2601421779;127465
2601442189;127466
2601462597;127467
2601483006;127468
2601503415;127469
2601523824;127470
2601544234;127471
2601564642;127472
2601585051;127473
2601605464;127474
2601625869;127475
2601646279;127476
2601666687;127477
2601687096;127478
2601707509;127479
2601727914;127480
2601748324;127481
2601768732;127482
2601789141;127483
2601809550;127484
2601829959;127485
2601850369;127486
2601870777;127487
2601891186;127488
2601911595;127489
2601932004;127490
2601952417;127491
2601972822;127492
2601993231;127493
2602013640;127494
2602034049;127495
2602054459;127496
2602074867;127497
2602095276;127498
2602115686;127499
2602136094;127500
2602156504;127501
2602176912;127502
2602197321;127503
2602217731;127504
2602238139;127505
2602258549;127506
2602278957;127507
2602299366;127508
2602319776;127509
2602340184;127510
2602360594;127511
2602381002;127512
2602401411;127513
2602421821;127514
2602442229;127515
2602462639;127516
2602483047;127517
2602503456;127518
2602523866;127519
2602544274;127520
2602564683;127521
2602585096;127522
2602605501;127523
2602625911;127524
2602646318;127525
2602666728;127526
2602687137;127527
2602707546;127528
2602727956;127529
2602748364;127530
2602768773;127531
2602789182;127532
2602809591;127533
2602830001;127534
2602850409;127535
2602870818;127536
2602891227;127537
2602911636;127538
2602932046;127539
2602952454;127540
2602972863;127541
2602993276;127542
2603013681;127543
2603034091;127544
2603054499;127545
2603074908;127546
2603095317;127547
2603115726;127548
2603136136;127549
2603156544;127550
2603176957;127551
2603197362;127552
2603217771;127553
2603238181;127554
2603258589;127555
2603278998;127556
2603299411;127557
2603319816;127558
2603340226;127559
2603360634;127560
2603381043;127561
2603401452;127562
2603421861;127563
2603442271;127564
2603462679;127565
2603483088;127566
2603503497;127567
2603523906;127568
2603544319;127569
2603564724;127570
2603585133;127571
2603605542;127572
2603625951;127573
2603646360;127574
2603666769;127575
2603687178;127576
2603707587;127577
2603727996;127578
2603748405;127579
2603768814;127580
2603789223;127581
2603809632;127582
2603830041;127583
2603850451;127584
2603870859;127585
2603891268;127586
2603911677;127587
2603932086;127588
2603952495;127589
2603972904;127590
2603993313;127591
2604013722;127592
2604034131;127593
2604054540;127594
2604074949;127595
2604095358;127596
2604115768;127597
2604136176;127598
2604156585;127599
2604176994;127600
2604197337;127601
2604217746;127602
2604238155;127603
2604258567;127604
2604278973;127605
2604299381;127606
2604319791;127607
2604340203;127608
2604360608;127609
2604381017;127610
2604401429;127611
2604421835;127612
2604442243;127613
2604462652;127614
2604483061;127615
2604503470;127616
2604523879;127617
2604544292;127618
2604564696;127619
2604585106;127620
2604605514;127621
2604625924;127622
2604646332;127623
2604666741;127624
2604687150;127625
2604707559;127626
2604727968;127627
2604748376;127628
2604768785;127629
2604789194;127630
2604809603;127631
2604830011;127632
2604850421;127633
2604870829;127634
2604891239;127635
2604911647;127636
2604932056;127637
2604952465;127638
2604972874;127639
2604993283;127640
2605013692;127641
2605034101;127642
2605054509;127643
2605074918;127644
2605095327;127645
2605115736;127646
2605136145;127647
2605156558;127648
2605176962;127649
2605197372;127650
2605217780;127651
2605238189;127652
2605258602;127653
2605279007;127654
2605299420;127655
2605319825;127656
2605340233;127657
2605360646;127658
2605381055;127659
2605401460;127660
2605421869;127661
2605442277;127662
2605462687;127663
2605483095;127664
2605503505;127665
2605523913;127666
2605544322;127667
2605564731;127668
2605585140;127669
2605605549;127670
2605625958;127671
2605646366;127672
2605666775;127673
2605687184;127674
2605707593;127675
2605728002;127676
2605748410;127677
2605768820;127678
2605789228;127679
2605809638;127680
2605830046;127681
2605850455;127682
2605870864;127683
2605891273;127684
2605911682;127685
2605932091;127686
2605952499;127687
2605972908;127688
2605993317;127689
2606013725;127690
2606034135;127691
2606054543;127692
2606074952;127693
2606095361;127694
2606115774;127695
2606136183;127696
2606156588;127697
2606176997;127698
2606197406;127699
2606217814;127700
2606238224;127701
2606258632;127702
2606279041;127703
2606299450;127704
2606319858;127705
2606340268;127706
2606360680;127707
2606381086;127708
2606401494;127709
2606421903;127710
2606442312;127711
2606462721;127712
2606483130;127713
2606503539;127714
2606523948;127715
2606544357;127716
2606564765;127717
2606585174;127718
2606605583;127719
2606625991;127720
2606646401;127721
2606666809;127722
2606687219;127723
2606707627;127724
2606728036;127725
2606748445;127726
2606768854;127727
2606789263;127728
2606809672;127729
2606830080;127730
2606850490;127731
2606870898;127732
2606891308;127733
2606911716;127734
2606932124;127735
2606952534;127736
2606972942;127737
2606993352;127738
2607013760;127739
2607034169;127740
2607054577;127741
2607074987;127742
2607095396;127743
2607115805;127744
2607136213;127745
2607156623;127746
2607177031;127747
2607197441;127748
2607217849;127749
2607238257;127750
2607258667;127751
2607279075;127752
2607299485;127753
2607319893;127754
2607340302;127755
2607360715;127756
2607381120;127757
2607401529;127758
2607421938;127759
2607442346;127760
2607462756;127761
2607483164;127762
2607503573;127763
2607523982;127764
2607544390;127765
2607564800;127766
2607585208;127767
2607605618;127768
2607626026;127769
2607646435;127770
2607666844;127771
2607687253;127772
2607707662;127773
2607728071;127774
2607748479;127775
2607768889;127776
2607789297;127777
2607809706;127778
2607830115;127779
2607850523;127780
2607870937;127781
2607891341;127782
2607911750;127783
2607932159;127784
2607952568;127785
2607972981;127786
2607993386;127787
2608013794;127788
2608034204;127789
2608054612;127790
2608075022;127791
2608095430;127792
2608115839;127793
2608136252;127794
2608156656;127795
2608177066;127796
2608197474;127797
2608217883;127798
2608238292;127799
2608258701;127800
2608279113;127801
2608299519;127802
2608319927;127803
2608340337;127804
2608360745;127805
2608381155;127806
2608401567;127807
2608421972;127808
2608442381;127809
2608462789;127810
2608483199;127811
2608503607;127812
2608524016;127813
2608544425;127814
2608564834;127815
