2508236103;122896
2508256513;122897
2508276922;122898
2508297332;122899
2508317740;122900
2508338150;122901
2508358559;122902
2508378969;122903
2508399379;122904
2508419788;122905
2508440198;122906
2508460607;122907
2508481017;122908
2508501426;122909
2508521835;122910
2508542245;122911
2508562654;122912
2508583064;122913
2508603473;122914
2508623883;122915
2508644292;122916
2508664702;122917
2508685111;122918
2508705521;122919
2508725931;122920
2508746339;122921
2508766749;122922
2508787162;122923
2508807568;122924
2508827977;122925
2508848387;122926
2508868797;122927
2508889206;122928
2508909616;122929
2508930025;122930
2508950435;122931
2508970843;122932
2508991253;122933
2509011662;122934
2509032072;122935
2509052482;122936
2509072891;122937
2509093301;122938
2509113710;122939
2509134120;122940
2509154529;122941
2509174939;122942
2509195347;122943
2509215757;122944
2509236167;122945
2509256580;122946
2509276986;122947
2509297395;122948
2509317805;122949
2509338214;122950
2509358624;122951
2509379034;122952
2509399442;122953
2509419852;122954
2509440261;122955
2509460671;122956
2509481080;122957
2509501490;122958
2509521903;122959
2509542309;122960
2509562719;122961
2509583128;122962
2509603538;122963
2509623947;122964
2509644356;122965
2509664765;122966
2509685175;122967
2509705585;122968
2509725994;122969
2509746404;122970
2509766813;122971
2509787223;122972
2509807632;122973
2509828042;122974
2509848450;122975
2509868860;122976
2509889270;122977
2509909679;122978
2509930089;122979
2509950498;122980
2509970908;122981
2509991317;122982
2510011727;122983
2510032137;122984
2510052546;122985
2510072955;122986
2510093364;122987
2510113774;122988
2510134183;122989
2510154593;122990
2510175002;122991
2510195412;122992
2510215822;122993
2510236231;122994
2510256641;122995
2510277050;122996
2510297459;122997
2510317868;122998
2510338278;122999
2510358687;123000
2510379097;123001
2510399507;123002
2510419920;123003
2510440326;123004
2510460735;123005
2510481149;123006
2510501553;123007
2510521967;123008
2510542373;123009
2510562782;123010
2510583192;123011
2510603601;123012
2510624011;123013
2510644420;123014
2510664830;123015
2510685239;123016
2510705649;123017
2510726059;123018
2510746467;123019
2510766877;123020
2510787286;123021
2510807696;123022
2510828105;123023
2510848515;123024
2510868925;123025
2510889334;123026
2510909744;123027
2510930153;123028
2510950562;123029
2510970971;123030
2510991381;123031
2511011790;123032
2511032200;123033
2511052610;123034
2511073019;123035
2511093429;123036
2511113838;123037
2511134248;123038
2511154657;123039
2511175066;123040
2511195475;123041
2511215885;123042
2511236295;123043
2511256704;123044
2511277114;123045
2511297527;123046
2511317933;123047
2511338342;123048
2511358752;123049
2511379162;123050
2511399570;123051
2511419980;123052
2511440393;123053
2511460799;123054
2511481208;123055
2511501618;123056
2511522027;123057
2511542437;123058
2511562847;123059
2511583256;123060
2511603665;123061
2511624074;123062
2511644484;123063
2511664893;123064
2511685303;123065
2511705713;123066
2511726122;123067
2511746532;123068
2511766941;123069
2511787355;123070
2511807760;123071
2511828169;123072
2511848578;123073
2511868988;123074
2511889398;123075
2511909807;123076
2511930217;123077
2511950626;123078
2511971036;123079
2511991445;123080
2512011855;123081
2512032265;123082
2512052674;123083
2512073083;123084
2512093492;123085
2512113902;123086
2512134311;123087
2512154721;123088
2512175130;123089
2512195540;123090
2512215954;123091
2512236359;123092
2512256772;123093
2512277178;123094
2512297587;123095
2512317996;123096
2512338406;123097
2512358815;123098
2512379225;123099
2512399635;123100
2512420044;123101
2512440454;123102
2512460863;123103
2512481273;123104
2512501681;123105
2512522091;123106
2512542501;123107
2512562910;123108
2512583320;123109
2512603729;123110
2512624139;123111
2512644548;123112
2512664958;123113
2512685367;123114
2512705777;123115
2512726186;123116
2512746595;123117
2512767005;123118
2512787418;123119
2512807824;123120
2512828233;123121
2512848643;123122
2512869053;123123
2512889462;123124
2512909876;123125
2512930280;123126
2512950690;123127
2512971099;123128
2512991509;123129
2513011918;123130
2513032328;123131
2513052742;123132
2513073151;123133
2513093557;123134
2513113966;123135
2513134376;123136
2513154785;123137
2513175194;123138
2513195603;123139
2513216013;123140
2513236423;123141
2513256832;123142
2513277242;123143
2513297651;123144
2513318060;123145
2513338470;123146
2513358880;123147
2513379289;123148
2513399698;123149
2513420108;123150
2513440517;123151
2513460931;123152
2513481336;123153
2513501746;123154
2513522159;123155
2513542565;123156
2513562975;123157
2513583384;123158
2513603793;123159
2513624202;123160
2513644612;123161
2513665025;123162
2513685431;123163
2513705841;123164
2513726250;123165
2513746660;123166
2513767069;123167
2513787479;123168
2513807888;123169
2513828301;123170
2513848706;123171
2513869116;123172
2513889526;123173
2513909935;123174
2513930345;123175
2513950754;123176
2513971164;123177
2513991573;123178
2514011983;123179
2514032393;123180
2514052802;123181
2514073211;123182
2514093620;123183
2514114030;123184
2514134439;123185
2514154849;123186
2514175258;123187
2514195701;123188
2514216111;123189
2514236520;123190
2514256930;123191
2514277339;123192
2514297748;123193
2514318158;123194
2514338567;123195
2514358977;123196
2514379387;123197
2514399796;123198
2514420206;123199
2514440616;123200
2514461025;123201
2514481435;123202
2514501844;123203
2514522253;123204
2514542663;123205
2514563072;123206
2514583486;123207
2514603892;123208
2514624301;123209
2514644711;123210
2514665121;123211
2514685530;123212
2514705940;123213
2514726348;123214
2514746758;123215
2514767168;123216
2514787577;123217
2514807987;123218
2514828397;123219
2514848806;123220
2514869216;123221
2514889625;123222
2514910035;123223
2514930445;123224
2514950853;123225
2514971263;123226
2514991673;123227
2515012086;123228
2515032492;123229
2515052901;123230
2515073311;123231
2515093721;123232
2515114130;123233
2515134540;123234
2515154950;123235
2515175359;123236
2515195768;123237
2515216177;123238
2515236587;123239
2515256997;123240
2515277410;123241
2515297816;123242
2515318226;123243
2515338635;123244
2515359045;123245
2515379455;123246
2515399863;123247
2515420273;123248
2515440682;123249
2515461092;123250
2515481502;123251
2515501911;123252
2515522321;123253
2515542731;123254
2515563140;123255
2515583550;123256
2515603959;123257
2515624369;123258
2515644778;123259
2515665187;123260
2515685597;123261
2515706007;123262
2515726416;123263
2515746826;123264
2515767235;123265
2515787645;123266
2515808055;123267
2515828464;123268
2515848873;123269
2515869283;123270
2515889692;123271
2515910106;123272
2515930511;123273
2515950921;123274
2515971331;123275
2515991740;123276
2516012150;123277
2516032560;123278
2516052969;123279
2516073378;123280
2516093788;123281
2516114197;123282
2516134607;123283
2516155016;123284
2516175426;123285
2516195836;123286
2516216249;123287
2516236655;123288
2516257065;123289
2516277473;123290
2516297883;123291
2516318292;123292
2516338702;123293
2516359112;123294
2516379521;123295
2516399931;123296
2516420341;123297
2516440754;123298
2516461160;123299
2516481569;123300
2516501978;123301
2516522388;123302
2516542797;123303
2516563207;123304
2516583617;123305
2516604026;123306
2516624440;123307
2516644845;123308
2516665255;123309
2516685665;123310
2516706074;123311
2516726483;123312
2516746893;123313
2516767302;123314
2516787712;123315
2516808122;123316
2516828531;123317
2516848941;123318
2516869350;123319
2516889760;123320
2516910170;123321
2516930583;123322
2516950989;123323
2516971398;123324
2516991807;123325
2517012217;123326
2517032626;123327
2517053040;123328
2517073446;123329
2517093855;123330
2517114269;123331
2517134675;123332
2517155084;123333
2517175493;123334
2517195902;123335
2517216312;123336
2517236722;123337
2517257131;123338
2517277545;123339
2517297951;123340
2517318360;123341
2517338770;123342
2517359179;123343
2517379589;123344
2517399998;123345
2517420407;123346
2517440817;123347
2517461227;123348
2517481636;123349
2517502046;123350
2517522456;123351
2517542865;123352
2517563275;123353
2517583684;123354
2517604094;123355
2517624503;123356
2517644912;123357
2517665322;123358
2517685732;123359
2517706141;123360
2517726551;123361
2517746960;123362
2517767370;123363
2517787784;123364
2517808189;123365
2517828599;123366
2517849008;123367
2517869421;123368
2517889827;123369
2517910236;123370
2517930650;123371
2517951056;123372
2517971465;123373
2517991875;123374
2518012285;123375
2518032694;123376
2518053103;123377
2518073512;123378
2518093922;123379
2518114332;123380
2518134741;123381
2518155151;123382
2518175561;123383
2518195970;123384
2518216380;123385
2518236790;123386
2518257199;123387
2518277609;123388
2518298017;123389
2518318427;123390
2518338837;123391
2518359246;123392
2518379656;123393
2518400066;123394
2518420475;123395
2518440885;123396
2518461294;123397
2518481704;123398
2518502113;123399
2518522522;123400
2518542932;123401
2518563342;123402
2518583751;123403
2518604161;123404
2518624570;123405
2518644980;123406
2518665390;123407
2518685799;123408
2518706209;123409
2518726618;123410
2518747027;123411
2518767437;123412
2518787846;123413
2518808256;123414
2518828666;123415
2518849075;123416
2518869485;123417
2518889895;123418
2518910308;123419
2518930714;123420
2518951124;123421
2518971532;123422
2518991942;123423
2519012351;123424
2519032761;123425
2519053171;123426
2519073580;123427
2519093990;123428
2519114400;123429
2519134809;123430
2519155219;123431
2519175627;123432
2519196037;123433
2519216451;123434
2519236856;123435
2519257266;123436
2519277676;123437
2519298085;123438
2519318495;123439
2519338904;123440
2519359314;123441
2519379724;123442
2519400132;123443
2519420542;123444
2519440952;123445
2519461361;123446
2519481771;123447
2519502180;123448
2519522590;123449
2519543000;123450
2519563409;123451
2519583819;123452
2519604229;123453
2519624641;123454
2519645047;123455
2519665457;123456
2519685866;123457
2519706276;123458
2519726685;123459
2519747095;123460
2519767505;123461
2519787914;123462
2519808324;123463
2519828734;123464
2519849142;123465
2519869552;123466
2519889961;123467
2519910371;123468
2519930781;123469
2519951190;123470
2519971600;123471
2519992010;123472
2520012419;123473
2520032829;123474
2520053238;123475
2520073647;123476
2520094057;123477
2520114466;123478
2520134876;123479
2520155286;123480
2520175695;123481
2520196105;123482
2520216514;123483
2520236924;123484
2520257334;123485
2520277742;123486
2520298153;123487
2520318562;123488
2520338971;123489
2520359381;123490
2520379791;123491
2520400200;123492
2520420610;123493
2520441019;123494
2520461429;123495
2520481839;123496
2520502248;123497
2520522657;123498
2520543067;123499
2520563476;123500
2520583886;123501
2520604295;123502
2520624705;123503
2520645115;123504
2520665524;123505
2520685934;123506
2520706344;123507
2520726753;123508
2520747162;123509
2520767571;123510
2520787981;123511
2520808391;123512
2520828800;123513
2520849210;123514
2520869620;123515
2520890029;123516
2520910439;123517
2520930848;123518
2520951258;123519
2520971667;123520
2520992076;123521
2521012490;123522
2521032900;123523
2521053305;123524
2521073719;123525
2521094125;123526
2521114534;123527
2521134944;123528
2521155353;123529
2521175763;123530
2521196176;123531
2521216581;123532
2521236991;123533
2521257401;123534
2521277810;123535
2521298220;123536
2521318629;123537
2521339039;123538
2521359449;123539
2521379858;123540
2521400267;123541
2521420677;123542
2521441086;123543
2521461496;123544
2521481905;123545
2521502315;123546
2521522725;123547
2521543134;123548
2521563544;123549
2521583954;123550
2521604363;123551
2521624772;123552
2521645181;123553
2521665591;123554
2521686001;123555
2521706410;123556
2521726820;123557
2521747230;123558
2521767639;123559
2521788049;123560
2521808459;123561
2521828868;123562
2521849278;123563
2521869686;123564
2521890096;123565
2521910506;123566
2521930915;123567
2521951325;123568
2521971739;123569
2521992144;123570
2522012554;123571
2522032963;123572
2522053373;123573
2522073782;123574
2522094191;123575
2522114601;123576
2522135011;123577
2522155420;123578
2522175830;123579
2522196239;123580
2522216649;123581
2522237063;123582
2522257468;123583
2522277878;123584
2522298287;123585
2522318696;123586
2522339106;123587
2522359515;123588
2522379925;123589
2522400335;123590
2522420748;123591
2522441154;123592
2522461564;123593
2522481973;123594
2522502383;123595
2522522792;123596
2522543201;123597
2522563611;123598
2522584020;123599
2522604430;123600
2522624840;123601
2522645249;123602
2522665659;123603
2522686069;123604
2522706478;123605
2522726888;123606
2522747296;123607
2522767706;123608
2522788116;123609
2522808525;123610
2522828939;123611
2522849345;123612
2522869754;123613
2522890164;123614
2522910573;123615
2522930983;123616
2522951393;123617
2522971802;123618
2522992211;123619
2523012625;123620
2523033030;123621
2523053440;123622
2523073849;123623
2523094259;123624
2523114669;123625
2523135078;123626
2523155492;123627
2523175901;123628
2523196306;123629
2523216716;123630
2523237126;123631
2523257539;123632
2523277949;123633
2523298358;123634
2523318764;123635
2523339174;123636
2523359583;123637
2523379993;123638
2523400403;123639
2523420811;123640
2523441221;123641
2523461630;123642
2523482040;123643
2523502450;123644
2523522859;123645
2523543269;123646
2523563679;123647
2523584088;123648
2523604498;123649
2523624907;123650
2523645316;123651
2523665726;123652
2523686135;123653
2523706545;123654
2523726955;123655
2523747364;123656
2523767774;123657
2523788183;123658
2523808593;123659
2523829003;123660
2523849411;123661
2523869825;123662
2523890231;123663
2523910640;123664
2523931050;123665
2523951464;123666
2523971869;123667
2523992279;123668
2524012688;123669
2524033098;123670
2524053508;123671
2524073916;123672
2524094326;123673
2524114736;123674
2524135149;123675
2524155555;123676
2524175964;123677
2524196303;123678
2524216712;123679
2524237122;123680
2524257531;123681
2524277941;123682
2524298349;123683
2524318763;123684
2524339168;123685
2524359578;123686
2524379987;123687
2524400397;123688
2524420806;123689
2524441216;123690
2524461625;123691
2524482035;123692
2524502444;123693
2524522857;123694
2524543262;123695
2524563672;123696
2524584081;123697
2524604491;123698
2524624900;123699
2524645310;123700
2524665719;123701
2524686129;123702
2524706538;123703
2524726948;123704
2524747357;123705
2524767765;123706
2524788175;123707
2524808584;123708
2524828994;123709
2524849403;123710
2524869817;123711
2524890222;123712
2524910636;123713
2524931041;123714
2524951451;123715
2524971859;123716
2524992273;123717
2525012678;123718
2525033088;123719
2525053497;123720
2525073907;123721
2525094316;123722
2525114726;123723
2525135135;123724
2525155545;123725
2525175953;123726
2525196367;123727
2525216772;123728
2525237182;123729
2525257591;123730
2525278001;123731
2525298410;123732
2525318820;123733
2525339229;123734
2525359638;123735
2525380048;123736
2525400457;123737
2525420866;123738
2525441275;123739
2525461685;123740
2525482098;123741
2525502504;123742
2525522913;123743
2525543323;123744
2525563732;123745
2525584142;123746
2525604551;123747
2525624961;123748
2525645373;123749
2525665779;123750
2525686188;123751
2525706598;123752
2525727007;123753
2525747417;123754
2525767826;123755
2525788236;123756
2525808645;123757
2525829055;123758
2525849463;123759
2525869874;123760
2525890282;123761
2525910692;123762
2525931101;123763
2525951511;123764
2525971920;123765
2525992329;123766
2526012739;123767
2526033148;123768
2526053558;123769
2526073967;123770
2526094376;123771
2526114785;123772
2526135195;123773
2526155604;123774
2526176014;123775
2526196423;123776
2526216833;123777
2526237242;123778
2526257652;123779
2526278061;123780
2526298471;123781
2526318879;123782
2526339289;123783
2526359698;123784
2526380108;123785
2526400517;123786
2526420927;123787
2526441336;123788
2526461746;123789
2526482155;123790
2526502565;123791
2526522974;123792
2526543383;123793
2526563792;123794
2526584202;123795
2526604611;123796
2526625020;123797
2526645430;123798
2526665839;123799
2526686249;123800
2526706658;123801
2526727068;123802
2526747476;123803
2526767886;123804
2526788295;123805
2526808705;123806
2526829114;123807
2526849524;123808
2526869933;123809
2526890343;123810
2526910752;123811
2526931162;123812
2526951571;123813
2526971981;123814
2526992389;123815
2527012799;123816
2527033208;123817
2527053618;123818
2527074031;123819
2527094437;123820
2527114846;123821
2527135256;123822
2527155665;123823
2527176075;123824
2527196483;123825
2527216893;123826
2527237302;123827
2527257711;123828
2527278121;123829
2527298530;123830
2527318940;123831
2527339349;123832
2527359759;123833
2527380168;123834
2527400578;123835
2527420986;123836
2527441396;123837
2527461805;123838
2527482215;123839
2527502624;123840
2527523034;123841
2527543447;123842
2527563853;123843
2527584262;123844
2527604672;123845
2527625080;123846
2527645490;123847
2527665899;123848
2527686309;123849
2527706718;123850
2527727132;123851
2527747537;123852
2527767947;123853
2527788356;123854
2527808766;123855
2527829175;123856
2527849585;123857
2527869993;123858
2527890402;123859
2527910812;123860
2527931221;123861
2527951631;123862
2527972040;123863
2527992450;123864
2528012859;123865
2528033269;123866
2528053678;123867
2528074087;123868
2528094496;123869
2528114906;123870
2528135315;123871
2528155725;123872
2528176134;123873
2528196544;123874
2528216957;123875
2528237363;123876
2528257772;123877
2528278182;123878
2528298590;123879
2528319000;123880
2528339413;123881
2528359819;123882
2528380228;123883
2528400638;123884
2528421047;123885
2528441457;123886
2528461866;123887
2528482275;123888
2528502684;123889
2528523093;123890
2528543503;123891
2528563912;123892
2528584322;123893
2528604731;123894
2528625141;123895
2528645550;123896
2528665960;123897
2528686369;123898
2528706779;123899
2528727188;123900
2528747601;123901
2528768010;123902
2528788416;123903
2528808825;123904
2528829235;123905
2528849644;123906
2528870054;123907
2528890463;123908
2528910873;123909
2528931282;123910
2528951691;123911
2528972100;123912
2528992510;123913
2529012919;123914
2529033329;123915
2529053738;123916
2529074148;123917
2529094557;123918
2529114966;123919
2529135376;123920
2529155785;123921
2529176194;123922
2529196603;123923
2529217013;123924
2529237422;123925
2529257832;123926
2529278241;123927
2529298651;123928
2529319060;123929
2529339470;123930
2529359879;123931
2529380289;123932
2529400697;123933
2529421107;123934
2529441516;123935
2529461926;123936
2529482335;123937
2529502745;123938
2529523154;123939
2529543564;123940
2529563973;123941
2529584386;123942
2529604792;123943
2529625201;123944
2529645610;123945
2529666020;123946
2529686429;123947
2529706839;123948
2529727248;123949
2529747657;123950
2529768067;123951
2529788476;123952
2529808886;123953
2529829295;123954
2529849704;123955
2529870113;123956
2529890523;123957
2529910932;123958
2529931342;123959
2529951755;123960
2529972161;123961
2529992570;123962
2530012980;123963
2530033389;123964
2530053799;123965
2530074207;123966
2530094617;123967
2530115026;123968
2530135436;123969
2530155845;123970
2530176255;123971
2530196668;123972
2530217074;123973
2530237487;123974
2530257893;123975
2530278301;123976
2530298711;123977
2530319120;123978
2530339534;123979
2530359939;123980
2530380348;123981
2530400758;123982
2530421171;123983
2530441577;123984
2530461986;123985
2530482399;123986
2530502805;123987
2530523214;123988
2530543623;123989
2530564033;123990
2530584442;123991
2530604852;123992
2530625261;123993
2530645671;123994
2530666080;123995
2530686490;123996
2530706898;123997
2530727308;123998
2530747717;123999
2530768127;124000
2530788536;124001
2530808950;124002
2530829355;124003
2530849765;124004
2530870174;124005
2530890584;124006
2530910997;124007
2530931402;124008
2530951811;124009
2530972225;124010
2530992630;124011
2531013039;124012
2531033449;124013
2531053858;124014
2531074268;124015
2531094677;124016
2531115087;124017
2531135496;124018
2531155906;124019
2531176314;124020
2531196724;124021
2531217133;124022
2531237543;124023
2531257952;124024
2531278362;124025
2531298775;124026
2531319181;124027
2531339590;124028
2531360000;124029
2531380409;124030
2531400818;124031
2531421227;124032
2531441637;124033
2531462046;124034
2531482456;124035
2531502865;124036
2531523275;124037
2531543684;124038
2531564094;124039
2531584503;124040
2531604915;124041
2531625321;124042
2531645730;124043
2531666140;124044
2531686549;124045
2531706959;124046
2531727368;124047
2531747778;124048
2531768187;124049
2531788597;124050
2531809006;124051
2531829416;124052
2531849824;124053
2531870234;124054
2531890643;124055
2531911053;124056
2531931466;124057
2531951872;124058
2531972281;124059
2531992691;124060
2532013104;124061
2532033510;124062
2532053918;124063
2532074328;124064
2532094737;124065
2532115147;124066
2532135556;124067
2532155966;124068
2532176375;124069
2532196785;124070
2532217194;124071
2532237603;124072
2532258012;124073
2532278421;124074
2532298831;124075
2532319240;124076
2532339650;124077
2532360059;124078
2532380469;124079
2532400878;124080
2532421288;124081
2532441697;124082
2532462107;124083
2532482519;124084
2532502929;124085
2532523334;124086
2532543744;124087
2532564153;124088
2532584563;124089
2532604972;124090
2532625382;124091
2532645791;124092
2532666201;124093
2532686610;124094
2532707023;124095
2532727428;124096
2532747838;124097
2532768247;124098
2532788657;124099
2532809066;124100
2532829476;124101
2532849885;124102
2532870294;124103
2532890704;124104
2532911113;124105
2532931522;124106
2532951931;124107
2532972341;124108
2532992754;124109
2533013160;124110
2533033569;124111
2533053979;124112
2533074388;124113
2533094802;124114
2533115207;124115
2533135617;124116
2533156025;124117
2533176435;124118
2533196844;124119
2533217254;124120
2533237663;124121
2533258073;124122
2533278482;124123
2533298892;124124
2533319301;124125
2533339711;124126
2533360120;124127
2533380533;124128
2533400938;124129
2533421348;124130
2533441757;124131
2533462167;124132
2533482576;124133
2533502985;124134
2533523395;124135
2533543804;124136
2533564214;124137
2533584623;124138
2533605032;124139
2533625441;124140
2533645851;124141
2533666260;124142
2533686670;124143
2533707079;124144
2533727489;124145
2533747898;124146
2533768308;124147
2533788717;124148
2533809130;124149
2533829535;124150
2533849945;124151
2533870354;124152
2533890764;124153
2533911173;124154
2533931583;124155
2533951992;124156
2533972406;124157
2533992811;124158
2534013221;124159
2534033629;124160
2534054039;124161
2534074452;124162
2534094858;124163
2534115267;124164
2534135676;124165
2534156086;124166
2534176495;124167
2534197009;124168
2534217419;124169
2534237829;124170
2534258237;124171
2534278647;124172
2534299061;124173
2534319466;124174
2534339876;124175
2534360286;124176
2534380695;124177
2534401105;124178
2534421515;124179
2534441924;124180
2534462334;124181
2534482744;124182
2534503153;124183
2534523562;124184
2534543972;124185
2534564382;124186
2534584791;124187
2534605201;124188
2534625611;124189
2534646020;124190
2534666430;124191
2534686843;124192
2534707249;124193
2534727658;124194
2534748068;124195
2534768482;124196
2534788887;124197
2534809297;124198
2534829707;124199
2534850116;124200
2534870526;124201
2534890936;124202
2534911345;124203
2534931754;124204
2534952164;124205
2534972574;124206
2534992983;124207
2535013393;124208
2535033807;124209
2535054216;124210
2535074622;124211
2535095032;124212
2535115441;124213
2535135851;124214
2535156260;124215
2535176670;124216
2535197079;124217
2535217489;124218
2535237899;124219
2535258308;124220
2535278718;124221
2535299128;124222
2535319541;124223
2535339947;124224
2535360357;124225
2535380765;124226
2535401175;124227
2535421585;124228
2535441995;124229
2535462408;124230
2535482814;124231
2535503224;124232
2535523633;124233
2535544043;124234
2535564453;124235
2535584862;124236
2535605271;124237
2535625681;124238
2535646091;124239
2535666500;124240
2535686910;124241
2535707320;124242
2535727729;124243
2535748139;124244
2535768549;124245
2535788958;124246
2535809367;124247
2535829777;124248
2535850186;124249
2535870600;124250
2535891006;124251
2535911416;124252
2535931825;124253
2535952235;124254
2535972645;124255
2535993054;124256
2536013464;124257
2536033873;124258
2536054282;124259
2536074692;124260
2536095102;124261
2536115512;124262
2536135921;124263
2536156331;124264
2536176741;124265
2536197150;124266
2536217560;124267
2536237970;124268
2536258378;124269
2536278788;124270
2536299198;124271
2536319607;124272
2536340017;124273
2536360427;124274
2536380837;124275
2536401246;124276
2536421656;124277
2536442066;124278
2536462475;124279
2536482885;124280
2536503298;124281
2536523703;124282
2536544113;124283
2536564523;124284
2536584933;124285
2536605342;124286
2536625756;124287
2536646162;124288
2536666575;124289
2536686981;124290
2536707390;124291
2536727799;124292
2536748209;124293
2536768619;124294
2536789028;124295
2536809438;124296
2536829848;124297
2536850258;124298
2536870667;124299
2536891077;124300
2536911487;124301
2536931895;124302
2536952305;124303
2536972715;124304
2536993124;124305
2537013534;124306
2537033944;124307
2537054354;124308
2537074763;124309
2537095173;124310
2537115583;124311
2537135992;124312
2537156402;124313
2537176811;124314
2537197220;124315
2537217630;124316
2537238040;124317
2537258450;124318
2537278859;124319
2537299269;124320
2537319679;124321
2537340092;124322
2537360498;124323
2537380908;124324
2537401316;124325
2537421726;124326
2537442136;124327
2537462545;124328
2537482955;124329
2537503365;124330
2537523775;124331
2537544184;124332
2537564594;124333
2537585004;124334
2537605413;124335
2537625822;124336
2537646232;124337
2537666641;124338
2537687051;124339
2537707461;124340
2537727871;124341
2537748280;124342
2537768690;124343
2537789100;124344
2537809509;124345
2537829918;124346
2537850328;124347
2537870737;124348
2537891147;124349
2537911557;124350
2537931966;124351
2537952376;124352
2537972786;124353
2537993196;124354
2538013609;124355
2538034015;124356
2538054428;124357
2538074833;124358
2538095243;124359
2538115653;124360
2538136062;124361
2538156472;124362
2538176882;124363
2538197296;124364
2538217701;124365
2538238111;124366
2538258521;124367
2538278930;124368
2538299339;124369
2538319749;124370
2538340158;124371
2538360568;124372
2538380978;124373
2538401387;124374
2538421797;124375
2538442207;124376
2538462617;124377
2538483026;124378
2538503435;124379
2538523845;124380
2538544254;124381
2538564664;124382
2538585078;124383
2538605483;124384
2538625893;124385
2538646303;124386
2538666713;124387
2538687122;124388
2538707532;124389
2538727942;124390
2538748350;124391
2538768760;124392
2538789170;124393
2538809579;124394
2538829989;124395
2538850399;124396
2538870808;124397
2538891218;124398
2538911632;124399
2538932038;124400
2538952446;124401
2538972856;124402
2538993266;124403
2539013675;124404
2539034085;124405
2539054495;124406
2539074904;124407
2539095314;124408
2539115724;124409
2539136134;124410
2539156543;124411
2539176952;124412
2539197362;124413
2539217771;124414
2539238181;124415
2539258591;124416
2539279000;124417
2539299410;124418
2539319820;124419
2539340229;124420
2539360639;124421
2539381049;124422
2539401458;124423
2539421867;124424
2539442277;124425
2539462691;124426
2539483096;124427
2539503506;124428
2539523916;124429
2539544329;124430
2539564735;124431
2539585145;124432
2539605555;124433
2539625963;124434
2539646373;124435
2539666783;124436
2539687192;124437
2539707602;124438
2539728012;124439
2539748421;124440
2539768835;124441
2539789241;124442
2539809650;124443
2539830060;124444
2539850469;124445
2539870879;124446
2539891288;124447
2539911698;124448
2539932108;124449
2539952517;124450
2539972927;124451
2539993337;124452
2540013746;124453
2540034156;124454
2540054566;124455
2540074975;124456
2540095384;124457
2540115794;124458
2540136204;124459
2540156613;124460
2540177023;124461
2540197433;124462
2540217846;124463
2540238256;124464
2540258662;124465
2540279070;124466
2540299480;124467
2540319890;124468
2540340300;124469
2540360709;124470
2540381119;124471
2540401529;124472
2540421942;124473
2540442348;124474
2540462758;124475
2540483167;124476
2540503577;124477
2540523986;124478
2540544396;124479
2540564805;124480
2540585215;124481
2540605625;124482
2540626034;124483
2540646444;124484
2540666854;124485
2540687263;124486
2540707673;124487
2540728083;124488
2540748496;124489
2540768905;124490
2540789311;124491
2540809721;124492
2540830130;124493
2540850540;124494
2540870954;124495
2540891359;124496
2540911769;124497
2540932179;124498
2540952588;124499
2540972997;124500
2540993407;124501
2541013817;124502
2541034226;124503
2541054636;124504
2541075046;124505
2541095455;124506
2541115865;124507
2541136275;124508
2541156684;124509
2541177093;124510
2541197503;124511
2541217913;124512
2541238322;124513
2541258732;124514
2541279142;124515
2541299551;124516
2541319961;124517
2541340371;124518
2541360780;124519
2541381190;124520
2541401600;124521
2541422008;124522
2541442418;124523
2541462828;124524
2541483238;124525
2541503647;124526
2541524057;124527
2541544467;124528
2541564876;124529
2541585286;124530
2541605696;124531
2541626108;124532
2541646514;124533
2541666924;124534
2541687334;124535
2541707743;124536
2541728153;124537
2541748563;124538
2541768972;124539
2541789381;124540
2541809792;124541
2541830201;124542
2541850610;124543
2541871020;124544
2541891429;124545
2541911839;124546
2541932249;124547
2541952659;124548
2541973068;124549
2541993478;124550
2542013888;124551
2542034297;124552
2542054706;124553
2542075116;124554
2542095525;124555
2542115939;124556
2542136345;124557
2542156755;124558
2542177164;124559
2542197574;124560
2542217984;124561
2542238393;124562
2542258803;124563
2542279212;124564
2542299621;124565
2542320031;124566
2542340441;124567
2542360850;124568
2542381260;124569
2542401670;124570
2542422080;124571
2542442489;124572
2542462899;124573
2542483309;124574
2542503718;124575
2542524127;124576
2542544537;124577
2542564950;124578
2542585356;124579
2542605766;124580
2542626176;124581
2542646589;124582
2542666995;124583
2542687405;124584
2542707813;124585
2542728223;124586
2542748637;124587
2542769042;124588
2542789452;124589
2542809862;124590
2542830271;124591
2542850681;124592
2542871091;124593
2542891501;124594
2542911914;124595
2542932319;124596
2542952729;124597
2542973142;124598
2542993548;124599
2543013958;124600
2543034367;124601
2543054777;124602
2543075187;124603
2543095597;124604
2543116006;124605
2543136416;124606
2543156826;124607
2543177234;124608
2543197644;124609
2543218054;124610
2543238463;124611
2543258873;124612
2543279283;124613
2543299692;124614
2543320102;124615
2543340512;124616
2543360922;124617
2543381334;124618
2543401740;124619
2543422150;124620
2543442559;124621
2543462969;124622
2543483379;124623
2543503788;124624
2543524198;124625
2543544612;124626
2543565018;124627
2543585427;124628
2543605836;124629
2543626246;124630
2543646655;124631
2543667065;124632
2543687475;124633
2543707884;124634
2543728294;124635
2543748704;124636
2543769113;124637
2543789523;124638
2543809933;124639
2543830342;124640
2543850751;124641
2543871161;124642
2543891571;124643
2543911980;124644
2543932390;124645
2543952800;124646
2543973209;124647
2543993623;124648
2544014029;124649
2544034439;124650
2544054847;124651
2544075257;124652
2544095667;124653
2544116076;124654
2544136486;124655
2544156896;124656
2544177305;124657
2544197586;124658
2544217999;124659
2544238405;124660
2544258813;124661
2544279223;124662
2544299632;124663
2544320041;124664
2544340451;124665
2544360860;124666
2544381270;124667
2544401679;124668
2544422093;124669
2544442498;124670
2544462908;124671
2544483317;124672
2544503725;124673
2544524135;124674
2544544544;124675
2544564954;124676
2544585367;124677
2544605773;124678
2544626182;124679
2544646591;124680
2544667001;124681
2544687410;124682
2544707820;124683
2544728228;124684
2544748638;124685
2544769047;124686
2544789456;124687
2544809870;124688
2544830275;124689
2544850685;124690
2544871098;124691
2544891504;124692
2544911913;124693
2544932322;124694
2544952731;124695
2544973140;124696
2544993550;124697
2545013959;124698
2545034373;124699
2545054778;124700
2545075187;124701
2545095597;124702
2545116006;124703
2545136416;124704
2545156824;124705
2545177234;124706
2545197643;124707
2545218053;124708
2545238462;124709
2545258871;124710
2545279281;124711
2545299690;124712
2545320100;124713
2545340509;124714
2545360919;124715
2545381327;124716
2545401736;124717
2545422146;124718
2545442555;124719
2545462965;124720
2545483374;124721
2545503784;124722
2545524193;124723
2545544602;124724
2545565012;124725
2545585421;124726
2545605830;124727
2545626239;124728
2545646649;124729
2545667058;124730
2545687467;124731
2545707877;124732
2545728290;124733
2545748696;124734
2545769105;124735
2545789515;124736
2545809923;124737
2545830332;124738
2545850742;124739
2545871151;124740
2545891561;124741
2545911970;124742
2545932380;124743
2545952789;124744
2545973199;124745
2545993608;124746
2546014017;124747
2546034426;124748
2546054835;124749
2546075245;124750
2546095654;124751
2546116064;124752
2546136473;124753
2546156882;124754
2546177292;124755
2546197705;124756
2546218115;124757
2546238520;124758
2546258930;124759
2546279338;124760
2546299747;124761
2546320157;124762
2546340566;124763
2546360976;124764
2546381385;124765
2546401795;124766
2546422204;124767
2546442613;124768
2546463023;124769
2546483431;124770
2546503841;124771
2546524254;124772
2546544660;124773
2546565073;124774
2546585479;124775
2546605888;124776
2546626297;124777
2546646707;124778
2546667116;124779
2546687526;124780
2546707935;124781
2546728344;124782
2546748753;124783
2546769162;124784
2546789572;124785
2546809981;124786
2546830391;124787
2546850800;124788
2546871210;124789
2546891623;124790
2546912028;124791
2546932437;124792
2546952850;124793
2546973256;124794
2546993665;124795
2547014075;124796
2547034484;124797
2547054897;124798
2547075303;124799
2547095712;124800
2547116122;124801
2547136531;124802
2547156940;124803
2547177349;124804
2547197758;124805
2547218168;124806
2547238577;124807
2547258987;124808
2547279400;124809
2547299806;124810
2547320219;124811
2547340624;124812
2547361033;124813
2547381442;124814
2547401852;124815
2547422261;124816
2547442671;124817
2547463080;124818
2547483490;124819
2547503899;124820
2547524308;124821
2547544718;124822
2547565127;124823
2547585536;124824
2547605945;124825
2547626355;124826
2547646764;124827
2547667173;124828
2547687583;124829
2547707992;124830
2547728402;124831
2547748811;124832
2547769221;124833
2547789630;124834
2547810039;124835
2547830452;124836
2547850857;124837
2547871267;124838
2547891676;124839
2547912086;124840
2547932495;124841
2547952904;124842
2547973314;124843
2547993723;124844
2548014133;124845
2548034542;124846
2548054951;124847
2548075360;124848
2548095770;124849
2548116179;124850
2548136588;124851
2548156998;124852
2548177407;124853
2548197817;124854
2548218226;124855
2548238636;124856
2548259044;124857
2548279453;124858
2548299863;124859
2548320272;124860
2548340682;124861
2548361091;124862
2548381501;124863
2548401910;124864
2548422319;124865
2548442729;124866
2548463138;124867
2548483551;124868
2548503956;124869
2548524366;124870
2548544775;124871
2548565184;124872
2548585598;124873
2548606003;124874
2548626413;124875
2548646822;124876
2548667232;124877
2548687641;124878
2548708049;124879
2548728459;124880
2548748868;124881
2548769278;124882
2548789687;124883
2548810097;124884
2548830506;124885
2548850916;124886
2548871325;124887
2548891734;124888
2548912144;124889
2548932552;124890
2548952962;124891
2548973371;124892
2548993781;124893
2549014190;124894
2549034599;124895
2549055009;124896
2549075418;124897
2549095828;124898
2549116237;124899
2549136647;124900
2549157056;124901
2549177464;124902
2549197874;124903
2549218283;124904
2549238693;124905
2549259102;124906
2549279512;124907
2549299921;124908
2549320330;124909
2549340740;124910
2549361149;124911
2549381558;124912
2549401967;124913
2549422377;124914
2549442786;124915
2549463196;124916
2549483605;124917
2549504014;124918
2549524424;124919
2549544833;124920
2549565243;124921
2549585652;124922
2549606061;124923
2549626470;124924
2549646883;124925
2549667289;124926
2549687698;124927
2549708108;124928
2549728517;124929
2549748931;124930
2549769336;124931
2549789745;124932
2549810155;124933
2549830563;124934
2549850973;124935
2549871382;124936
2549891792;124937
2549912201;124938
2549932610;124939
2549953020;124940
2549973429;124941
2549993839;124942
2550014248;124943
2550034658;124944
2550055070;124945
2550075475;124946
2550095885;124947
2550116294;124948
2550136704;124949
2550157113;124950
2550177523;124951
2550197932;124952
2550218342;124953
2550238751;124954
2550259160;124955
2550279569;124956
2550299978;124957
2550320388;124958
2550340797;124959
2550361207;124960
2550381616;124961
2550402025;124962
2550422439;124963
2550442844;124964
2550463254;124965
2550483663;124966
2550504072;124967
2550524481;124968
2550544890;124969
2550565300;124970
2550585709;124971
2550606119;124972
2550626528;124973
2550646938;124974
2550667347;124975
2550687756;124976
2550708165;124977
2550728574;124978
2550748984;124979
2550769393;124980
2550789803;124981
2550810212;124982
2550830621;124983
2550851031;124984
2550871440;124985
2550891850;124986
2550912259;124987
2550932669;124988
2550953081;124989
2550973487;124990
2550993896;124991
2551014305;124992
2551034715;124993
2551055124;124994
2551075534;124995
2551095943;124996
2551116353;124997
2551136762;124998
2551157174;124999
2551177580;125000
2551197989;125001
2551218399;125002
2551238812;125003
2551259218;125004
2551279627;125005
2551300036;125006
2551320446;125007
2551340855;125008
2551361264;125009
2551381673;125010
2551402083;125011
2551422492;125012
2551442901;125013
2551463311;125014
2551483720;125015
2551504134;125016
2551524539;125017
2551544949;125018
2551565358;125019
2551585768;125020
2551606176;125021
2551626585;125022
2551646995;125023
2551667404;125024
2551687814;125025
2551708223;125026
2551728633;125027
2551749046;125028
2551769451;125029
2551789861;125030
2551810269;125031
2551830683;125032
2551851088;125033
2551871498;125034
2551891907;125035
2551912316;125036
2551932726;125037
2551953135;125038
2551973545;125039
2551993954;125040
2552014364;125041
2552034772;125042
2552055181;125043
2552075591;125044
2552096004;125045
2552116410;125046
2552136819;125047
2552157229;125048
2552177638;125049
2552198047;125050
2552218457;125051
2552238866;125052
2552259279;125053
2552279684;125054
2552300094;125055
2552320503;125056
2552340913;125057
2552361322;125058
2552381731;125059
2552402141;125060
2552422550;125061
2552442960;125062
2552463369;125063
2552483778;125064
2552504187;125065
2552524596;125066
2552545006;125067
2552565415;125068
2552585825;125069
2552606234;125070
2552626644;125071
2552647053;125072
2552667462;125073
2552687872;125074
2552708280;125075
2552728690;125076
2552749099;125077
2552769509;125078
2552789918;125079
2552810327;125080
2552830741;125081
2552851146;125082
2552871556;125083
2552891965;125084
2552912375;125085
2552932787;125086
2552953192;125087
2552973602;125088
2552994011;125089
2553014421;125090
2553034830;125091
2553055240;125092
2553075649;125093
2553096059;125094
2553116468;125095
2553136877;125096
2553157286;125097
2553177695;125098
2553198105;125099
2553218514;125100
2553238924;125101
2553259333;125102
2553279742;125103
2553300152;125104
2553320561;125105
2553340971;125106
2553361380;125107
2553381789;125108
2553402198;125109
2553422607;125110
2553443017;125111
2553463426;125112
2553483836;125113
2553504245;125114
2553524655;125115
2553545064;125116
2553565473;125117
2553585883;125118
2553606291;125119
2553626701;125120
2553647110;125121
2553667520;125122
2553687929;125123
2553708338;125124
2553728748;125125
2553749157;125126
2553769567;125127
2553789976;125128
2553810389;125129
2553830794;125130
2553851204;125131
2553871613;125132
2553892022;125133
2553912432;125134
2553932841;125135
2553953251;125136
2553973660;125137
2553994070;125138
2554014479;125139
2554034888;125140
2554055301;125141
2554075706;125142
2554096116;125143
2554116525;125144
2554136935;125145
2554157344;125146
2554177753;125147
2554198209;125148
2554218618;125149
2554239028;125150
2554259438;125151
2554279847;125152
2554300256;125153
2554320669;125154
2554341075;125155
2554361484;125156
2554381894;125157
2554402303;125158
2554422713;125159
2554443122;125160
2554463532;125161
2554483941;125162
2554504351;125163
2554524759;125164
2554545169;125165
2554565578;125166
2554585988;125167
2554606397;125168
2554626807;125169
2554647217;125170
2554667626;125171
2554688036;125172
2554708445;125173
2554728854;125174
2554749263;125175
2554769673;125176
2554790082;125177
2554810492;125178
2554830901;125179
2554851311;125180
2554871720;125181
2554892130;125182
2554912539;125183
2554932949;125184
2554953357;125185
2554973767;125186
2554994176;125187
2555014586;125188
2555034996;125189
2555055405;125190
2555075815;125191
2555096224;125192
2555116638;125193
2555137043;125194
2555157453;125195
2555177861;125196
2555198271;125197
2555218680;125198
2555239090;125199
2555259499;125200
2555279909;125201
2555300318;125202
2555320728;125203
2555341137;125204
2555361547;125205
2555381957;125206
2555402365;125207
2555422775;125208
2555443184;125209
2555463594;125210
2555484003;125211
2555504413;125212
2555524822;125213
2555545232;125214
2555565641;125215
2555586051;125216
2555606460;125217
2555626869;125218
2555647278;125219
2555667692;125220
2555688097;125221
2555708511;125222
2555728916;125223
2555749326;125224
2555769740;125225
2555790145;125226
2555810555;125227
2555830964;125228
2555851373;125229
2555871782;125230
2555892192;125231
2555912601;125232
2555933011;125233
2555953420;125234
2555973830;125235
2555994239;125236
2556014649;125237
2556035058;125238
2556055468;125239
2556075876;125240
2556096286;125241
2556116695;125242
2556137105;125243
2556157515;125244
2556177924;125245
2556198334;125246
2556218743;125247
2556239153;125248
2556259562;125249
2556279971;125250
2556300381;125251
2556320790;125252
2556341203;125253
2556361609;125254
2556382018;125255
2556402428;125256
2556422837;125257
2556443247;125258
2556463656;125259
2556484066;125260
2556504475;125261
2556524888;125262
2556545294;125263
2556565703;125264
2556586113;125265
2556606522;125266
2556626932;125267
2556647341;125268
2556667755;125269
2556688160;125270
2556708570;125271
2556728979;125272
2556749388;125273
2556769801;125274
2556790211;125275
2556810616;125276
2556831026;125277
2556851435;125278
2556871845;125279
2556892254;125280
2556912664;125281
2556933074;125282
2556953483;125283
2556973892;125284
2556994301;125285
2557014711;125286
2557035120;125287
2557055530;125288
2557075939;125289
2557096349;125290
2557116758;125291
2557137168;125292
2557157577;125293
2557177986;125294
2557198395;125295
2557218805;125296
2557239218;125297
2557259624;125298
2557280037;125299
2557300443;125300
2557320853;125301
2557341266;125302
2557361672;125303
2557382085;125304
2557402491;125305
2557422899;125306
2557443309;125307
2557463718;125308
2557484128;125309
2557504537;125310
2557524947;125311
2557545356;125312
2557565766;125313
2557586175;125314
2557606585;125315
2557626994;125316
2557647403;125317
2557667812;125318
2557688222;125319
2557708632;125320
2557729041;125321
2557749451;125322
2557769860;125323
2557790270;125324
2557810679;125325
2557831093;125326
2557851497;125327
2557871907;125328
2557892316;125329
2557912726;125330
2557933135;125331
2557953545;125332
2557973954;125333
2557994364;125334
2558014773;125335
2558035183;125336
2558055592;125337
2558076002;125338
2558096411;125339
2558116820;125340
2558137230;125341
2558157639;125342
2558178049;125343
2558198458;125344
2558218868;125345
2558239277;125346
2558259687;125347
2558280096;125348
2558300509;125349
2558320914;125350
2558341324;125351
2558361733;125352
2558382143;125353
2558402552;125354
2558422962;125355
2558443375;125356
2558463781;125357
2558484195;125358
2558504603;125359
2558525009;125360
2558545418;125361
2558565828;125362
2558586237;125363
2558606647;125364
2558627056;125365
2558647466;125366
2558667875;125367
2558688285;125368
2558708694;125369
2558729104;125370
2558749512;125371
2558769922;125372
2558790331;125373
2558810741;125374
2558831150;125375
2558851560;125376
2558871970;125377
2558892379;125378
2558912789;125379
2558933198;125380
2558953607;125381
2558974016;125382
2558994426;125383
2559014835;125384
2559035245;125385
2559055658;125386
2559076064;125387
2559096473;125388
2559116883;125389
2559137292;125390
2559157702;125391
2559178111;125392
2559198520;125393
2559218933;125394
2559239339;125395
2559259749;125396
2559280158;125397
2559300568;125398
2559320977;125399
2559341387;125400
2559361796;125401
2559382206;125402
2559402615;125403
2559423024;125404
2559443433;125405
2559463843;125406
2559484252;125407
2559504662;125408
2559525071;125409
2559545481;125410
2559565890;125411
2559586300;125412
2559606709;125413
2559627119;125414
2559647528;125415
2559667937;125416
2559688347;125417
2559708756;125418
2559729166;125419
2559749575;125420
2559769989;125421
2559790394;125422
2559810804;125423
2559831213;125424
2559851622;125425
2559872031;125426
2559892445;125427
2559912850;125428
2559933260;125429
2559953669;125430
2559974079;125431
2559994488;125432
2560014898;125433
2560035308;125434
2560055717;125435
2560076127;125436
2560096535;125437
2560116945;125438
2560137354;125439
2560157764;125440
2560178173;125441
2560198583;125442
2560218992;125443
2560239402;125444
2560259811;125445
2560280224;125446
2560300629;125447
2560321039;125448
2560341452;125449
2560361858;125450
2560382268;125451
2560402677;125452
2560423087;125453
2560443496;125454
2560463906;125455
2560484315;125456
2560504725;125457
2560525133;125458
2560545543;125459
2560565952;125460
2560586366;125461
2560606771;125462
2560627181;125463
2560647594;125464
2560668000;125465
2560688409;125466
2560708819;125467
2560729227;125468
2560749637;125469
2560770047;125470
2560790456;125471
2560810866;125472
2560831275;125473
2560851685;125474
2560872094;125475
2560892504;125476
2560912913;125477
2560933323;125478
2560953732;125479
2560974142;125480
2560994554;125481
2561014960;125482
2561035369;125483
2561055779;125484
2561076192;125485
2561096598;125486
2561117007;125487
2561137417;125488
2561157827;125489
2561178236;125490
2561198645;125491
2561219054;125492
2561239464;125493
2561259873;125494
2561280283;125495
2561300692;125496
2561321102;125497
2561341511;125498
2561361921;125499
2561382330;125500
2561402739;125501
2561423148;125502
2561443558;125503
2561463967;125504
2561484377;125505
2561504786;125506
2561525196;125507
2561545606;125508
2561566015;125509
2561586425;125510
2561606834;125511
2561627243;125512
2561647652;125513
2561668062;125514
2561688471;125515
2561708881;125516
2561729290;125517
2561749700;125518
2561770109;125519
2561790519;125520
2561810928;125521
2561831338;125522
2561851746;125523
2561872156;125524
2561892565;125525
2561912975;125526
2561933385;125527
2561953794;125528
2561974204;125529
2561994613;125530
2562015023;125531
2562035432;125532
2562055842;125533
2562076251;125534
2562096660;125535
2562117069;125536
2562137479;125537
2562157888;125538
2562178298;125539
2562198707;125540
2562219117;125541
2562239526;125542
2562259936;125543
2562280345;125544
2562300755;125545
2562321164;125546
2562341573;125547
2562361983;125548
2562382392;125549
2562402802;125550
2562423211;125551
2562443621;125552
2562464030;125553
2562484444;125554
2562504849;125555
2562525258;125556
2562545667;125557
2562566077;125558
2562586486;125559
2562606896;125560
2562627305;125561
2562647715;125562
2562668124;125563
2562688534;125564
2562708944;125565
2562729353;125566
2562749763;125567
2562770171;125568
2562790581;125569
2562810990;125570
2562831400;125571
2562851813;125572
2562872219;125573
2562892628;125574
2562913038;125575
2562933447;125576
2562953857;125577
2562974265;125578
2562994675;125579
2563015084;125580
2563035494;125581
2563055903;125582
2563076313;125583
2563096723;125584
2563117132;125585
2563137542;125586
2563157951;125587
2563178361;125588
2563198769;125589
2563219179;125590
2563239588;125591
2563259998;125592
2563280407;125593
2563300817;125594
2563321226;125595
2563341636;125596
2563362045;125597
2563382455;125598
2563402863;125599
2563423273;125600
2563443682;125601
2563464092;125602
2563484502;125603
2563504911;125604
2563525321;125605
2563545730;125606
2563566140;125607
2563586549;125608
2563606959;125609
2563627368;125610
2563647777;125611
2563668186;125612
2563688596;125613
2563709005;125614
2563729415;125615
2563749824;125616
2563770234;125617
2563790643;125618
2563811053;125619
2563831462;125620
2563851871;125621
2563872281;125622
2563892690;125623
2563913100;125624
2563933509;125625
2563953919;125626
2563974328;125627
2563994738;125628
2564015147;125629
2564035557;125630
2564055966;125631
2564076375;125632
2564096784;125633
2564117194;125634
2564137607;125635
2564158013;125636
2564178422;125637
2564198858;125638
2564219268;125639
2564239677;125640
2564260087;125641
2564280496;125642
2564300906;125643
2564321314;125644
2564341724;125645
2564362134;125646
2564382543;125647
2564402953;125648
2564423362;125649
2564443772;125650
2564464182;125651
2564484591;125652
2564505000;125653
2564525410;125654
2564545819;125655
2564566228;125656
2564586642;125657
2564607048;125658
2564627457;125659
2564647867;125660
2564668276;125661
2564688686;125662
2564709095;125663
2564729505;125664
2564749914;125665
2564770323;125666
2564790733;125667
2564811142;125668
2564831552;125669
2564851962;125670
2564872371;125671
2564892781;125672
2564913190;125673
2564933600;125674
2564954009;125675
2564974418;125676
2564994828;125677
2565015237;125678
2565035651;125679
2565056056;125680
2565076466;125681
2565096880;125682
2565117285;125683
2565137695;125684
2565158104;125685
2565178514;125686
2565198922;125687
2565219332;125688
2565239742;125689
2565260151;125690
2565280561;125691
2565300970;125692
2565321380;125693
2565341789;125694
2565362199;125695
2565382609;125696
2565403018;125697
2565423427;125698
2565443836;125699
2565464246;125700
2565484656;125701
2565505065;125702
2565525475;125703
2565545884;125704
2565566294;125705
2565586703;125706
2565607113;125707
2565627523;125708
2565647931;125709
2565668341;125710
2565688750;125711
2565709160;125712
2565729569;125713
2565749979;125714
2565770389;125715
2565790798;125716
2565811208;125717
2565831617;125718
2565852026;125719
2565872436;125720
2565892845;125721
2565913259;125722
2565933664;125723
2565954074;125724
2565974483;125725
2565994893;125726
2566015303;125727
2566035712;125728
2566056122;125729
2566076531;125730
2566096940;125731
2566117349;125732
2566137763;125733
2566158169;125734
2566178578;125735
2566198992;125736
2566219397;125737
2566239807;125738
2566260217;125739
2566280626;125740
2566301035;125741
2566321444;125742
2566341854;125743
2566362263;125744
2566382677;125745
2566403083;125746
2566423492;125747
2566443902;125748
2566464311;125749
2566484721;125750
2566505131;125751
2566525539;125752
2566545949;125753
2566566358;125754
2566586768;125755
2566607177;125756
2566627587;125757
2566647997;125758
2566668406;125759
2566688816;125760
2566709225;125761
2566729635;125762
2566750043;125763
2566770453;125764
2566790863;125765
2566811272;125766
2566831686;125767
2566852091;125768
2566872501;125769
2566892911;125770
2566913320;125771
2566933730;125772
2566954138;125773
2566974548;125774
2566994957;125775
2567015367;125776
2567035777;125777
2567056186;125778
2567076596;125779
2567097005;125780
2567117415;125781
2567137828;125782
2567158234;125783
2567178644;125784
2567199052;125785
2567219462;125786
2567239871;125787
2567260281;125788
2567280691;125789
2567301100;125790
2567321510;125791
2567341919;125792
2567362329;125793
2567382738;125794
2567403148;125795
2567423558;125796
2567443966;125797
2567464376;125798
2567484785;125799
2567505195;125800
2567525604;125801
2567546014;125802
2567566424;125803
2567586833;125804
2567607243;125805
2567627652;125806
2567648061;125807
2567668471;125808
2567688880;125809
2567709290;125810
2567729699;125811
2567750109;125812
2567770518;125813
2567790928;125814
2567811338;125815
2567831747;125816
2567852157;125817
2567872565;125818
2567892975;125819
2567913384;125820
2567933794;125821
2567954204;125822
2567974613;125823
2567995023;125824
2568015432;125825
2568035842;125826
2568056252;125827
2568076661;125828
2568097070;125829
2568117483;125830
2568137889;125831
2568158298;125832
2568178708;125833
2568199118;125834
2568219527;125835
2568239941;125836
2568260346;125837
2568280756;125838
2568301166;125839
2568321574;125840
2568341984;125841
2568362393;125842
2568382803;125843
2568403212;125844
2568423622;125845
2568444036;125846
2568464441;125847
2568484851;125848
2568505260;125849
2568525670;125850
2568546078;125851
2568566488;125852
2568586898;125853
2568607307;125854
2568627717;125855
2568648130;125856
2568668536;125857
2568688946;125858
2568709355;125859
2568729765;125860
2568750173;125861
2568770587;125862
2568790992;125863
2568811402;125864
2568831812;125865
2568852221;125866
2568872631;125867
2568893040;125868
2568913450;125869
2568933859;125870
2568954269;125871
2568974678;125872
2568995087;125873
2569015497;125874
2569035906;125875
2569056316;125876
2569076726;125877
2569097135;125878
2569117545;125879
2569137954;125880
2569158364;125881
2569178773;125882
2569199182;125883
2569219592;125884
2569240005;125885
2569260411;125886
2569280820;125887
2569301230;125888
2569321639;125889
2569342049;125890
2569362459;125891
2569382868;125892
2569403278;125893
2569423686;125894
2569444096;125895
2569464506;125896
2569484915;125897
2569505325;125898
2569525734;125899
2569546144;125900
2569566553;125901
2569586963;125902
2569607373;125903
2569627782;125904
2569648192;125905
2569668600;125906
2569689010;125907
2569709419;125908
2569729829;125909
2569750243;125910
2569770648;125911
2569791058;125912
2569811467;125913
2569831877;125914
2569852287;125915
2569872695;125916
2569893105;125917
2569913514;125918
2569933924;125919
2569954333;125920
2569974743;125921
2569995153;125922
2570015562;125923
2570035972;125924
2570056385;125925
2570076795;125926
2570097201;125927
2570117609;125928
2570138019;125929
2570158432;125930
2570178838;125931
2570199247;125932
2570219657;125933
2570240067;125934
2570260476;125935
2570280890;125936
2570301295;125937
2570321708;125938
2570342113;125939
2570362523;125940
2570382933;125941
2570403342;125942
2570423752;125943
2570444161;125944
2570464571;125945
2570484981;125946
2570505390;125947
2570525803;125948
2570546212;125949
2570566618;125950
2570587027;125951
2570607437;125952
2570627847;125953
2570648260;125954
2570668666;125955
2570689075;125956
2570709485;125957
2570729894;125958
2570750304;125959
2570770714;125960
2570791122;125961
2570811532;125962
2570831941;125963
2570852355;125964
2570872761;125965
2570893170;125966
2570913580;125967
2570933989;125968
2570954399;125969
2570974808;125970
2570995217;125971
2571015627;125972
2571036036;125973
2571056446;125974
2571076855;125975
2571097265;125976
2571117674;125977
2571138084;125978
2571158494;125979
2571178903;125980
2571199313;125981
2571219721;125982
2571240131;125983
2571260541;125984
2571280950;125985
2571301360;125986
2571321769;125987
2571342179;125988
2571362588;125989
2571382998;125990
2571403408;125991
2571423817;125992
2571444226;125993
2571464639;125994
2571485045;125995
2571505455;125996
2571525864;125997
2571546274;125998
2571566687;125999
2571587093;126000
2571607502;126001
2571627912;126002
2571648322;126003
2571668730;126004
2571689140;126005
2571709549;126006
2571729959;126007
2571750368;126008
2571770778;126009
2571791188;126010
2571811597;126011
2571832007;126012
2571852416;126013
2571872826;126014
2571893235;126015
2571913648;126016
2571934054;126017
2571954463;126018
2571974873;126019
2571995282;126020
2572015692;126021
2572036102;126022
2572056515;126023
2572076921;126024
2572097330;126025
2572117739;126026
2572138148;126027
2572158558;126028
2572178968;126029
2572199377;126030
2572219787;126031
2572240196;126032
2572260606;126033
2572281016;126034
2572301425;126035
2572321835;126036
2572342244;126037
2572362653;126038
2572383062;126039
2572403472;126040
2572423882;126041
2572444291;126042
2572464701;126043
2572485110;126044
2572505520;126045
2572525929;126046
2572546339;126047
2572566748;126048
2572587157;126049
2572607567;126050
2572627976;126051
2572648386;126052
2572668800;126053
2572689205;126054
2572709615;126055
2572730024;126056
2572750434;126057
2572770843;126058
2572791252;126059
2572811662;126060
2572832071;126061
2572852481;126062
2572872890;126063
2572893300;126064
2572913709;126065
2572934119;126066
2572954533;126067
2572974938;126068
2572995348;126069
2573015760;126070
2573036166;126071
2573056576;126072
2573076985;126073
2573097395;126074
2573117804;126075
2573138214;126076
2573158623;126077
2573179033;126078
2573199443;126079
2573219852;126080
2573240261;126081
2573260674;126082
2573281080;126083
2573301490;126084
2573321899;126085
2573342309;126086
2573362718;126087
2573383128;126088
2573403537;126089
2573423947;126090
2573444356;126091
2573464765;126092
2573485175;126093
2573505584;126094
2573525994;126095
2573546403;126096
2573566813;126097
2573587227;126098
2573607636;126099
2573628042;126100
2573648451;126101
2573668861;126102
2573689274;126103
2573709679;126104
2573730089;126105
2573750502;126106
2573770908;126107
2573791321;126108
2573811727;126109
2573832137;126110
2573852546;126111
2573872956;126112
2573893368;126113
2573913774;126114
2573934183;126115
2573954593;126116
2573975003;126117
2573995412;126118
2574015822;126119
2574036231;126120
2574056641;126121
2574077051;126122
2574097460;126123
2574117873;126124
2574138278;126125
2574158688;126126
2574179097;126127
2574199490;126128
2574219900;126129
2574240309;126130
2574260719;126131
2574281128;126132
2574301538;126133
2574321947;126134
2574342356;126135
2574362765;126136
2574383175;126137
2574403588;126138
2574423994;126139
2574444404;126140
2574464813;126141
2574485223;126142
2574505632;126143
2574526042;126144
2574546451;126145
2574566861;126146
2574587269;126147
2574607679;126148
2574628088;126149
2574648498;126150
2574668908;126151
2574689317;126152
2574709727;126153
2574730136;126154
2574750546;126155
2574770955;126156
2574791364;126157
2574811773;126158
2574832183;126159
2574852592;126160
2574873002;126161
2574893412;126162
2574913821;126163
2574934231;126164
2574954640;126165
2574975050;126166
2574995459;126167
2575015868;126168
2575036277;126169
2575056687;126170
2575077096;126171
2575097506;126172
2575117915;126173
2575138325;126174
2575158735;126175
2575179144;126176
2575199554;126177
2575219962;126178
2575240372;126179
2575260781;126180
2575281191;126181
2575301600;126182
2575322010;126183
2575342419;126184
2575362829;126185
2575383239;126186
2575403648;126187
2575424058;126188
2575444470;126189
2575464876;126190
2575485285;126191
2575505695;126192
2575526104;126193
2575546514;126194
2575566923;126195
2575587333;126196
2575607743;126197
2575628152;126198
2575648562;126199
2575668974;126200
2575689380;126201
2575709789;126202
2575730199;126203
2575750608;126204
2575771018;126205
2575791427;126206
2575811837;126207
2575832247;126208
2575852656;126209
2575873066;126210
2575893475;126211
2575913884;126212
2575934293;126213
2575954703;126214
2575975112;126215
2575995522;126216
2576015931;126217
2576036341;126218
2576056751;126219
2576077160;126220
2576097573;126221
2576117978;126222
2576138388;126223
2576158797;126224
2576179207;126225
2576199616;126226
2576220026;126227
2576240435;126228
2576260845;126229
2576281255;126230
2576301664;126231
2576322074;126232
2576342486;126233
2576362892;126234
2576383305;126235
2576403711;126236
2576424120;126237
2576444530;126238
2576464939;126239
2576485349;126240
2576505759;126241
2576526168;126242
2576546578;126243
2576566986;126244
2576587396;126245
2576607805;126246
2576628215;126247
2576648624;126248
2576669034;126249
2576689443;126250
2576709853;126251
2576730263;126252
2576750672;126253
2576771082;126254
2576791490;126255
2576811900;126256
2576832309;126257
2576852719;126258
2576873128;126259
2576893538;126260
2576913947;126261
2576934357;126262
2576954771;126263
2576975176;126264
2576995586;126265
2577015994;126266
2577036404;126267
2577056813;126268
2577077223;126269
2577097632;126270
2577118042;126271
2577138451;126272
2577158861;126273
2577179271;126274
2577199680;126275
2577220089;126276
2577240498;126277
2577260908;126278
2577281317;126279
2577301727;126280
2577322136;126281
2577342546;126282
2577362955;126283
2577383365;126284
2577403775;126285
2577424187;126286
2577444593;126287
2577465002;126288
2577485412;126289
2577505821;126290
2577526231;126291
2577546640;126292
2577567050;126293
2577587459;126294
2577607869;126295
2577628283;126296
2577648688;126297
2577669097;126298
2577689510;126299
2577709916;126300
2577730325;126301
2577750735;126302
2577771144;126303
2577791554;126304
2577811963;126305
2577832373;126306
2577852783;126307
2577873192;126308
2577893601;126309
2577914010;126310
2577934420;126311
2577954829;126312
2577975239;126313
2577995648;126314
2578016058;126315
2578036467;126316
2578056877;126317
2578077287;126318
2578097696;126319
2578118105;126320
2578138514;126321
2578158924;126322
2578179333;126323
2578199743;126324
2578220152;126325
2578240562;126326
2578260971;126327
2578281381;126328
2578301791;126329
2578322200;126330
2578342613;126331
2578363018;126332
2578383428;126333
2578403837;126334
2578424247;126335
2578444656;126336
2578465066;126337
2578485475;126338
2578505885;126339
2578526294;126340
2578546704;126341
2578567113;126342
2578587522;126343
2578607932;126344
2578628341;126345
2578648751;126346
2578669160;126347
2578689570;126348
2578709979;126349
2578730389;126350
2578750798;126351
2578771208;126352
2578791617;126353
2578812026;126354
2578832436;126355
2578852845;126356
2578873255;126357
2578893668;126358
2578914078;126359
2578934483;126360
2578954893;126361
2578975302;126362
2578995711;126363
2579016121;126364
2579036530;126365
2579056940;126366
2579077349;126367
2579097759;126368
2579118168;126369
2579138578;126370
2579158987;126371
2579179397;126372
2579199806;126373
2579220215;126374
2579240625;126375
2579261034;126376
2579281444;126377
2579301853;126378
2579322263;126379
2579342672;126380
2579363082;126381
2579383491;126382
2579403901;126383
2579424314;126384
2579444719;126385
2579465129;126386
2579485538;126387
2579505948;126388
2579526357;126389
2579546767;126390
2579567176;126391
2579587586;126392
2579607995;126393
2579628405;126394
2579648814;126395
2579669223;126396
2579689633;126397
2579710046;126398
2579730452;126399
2579750861;126400
2579771275;126401
2579791680;126402
2579812090;126403
2579832499;126404
2579852909;126405
2579873318;126406
2579893731;126407
2579914137;126408
2579934546;126409
2579954956;126410
2579975365;126411
2579995775;126412
2580016184;126413
2580036594;126414
2580057003;126415
2580077413;126416
2580097822;126417
2580118231;126418
2580138641;126419
2580159050;126420
2580179460;126421
2580199869;126422
2580220283;126423
2580240688;126424
2580261098;126425
2580281511;126426
2580301917;126427
2580322326;126428
2580342735;126429
2580363145;126430
2580383554;126431
2580403964;126432
2580424377;126433
2580444783;126434
2580465192;126435
2580485602;126436
2580506015;126437
2580526421;126438
2580546830;126439
2580567239;126440
2580587649;126441
2580608062;126442
2580628468;126443
2580648877;126444
2580669287;126445
2580689696;126446
2580710106;126447
2580730515;126448
2580750925;126449
2580771334;126450
2580791743;126451
2580812153;126452
2580832562;126453
2580852972;126454
2580873381;126455
2580893791;126456
2580914200;126457
2580934614;126458
2580955019;126459
2580975429;126460
2580995838;126461
2581016248;126462
2581036657;126463
2581057066;126464
2581077476;126465
2581097885;126466
2581118295;126467
2581138708;126468
2581159114;126469
2581179523;126470
2581199933;126471
2581220342;126472
2581240751;126473
2581261161;126474
2581281570;126475
2581301980;126476
2581322389;126477
2581342803;126478
2581363208;126479
2581383618;126480
2581404027;126481
2581424437;126482
2581444846;126483
2581465255;126484
2581485665;126485
2581506074;126486
2581526484;126487
2581546893;126488
2581567303;126489
2581587712;126490
2581608122;126491
2581628531;126492
2581648941;126493
2581669349;126494
2581689759;126495
2581710169;126496
2581730578;126497
2581750988;126498
2581771397;126499
2581791811;126500
2581812216;126501
2581832626;126502
2581853039;126503
2581873445;126504
2581893854;126505
2581914263;126506
2581934672;126507
2581955086;126508
2581975492;126509
2581995901;126510
2582016311;126511
2582036720;126512
2582057130;126513
2582077539;126514
2582097949;126515
2582118358;126516
2582138767;126517
2582159176;126518
2582179586;126519
2582199996;126520
2582220405;126521
2582240815;126522
2582261224;126523
2582281634;126524
2582302043;126525
2582322453;126526
2582342865;126527
2582363271;126528
2582383680;126529
2582404090;126530
2582424500;126531
2582444909;126532
2582465319;126533
2582485728;126534
2582506138;126535
2582526547;126536
2582546960;126537
2582567365;126538
2582587775;126539
2582608184;126540
2582628594;126541
2582649004;126542
2582669413;126543
2582689823;126544
2582710232;126545
2582730642;126546
2582751051;126547
2582771461;126548
2582791869;126549
2582812279;126550
2582832692;126551
2582853102;126552
2582873508;126553
2582893917;126554
2582914327;126555
2582934736;126556
2582955146;126557
2582975555;126558
2582995965;126559
2583016374;126560
2583036783;126561
2583057192;126562
2583077602;126563
2583098012;126564
2583118421;126565
2583138831;126566
2583159240;126567
2583179650;126568
2583200059;126569
2583220469;126570
2583240878;126571
2583261287;126572
2583281696;126573
2583302106;126574
2583322516;126575
2583342925;126576
2583363335;126577
2583383744;126578
2583404154;126579
2583424563;126580
2583444973;126581
2583465381;126582
2583485791;126583
2583506200;126584
2583526610;126585
2583547024;126586
2583567429;126587
2583587843;126588
2583608248;126589
2583628658;126590
2583649067;126591
2583669476;126592
2583689885;126593
2583710295;126594
2583730704;126595
2583751118;126596
2583771524;126597
2583791933;126598
2583812343;126599
2583832756;126600
2583853162;126601
2583873571;126602
2583893980;126603
2583914389;126604
2583934803;126605
2583955208;126606
2583975618;126607
2583996028;126608
2584016437;126609
2584036847;126610
2584057256;126611
2584077670;126612
2584098075;126613
2584118485;126614
2584138893;126615
2584159307;126616
2584179712;126617
2584200121;126618
2584220531;126619
2584240940;126620
2584261350;126621
2584281759;126622
2584302169;126623
2584322578;126624
2584342987;126625
2584363396;126626
2584383806;126627
2584404215;126628
2584424625;126629
2584445034;126630
2584465444;126631
2584485854;126632
2584506263;126633
2584526673;126634
2584547082;126635
2584567491;126636
2584587900;126637
2584608310;126638
2584628719;126639
2584649129;126640
2584669538;126641
2584689948;126642
2584710358;126643
2584730767;126644
2584751180;126645
2584771586;126646
2584791995;126647
2584812404;126648
2584832814;126649
2584853223;126650
2584873633;126651
2584894042;126652
2584914452;126653
2584934862;126654
2584955271;126655
2584975681;126656
2584996090;126657
2585016499;126658
2585036908;126659
2585057318;126660
2585077727;126661
2585098137;126662
2585118546;126663
2585138956;126664
2585159365;126665
2585179775;126666
2585200185;126667
2585220597;126668
2585241003;126669
2585261412;126670
2585281822;126671
2585302231;126672
2585322641;126673
2585343050;126674
2585363460;126675
2585383869;126676
2585404279;126677
2585424689;126678
2585445097;126679
2585465511;126680
2585485916;126681
2585506330;126682
2585526739;126683
2585547149;126684
2585567554;126685
2585587964;126686
2585608373;126687
2585628786;126688
2585649193;126689
2585669601;126690
2585690011;126691
2585710420;126692
2585730830;126693
2585751239;126694
2585771649;126695
2585792058;126696
2585812468;126697
2585832877;126698
2585853287;126699
2585873696;126700
2585894105;126701
2585914515;126702
2585934924;126703
2585955334;126704
2585975747;126705
2585996153;126706
2586016562;126707
2586036972;126708
2586057381;126709
2586077795;126710
2586098200;126711
2586118609;126712
2586139019;126713
2586159428;126714
2586179838;126715
2586200247;126716
2586220657;126717
2586241066;126718
2586261476;126719
2586281885;126720
2586302295;126721
2586322704;126722
2586343113;126723
2586363523;126724
2586383932;126725
2586404342;126726
2586424751;126727
2586445161;126728
2586465570;126729
2586485980;126730
2586506389;126731
2586526799;126732
2586547208;126733
2586567621;126734
2586588030;126735
2586608436;126736
2586628846;126737
2586649255;126738
2586669665;126739
2586690074;126740
2586710484;126741
2586730893;126742
2586751303;126743
2586771712;126744
2586792121;126745
2586812534;126746
2586832944;126747
2586853350;126748
2586873763;126749
2586894169;126750
2586914578;126751
2586934988;126752
2586955397;126753
2586975807;126754
2586996215;126755
2587016625;126756
2587037034;126757
2587057444;126758
2587077854;126759
2587098263;126760
2587118673;126761
2587139082;126762
2587159492;126763
2587179905;126764
2587200311;126765
2587220720;126766
2587241129;126767
2587261538;126768
2587281948;126769
2587302357;126770
2587322767;126771
2587343177;126772
2587363586;126773
2587383996;126774
2587404405;126775
2587424815;126776
2587445224;126777
2587465633;126778
2587486042;126779
2587506452;126780
2587526861;126781
2587547271;126782
2587567681;126783
2587588090;126784
2587608500;126785
2587628909;126786
2587649319;126787
2587669727;126788
2587690137;126789
2587710546;126790
2587730956;126791
2587751365;126792
2587771779;126793
2587792185;126794
2587812594;126795
2587833004;126796
2587853413;126797
2587873826;126798
2587894232;126799
2587914641;126800
2587935050;126801
2587955460;126802
2587975869;126803
2587996279;126804
2588016692;126805
2588037098;126806
2588057508;126807
2588077917;126808
2588098330;126809
2588118739;126810
2588139145;126811
2588159554;126812
2588179964;126813
2588200373;126814
2588220783;126815
2588241192;126816
2588261602;126817
2588282016;126818
2588302421;126819
2588322831;126820
2588343240;126821
2588363649;126822
2588384058;126823
2588404468;126824
2588424877;126825
2588445287;126826
2588465696;126827
2588486110;126828
2588506516;126829
2588526925;126830
2588547335;126831
2588567743;126832
2588588153;126833
2588608562;126834
2588628972;126835
2588649381;126836
2588669791;126837
2588690200;126838
2588710610;126839
2588731019;126840
2588751429;126841
2588771839;126842
2588792248;126843
2588812657;126844
2588833066;126845
2588853476;126846
2588873885;126847
2588894299;126848
2588914704;126849
2588935114;126850
2588955523;126851
2588975933;126852
2588996343;126853
2589016751;126854
2589037161;126855
2589057574;126856
2589077980;126857
2589098389;126858
2589118799;126859
2589139208;126860
2589159618;126861
2589180027;126862
2589200437;126863
2589220847;126864
2589241255;126865
2589261665;126866
2589282074;126867
2589302484;126868
2589322893;126869
2589343303;126870
2589363712;126871
2589384122;126872
2589404531;126873
2589424941;126874
2589445350;126875
2589465759;126876
2589486169;126877
2589506578;126878
2589526988;126879
2589547401;126880
2589567807;126881
2589588216;126882
2589608626;126883
2589629035;126884
2589649445;126885
2589669854;126886
2589690264;126887
2589710673;126888
2589731082;126889
2589751492;126890
2589771901;126891
2589792311;126892
2589812720;126893
2589833130;126894
2589853539;126895
2589873949;126896
2589894358;126897
2589914767;126898
2589935177;126899
2589955590;126900
2589975996;126901
2589996405;126902
2590016815;126903
2590037224;126904
2590057634;126905
2590078043;126906
2590098453;126907
2590118862;126908
2590139271;126909
2590159680;126910
2590180090;126911
2590200500;126912
2590220909;126913
2590241319;126914
2590261728;126915
2590282138;126916
2590302547;126917
2590322961;126918
2590343366;126919
2590363775;126920
2590384184;126921
2590404594;126922
2590425004;126923
2590445413;126924
2590465823;126925
2590486232;126926
2590506642;126927
2590527051;126928
2590547461;126929
2590567870;126930
2590588279;126931
2590608688;126932
2590629098;126933
2590649508;126934
2590669917;126935
2590690327;126936
2590710736;126937
2590731146;126938
2590751555;126939
2590771965;126940
2590792374;126941
2590812784;126942
2590833192;126943
2590853602;126944
2590874011;126945
2590894421;126946
2590914835;126947
2590935240;126948
2590955650;126949
2590976059;126950
2590996473;126951
2591016878;126952
2591037287;126953
2591057696;126954
2591078106;126955
2591098515;126956
2591118925;126957
2591139335;126958
2591159744;126959
2591180154;126960
2591200563;126961
2591220973;126962
2591241382;126963
2591261791;126964
2591282200;126965
2591302610;126966
2591323019;126967
2591343429;126968
2591363839;126969
2591384248;126970
2591404658;126971
2591425067;126972
2591445477;126973
2591465886;126974
2591486295;126975
2591506704;126976
2591527114;126977
2591547523;126978
2591567933;126979
2591588342;126980
2591608752;126981
2591629162;126982
2591649571;126983
2591669981;126984
2591690393;126985
2591710799;126986
2591731212;126987
2591751618;126988
2591772027;126989
2591792437;126990
2591812846;126991
2591833256;126992
2591853666;126993
2591874075;126994
2591894485;126995
2591914893;126996
2591935303;126997
2591955716;126998
2591976122;126999
2591996531;127000
2592016941;127001
2592037350;127002
2592057760;127003
2592078170;127004
2592098579;127005
2592118989;127006
2592139397;127007
2592159811;127008
2592180216;127009
2592200626;127010
2592221035;127011
2592241445;127012
2592261854;127013
2592282264;127014
2592302673;127015
2592323083;127016
2592343493;127017
2592363901;127018
2592384311;127019
2592404720;127020
2592425130;127021
2592445539;127022
2592465949;127023
2592486358;127024
2592506772;127025
2592527177;127026
2592547590;127027
2592567996;127028
2592588405;127029
2592608815;127030
2592629224;127031
2592649634;127032
2592670043;127033
2592690453;127034
2592710862;127035
2592731276;127036
2592751681;127037
2592772091;127038
2592792501;127039
2592812909;127040
2592833319;127041
2592853732;127042
2592874138;127043
2592894547;127044
2592914961;127045
2592935370;127046
2592955780;127047
2592976185;127048
2592996595;127049
2593017003;127050
2593037417;127051
2593057823;127052
2593078232;127053
2593098642;127054
2593119051;127055
2593139461;127056
2593159870;127057
2593180280;127058
2593200689;127059
2593221099;127060
2593241511;127061
2593261917;127062
2593282327;127063
2593302736;127064
2593323146;127065
2593343555;127066
2593363965;127067
2593384374;127068
2593404784;127069
2593425193;127070
2593445607;127071
2593466011;127072
2593486421;127073
2593506831;127074
2593527240;127075
2593547650;127076
2593568059;127077
2593588469;127078
2593608882;127079
2593629288;127080
2593649697;127081
2593670107;127082
2593690515;127083
2593710929;127084
2593731334;127085
2593751744;127086
2593772154;127087
2593792567;127088
2593812973;127089
2593833382;127090
2593853792;127091
2593874201;127092
2593894611;127093
2593915019;127094
2593935429;127095
2593955838;127096
2593976248;127097
2593996658;127098
2594017067;127099
2594037481;127100
2594057886;127101
2594078296;127102
2594098705;127103
2594119118;127104
2594139523;127105
2594159933;127106
2594180346;127107
2594200781;127108
2594221191;127109
2594241600;127110
2594262010;127111
2594282419;127112
2594302829;127113
2594323239;127114
2594343647;127115
2594364061;127116
2594384466;127117
2594404876;127118
2594425286;127119
2594445695;127120
2594466109;127121
2594486514;127122
2594506924;127123
2594527334;127124
2594547743;127125
2594568153;127126
2594588561;127127
2594608971;127128
2594629381;127129
2594649790;127130
2594670200;127131
2594690609;127132
2594711023;127133
2594731429;127134
2594751838;127135
2594772248;127136
2594792657;127137
2594813066;127138
2594833476;127139
2594853885;127140
2594874295;127141
2594894704;127142
2594915114;127143
2594935524;127144
2594955933;127145
2594976343;127146
2594996753;127147
2595017162;127148
2595037571;127149
2595057980;127150
2595078390;127151
2595098800;127152
2595119209;127153
2595139619;127154
2595160028;127155
2595180438;127156
2595200848;127157
2595221257;127158
2595241666;127159
2595262075;127160
2595282485;127161
2595302895;127162
2595323304;127163
2595343714;127164
2595364123;127165
2595384533;127166
2595404947;127167
2595425356;127168
2595445762;127169
2595466170;127170
2595486580;127171
2595506990;127172
2595527399;127173
2595547809;127174
2595568218;127175
2595588628;127176
2595609038;127177
2595629447;127178
2595649857;127179
2595670266;127180
2595690675;127181
2595711089;127182
2595731494;127183
2595751908;127184
2595772313;127185
2595792723;127186
2595813133;127187
2595833542;127188
2595853952;127189
2595874361;127190
2595894771;127191
2595915180;127192
2595935589;127193
2595955999;127194
2595976412;127195
2595996818;127196
2596017228;127197
2596037637;127198
2596058047;127199
2596078456;127200
2596098866;127201
2596119275;127202
2596139684;127203
2596160094;127204
2596180503;127205
2596200913;127206
2596221323;127207
2596241736;127208
2596262146;127209
2596282551;127210
2596302961;127211
2596323371;127212
2596343779;127213
2596364189;127214
2596384598;127215
2596405008;127216
2596425418;127217
2596445831;127218
2596466237;127219
2596486646;127220
2596507056;127221
2596527466;127222
2596547875;127223
2596568285;127224
2596588693;127225
2596609103;127226
2596629513;127227
2596649922;127228
2596670332;127229
2596690741;127230
2596711151;127231
2596731561;127232
2596751974;127233
2596772380;127234
2596792789;127235
2596813198;127236
2596833608;127237
2596854017;127238
2596874427;127239
2596894836;127240
2596915246;127241
2596935656;127242
2596956065;127243
2596976475;127244
2596996885;127245
2597017294;127246
2597037703;127247
2597058116;127248
2597078522;127249
2597098932;127250
2597119341;127251
2597139751;127252
2597160160;127253
2597180574;127254
2597200980;127255
2597221389;127256
2597241798;127257
2597262211;127258
2597282617;127259
2597303027;127260
2597323436;127261
2597343846;127262
2597364255;127263
2597384665;127264
2597405075;127265
2597425484;127266
2597445894;127267
2597466303;127268
2597486712;127269
2597507122;127270
2597527531;127271
2597547941;127272
2597568350;127273
2597588760;127274
2597609170;127275
2597629579;127276
2597649989;127277
2597670398;127278
2597690811;127279
2597711217;127280
2597731626;127281
2597752036;127282
2597772445;127283
2597792855;127284
2597813265;127285
2597833674;127286
2597854088;127287
2597874493;127288
2597894903;127289
2597915312;127290
2597935725;127291
2597956131;127292
2597976540;127293
2597996950;127294
2598017360;127295
2598037769;127296
2598058179;127297
2598078588;127298
2598098998;127299
2598119408;127300
2598139816;127301
2598160226;127302
2598180635;127303
2598201045;127304
2598221455;127305
2598241864;127306
2598262274;127307
2598282683;127308
2598303093;127309
2598323503;127310
2598343912;127311
2598364321;127312
2598384730;127313
2598405140;127314
2598425550;127315
2598445959;127316
2598466369;127317
2598486778;127318
2598507192;127319
2598527598;127320
2598548007;127321
2598568417;127322
2598588825;127323
2598609235;127324
2598629645;127325
2598650054;127326
2598670464;127327
2598690873;127328
2598711283;127329
2598731697;127330
2598752102;127331
2598772512;127332
2598792921;127333
2598813330;127334
2598833740;127335
2598854149;127336
2598874559;127337
2598894968;127338
2598915378;127339
2598935788;127340
2598956197;127341
2598976607;127342
2598997017;127343
2599017425;127344
2599037835;127345
2599058244;127346
2599078654;127347
2599099064;127348
2599119473;127349
2599139883;127350
2599160292;127351
2599180702;127352
2599201112;127353
2599221521;127354
2599241930;127355
2599262339;127356
2599282749;127357
2599303163;127358
2599323568;127359
2599343978;127360
2599364387;127361
2599384797;127362
2599405207;127363
2599425616;127364
2599446025;127365
2599466435;127366
2599486844;127367
2599507254;127368
2599527663;127369
2599548073;127370
2599568482;127371
2599588892;127372
2599609302;127373
2599629711;127374
2599650121;127375
2599670534;127376
2599690939;127377
2599711349;127378
2599731758;127379
2599752168;127380
2599772577;127381
2599792991;127382
2599813397;127383
2599833806;127384
2599854216;127385
2599874625;127386
2599895034;127387
2599915444;127388
2599935853;127389
2599956263;127390
2599976672;127391
2599997082;127392
2600017492;127393
2600037901;127394
2600058311;127395
2600078720;127396
2600099130;127397
2600119540;127398
2600139948;127399
2600160358;127400
2600180767;127401
2600201177;127402
2600221587;127403
2600241996;127404
2600262406;127405
2600282819;127406
2600303225;127407
2600323635;127408
2600344044;127409
2600364453;127410
2600384862;127411
2600405272;127412
2600425682;127413
2600446091;127414
2600466501;127415
2600486910;127416
2600507320;127417
2600527730;127418
2600548139;127419
2600568548;127420
2600588957;127421
2600609367;127422
2600629777;127423
2600650186;127424
2600670596;127425
2600691005;127426
2600711415;127427
2600731825;127428
2600752234;127429
2600772644;127430
2600793052;127431
2600813462;127432
2600833872;127433
2600854281;127434
2600874691;127435
2600895100;127436
2600915514;127437
2600935924;127438
2600956329;127439
2600976739;127440
2600997149;127441
2601017557;127442
2601037967;127443
2601058376;127444
2601078790;127445
2601099196;127446
2601119609;127447
2601140015;127448
2601160424;127449
2601180838;127450
2601201244;127451
2601221653;127452
2601242062;127453
2601262471;127454
2601282881;127455
2601303291;127456
2601323700;127457
2601344110;127458
2601364519;127459
2601384929;127460
2601405339;127461
2601425748;127462
2601446158;127463
2601466570;127464
2601486980;127465
2601507390;127466
2601527795;127467
2601548205;127468
2601568614;127469
2601589024;127470
2601609434;127471
2601629843;127472
2601650253;127473
2601670662;127474
2601691071;127475
2601711481;127476
2601731890;127477
2601752300;127478
2601772709;127479
2601793123;127480
2601813529;127481
2601833938;127482
2601854348;127483
2601874757;127484
2601895166;127485
2601915576;127486
2601935985;127487
2601956395;127488
2601976804;127489
2601997214;127490
2602017624;127491
2602038033;127492
2602058443;127493
2602078852;127494
2602099262;127495
2602119671;127496
2602140080;127497
2602160490;127498
2602180899;127499
2602201313;127500
2602221719;127501
2602242128;127502
2602262538;127503
2602282947;127504
2602303357;127505
2602323767;127506
2602344175;127507
2602364589;127508
2602384994;127509
2602405404;127510
2602425814;127511
2602446223;127512
2602466633;127513
2602487042;127514
2602507452;127515
2602527866;127516
2602548270;127517
2602568680;127518
2602589089;127519
2602609499;127520
2602629909;127521
2602650318;127522
2602670728;127523
2602691137;127524
2602711547;127525
2602731957;127526
2602752366;127527
2602772776;127528
2602793184;127529
2602813594;127530
2602834004;127531
2602854413;127532
2602874823;127533
2602895232;127534
2602915642;127535
2602936052;127536
2602956461;127537
2602976871;127538
2602997280;127539
2603017689;127540
2603038099;127541
2603058508;127542
2603078918;127543
2603099328;127544
2603119737;127545
2603140147;127546
2603160556;127547
2603180966;127548
2603201376;127549
2603221784;127550
2603242194;127551
2603262603;127552
2603283013;127553
2603303423;127554
2603323832;127555
2603344242;127556
2603364651;127557
2603385061;127558
2603405471;127559
2603425880;127560
2603446289;127561
2603466702;127562
2603487108;127563
2603507518;127564
2603527927;127565
2603548341;127566
2603568746;127567
2603589156;127568
2603609566;127569
2603629975;127570
2603650385;127571
2603670793;127572
2603691203;127573
2603711613;127574
2603732022;127575
2603752432;127576
2603772841;127577
2603793255;127578
2603813661;127579
2603834070;127580
2603854480;127581
2603874889;127582
2603895298;127583
2603915708;127584
2603936117;127585
2603956527;127586
2603976936;127587
2603997346;127588
2604017756;127589
2604038165;127590
2604058579;127591
2604078984;127592
2604099393;127593
2604119803;127594
2604140212;127595
2604160622;127596
2604181031;127597
2604201379;127598
2604221784;127599
2604242194;127600
2604262603;127601
2604283013;127602
2604303422;127603
2604323831;127604
2604344240;127605
2604364650;127606
2604385059;127607
2604405469;127608
2604425878;127609
2604446288;127610
2604466697;127611
2604487106;127612
2604507520;127613
2604527925;127614
2604548334;127615
2604568747;127616
2604589153;127617
2604609562;127618
2604629972;127619
2604650381;127620
2604670791;127621
2604691200;127622
2604711610;127623
2604732019;127624
2604752429;127625
2604772837;127626
2604793246;127627
2604813656;127628
2604834065;127629
2604854475;127630
2604874884;127631
2604895294;127632
2604915703;127633
2604936113;127634
2604956526;127635
2604976931;127636
2604997340;127637
2605017750;127638
2605038159;127639
2605058569;127640
2605078978;127641
2605099387;127642
2605119797;127643
2605140206;127644
2605160620;127645
2605181025;127646
2605201434;127647
2605221843;127648
2605242253;127649
2605262662;127650
2605283072;127651
2605303481;127652
2605323891;127653
2605344300;127654
2605364710;127655
2605385119;127656
2605405528;127657
2605425938;127658
2605446346;127659
2605466760;127660
2605487165;127661
2605507575;127662
2605527984;127663
2605548394;127664
2605568803;127665
2605589213;127666
2605609622;127667
2605630032;127668
2605650440;127669
2605670850;127670
2605691259;127671
2605711668;127672
2605732078;127673
2605752487;127674
2605772897;127675
2605793306;127676
2605813716;127677
2605834129;127678
2605854535;127679
2605874943;127680
2605895353;127681
2605915762;127682
2605936172;127683
2605956585;127684
2605976991;127685
2605997400;127686
2606017810;127687
2606038219;127688
2606058628;127689
2606079038;127690
2606099446;127691
2606119856;127692
2606140265;127693
2606160675;127694
2606181084;127695
2606201494;127696
2606221903;127697
2606242313;127698
2606262722;127699
2606283132;127700
2606303541;127701
2606323950;127702
2606344359;127703
2606364772;127704
2606385178;127705
2606405587;127706
2606425997;127707
2606446406;127708
2606466820;127709
2606487225;127710
2606507635;127711
2606528044;127712
2606548453;127713
2606568862;127714
2606589272;127715
2606609681;127716
2606630091;127717
2606650500;127718
2606670909;127719
2606691319;127720
2606711728;127721
2606732138;127722
2606752547;127723
2606772956;127724
2606793365;127725
2606813775;127726
2606834188;127727
2606854594;127728
2606875003;127729
2606895413;127730
2606915822;127731
2606936232;127732
2606956641;127733
2606977049;127734
2606997459;127735
2607017868;127736
2607038278;127737
2607058687;127738
2607079097;127739
2607099506;127740
2607119916;127741
2607140325;127742
2607160735;127743
2607181144;127744
2607201554;127745
2607221962;127746
2607242372;127747
2607262781;127748
2607283190;127749
2607303604;127750
2607324009;127751
2607344419;127752
2607364828;127753
2607385238;127754
2607405646;127755
2607426056;127756
2607446465;127757
2607466875;127758
2607487284;127759
2607507694;127760
2607528103;127761
2607548513;127762
2607568922;127763
2607589335;127764
2607609741;127765
2607630150;127766
2607650559;127767
2607670968;127768
2607691378;127769
2607711787;127770
2607732197;127771
2607752606;127772
2607773016;127773
2607793425;127774
2607813835;127775
2607834244;127776
2607854653;127777
2607875062;127778
2607895471;127779
2607915881;127780
2607936290;127781
2607956700;127782
2607977109;127783
2607997519;127784
2608017928;127785
2608038338;127786
2608058747;127787
2608079157;127788
2608099565;127789
2608119975;127790
2608140384;127791
2608160794;127792
2608181203;127793
2608201613;127794
2608222022;127795
2608242431;127796
2608262841;127797
2608283253;127798
2608303659;127799
2608324068;127800
2608344478;127801
2608364887;127802
2608385297;127803
2608405706;127804
2608426116;127805
2608446525;127806
2608466935;127807
2608487344;127808
2608507754;127809
2608528162;127810
2608548571;127811
2608568985;127812
