2508233523;122899
2508253936;122900
2508274340;122901
2508294750;122902
2508315158;122903
2508335568;122904
2508355976;122905
2508376385;122906
2508396795;122907
2508417203;122908
2508437613;122909
2508458021;122910
2508478430;122911
2508498839;122912
2508519248;122913
2508539657;122914
2508560066;122915
2508580475;122916
2508600888;122917
2508621297;122918
2508641705;122919
2508662111;122920
2508682519;122921
2508702929;122922
2508723342;122923
2508743746;122924
2508764156;122925
2508784564;122926
2508804974;122927
2508825382;122928
2508845791;122929
2508866200;122930
2508886609;122931
2508907019;122932
2508927427;122933
2508947836;122934
2508968245;122935
2508988654;122936
2509009066;122937
2509029472;122938
2509049880;122939
2509070290;122940
2509090699;122941
2509111107;122942
2509131521;122943
2509151929;122944
2509172335;122945
2509192743;122946
2509213152;122947
2509233562;122948
2509253970;122949
2509274380;122950
2509294788;122951
2509315197;122952
2509335606;122953
2509356015;122954
2509376424;122955
2509396833;122956
2509417242;122957
2509437651;122958
2509458060;122959
2509478468;122960
2509498878;122961
2509519290;122962
2509539696;122963
2509560105;122964
2509580517;122965
2509600923;122966
2509621335;122967
2509641741;122968
2509662153;122969
2509682558;122970
2509702971;122971
2509723380;122972
2509743785;122973
2509764194;122974
2509784603;122975
2509805012;122976
2509825421;122977
2509845829;122978
2509866239;122979
2509886648;122980
2509907057;122981
2509927466;122982
2509947878;122983
2509968284;122984
2509988692;122985
2510009102;122986
2510029510;122987
2510049919;122988
2510070329;122989
2510090737;122990
2510111147;122991
2510131555;122992
2510151964;122993
2510172373;122994
2510192782;122995
2510213194;122996
2510233600;122997
2510254009;122998
2510274418;122999
2510294827;123000
2510315235;123001
2510335645;123002
2510356057;123003
2510376463;123004
2510396872;123005
2510417280;123006
2510437690;123007
2510458098;123008
2510478507;123009
2510498916;123010
2510519325;123011
2510539738;123012
2510560143;123013
2510580552;123014
2510600961;123015
2510621370;123016
2510641783;123017
2510662192;123018
2510682596;123019
2510703010;123020
2510723415;123021
2510743824;123022
2510764233;123023
2510784641;123024
2510805051;123025
2510825459;123026
2510845869;123027
2510866277;123028
2510886690;123029
2510907096;123030
2510927504;123031
2510947914;123032
2510968326;123033
2510988731;123034
2511009140;123035
2511029549;123036
2511049957;123037
2511070367;123038
2511090776;123039
2511111189;123040
2511131598;123041
2511152006;123042
2511172412;123043
2511192820;123044
2511213230;123045
2511233639;123046
2511254047;123047
2511274457;123048
2511294869;123049
2511315274;123050
2511335687;123051
2511356096;123052
2511376501;123053
2511396910;123054
2511417319;123055
2511437732;123056
2511458137;123057
2511478546;123058
2511498959;123059
2511519367;123060
2511539773;123061
2511560182;123062
2511580591;123063
2511601000;123064
2511621408;123065
2511641818;123066
2511662230;123067
2511682635;123068
2511703044;123069
2511723453;123070
2511743863;123071
2511764271;123072
2511784680;123073
2511805089;123074
2511825498;123075
2511845907;123076
2511866316;123077
2511886729;123078
2511907134;123079
2511927543;123080
2511947952;123081
2511968365;123082
2511988773;123083
2512009179;123084
2512029587;123085
2512049996;123086
2512070406;123087
2512090814;123088
2512111224;123089
2512131632;123090
2512152041;123091
2512172450;123092
2512192859;123093
2512213272;123094
2512233677;123095
2512254086;123096
2512274495;123097
2512294904;123098
2512315317;123099
2512335722;123100
2512356130;123101
2512376544;123102
2512396949;123103
2512417358;123104
2512437767;123105
2512458175;123106
2512478589;123107
2512498993;123108
2512519402;123109
2512539811;123110
2512560220;123111
2512580634;123112
2512601038;123113
2512621451;123114
2512641856;123115
2512662269;123116
2512682674;123117
2512703083;123118
2512723492;123119
2512743901;123120
2512764310;123121
2512784719;123122
2512805128;123123
2512825536;123124
2512845946;123125
2512866358;123126
2512886764;123127
2512907177;123128
2512927581;123129
2512947995;123130
2512968399;123131
2512988808;123132
2513009217;123133
2513029630;123134
2513050039;123135
2513070444;123136
2513090853;123137
2513111262;123138
2513131671;123139
2513152080;123140
2513172493;123141
2513192897;123142
2513213307;123143
2513233716;123144
2513254125;123145
2513274534;123146
2513294942;123147
2513315352;123148
2513335760;123149
2513356173;123150
2513376578;123151
2513396991;123152
2513417397;123153
2513437805;123154
2513458214;123155
2513478623;123156
2513499032;123157
2513519441;123158
2513539850;123159
2513560259;123160
2513580668;123161
2513601077;123162
2513621486;123163
2513641895;123164
2513662303;123165
2513682713;123166
2513703121;123167
2513723530;123168
2513743940;123169
2513764348;123170
2513784758;123171
2513805166;123172
2513825575;123173
2513845984;123174
2513866393;123175
2513886802;123176
2513907211;123177
2513927624;123178
2513948029;123179
2513968438;123180
2513988847;123181
2514009256;123182
2514029664;123183
2514050074;123184
2514070483;123185
2514090892;123186
2514111301;123187
2514131709;123188
2514152119;123189
2514172527;123190
2514192969;123191
2514213379;123192
2514233787;123193
2514254197;123194
2514274605;123195
2514295018;123196
2514315424;123197
2514335832;123198
2514356242;123199
2514376655;123200
2514397059;123201
2514417469;123202
2514437878;123203
2514458287;123204
2514478696;123205
2514499104;123206
2514519514;123207
2514539923;123208
2514560331;123209
2514580741;123210
2514601150;123211
2514621559;123212
2514641968;123213
2514662376;123214
2514682786;123215
2514703195;123216
2514723604;123217
2514744013;123218
2514764426;123219
2514784831;123220
2514805240;123221
2514825649;123222
2514846058;123223
2514866467;123224
2514886876;123225
2514907285;123226
2514927695;123227
2514948103;123228
2514968512;123229
2514988925;123230
2515009330;123231
2515029743;123232
2515050148;123233
2515070557;123234
2515090967;123235
2515111375;123236
2515131784;123237
2515152194;123238
2515172606;123239
2515193012;123240
2515213420;123241
2515233829;123242
2515254239;123243
2515274647;123244
2515295057;123245
2515315466;123246
2515335874;123247
2515356284;123248
2515376692;123249
2515397105;123250
2515417511;123251
2515437919;123252
2515458329;123253
2515478738;123254
2515499146;123255
2515519556;123256
2515539964;123257
2515560374;123258
2515580783;123259
2515601191;123260
2515621605;123261
2515642014;123262
2515662423;123263
2515682828;123264
2515703236;123265
2515723646;123266
2515744055;123267
2515764464;123268
2515784873;123269
2515805282;123270
2515825691;123271
2515846104;123272
2515866509;123273
2515886918;123274
2515907327;123275
2515927736;123276
2515948145;123277
2515968554;123278
2515988963;123279
2516009372;123280
2516029782;123281
2516050190;123282
2516070603;123283
2516091008;123284
2516111417;123285
2516131826;123286
2516152235;123287
2516172644;123288
2516193054;123289
2516213462;123290
2516233871;123291
2516254280;123292
2516274693;123293
2516295099;123294
2516315507;123295
2516335916;123296
2516356326;123297
2516376734;123298
2516397144;123299
2516417552;123300
2516437961;123301
2516458375;123302
2516478779;123303
2516499189;123304
2516519598;123305
2516540006;123306
2516560420;123307
2516580825;123308
2516601237;123309
2516621647;123310
2516642051;123311
2516662461;123312
2516682870;123313
2516703278;123314
2516723692;123315
2516744097;123316
2516764506;123317
2516784915;123318
2516805323;123319
2516825733;123320
2516846142;123321
2516866555;123322
2516886960;123323
2516907369;123324
2516927782;123325
2516948187;123326
2516968595;123327
2516989005;123328
2517009414;123329
2517029823;123330
2517050231;123331
2517070642;123332
2517091050;123333
2517111459;123334
2517131868;123335
2517152277;123336
2517172686;123337
2517193095;123338
2517213504;123339
2517233914;123340
2517254322;123341
2517274735;123342
2517295141;123343
2517315553;123344
2517335959;123345
2517356367;123346
2517376776;123347
2517397186;123348
2517417594;123349
2517438003;123350
2517458413;123351
2517478821;123352
2517499231;123353
2517519639;123354
2517540048;123355
2517560458;123356
2517580866;123357
2517601276;123358
2517621685;123359
2517642093;123360
2517662503;123361
2517682915;123362
2517703320;123363
2517723734;123364
2517744138;123365
2517764548;123366
2517784957;123367
2517805365;123368
2517825775;123369
2517846183;123370
2517866597;123371
2517887002;123372
2517907410;123373
2517927824;123374
2517948233;123375
2517968642;123376
2517989051;123377
2518009456;123378
2518029865;123379
2518050278;123380
2518070686;123381
2518091092;123382
2518111501;123383
2518131910;123384
2518152319;123385
2518172729;123386
2518193141;123387
2518213546;123388
2518233955;123389
2518254364;123390
2518274773;123391
2518295182;123392
2518315595;123393
2518336005;123394
2518356409;123395
2518376818;123396
2518397227;123397
2518417636;123398
2518438046;123399
2518458454;123400
2518478863;123401
2518499273;123402
2518519681;123403
2518540091;123404
2518560499;123405
2518580908;123406
2518601318;123407
2518621730;123408
2518642136;123409
2518662545;123410
2518682953;123411
2518703363;123412
2518723772;123413
2518744184;123414
2518764590;123415
2518785002;123416
2518805411;123417
2518825817;123418
2518846225;123419
2518866635;123420
2518887044;123421
2518907453;123422
2518927862;123423
2518948270;123424
2518968680;123425
2518989089;123426
2519009498;123427
2519029911;123428
2519050316;123429
2519070725;123430
2519091134;123431
2519111543;123432
2519131952;123433
2519152361;123434
2519172770;123435
2519193179;123436
2519213588;123437
2519234001;123438
2519254406;123439
2519274815;123440
2519295228;123441
2519315633;123442
2519336042;123443
2519356451;123444
2519376860;123445
2519397269;123446
2519417678;123447
2519438088;123448
2519458496;123449
2519478906;123450
2519499314;123451
2519519723;123452
2519540137;123453
2519560541;123454
2519580950;123455
2519601364;123456
2519621772;123457
2519642178;123458
2519662586;123459
2519682999;123460
2519703405;123461
2519723813;123462
2519744223;123463
2519764632;123464
2519785040;123465
2519805454;123466
2519825862;123467
2519846267;123468
2519866677;123469
2519887085;123470
2519907495;123471
2519927904;123472
2519948312;123473
2519968726;123474
2519989134;123475
2520009540;123476
2520029949;123477
2520050361;123478
2520070767;123479
2520091176;123480
2520111585;123481
2520131994;123482
2520152403;123483
2520172812;123484
2520193221;123485
2520213630;123486
2520234043;123487
2520254448;123488
2520274861;123489
2520295270;123490
2520315676;123491
2520336084;123492
2520356493;123493
2520376906;123494
2520397315;123495
2520417720;123496
2520438129;123497
2520458538;123498
2520478948;123499
2520499356;123500
2520519765;123501
2520540174;123502
2520560587;123503
2520580993;123504
2520601405;123505
2520621810;123506
2520642220;123507
2520662632;123508
2520683041;123509
2520703450;123510
2520723859;123511
2520744265;123512
2520764677;123513
2520785086;123514
2520805492;123515
2520825900;123516
2520846310;123517
2520866719;123518
2520887127;123519
2520907537;123520
2520927945;123521
2520948355;123522
2520968764;123523
2520989172;123524
2521009582;123525
2521029991;123526
2521050399;123527
2521070813;123528
2521091221;123529
2521111627;123530
2521132036;123531
2521152448;123532
2521172858;123533
2521193263;123534
2521213672;123535
2521234081;123536
2521254489;123537
2521274899;123538
2521295308;123539
2521315717;123540
2521336126;123541
2521356535;123542
2521376948;123543
2521397353;123544
2521417762;123545
2521438171;123546
2521458580;123547
2521478989;123548
2521499402;123549
2521519807;123550
2521540216;123551
2521560625;123552
2521581039;123553
2521601447;123554
2521621856;123555
2521642261;123556
2521662674;123557
2521683080;123558
2521703488;123559
2521723901;123560
2521744307;123561
2521764715;123562
2521785125;123563
2521805533;123564
2521825942;123565
2521846352;123566
2521866760;123567
2521887170;123568
2521907579;123569
2521927987;123570
2521948401;123571
2521968809;123572
2521989214;123573
2522009624;123574
2522030032;123575
2522050442;123576
2522070851;123577
2522091259;123578
2522111669;123579
2522132077;123580
2522152487;123581
2522172896;123582
2522193304;123583
2522213714;123584
2522234127;123585
2522254532;123586
2522274941;123587
2522295350;123588
2522315759;123589
2522336172;123590
2522356576;123591
2522376990;123592
2522397399;123593
2522417804;123594
2522438213;123595
2522458622;123596
2522479031;123597
2522499440;123598
2522519852;123599
2522540258;123600
2522560667;123601
2522581076;123602
2522601485;123603
2522621895;123604
2522642303;123605
2522662712;123606
2522683121;123607
2522703530;123608
2522723940;123609
2522744352;123610
2522764757;123611
2522785167;123612
2522805575;123613
2522825984;123614
2522846397;123615
2522866806;123616
2522887212;123617
2522907620;123618
2522928029;123619
2522948439;123620
2522968851;123621
2522989257;123622
2523009666;123623
2523030074;123624
2523050488;123625
2523070892;123626
2523091302;123627
2523111711;123628
2523132119;123629
2523152529;123630
2523172938;123631
2523193347;123632
2523213756;123633
2523234164;123634
2523254578;123635
2523274983;123636
2523295391;123637
2523315801;123638
2523336214;123639
2523356619;123640
2523377028;123641
2523397436;123642
2523417846;123643
2523438255;123644
2523458664;123645
2523479073;123646
2523499486;123647
2523519891;123648
2523540300;123649
2523560712;123650
2523581118;123651
2523601527;123652
2523621940;123653
2523642345;123654
2523662754;123655
2523683167;123656
2523703572;123657
2523723985;123658
2523744394;123659
2523764799;123660
2523785208;123661
2523805617;123662
2523826027;123663
2523846435;123664
2523866844;123665
2523887254;123666
2523907662;123667
2523928071;123668
2523948480;123669
2523968889;123670
2523989299;123671
2524009707;123672
2524030116;123673
2524050526;123674
2524070934;123675
2524091344;123676
2524111752;123677
2524132161;123678
2524152571;123679
2524172979;123680
2524193321;123681
2524213726;123682
2524234135;123683
2524254544;123684
2524274953;123685
2524295362;123686
2524315771;123687
2524336183;123688
2524356589;123689
2524377001;123690
2524397406;123691
2524417815;123692
2524438224;123693
2524458637;123694
2524479042;123695
2524499450;123696
2524519860;123697
2524540268;123698
2524560678;123699
2524581086;123700
2524601499;123701
2524621908;123702
2524642312;123703
2524662722;123704
2524683130;123705
2524703539;123706
2524723952;123707
2524744357;123708
2524764769;123709
2524785175;123710
2524805587;123711
2524825993;123712
2524846401;123713
2524866810;123714
2524887219;123715
2524907628;123716
2524928037;123717
2524948450;123718
2524968854;123719
2524989264;123720
2525009672;123721
2525030082;123722
2525050490;123723
2525070899;123724
2525091308;123725
2525111717;123726
2525132129;123727
2525152535;123728
2525172943;123729
2525193353;123730
2525213761;123731
2525234170;123732
2525254579;123733
2525274987;123734
2525295397;123735
2525315805;123736
2525336214;123737
2525356623;123738
2525377032;123739
2525397441;123740
2525417850;123741
2525438258;123742
2525458668;123743
2525479076;123744
2525499486;123745
2525519894;123746
2525540303;123747
2525560712;123748
2525581121;123749
2525601529;123750
2525621939;123751
2525642347;123752
2525662757;123753
2525683165;123754
2525703574;123755
2525723987;123756
2525744392;123757
2525764801;123758
2525785210;123759
2525805618;123760
2525826032;123761
2525846440;123762
2525866846;123763
2525887254;123764
2525907666;123765
2525928072;123766
2525948484;123767
2525968893;123768
2525989298;123769
2526009707;123770
2526030116;123771
2526050525;123772
2526070933;123773
2526091343;123774
2526111751;123775
2526132161;123776
2526152569;123777
2526172978;123778
2526193387;123779
2526213796;123780
2526234205;123781
2526254614;123782
2526275022;123783
2526295432;123784
2526315840;123785
2526336250;123786
2526356662;123787
2526377067;123788
2526397480;123789
2526417885;123790
2526438293;123791
2526458703;123792
2526479111;123793
2526499521;123794
2526519929;123795
2526540337;123796
2526560747;123797
2526581155;123798
2526601565;123799
2526621977;123800
2526642382;123801
2526662791;123802
2526683200;123803
2526703612;123804
2526724018;123805
2526744430;123806
2526764840;123807
2526785244;123808
2526805657;123809
2526826062;123810
2526846471;123811
2526866880;123812
2526887289;123813
2526907697;123814
2526928111;123815
2526948515;123816
2526968929;123817
2526989337;123818
2527009742;123819
2527030151;123820
2527050560;123821
2527070968;123822
2527091378;123823
2527111786;123824
2527132196;123825
2527152604;123826
2527173012;123827
2527193422;123828
2527213830;123829
2527234240;123830
2527254652;123831
2527275057;123832
2527295466;123833
2527315875;123834
2527336284;123835
2527356693;123836
2527377101;123837
2527397511;123838
2527417919;123839
2527438332;123840
2527458737;123841
2527479146;123842
2527499555;123843
2527519964;123844
2527540376;123845
2527560782;123846
2527581190;123847
2527601600;123848
2527622008;123849
2527642417;123850
2527662826;123851
2527683235;123852
2527703644;123853
2527724053;123854
2527744461;123855
2527764870;123856
2527785279;123857
2527805688;123858
2527826097;123859
2527846505;123860
2527866915;123861
2527887323;123862
2527907732;123863
2527928141;123864
2527948554;123865
2527968959;123866
2527989368;123867
2528009776;123868
2528030186;123869
2528050594;123870
2528071004;123871
2528091412;123872
2528111825;123873
2528132230;123874
2528152639;123875
2528173047;123876
2528193457;123877
2528213865;123878
2528234275;123879
2528254683;123880
2528275096;123881
2528295501;123882
2528315910;123883
2528336319;123884
2528356728;123885
2528377136;123886
2528397545;123887
2528417958;123888
2528438363;123889
2528458772;123890
2528479180;123891
2528499590;123892
2528519998;123893
2528540408;123894
2528560820;123895
2528581225;123896
2528601638;123897
2528622043;123898
2528642452;123899
2528662861;123900
2528683269;123901
2528703679;123902
2528724091;123903
2528744500;123904
2528764909;123905
2528785314;123906
2528805723;123907
2528826132;123908
2528846540;123909
2528866954;123910
2528887358;123911
2528907767;123912
2528928176;123913
2528948585;123914
2528968994;123915
2528989403;123916
2529009811;123917
2529030220;123918
2529050633;123919
2529071042;123920
2529091447;123921
2529111855;123922
2529132265;123923
2529152677;123924
2529173086;123925
2529193491;123926
2529213900;123927
2529234309;123928
2529254718;123929
2529275127;123930
2529295536;123931
2529315944;123932
2529336354;123933
2529356762;123934
2529377171;123935
2529397580;123936
2529417989;123937
2529438398;123938
2529458807;123939
2529479215;123940
2529499625;123941
2529520033;123942
2529540443;123943
2529560851;123944
2529581260;123945
2529601669;123946
2529622078;123947
2529642486;123948
2529662895;123949
2529683304;123950
2529703713;123951
2529724122;123952
2529744534;123953
2529764940;123954
2529785348;123955
2529805758;123956
2529826166;123957
2529846575;123958
2529866984;123959
2529887393;123960
2529907806;123961
2529928211;123962
2529948619;123963
2529969033;123964
2529989441;123965
2530009846;123966
2530030255;123967
2530050668;123968
2530071073;123969
2530091482;123970
2530111894;123971
2530132300;123972
2530152708;123973
2530173122;123974
2530193526;123975
2530213935;123976
2530234344;123977
2530254757;123978
2530275162;123979
2530295570;123980
2530315979;123981
2530336388;123982
2530356801;123983
2530377205;123984
2530397615;123985
2530418027;123986
2530438433;123987
2530458841;123988
2530479251;123989
2530499659;123990
2530520068;123991
2530540477;123992
2530560890;123993
2530581294;123994
2530601704;123995
2530622112;123996
2530642525;123997
2530662930;123998
2530683339;123999
2530703748;124000
2530724157;124001
2530744569;124002
2530764975;124003
2530785387;124004
2530805797;124005
2530826201;124006
2530846610;124007
2530867019;124008
2530887427;124009
2530907837;124010
2530928245;124011
2530948654;124012
2530969063;124013
2530989472;124014
2531009885;124015
2531030290;124016
2531050698;124017
2531071108;124018
2531091516;124019
2531111929;124020
2531132334;124021
2531152743;124022
2531173152;124023
2531193565;124024
2531213973;124025
2531234379;124026
2531254787;124027
2531275197;124028
2531295605;124029
2531316014;124030
2531336423;124031
2531356832;124032
2531377241;124033
2531397654;124034
2531418058;124035
2531438468;124036
2531458880;124037
2531479289;124038
2531499694;124039
2531520102;124040
2531540512;124041
2531560920;124042
2531581329;124043
2531601738;124044
2531622151;124045
2531642556;124046
2531662969;124047
2531683377;124048
2531703783;124049
2531724195;124050
2531744604;124051
2531765009;124052
2531785422;124053
2531805827;124054
2531826236;124055
2531846645;124056
2531867058;124057
2531887462;124058
2531907872;124059
2531928284;124060
2531948689;124061
2531969098;124062
2531989511;124063
2532009916;124064
2532030325;124065
2532050733;124066
2532071147;124067
2532091551;124068
2532111961;124069
2532132369;124070
2532152777;124071
2532173187;124072
2532193595;124073
2532214005;124074
2532234413;124075
2532254822;124076
2532275235;124077
2532295640;124078
2532316048;124079
2532336462;124080
2532356870;124081
2532377280;124082
2532397684;124083
2532418093;124084
2532438502;124085
2532458911;124086
2532479320;124087
2532499729;124088
2532520137;124089
2532540547;124090
2532560955;124091
2532581365;124092
2532601773;124093
2532622182;124094
2532642595;124095
2532663000;124096
2532683408;124097
2532703818;124098
2532724230;124099
2532744636;124100
2532765044;124101
2532785452;124102
2532805862;124103
2532826274;124104
2532846680;124105
2532867088;124106
2532887497;124107
2532907906;124108
2532928315;124109
2532948724;124110
2532969133;124111
2532989541;124112
2533009951;124113
2533030359;124114
2533050768;124115
2533071177;124116
2533091586;124117
2533111995;124118
2533132408;124119
2533152812;124120
2533173222;124121
2533193634;124122
2533214043;124123
2533234448;124124
2533254857;124125
2533275266;124126
2533295675;124127
2533316084;124128
2533336493;124129
2533356901;124130
2533377311;124131
2533397719;124132
2533418128;124133
2533438537;124134
2533458945;124135
2533479355;124136
2533499763;124137
2533520172;124138
2533540581;124139
2533560990;124140
2533581402;124141
2533601812;124142
2533622216;124143
2533642626;124144
2533663034;124145
2533683444;124146
2533703852;124147
2533724261;124148
2533744670;124149
2533765079;124150
2533785487;124151
2533805897;124152
2533826305;124153
2533846715;124154
2533867123;124155
2533887532;124156
2533907941;124157
2533928350;124158
2533948763;124159
2533969168;124160
2533989576;124161
2534009985;124162
2534030398;124163
2534050803;124164
2534071212;124165
2534091620;124166
2534112030;124167
2534132438;124168
2534152848;124169
2534173256;124170
2534193769;124171
2534214179;124172
2534234587;124173
2534254996;124174
2534275406;124175
2534295818;124176
2534316224;124177
2534336633;124178
2534357042;124179
2534377451;124180
2534397860;124181
2534418270;124182
2534438678;124183
2534459087;124184
2534479497;124185
2534499905;124186
2534520315;124187
2534540724;124188
2534561133;124189
2534581542;124190
2534601951;124191
2534622361;124192
2534642773;124193
2534663178;124194
2534683588;124195
2534703996;124196
2534724405;124197
2534744819;124198
2534765223;124199
2534785633;124200
2534806046;124201
2534826455;124202
2534846860;124203
2534867269;124204
2534887679;124205
2534908087;124206
2534928496;124207
2534948910;124208
2534969318;124209
2534989723;124210
2535010133;124211
2535030542;124212
2535050951;124213
2535071360;124214
2535091769;124215
2535112178;124216
2535132591;124217
2535152997;124218
2535173405;124219
2535193814;124220
2535214228;124221
2535234636;124222
2535255046;124223
2535275451;124224
2535295860;124225
2535316269;124226
2535336678;124227
2535357088;124228
2535377496;124229
2535397909;124230
2535418319;124231
2535438723;124232
2535459136;124233
2535479542;124234
2535499951;124235
2535520360;124236
2535540769;124237
2535561178;124238
2535581587;124239
2535601996;124240
2535622409;124241
2535642814;124242
2535663223;124243
2535683633;124244
2535704041;124245
2535724454;124246
2535744860;124247
2535765269;124248
2535785678;124249
2535806087;124250
2535826496;124251
2535846905;124252
2535867314;124253
2535887728;124254
2535908132;124255
2535928541;124256
2535948951;124257
2535969360;124258
2535989769;124259
2536010178;124260
2536030591;124261
2536050996;124262
2536071409;124263
2536091815;124264
2536112223;124265
2536132632;124266
2536153042;124267
2536173451;124268
2536193859;124269
2536214269;124270
2536234678;124271
2536255087;124272
2536275496;124273
2536295905;124274
2536316314;124275
2536336727;124276
2536357133;124277
2536377541;124278
2536397950;124279
2536418360;124280
2536438769;124281
2536459178;124282
2536479587;124283
2536499996;124284
2536520405;124285
2536540814;124286
2536561224;124287
2536581632;124288
2536602045;124289
2536622451;124290
2536642864;124291
2536663268;124292
2536683678;124293
2536704091;124294
2536724496;124295
2536744909;124296
2536765314;124297
2536785723;124298
2536806136;124299
2536826542;124300
2536846954;124301
2536867359;124302
2536887769;124303
2536908178;124304
2536928587;124305
2536948996;124306
2536969405;124307
2536989818;124308
2537010223;124309
2537030632;124310
2537051041;124311
2537071450;124312
2537091860;124313
2537112269;124314
2537132681;124315
2537153087;124316
2537173496;124317
2537193908;124318
2537214314;124319
2537234723;124320
2537255132;124321
2537275541;124322
2537295950;124323
2537316359;124324
2537336768;124325
2537357178;124326
2537377587;124327
2537397995;124328
2537418405;124329
2537438814;124330
2537459223;124331
2537479632;124332
2537500041;124333
2537520454;124334
2537540859;124335
2537561269;124336
2537581678;124337
2537602086;124338
2537622496;124339
2537642909;124340
2537663314;124341
2537683723;124342
2537704132;124343
2537724541;124344
2537744950;124345
2537765360;124346
2537785772;124347
2537806177;124348
2537826587;124349
2537846996;124350
2537867408;124351
2537887814;124352
2537908227;124353
2537928636;124354
2537949041;124355
2537969450;124356
2537989859;124357
2538010268;124358
2538030678;124359
2538051087;124360
2538071495;124361
2538091905;124362
2538112314;124363
2538132723;124364
2538153132;124365
2538173541;124366
2538193950;124367
2538214359;124368
2538234769;124369
2538255177;124370
2538275586;124371
2538296000;124372
2538316409;124373
2538336813;124374
2538357223;124375
2538377636;124376
2538398041;124377
2538418450;124378
2538438863;124379
2538459268;124380
2538479677;124381
2538500087;124382
2538520500;124383
2538540904;124384
2538561314;124385
2538581723;124386
2538602135;124387
2538622541;124388
2538642950;124389
2538663359;124390
2538683768;124391
2538704178;124392
2538724586;124393
2538744995;124394
2538765405;124395
2538785814;124396
2538806222;124397
2538826632;124398
2538847045;124399
2538867450;124400
2538887859;124401
2538908268;124402
2538928677;124403
2538949086;124404
2538969496;124405
2538989905;124406
2539010313;124407
2539030723;124408
2539051132;124409
2539071540;124410
2539091950;124411
2539112359;124412
2539132768;124413
2539153177;124414
2539173586;124415
2539193995;124416
2539214404;124417
2539234814;124418
2539255223;124419
2539275631;124420
2539296041;124421
2539316450;124422
2539336859;124423
2539357268;124424
2539377677;124425
2539398090;124426
2539418495;124427
2539438905;124428
2539459314;124429
2539479722;124430
2539500136;124431
2539520541;124432
2539540953;124433
2539561359;124434
2539581768;124435
2539602181;124436
2539622586;124437
2539642995;124438
2539663409;124439
2539683813;124440
2539704223;124441
2539724632;124442
2539745040;124443
2539765450;124444
2539785859;124445
2539806268;124446
2539826677;124447
2539847086;124448
2539867495;124449
2539887904;124450
2539908313;124451
2539928723;124452
2539949131;124453
2539969545;124454
2539989950;124455
2540010358;124456
2540030772;124457
2540051177;124458
2540071586;124459
2540091995;124460
2540112408;124461
2540132818;124462
2540153222;124463
2540173631;124464
2540194041;124465
2540214449;124466
2540234859;124467
2540255268;124468
2540275676;124469
2540296086;124470
2540316495;124471
2540336904;124472
2540357313;124473
2540377722;124474
2540398132;124475
2540418540;124476
2540438950;124477
2540459359;124478
2540479767;124479
2540500177;124480
2540520586;124481
2540540995;124482
2540561404;124483
2540581813;124484
2540602227;124485
2540622631;124486
2540643041;124487
2540663454;124488
2540683858;124489
2540704268;124490
2540724677;124491
2540745085;124492
2540765495;124493
2540785904;124494
2540806313;124495
2540826722;124496
2540847131;124497
2540867541;124498
2540887949;124499
2540908362;124500
2540928768;124501
2540949176;124502
2540969590;124503
2540989995;124504
2541010404;124505
2541030813;124506
2541051226;124507
2541071632;124508
2541092040;124509
2541112450;124510
2541132859;124511
2541153267;124512
2541173677;124513
2541194086;124514
2541214498;124515
2541234908;124516
2541255313;124517
2541275722;124518
2541296131;124519
2541316540;124520
2541336950;124521
2541357358;124522
2541377772;124523
2541398177;124524
2541418585;124525
2541438995;124526
2541459408;124527
2541479812;124528
2541500222;124529
2541520631;124530
2541541041;124531
2541561449;124532
2541581858;124533
2541602268;124534
2541622676;124535
2541643090;124536
2541663495;124537
2541683907;124538
2541704313;124539
2541724722;124540
2541745135;124541
2541765540;124542
2541785949;124543
2541806359;124544
2541826767;124545
2541847177;124546
2541867586;124547
2541887994;124548
2541908404;124549
2541928813;124550
2541949225;124551
2541969631;124552
2541990044;124553
2542010450;124554
2542030858;124555
2542051267;124556
2542071677;124557
2542092085;124558
2542112495;124559
2542132904;124560
2542153312;124561
2542173722;124562
2542194131;124563
2542214540;124564
2542234949;124565
2542255358;124566
2542275768;124567
2542296176;124568
2542316585;124569
2542336995;124570
2542357407;124571
2542377813;124572
2542398222;124573
2542418630;124574
2542439040;124575
2542459449;124576
2542479862;124577
2542500267;124578
2542520676;124579
2542541086;124580
2542561494;124581
2542581903;124582
2542602313;124583
2542622725;124584
2542643131;124585
2542663540;124586
2542683948;124587
2542704358;124588
2542724771;124589
2542745180;124590
2542765585;124591
2542785994;124592
2542806404;124593
2542826816;124594
2542847225;124595
2542867631;124596
2542888039;124597
2542908449;124598
2542928858;124599
2542949267;124600
2542969676;124601
2542990089;124602
2543010495;124603
2543030903;124604
2543051312;124605
2543071722;124606
2543092130;124607
2543112540;124608
2543132949;124609
2543153358;124610
2543173767;124611
2543194176;124612
2543214586;124613
2543234994;124614
2543255403;124615
2543275813;124616
2543296221;124617
2543316630;124618
2543337040;124619
2543357448;124620
2543377858;124621
2543398267;124622
2543418676;124623
2543439089;124624
2543459494;124625
2543479904;124626
2543500312;124627
2543520721;124628
2543541131;124629
2543561539;124630
2543581949;124631
2543602362;124632
2543622767;124633
2543643176;124634
2543663585;124635
2543683994;124636
2543704403;124637
2543724812;124638
2543745222;124639
2543765630;124640
2543786039;124641
2543806449;124642
2543826857;124643
2543847271;124644
2543867680;124645
2543888085;124646
2543908494;124647
2543928903;124648
2543949313;124649
2543969721;124650
2543990130;124651
2544010540;124652
2544030948;124653
2544051358;124654
2544071767;124655
2544092176;124656
2544112585;124657
2544132994;124658
2544153403;124659
2544173812;124660
2544194092;124661
2544214501;124662
2544234910;124663
2544255318;124664
2544275728;124665
2544296136;124666
2544316545;124667
2544336954;124668
2544357362;124669
2544377772;124670
2544398180;124671
2544418590;124672
2544438998;124673
2544459406;124674
2544479816;124675
2544500224;124676
2544520634;124677
2544541042;124678
2544561451;124679
2544581864;124680
2544602268;124681
2544622677;124682
2544643086;124683
2544663495;124684
2544683904;124685
2544704317;124686
2544724721;124687
2544745134;124688
2544765539;124689
2544785948;124690
2544806357;124691
2544826765;124692
2544847175;124693
2544867583;124694
2544887996;124695
2544908401;124696
2544928809;124697
2544949219;124698
2544969627;124699
2544990036;124700
2545010445;124701
2545030854;124702
2545051263;124703
2545071671;124704
2545092080;124705
2545112493;124706
2545132898;124707
2545153307;124708
2545173716;124709
2545194124;124710
2545214533;124711
2545234942;124712
2545255351;124713
2545275760;124714
2545296168;124715
2545316578;124716
2545336990;124717
2545357394;124718
2545377804;124719
2545398212;124720
2545418622;124721
2545439030;124722
2545459439;124723
2545479848;124724
2545500256;124725
2545520669;124726
2545541074;124727
2545561483;124728
2545581892;124729
2545602301;124730
2545622709;124731
2545643119;124732
2545663527;124733
2545683936;124734
2545704345;124735
2545724753;124736
2545745163;124737
2545765571;124738
2545785981;124739
2545806389;124740
2545826797;124741
2545847211;124742
2545867615;124743
2545888025;124744
2545908433;124745
2545928842;124746
2545949251;124747
2545969659;124748
2545990068;124749
2546010481;124750
2546030890;124751
2546051295;124752
2546071704;124753
2546092112;124754
2546112521;124755
2546132930;124756
2546153339;124757
2546173748;124758
2546194160;124759
2546214566;124760
2546234974;124761
2546255384;124762
2546275792;124763
2546296204;124764
2546316610;124765
2546337018;124766
2546357427;124767
2546377836;124768
2546398249;124769
2546418658;124770
2546439062;124771
2546459471;124772
2546479880;124773
2546500289;124774
2546520698;124775
2546541111;124776
2546561515;124777
2546581924;124778
2546602333;124779
2546622746;124780
2546643155;124781
2546663559;124782
2546683969;124783
2546704377;124784
2546724785;124785
2546745199;124786
2546765607;124787
2546786013;124788
2546806425;124789
2546826831;124790
2546847239;124791
2546867647;124792
2546888057;124793
2546908465;124794
2546928874;124795
2546949283;124796
2546969692;124797
2546990101;124798
2547010510;124799
2547030918;124800
2547051327;124801
2547071736;124802
2547092145;124803
2547112554;124804
2547132962;124805
2547153372;124806
2547173780;124807
2547194188;124808
2547214598;124809
2547235006;124810
2547255416;124811
2547275824;124812
2547296233;124813
2547316642;124814
2547337054;124815
2547357460;124816
2547377868;124817
2547398281;124818
2547418686;124819
2547439095;124820
2547459504;124821
2547479912;124822
2547500321;124823
2547520730;124824
2547541139;124825
2547561548;124826
2547581957;124827
2547602365;124828
2547622778;124829
2547643187;124830
2547663591;124831
2547684001;124832
2547704409;124833
2547724819;124834
2547745227;124835
2547765636;124836
2547786045;124837
2547806453;124838
2547826863;124839
2547847271;124840
2547867680;124841
2547888089;124842
2547908498;124843
2547928906;124844
2547949315;124845
2547969724;124846
2547990133;124847
2548010542;124848
2548030950;124849
2548051360;124850
2548071772;124851
2548092177;124852
2548112586;124853
2548132994;124854
2548153404;124855
2548173812;124856
2548194222;124857
2548214630;124858
2548235038;124859
2548255448;124860
2548275860;124861
2548296266;124862
2548316674;124863
2548337083;124864
2548357492;124865
2548377900;124866
2548398309;124867
2548418718;124868
2548439127;124869
2548459536;124870
2548479945;124871
2548500357;124872
2548520763;124873
2548541171;124874
2548561580;124875
2548581989;124876
2548602397;124877
2548622807;124878
2548643215;124879
2548663625;124880
2548684033;124881
2548704441;124882
2548724851;124883
2548745263;124884
2548765668;124885
2548786077;124886
2548806486;124887
2548826895;124888
2548847303;124889
2548867712;124890
2548888121;124891
2548908530;124892
2548928939;124893
2548949348;124894
2548969756;124895
2548990165;124896
2549010574;124897
2549030983;124898
2549051396;124899
2549071800;124900
2549092210;124901
2549112618;124902
2549133028;124903
2549153440;124904
2549173844;124905
2549194254;124906
2549214662;124907
2549235071;124908
2549255480;124909
2549275889;124910
2549296298;124911
2549316706;124912
2549337115;124913
2549357528;124914
2549377937;124915
2549398342;124916
2549418751;124917
2549439159;124918
2549459568;124919
2549479981;124920
2549500386;124921
2549520795;124922
2549541203;124923
2549561617;124924
2549582021;124925
2549602433;124926
2549622839;124927
2549643251;124928
2549663657;124929
2549684065;124930
2549704474;124931
2549724883;124932
2549745291;124933
2549765701;124934
2549786109;124935
2549806518;124936
2549826927;124937
2549847340;124938
2549867748;124939
2549888158;124940
2549908562;124941
2549928975;124942
2549949384;124943
2549969789;124944
2549990198;124945
2550010606;124946
2550031016;124947
2550051424;124948
2550071832;124949
2550092242;124950
2550112654;124951
2550133064;124952
2550153468;124953
2550173877;124954
2550194286;124955
2550214698;124956
2550235104;124957
2550255512;124958
2550275921;124959
2550296330;124960
2550316739;124961
2550337148;124962
2550357556;124963
2550377965;124964
2550398374;124965
2550418783;124966
2550439191;124967
2550459601;124968
2550480009;124969
2550500418;124970
2550520827;124971
2550541235;124972
2550561645;124973
2550582053;124974
2550602463;124975
2550622871;124976
2550643280;124977
2550663693;124978
2550684097;124979
2550704507;124980
2550724915;124981
2550745324;124982
2550765733;124983
2550786146;124984
2550806550;124985
2550826959;124986
2550847372;124987
2550867777;124988
2550888186;124989
2550908594;124990
2550929004;124991
2550949412;124992
2550969821;124993
2550990230;124994
2551010638;124995
2551031048;124996
2551051456;124997
2551071869;124998
2551092278;124999
2551112686;125000
2551133096;125001
2551153504;125002
2551173909;125003
2551194318;125004
2551214727;125005
2551235139;125006
2551255545;125007
2551275953;125008
2551296362;125009
2551316771;125010
2551337180;125011
2551357589;125012
2551377997;125013
2551398411;125014
2551418815;125015
2551439224;125016
2551459633;125017
2551480041;125018
2551500451;125019
2551520859;125020
2551541268;125021
2551561677;125022
2551582085;125023
2551602495;125024
2551622903;125025
2551643312;125026
2551663721;125027
2551684130;125028
2551704539;125029
2551724947;125030
2551745356;125031
2551765765;125032
2551786178;125033
2551806587;125034
2551826992;125035
2551847400;125036
2551867809;125037
2551888218;125038
2551908626;125039
2551929040;125040
2551949444;125041
2551969854;125042
2551990262;125043
2552010671;125044
2552031080;125045
2552051492;125046
2552071898;125047
2552092306;125048
2552112719;125049
2552133128;125050
2552153533;125051
2552173942;125052
2552194350;125053
2552214759;125054
2552235168;125055
2552255577;125056
2552275986;125057
2552296395;125058
2552316803;125059
2552337212;125060
2552357625;125061
2552378033;125062
2552398439;125063
2552418847;125064
2552439257;125065
2552459665;125066
2552480077;125067
2552500483;125068
2552520891;125069
2552541301;125070
2552561709;125071
2552582118;125072
2552602527;125073
2552622935;125074
2552643345;125075
2552663753;125076
2552684162;125077
2552704571;125078
2552724980;125079
2552745389;125080
2552765798;125081
2552786206;125082
2552806615;125083
2552827024;125084
2552847436;125085
2552867842;125086
2552888254;125087
2552908660;125088
2552929068;125089
2552949476;125090
2552969886;125091
2552990298;125092
2553010704;125093
2553031112;125094
2553051521;125095
2553071930;125096
2553092338;125097
2553112747;125098
2553133156;125099
2553153565;125100
2553173978;125101
2553194387;125102
2553214791;125103
2553235200;125104
2553255613;125105
2553276018;125106
2553296427;125107
2553316835;125108
2553337249;125109
2553357653;125110
2553378062;125111
2553398471;125112
2553418883;125113
2553439293;125114
2553459697;125115
2553480107;125116
2553500515;125117
2553520924;125118
2553541333;125119
2553561741;125120
2553582151;125121
2553602559;125122
2553622968;125123
2553643377;125124
2553663790;125125
2553684194;125126
2553704603;125127
2553725012;125128
2553745421;125129
2553765830;125130
2553786238;125131
2553806648;125132
2553827060;125133
2553847465;125134
2553867874;125135
2553888282;125136
2553908696;125137
2553929104;125138
2553949509;125139
2553969918;125140
2553990326;125141
2554010736;125142
2554031144;125143
2554051553;125144
2554071962;125145
2554092375;125146
2554112784;125147
2554133189;125148
2554153597;125149
2554174006;125150
2554194461;125151
2554214870;125152
2554235279;125153
2554255687;125154
2554276097;125155
2554296505;125156
2554316915;125157
2554337328;125158
2554357732;125159
2554378146;125160
2554398550;125161
2554418960;125162
2554439368;125163
2554459777;125164
2554480186;125165
2554500595;125166
2554521003;125167
2554541413;125168
2554561821;125169
2554582231;125170
2554602639;125171
2554623048;125172
2554643461;125173
2554663866;125174
2554684276;125175
2554704684;125176
2554725093;125177
2554745502;125178
2554765911;125179
2554786319;125180
2554806729;125181
2554827137;125182
2554847547;125183
2554867955;125184
2554888368;125185
2554908773;125186
2554929182;125187
2554949591;125188
2554970000;125189
2554990408;125190
2555010822;125191
2555031226;125192
2555051636;125193
2555072045;125194
2555092453;125195
2555112863;125196
2555133271;125197
2555153681;125198
2555174089;125199
2555194498;125200
2555214907;125201
2555235316;125202
2555255728;125203
2555276134;125204
2555296542;125205
2555316952;125206
2555337364;125207
2555357769;125208
2555378178;125209
2555398587;125210
2555418996;125211
2555439409;125212
2555459814;125213
2555480223;125214
2555500632;125215
2555521041;125216
2555541450;125217
2555561858;125218
2555582272;125219
2555602680;125220
2555623086;125221
2555643494;125222
2555663903;125223
2555684316;125224
2555704721;125225
2555725130;125226
2555745539;125227
2555765947;125228
2555786357;125229
2555806765;125230
2555827178;125231
2555847584;125232
2555867992;125233
2555888402;125234
2555908810;125235
2555929223;125236
2555949628;125237
2555970037;125238
2555990446;125239
2556010859;125240
2556031263;125241
2556051673;125242
2556072081;125243
2556092491;125244
2556112899;125245
2556133312;125246
2556153717;125247
2556174126;125248
2556194534;125249
2556214944;125250
2556235353;125251
2556255762;125252
2556276175;125253
2556296579;125254
2556316989;125255
2556337397;125256
2556357807;125257
2556378219;125258
2556398624;125259
2556419037;125260
2556439442;125261
2556459850;125262
2556480260;125263
2556500668;125264
2556521078;125265
2556541486;125266
2556561896;125267
2556582304;125268
2556602713;125269
2556623123;125270
2556643531;125271
2556663944;125272
2556684349;125273
2556704762;125274
2556725167;125275
2556745580;125276
2556765984;125277
2556786398;125278
2556806802;125279
2556827212;125280
2556847620;125281
2556868029;125282
2556888438;125283
2556908847;125284
2556929256;125285
2556949669;125286
2556970073;125287
2556990483;125288
2557010892;125289
2557031300;125290
2557051710;125291
2557072118;125292
2557092528;125293
2557112936;125294
2557133345;125295
2557153754;125296
2557174163;125297
2557194576;125298
2557214981;125299
2557235389;125300
2557255803;125301
2557276207;125302
2557296616;125303
2557317029;125304
2557337434;125305
2557357843;125306
2557378252;125307
2557398661;125308
2557419070;125309
2557439479;125310
2557459888;125311
2557480297;125312
2557500709;125313
2557521115;125314
2557541523;125315
2557561933;125316
2557582345;125317
2557602750;125318
2557623159;125319
2557643572;125320
2557663980;125321
2557684386;125322
2557704794;125323
2557725204;125324
2557745612;125325
2557766021;125326
2557786431;125327
2557806839;125328
2557827253;125329
2557847661;125330
2557868066;125331
2557888475;125332
2557908888;125333
2557929293;125334
2557949706;125335
2557970110;125336
2557990524;125337
2558010928;125338
2558031337;125339
2558051746;125340
2558072155;125341
2558092564;125342
2558112973;125343
2558133381;125344
2558153791;125345
2558174200;125346
2558194612;125347
2558215018;125348
2558235426;125349
2558255836;125350
2558276244;125351
2558296654;125352
2558317062;125353
2558337471;125354
2558357880;125355
2558378289;125356
2558398697;125357
2558419107;125358
2558439515;125359
2558459925;125360
2558480333;125361
2558500746;125362
2558521151;125363
2558541560;125364
2558561970;125365
2558582382;125366
2558602787;125367
2558623200;125368
2558643609;125369
2558664017;125370
2558684427;125371
2558704831;125372
2558725241;125373
2558745653;125374
2558766059;125375
2558786467;125376
2558806876;125377
2558827285;125378
2558847698;125379
2558868102;125380
2558888512;125381
2558908920;125382
2558929330;125383
2558949739;125384
2558970147;125385
2558990557;125386
2559010965;125387
2559031375;125388
2559051783;125389
2559072192;125390
2559092601;125391
2559113010;125392
2559133419;125393
2559153828;125394
2559174240;125395
2559194646;125396
2559215054;125397
2559235463;125398
2559255872;125399
2559276281;125400
2559296690;125401
2559317099;125402
2559337508;125403
2559357917;125404
2559378326;125405
2559398735;125406
2559419144;125407
2559439552;125408
2559459962;125409
2559480370;125410
2559500780;125411
2559521192;125412
2559541601;125413
2559562006;125414
2559582415;125415
2559602824;125416
2559623233;125417
2559643641;125418
2559664051;125419
2559684463;125420
2559704869;125421
2559725282;125422
2559745686;125423
2559766096;125424
2559786504;125425
2559806913;125426
2559827322;125427
2559847731;125428
2559868140;125429
2559888549;125430
2559908961;125431
2559929367;125432
2559949775;125433
2559970185;125434
2559990593;125435
2560011002;125436
2560031411;125437
2560051820;125438
2560072229;125439
2560092638;125440
2560113047;125441
2560133456;125442
2560153865;125443
2560174273;125444
2560194687;125445
2560215091;125446
2560235501;125447
2560255909;125448
2560276318;125449
2560296727;125450
2560317136;125451
2560337545;125452
2560357954;125453
2560378362;125454
2560398772;125455
2560419180;125456
2560439593;125457
2560459999;125458
2560480407;125459
2560500817;125460
2560521225;125461
2560541638;125462
2560562043;125463
2560582452;125464
2560602861;125465
2560623270;125466
2560643678;125467
2560664088;125468
2560684496;125469
2560704906;125470
2560725314;125471
2560745727;125472
2560766132;125473
2560786541;125474
2560806949;125475
2560827363;125476
2560847768;125477
2560868181;125478
2560888586;125479
2560908998;125480
2560929404;125481
2560949812;125482
2560970222;125483
2560990630;125484
2561011039;125485
2561031448;125486
2561051857;125487
2561072266;125488
2561092675;125489
2561113083;125490
2561133493;125491
2561153901;125492
2561174311;125493
2561194719;125494
2561215128;125495
2561235538;125496
2561255950;125497
2561276355;125498
2561296764;125499
2561317173;125500
2561337582;125501
2561357991;125502
2561378399;125503
2561398809;125504
2561419217;125505
2561439627;125506
2561460035;125507
2561480444;125508
2561500853;125509
2561521262;125510
2561541671;125511
2561562080;125512
2561582488;125513
2561602898;125514
2561623307;125515
2561643715;125516
2561664125;125517
2561684533;125518
2561704943;125519
2561725351;125520
2561745764;125521
2561766169;125522
2561786578;125523
2561806987;125524
2561827396;125525
2561847804;125526
2561868214;125527
2561888622;125528
2561909032;125529
2561929440;125530
2561949849;125531
2561970258;125532
2561990667;125533
2562011077;125534
2562031485;125535
2562051894;125536
2562072307;125537
2562092712;125538
2562113124;125539
2562133530;125540
2562153938;125541
2562174348;125542
2562194756;125543
2562215165;125544
2562235574;125545
2562255983;125546
2562276392;125547
2562296801;125548
2562317209;125549
2562337623;125550
2562358031;125551
2562378441;125552
2562398846;125553
2562419254;125554
2562439664;125555
2562460072;125556
2562480481;125557
2562500890;125558
2562521299;125559
2562541708;125560
2562562117;125561
2562582525;125562
2562602935;125563
2562623343;125564
2562643753;125565
2562664161;125566
2562684570;125567
2562704979;125568
2562725388;125569
2562745797;125570
2562766206;125571
2562786615;125572
2562807024;125573
2562827433;125574
2562847842;125575
2562868251;125576
2562888659;125577
2562909069;125578
2562929477;125579
2562949886;125580
2562970295;125581
2562990704;125582
2563011117;125583
2563031522;125584
2563051934;125585
2563072340;125586
2563092748;125587
2563113161;125588
2563133570;125589
2563153975;125590
2563174385;125591
2563194793;125592
2563215203;125593
2563235611;125594
2563256024;125595
2563276429;125596
2563296838;125597
2563317246;125598
2563337656;125599
2563358064;125600
2563378474;125601
2563398882;125602
2563419291;125603
2563439700;125604
2563460109;125605
2563480518;125606
2563500927;125607
2563521335;125608
2563541745;125609
2563562154;125610
2563582563;125611
2563602972;125612
2563623380;125613
2563643790;125614
2563664198;125615
2563684608;125616
2563705016;125617
2563725425;125618
2563745834;125619
2563766243;125620
2563786651;125621
2563807061;125622
2563827473;125623
2563847879;125624
2563868287;125625
2563888696;125626
2563909105;125627
2563929514;125628
2563949924;125629
2563970332;125630
2563990741;125631
2564011154;125632
2564031559;125633
2564051967;125634
2564072377;125635
2564092785;125636
2564113195;125637
2564133607;125638
2564154012;125639
2564174421;125640
2564194856;125641
2564215265;125642
2564235674;125643
2564256083;125644
2564276492;125645
2564296905;125646
2564317310;125647
2564337723;125648
2564358128;125649
2564378537;125650
2564398946;125651
2564419355;125652
2564439764;125653
2564460172;125654
2564480582;125655
2564500991;125656
2564521403;125657
2564541809;125658
2564562217;125659
2564582627;125660
2564603039;125661
2564623444;125662
2564643854;125663
2564664262;125664
2564684672;125665
2564705080;125666
2564725493;125667
2564745899;125668
2564766307;125669
2564786717;125670
2564807129;125671
2564827534;125672
2564847943;125673
2564868352;125674
2564888761;125675
2564909170;125676
2564929579;125677
2564949988;125678
2564970397;125679
2564990805;125680
2565011215;125681
2565031624;125682
2565052033;125683
2565072442;125684
2565092850;125685
2565113260;125686
2565133669;125687
2565154078;125688
2565174487;125689
2565194895;125690
2565215305;125691
2565235713;125692
2565256126;125693
2565276532;125694
2565296940;125695
2565317350;125696
2565337758;125697
2565358167;125698
2565378581;125699
2565398989;125700
2565419395;125701
2565439803;125702
2565460212;125703
2565480621;125704
2565501030;125705
2565521440;125706
2565541848;125707
2565562257;125708
2565582666;125709
2565603075;125710
2565623483;125711
2565643893;125712
2565664302;125713
2565684715;125714
2565705120;125715
2565725532;125716
2565745938;125717
2565766347;125718
2565786756;125719
2565807169;125720
2565827573;125721
2565847983;125722
2565868391;125723
2565888805;125724
2565909214;125725
2565929618;125726
2565950028;125727
2565970436;125728
2565990849;125729
2566011254;125730
2566031663;125731
2566052073;125732
2566072485;125733
2566092891;125734
2566113299;125735
2566133708;125736
2566154118;125737
2566174526;125738
2566194935;125739
2566215344;125740
2566235753;125741
2566256162;125742
2566276571;125743
2566296980;125744
2566317389;125745
2566337798;125746
2566358207;125747
2566378616;125748
2566399024;125749
2566419434;125750
2566439843;125751
2566460251;125752
2566480661;125753
2566501073;125754
2566521479;125755
2566541888;125756
2566562296;125757
2566582706;125758
2566603114;125759
2566623528;125760
2566643936;125761
2566664341;125762
2566684751;125763
2566705159;125764
2566725569;125765
2566745977;125766
2566766386;125767
2566786796;125768
2566807204;125769
2566827614;125770
2566848022;125771
2566868431;125772
2566888840;125773
2566909249;125774
2566929658;125775
2566950071;125776
2566970476;125777
2566990885;125778
2567011294;125779
2567031702;125780
2567052112;125781
2567072521;125782
2567092930;125783
2567113339;125784
2567133747;125785
2567154157;125786
2567174570;125787
2567194975;125788
2567215388;125789
2567235796;125790
2567256206;125791
2567276610;125792
2567297020;125793
2567317429;125794
2567337837;125795
2567358247;125796
2567378655;125797
2567399064;125798
2567419477;125799
2567439882;125800
2567460292;125801
2567480704;125802
2567501109;125803
2567521518;125804
2567541927;125805
2567562337;125806
2567582749;125807
2567603154;125808
2567623563;125809
2567643972;125810
2567664384;125811
2567684790;125812
2567705199;125813
2567725608;125814
2567746021;125815
2567766425;125816
2567786835;125817
2567807243;125818
2567827653;125819
2567848062;125820
2567868470;125821
2567888880;125822
2567909288;125823
2567929702;125824
2567950107;125825
2567970515;125826
2567990925;125827
2568011333;125828
2568031743;125829
2568052151;125830
2568072560;125831
2568092970;125832
2568113378;125833
2568133787;125834
2568154196;125835
2568174605;125836
2568195014;125837
2568215423;125838
2568235832;125839
2568256241;125840
2568276650;125841
2568297059;125842
2568317468;125843
2568337881;125844
2568358286;125845
2568378695;125846
2568399104;125847
2568419513;125848
2568439921;125849
2568460331;125850
2568480744;125851
2568501149;125852
2568521558;125853
2568541966;125854
2568562376;125855
2568582785;125856
2568603194;125857
2568623603;125858
2568644011;125859
2568664421;125860
2568684829;125861
2568705238;125862
2568725648;125863
2568746056;125864
2568766466;125865
2568786874;125866
2568807287;125867
2568827692;125868
2568848101;125869
2568868511;125870
2568888919;125871
2568909332;125872
2568929737;125873
2568950146;125874
2568970555;125875
2568990964;125876
2569011373;125877
2569031782;125878
2569052191;125879
2569072600;125880
2569093009;125881
2569113418;125882
2569133827;125883
2569154236;125884
2569174644;125885
2569195058;125886
2569215462;125887
2569235872;125888
2569256281;125889
2569276689;125890
2569297099;125891
2569317507;125892
2569337917;125893
2569358326;125894
2569378738;125895
2569399144;125896
2569419556;125897
2569439962;125898
2569460370;125899
2569480779;125900
2569501189;125901
2569521601;125902
2569542006;125903
2569562419;125904
2569582824;125905
2569603237;125906
2569623642;125907
2569644051;125908
2569664460;125909
2569684869;125910
2569705278;125911
2569725687;125912
2569746096;125913
2569766505;125914
2569786914;125915
2569807323;125916
2569827732;125917
2569848144;125918
2569868554;125919
2569888959;125920
2569909367;125921
2569929777;125922
2569950185;125923
2569970595;125924
2569991007;125925
2570011412;125926
2570031822;125927
2570052230;125928
2570072640;125929
2570093052;125930
2570113457;125931
2570133867;125932
2570154275;125933
2570174685;125934
2570195093;125935
2570215506;125936
2570235911;125937
2570256320;125938
2570276729;125939
2570297138;125940
2570317547;125941
2570337956;125942
2570358365;125943
2570378778;125944
2570399183;125945
2570419592;125946
2570440001;125947
2570460410;125948
2570480818;125949
2570501228;125950
2570521637;125951
2570542046;125952
2570562455;125953
2570582867;125954
2570603273;125955
2570623681;125956
2570644095;125957
2570664500;125958
2570684908;125959
2570705318;125960
2570725726;125961
2570746136;125962
2570766549;125963
2570786953;125964
2570807363;125965
2570827771;125966
2570848180;125967
2570868589;125968
2570888998;125969
2570909408;125970
2570929816;125971
2570950225;125972
2570970634;125973
2570991043;125974
2571011456;125975
2571031861;125976
2571052270;125977
2571072679;125978
2571093088;125979
2571113497;125980
2571133906;125981
2571154315;125982
2571174724;125983
2571195133;125984
2571215542;125985
2571235951;125986
2571256359;125987
2571276769;125988
2571297178;125989
2571317590;125990
2571337996;125991
2571358404;125992
2571378814;125993
2571399222;125994
2571419631;125995
2571440041;125996
2571460449;125997
2571480859;125998
2571501267;125999
2571521676;126000
2571542086;126001
2571562498;126002
2571582904;126003
2571603312;126004
2571623721;126005
2571644134;126006
2571664543;126007
2571684948;126008
2571705357;126009
2571725766;126010
2571746175;126011
2571766584;126012
2571786996;126013
2571807402;126014
2571827811;126015
2571848220;126016
2571868633;126017
2571889041;126018
2571909447;126019
2571929856;126020
2571950268;126021
2571970674;126022
2571991082;126023
2572011492;126024
2572031900;126025
2572052310;126026
2572072723;126027
2572093127;126028
2572113537;126029
2572133945;126030
2572154358;126031
2572174764;126032
2572195172;126033
2572215582;126034
2572235990;126035
2572256403;126036
2572276808;126037
2572297217;126038
2572317627;126039
2572338035;126040
2572358444;126041
2572378853;126042
2572399262;126043
2572419670;126044
2572440080;126045
2572460493;126046
2572480898;126047
2572501307;126048
2572521719;126049
2572542125;126050
2572562534;126051
2572582943;126052
2572603352;126053
2572623760;126054
2572644170;126055
2572664582;126056
2572684988;126057
2572705397;126058
2572725805;126059
2572746215;126060
2572766623;126061
2572787033;126062
2572807441;126063
2572827850;126064
2572848264;126065
2572868668;126066
2572889077;126067
2572909486;126068
2572929895;126069
2572950305;126070
2572970713;126071
2572991122;126072
2573011531;126073
2573031940;126074
2573052349;126075
2573072758;126076
2573093167;126077
2573113576;126078
2573133985;126079
2573154394;126080
2573174803;126081
2573195211;126082
2573215621;126083
2573236030;126084
2573256442;126085
2573276848;126086
2573297260;126087
2573317666;126088
2573338079;126089
2573358483;126090
2573378893;126091
2573399301;126092
2573419711;126093
2573440119;126094
2573460528;126095
2573480942;126096
2573501346;126097
2573521759;126098
2573542164;126099
2573562573;126100
2573582983;126101
2573603391;126102
2573623800;126103
2573644209;126104
2573664618;126105
2573685031;126106
2573705440;126107
2573725845;126108
2573746254;126109
2573766663;126110
2573787076;126111
2573807485;126112
2573827889;126113
2573848299;126114
2573868708;126115
2573889117;126116
2573909530;126117
2573929934;126118
2573950344;126119
2573970753;126120
2573991162;126121
2574011571;126122
2574031979;126123
2574052389;126124
2574072797;126125
2574093206;126126
2574113620;126127
2574134024;126128
2574154434;126129
2574174842;126130
2574195234;126131
2574215643;126132
2574236052;126133
2574256462;126134
2574276874;126135
2574297279;126136
2574317692;126137
2574338097;126138
2574358509;126139
2574378915;126140
2574399323;126141
2574419733;126142
2574440141;126143
2574460554;126144
2574480963;126145
2574501368;126146
2574521778;126147
2574542186;126148
2574562595;126149
2574583004;126150
2574603413;126151
2574623822;126152
2574644231;126153
2574664639;126154
2574685049;126155
2574705457;126156
2574725867;126157
2574746276;126158
2574766688;126159
2574787094;126160
2574807502;126161
2574827912;126162
2574848320;126163
2574868729;126164
2574889142;126165
2574909547;126166
2574929955;126167
2574950365;126168
2574970774;126169
2574991187;126170
2575011592;126171
2575032000;126172
2575052410;126173
2575072818;126174
2575093228;126175
2575113636;126176
2575134045;126177
2575154454;126178
2575174867;126179
2575195273;126180
2575215681;126181
2575236090;126182
2575256499;126183
2575276908;126184
2575297317;126185
2575317730;126186
2575338138;126187
2575358544;126188
2575378952;126189
2575399361;126190
2575419771;126191
2575440179;126192
2575460589;126193
2575480997;126194
2575501406;126195
2575521815;126196
2575542224;126197
2575562632;126198
2575583042;126199
2575603450;126200
2575623860;126201
2575644269;126202
2575664678;126203
2575685087;126204
2575705499;126205
2575725905;126206
2575746313;126207
2575766722;126208
2575787135;126209
2575807540;126210
2575827949;126211
2575848358;126212
2575868771;126213
2575889176;126214
2575909585;126215
2575929994;126216
2575950403;126217
2575970811;126218
2575991221;126219
2576011629;126220
2576032038;126221
2576052447;126222
2576072860;126223
2576093266;126224
2576113674;126225
2576134087;126226
2576154492;126227
2576174901;126228
2576195310;126229
2576215719;126230
2576236127;126231
2576256537;126232
2576276945;126233
2576297355;126234
2576317764;126235
2576338172;126236
2576358582;126237
2576378994;126238
2576399403;126239
2576419808;126240
2576440217;126241
2576460626;126242
2576481035;126243
2576501443;126244
2576521853;126245
2576542262;126246
2576562671;126247
2576583080;126248
2576603492;126249
2576623898;126250
2576644306;126251
2576664719;126252
2576685128;126253
2576705533;126254
2576725942;126255
2576746351;126256
2576766761;126257
2576787169;126258
2576807578;126259
2576827987;126260
2576848396;126261
2576868808;126262
2576889218;126263
2576909626;126264
2576930032;126265
2576950440;126266
2576970849;126267
2576991259;126268
2577011667;126269
2577032077;126270
2577052485;126271
2577072894;126272
2577093303;126273
2577113712;126274
2577134121;126275
2577154530;126276
2577174938;126277
2577195348;126278
2577215757;126279
2577236165;126280
2577256575;126281
2577276983;126282
2577297393;126283
2577317805;126284
2577338210;126285
2577358619;126286
2577379028;126287
2577399437;126288
2577419846;126289
2577440255;126290
2577460664;126291
2577481073;126292
2577501482;126293
2577521891;126294
2577542299;126295
2577562709;126296
2577583117;126297
2577603526;126298
2577623935;126299
2577644344;126300
2577664753;126301
2577685162;126302
2577705575;126303
2577725984;126304
2577746393;126305
2577766798;126306
2577787207;126307
2577807615;126308
2577828029;126309
2577848437;126310
2577868842;126311
2577889255;126312
2577909664;126313
2577930070;126314
2577950478;126315
2577970891;126316
2577991296;126317
2578011705;126318
2578032114;126319
2578052523;126320
2578072931;126321
2578093341;126322
2578113749;126323
2578134159;126324
2578154568;126325
2578174976;126326
2578195386;126327
2578215794;126328
2578236208;126329
2578256612;126330
2578277021;126331
2578297430;126332
2578317839;126333
2578338248;126334
2578358657;126335
2578379066;126336
2578399479;126337
2578419884;126338
2578440293;126339
2578460706;126340
2578481110;126341
2578501520;126342
2578521932;126343
2578542337;126344
2578562746;126345
2578583155;126346
2578603565;126347
2578623973;126348
2578644386;126349
2578664795;126350
2578685204;126351
2578705609;126352
2578726018;126353
2578746426;126354
2578766836;126355
2578787244;126356
2578807654;126357
2578828063;126358
2578848471;126359
2578868881;126360
2578889289;126361
2578909698;126362
2578930107;126363
2578950516;126364
2578970925;126365
2578991334;126366
2579011742;126367
2579032156;126368
2579052561;126369
2579072970;126370
2579093379;126371
2579113787;126372
2579134197;126373
2579154609;126374
2579175019;126375
2579195427;126376
2579215832;126377
2579236241;126378
2579256650;126379
2579277060;126380
2579297468;126381
2579317877;126382
2579338286;126383
2579358695;126384
2579379104;126385
2579399513;126386
2579419921;126387
2579440331;126388
2579460739;126389
2579481148;126390
2579501558;126391
2579521966;126392
2579542376;126393
2579562784;126394
2579583193;126395
2579603602;126396
2579624011;126397
2579644420;126398
2579664829;126399
2579685237;126400
2579705651;126401
2579726056;126402
2579746464;126403
2579766874;126404
2579787282;126405
2579807692;126406
2579828100;126407
2579848509;126408
2579868922;126409
2579889327;126410
2579909736;126411
2579930149;126412
2579950554;126413
2579970963;126414
2579991372;126415
2580011780;126416
2580032190;126417
2580052598;126418
2580073008;126419
2580093416;126420
2580113826;126421
2580134234;126422
2580154643;126423
2580175053;126424
2580195461;126425
2580215874;126426
2580236279;126427
2580256688;126428
2580277097;126429
2580297506;126430
2580317914;126431
2580338324;126432
2580358732;126433
2580379146;126434
2580399551;126435
2580419959;126436
2580440369;126437
2580460777;126438
2580481187;126439
2580501595;126440
2580522004;126441
2580542413;126442
2580562826;126443
2580583231;126444
2580603644;126445
2580624049;126446
2580644458;126447
2580664867;126448
2580685275;126449
2580705689;126450
2580726093;126451
2580746503;126452
2580766911;126453
2580787320;126454
2580807729;126455
2580828138;126456
2580848547;126457
2580868956;126458
2580889365;126459
2580909778;126460
2580930183;126461
2580950591;126462
2580971001;126463
2580991409;126464
2581011819;126465
2581032227;126466
2581052637;126467
2581073045;126468
2581093458;126469
2581113864;126470
2581134272;126471
2581154681;126472
2581175090;126473
2581195499;126474
2581215908;126475
2581236317;126476
2581256729;126477
2581277135;126478
2581297543;126479
2581317953;126480
2581338362;126481
2581358770;126482
2581379180;126483
2581399588;126484
2581419997;126485
2581440410;126486
2581460819;126487
2581481224;126488
2581501633;126489
2581522041;126490
2581542451;126491
2581562860;126492
2581583269;126493
2581603682;126494
2581624086;126495
2581644496;126496
2581664904;126497
2581685314;126498
2581705722;126499
2581726131;126500
2581746544;126501
2581766949;126502
2581787359;126503
2581807767;126504
2581828176;126505
2581848585;126506
2581868994;126507
2581889402;126508
2581909812;126509
2581930224;126510
2581950630;126511
2581971038;126512
2581991447;126513
2582011857;126514
2582032265;126515
2582052675;126516
2582073083;126517
2582093492;126518
2582113905;126519
2582134314;126520
2582154722;126521
2582175128;126522
2582195536;126523
2582215946;126524
2582236355;126525
2582256763;126526
2582277173;126527
2582297581;126528
2582317991;126529
2582338403;126530
2582358808;126531
2582379217;126532
2582399626;126533
2582420035;126534
2582440444;126535
2582460853;126536
2582481262;126537
2582501671;126538
2582522083;126539
2582542489;126540
2582562897;126541
2582583307;126542
2582603715;126543
2582624128;126544
2582644533;126545
2582664942;126546
2582685352;126547
2582705760;126548
2582726169;126549
2582746578;126550
2582766987;126551
2582787396;126552
2582807805;126553
2582828213;126554
2582848623;126555
2582869031;126556
2582889441;126557
2582909850;126558
2582930258;126559
2582950668;126560
2582971076;126561
2582991486;126562
2583011894;126563
2583032307;126564
2583052712;126565
2583073121;126566
2583093529;126567
2583113939;126568
2583134348;126569
2583154760;126570
2583175166;126571
2583195574;126572
2583215984;126573
2583236392;126574
2583256802;126575
2583277210;126576
2583297619;126577
2583318028;126578
2583338437;126579
2583358847;126580
2583379255;126581
2583399664;126582
2583420073;126583
2583440482;126584
2583460891;126585
2583481300;126586
2583501708;126587
2583522118;126588
2583542526;126589
2583562935;126590
2583583345;126591
2583603753;126592
2583624163;126593
2583644575;126594
2583664980;126595
2583685389;126596
2583705798;126597
2583726207;126598
2583746616;126599
2583767024;126600
2583787438;126601
2583807843;126602
2583828252;126603
2583848661;126604
2583869069;126605
2583889483;126606
2583909887;126607
2583930296;126608
2583950705;126609
2583971118;126610
2583991523;126611
2584011932;126612
2584032340;126613
2584052754;126614
2584073159;126615
2584093568;126616
2584113981;126617
2584134385;126618
2584154795;126619
2584175203;126620
2584195611;126621
2584216020;126622
2584236429;126623
2584256842;126624
2584277247;126625
2584297656;126626
2584318065;126627
2584338474;126628
2584358883;126629
2584379292;126630
2584399704;126631
2584420110;126632
2584440522;126633
2584460928;126634
2584481336;126635
2584501749;126636
2584522155;126637
2584542563;126638
2584562973;126639
2584583381;126640
2584603790;126641
2584624199;126642
2584644608;126643
2584665020;126644
2584685426;126645
2584705834;126646
2584726248;126647
2584746653;126648
2584767065;126649
2584787471;126650
2584807879;126651
2584828292;126652
2584848697;126653
2584869106;126654
2584889519;126655
2584909924;126656
2584930332;126657
2584950742;126658
2584971150;126659
2584991560;126660
2585011973;126661
2585032377;126662
2585052787;126663
2585073195;126664
2585093605;126665
2585114017;126666
2585134422;126667
2585154831;126668
2585175240;126669
2585195649;126670
2585216062;126671
2585236471;126672
2585256876;126673
2585277285;126674
2585297693;126675
2585318103;126676
2585338511;126677
2585358921;126678
2585379329;126679
2585399738;126680
2585420147;126681
2585440556;126682
2585460970;126683
2585481374;126684
2585501783;126685
2585522192;126686
2585542601;126687
2585563010;126688
2585583419;126689
2585603831;126690
2585624237;126691
2585644645;126692
2585665055;126693
2585685463;126694
2585705872;126695
2585726282;126696
2585746690;126697
2585767103;126698
2585787508;126699
2585807917;126700
2585828326;126701
2585848739;126702
2585869147;126703
2585889557;126704
2585909961;126705
2585930371;126706
2585950784;126707
2585971192;126708
2585991598;126709
2586012006;126710
2586032416;126711
2586052824;126712
2586073237;126713
2586093642;126714
2586114051;126715
2586134460;126716
2586154869;126717
2586175278;126718
2586195691;126719
2586216096;126720
2586236508;126721
2586256914;126722
2586277322;126723
2586297736;126724
2586318140;126725
2586338549;126726
2586358962;126727
2586379367;126728
2586399779;126729
2586420185;126730
2586440594;126731
2586461007;126732
2586481412;126733
2586501820;126734
2586522230;126735
2586542638;126736
2586563048;126737
2586583456;126738
2586603865;126739
2586624274;126740
2586644683;126741
2586665093;126742
2586685505;126743
2586705910;126744
2586726319;126745
2586746728;126746
2586767137;126747
2586787550;126748
2586807954;126749
2586828368;126750
2586848772;126751
2586869182;126752
2586889591;126753
2586909999;126754
2586930413;126755
2586950817;126756
2586971226;126757
2586991635;126758
2587012044;126759
2587032453;126760
2587052862;126761
2587073271;126762
2587093680;126763
2587114088;126764
2587134498;126765
2587154907;126766
2587175315;126767
2587195725;126768
2587216133;126769
2587236543;126770
2587256951;126771
2587277364;126772
2587297769;126773
2587318178;126774
2587338586;126775
2587358996;126776
2587379405;126777
2587399814;126778
2587420223;126779
2587440631;126780
2587461041;126781
2587481449;126782
2587501859;126783
2587522267;126784
2587542676;126785
2587563085;126786
2587583498;126787
2587603904;126788
2587624312;126789
2587644721;126790
2587665134;126791
2587685543;126792
2587705951;126793
2587726357;126794
2587746765;126795
2587767175;126796
2587787583;126797
2587807992;126798
2587828405;126799
2587848814;126800
2587869220;126801
2587889628;126802
2587910038;126803
2587930446;126804
2587950855;126805
2587971268;126806
2587991677;126807
2588012085;126808
2588032495;126809
2588052899;126810
2588073313;126811
2588093718;126812
2588114126;126813
2588134536;126814
2588154944;126815
2588175354;126816
2588195762;126817
2588216171;126818
2588236580;126819
2588256989;126820
2588277398;126821
2588297807;126822
2588318216;126823
2588338625;126824
2588359034;126825
2588379446;126826
2588399852;126827
2588420260;126828
2588440670;126829
2588461078;126830
2588481487;126831
2588501896;126832
2588522305;126833
2588542714;126834
2588563123;126835
2588583536;126836
2588603941;126837
2588624350;126838
2588644759;126839
2588665168;126840
2588685576;126841
2588705986;126842
2588726394;126843
2588746804;126844
2588767212;126845
2588787621;126846
2588808031;126847
2588828439;126848
2588848848;126849
2588869257;126850
2588889666;126851
2588910079;126852
2588930484;126853
2588950896;126854
2588971302;126855
2588991710;126856
2589012120;126857
2589032529;126858
2589052937;126859
2589073347;126860
2589093755;126861
2589114165;126862
2589134573;126863
2589154982;126864
2589175391;126865
2589195800;126866
2589216208;126867
2589236618;126868
2589257026;126869
2589277436;126870
2589297849;126871
2589318253;126872
2589338663;126873
2589359071;126874
2589379485;126875
2589399889;126876
2589420302;126877
2589440707;126878
2589461116;126879
2589481525;126880
2589501934;126881
2589522343;126882
2589542752;126883
2589563165;126884
2589583570;126885
2589603983;126886
2589624387;126887
2589644801;126888
2589665205;126889
2589685615;126890
2589706023;126891
2589726436;126892
2589746842;126893
2589767250;126894
2589787659;126895
2589808072;126896
2589828477;126897
2589848886;126898
2589869295;126899
2589889703;126900
2589910117;126901
2589930525;126902
2589950931;126903
2589971343;126904
2589991748;126905
2590012162;126906
2590032566;126907
2590052976;126908
2590073384;126909
2590093793;126910
2590114202;126911
2590134611;126912
2590155023;126913
2590175429;126914
2590195837;126915
2590216251;126916
2590236660;126917
2590257064;126918
2590277474;126919
2590297882;126920
2590318292;126921
2590338700;126922
2590359109;126923
2590379522;126924
2590399927;126925
2590420336;126926
2590440745;126927
2590461158;126928
2590481563;126929
2590501972;126930
2590522384;126931
2590542790;126932
2590563198;126933
2590583608;126934
2590604016;126935
2590624425;126936
2590644834;126937
2590665243;126938
2590685656;126939
2590706065;126940
2590726470;126941
2590746879;126942
2590767292;126943
2590787697;126944
2590808106;126945
2590828514;126946
2590848924;126947
2590869332;126948
2590889742;126949
2590910150;126950
2590930559;126951
2590950969;126952
2590971377;126953
2590991786;126954
2591012195;126955
2591032604;126956
2591053013;126957
2591073426;126958
2591093830;126959
2591114240;126960
2591134648;126961
2591155058;126962
2591175467;126963
2591195875;126964
2591216285;126965
2591236697;126966
2591257102;126967
2591277511;126968
2591297920;126969
2591318333;126970
2591338738;126971
2591359147;126972
2591379560;126973
2591399964;126974
2591420374;126975
2591440783;126976
2591461191;126977
2591481601;126978
2591502009;126979
2591522419;126980
2591542827;126981
2591563236;126982
2591583645;126983
2591604054;126984
2591624466;126985
2591644876;126986
2591665281;126987
2591685690;126988
2591706099;126989
2591726511;126990
2591746917;126991
2591767325;126992
2591787739;126993
2591808143;126994
2591828552;126995
2591848965;126996
2591869374;126997
2591889783;126998
2591910188;126999
2591930597;127000
2591951006;127001
2591971415;127002
2591991827;127003
2592012233;127004
2592032641;127005
2592053051;127006
2592073459;127007
2592093869;127008
2592114277;127009
2592134686;127010
2592155096;127011
2592175504;127012
2592195917;127013
2592216322;127014
2592236735;127015
2592257140;127016
2592277549;127017
2592297957;127018
2592318367;127019
2592338775;127020
2592359185;127021
2592379594;127022
2592400002;127023
2592420416;127024
2592440820;127025
2592461229;127026
2592481638;127027
2592502051;127028
2592522456;127029
2592542865;127030
2592563273;127031
2592583683;127032
2592604092;127033
2592624501;127034
2592644910;127035
2592665318;127036
2592685728;127037
2592706136;127038
2592726546;127039
2592746954;127040
2592767363;127041
2592787772;127042
2592808181;127043
2592828589;127044
2592848999;127045
2592869408;127046
2592889817;127047
2592910230;127048
2592930634;127049
2592951044;127050
2592971452;127051
2592991862;127052
2593012270;127053
2593032679;127054
2593053088;127055
2593073497;127056
2593093907;127057
2593114315;127058
2593134724;127059
2593155133;127060
2593175542;127061
2593195950;127062
2593216360;127063
2593236772;127064
2593257178;127065
2593277586;127066
2593297995;127067
2593318405;127068
2593338813;127069
2593359227;127070
2593379631;127071
2593400040;127072
2593420449;127073
2593440858;127074
2593461270;127075
2593481680;127076
2593502084;127077
2593522494;127078
2593542902;127079
2593563312;127080
2593583721;127081
2593604129;127082
2593624539;127083
2593644947;127084
2593665357;127085
2593685765;127086
2593706174;127087
2593726583;127088
2593746992;127089
2593767400;127090
2593787810;127091
2593808223;127092
2593828632;127093
2593849037;127094
2593869445;127095
2593889855;127096
2593910263;127097
2593930672;127098
2593951081;127099
2593971490;127100
2593991899;127101
2594012308;127102
2594032717;127103
2594053126;127104
2594073535;127105
2594093948;127106
2594114353;127107
2594134762;127108
2594155171;127109
2594175579;127110
2594196018;127111
2594216426;127112
2594236835;127113
2594257249;127114
2594277657;127115
2594298063;127116
2594318472;127117
2594338880;127118
2594359290;127119
2594379698;127120
2594400111;127121
2594420517;127122
2594440925;127123
2594461335;127124
2594481743;127125
2594502153;127126
2594522562;127127
2594542970;127128
2594563380;127129
2594583792;127130
2594604201;127131
2594624607;127132
2594645015;127133
2594665425;127134
2594685837;127135
2594706242;127136
2594726652;127137
2594747060;127138
2594767470;127139
2594787878;127140
2594808287;127141
2594828697;127142
2594849105;127143
2594869515;127144
2594889923;127145
2594910332;127146
2594930742;127147
2594951150;127148
2594971559;127149
2594991968;127150
2595012377;127151
2595032787;127152
2595053195;127153
2595073604;127154
2595094013;127155
2595114422;127156
2595134832;127157
2595155240;127158
2595175649;127159
2595196062;127160
2595216467;127161
2595236880;127162
2595257285;127163
2595277694;127164
2595298103;127165
2595318516;127166
2595338921;127167
2595359330;127168
2595379739;127169
2595400148;127170
2595420557;127171
2595440966;127172
2595461375;127173
2595481784;127174
2595502193;127175
2595522602;127176
2595543015;127177
2595563420;127178
2595583829;127179
2595604238;127180
2595624647;127181
2595645060;127182
2595665465;127183
2595685874;127184
2595706283;127185
2595726692;127186
2595747101;127187
2595767514;127188
2595787919;127189
2595808327;127190
2595828737;127191
2595849150;127192
2595869555;127193
2595889968;127194
2595910376;127195
2595930782;127196
2595951191;127197
2595971600;127198
2595992013;127199
2596012417;127200
2596032831;127201
2596053236;127202
2596073645;127203
2596094058;127204
2596114466;127205
2596134872;127206
2596155281;127207
2596175690;127208
2596196099;127209
2596216507;127210
2596236917;127211
2596257326;127212
2596277738;127213
2596298144;127214
2596318552;127215
2596338966;127216
2596359371;127217
2596379779;127218
2596400189;127219
2596420598;127220
2596441010;127221
2596461416;127222
2596481824;127223
2596502234;127224
2596522643;127225
2596543052;127226
2596563461;127227
2596583869;127228
2596604279;127229
2596624688;127230
2596645097;127231
2596665506;127232
2596685914;127233
2596706324;127234
2596726737;127235
2596747141;127236
2596767551;127237
2596787959;127238
2596808373;127239
2596828778;127240
2596849186;127241
2596869596;127242
2596890004;127243
2596910418;127244
2596930823;127245
2596951231;127246
2596971641;127247
2596992049;127248
2597012459;127249
2597032868;127250
2597053276;127251
2597073686;127252
2597094094;127253
2597114503;127254
2597134917;127255
2597155321;127256
2597175731;127257
2597196139;127258
2597216548;127259
2597236958;127260
2597257366;127261
2597277776;127262
2597298184;127263
2597318597;127264
2597339003;127265
2597359411;127266
2597379824;127267
2597400229;127268
2597420638;127269
2597441048;127270
2597461456;127271
2597481865;127272
2597502274;127273
2597522687;127274
2597543093;127275
2597563501;127276
2597583910;127277
2597604319;127278
2597624728;127279
2597645138;127280
2597665546;127281
2597685955;127282
2597706368;127283
2597726773;127284
2597747183;127285
2597767591;127286
2597788000;127287
2597808413;127288
2597828822;127289
2597849228;127290
2597869636;127291
2597890049;127292
2597910454;127293
2597930867;127294
2597951272;127295
2597971681;127296
2597992094;127297
2598012503;127298
2598032908;127299
2598053317;127300
2598073726;127301
2598094135;127302
2598114544;127303
2598134953;127304
2598155362;127305
2598175771;127306
2598196180;127307
2598216592;127308
2598236998;127309
2598257407;127310
2598277816;127311
2598298225;127312
2598318633;127313
2598339043;127314
2598359452;127315
2598379865;127316
2598400274;127317
2598420679;127318
2598441088;127319
2598461497;127320
2598481906;127321
2598502315;127322
2598522724;127323
2598543133;127324
2598563546;127325
2598583951;127326
2598604360;127327
2598624773;127328
2598645178;127329
2598665587;127330
2598685995;127331
2598706405;127332
2598726818;127333
2598747223;127334
2598767632;127335
2598788040;127336
2598808450;127337
2598828859;127338
2598849268;127339
2598869677;127340
2598890085;127341
2598910499;127342
2598930904;127343
2598951316;127344
2598971722;127345
2598992130;127346
2599012540;127347
2599032949;127348
2599053357;127349
2599073767;127350
2599094175;127351
2599114585;127352
2599134994;127353
2599155402;127354
2599175812;127355
2599196220;127356
2599216630;127357
2599237039;127358
2599257451;127359
2599277857;127360
2599298265;127361
2599318675;127362
2599339084;127363
2599359492;127364
2599379902;127365
2599400310;127366
2599420720;127367
2599441129;127368
2599461537;127369
2599481947;127370
2599502355;127371
2599522764;127372
2599543174;127373
2599563586;127374
2599583992;127375
2599604400;127376
2599624809;127377
2599645219;127378
2599665627;127379
2599686037;127380
2599706445;127381
2599726858;127382
2599747264;127383
2599767676;127384
2599788082;127385
2599808490;127386
2599828899;127387
2599849309;127388
2599869717;127389
2599890130;127390
2599910535;127391
2599930944;127392
2599951358;127393
2599971766;127394
2599992171;127395
2600012584;127396
2600032989;127397
2600053399;127398
2600073807;127399
2600094220;127400
2600114625;127401
2600135038;127402
2600155444;127403
2600175852;127404
2600196261;127405
2600216670;127406
2600237079;127407
2600257489;127408
2600277897;127409
2600298306;127410
2600318715;127411
2600339124;127412
2600359534;127413
2600379942;127414
2600400351;127415
2600420761;127416
2600441169;127417
2600461578;127418
2600481987;127419
2600502396;127420
2600522806;127421
2600543214;127422
2600563623;127423
2600584032;127424
2600604441;127425
2600624851;127426
2600645259;127427
2600665668;127428
2600686077;127429
2600706486;127430
2600726896;127431
2600747304;127432
2600767713;127433
2600788126;127434
2600808531;127435
2600828940;127436
2600849349;127437
2600869758;127438
2600890167;127439
2600910576;127440
2600930989;127441
2600951394;127442
2600971803;127443
2600992212;127444
2601012621;127445
2601033030;127446
2601053439;127447
2601073852;127448
2601094256;127449
2601114666;127450
2601135075;127451
2601155484;127452
2601175893;127453
2601196301;127454
2601216711;127455
2601237120;127456
2601257529;127457
2601277938;127458
2601298346;127459
2601318760;127460
2601339165;127461
2601359574;127462
2601379983;127463
2601400391;127464
2601420801;127465
2601441210;127466
2601461619;127467
2601482028;127468
2601502436;127469
2601522846;127470
2601543255;127471
2601563663;127472
2601584077;127473
2601604481;127474
2601624894;127475
2601645300;127476
2601665712;127477
2601686118;127478
2601706526;127479
2601726936;127480
2601747349;127481
2601767753;127482
2601788163;127483
2601808571;127484
2601828981;127485
2601849390;127486
2601869798;127487
2601890208;127488
2601910616;127489
2601931029;127490
2601951435;127491
2601971843;127492
2601992253;127493
2602012661;127494
2602033070;127495
2602053480;127496
2602073892;127497
2602094298;127498
2602114706;127499
2602135119;127500
2602155525;127501
2602175937;127502
2602196343;127503
2602216755;127504
2602237164;127505
2602257570;127506
2602277978;127507
2602298388;127508
2602318796;127509
2602339205;127510
2602359619;127511
2602380027;127512
2602400432;127513
2602420842;127514
2602441254;127515
2602461664;127516
2602482068;127517
2602502477;127518
2602522891;127519
2602543295;127520
2602563705;127521
2602584117;127522
2602604522;127523
2602624932;127524
2602645344;127525
2602665749;127526
2602686158;127527
2602706567;127528
2602726977;127529
2602747389;127530
2602767794;127531
2602788203;127532
2602808616;127533
2602829022;127534
2602849434;127535
2602869839;127536
2602890252;127537
2602910661;127538
2602931070;127539
2602951475;127540
2602971888;127541
2602992297;127542
2603012702;127543
2603033111;127544
2603053520;127545
2603073933;127546
2603094342;127547
2603114751;127548
2603135156;127549
2603155565;127550
2603175974;127551
2603196383;127552
2603216792;127553
2603237201;127554
2603257610;127555
2603278019;127556
2603298428;127557
2603318837;127558
2603339246;127559
2603359655;127560
2603380064;127561
2603400473;127562
2603420882;127563
2603441291;127564
2603461700;127565
2603482113;127566
2603502517;127567
2603522927;127568
2603543336;127569
2603563745;127570
2603584154;127571
2603604562;127572
2603624972;127573
2603645385;127574
2603665790;127575
2603686199;127576
2603706607;127577
2603727017;127578
2603747426;127579
2603767835;127580
2603788244;127581
2603808652;127582
2603829062;127583
2603849475;127584
2603869880;127585
2603890289;127586
2603910697;127587
2603931107;127588
2603951516;127589
2603971924;127590
2603992334;127591
2604012742;127592
2604033156;127593
2604053561;127594
2604073969;127595
2604094379;127596
2604114787;127597
2604135201;127598
2604155606;127599
2604176018;127600
2604196358;127601
2604216766;127602
2604237176;127603
2604257588;127604
2604277993;127605
2604298402;127606
2604318811;127607
2604339220;127608
2604359629;127609
2604380037;127610
2604400450;127611
2604420855;127612
2604441263;127613
2604461673;127614
2604482085;127615
2604502491;127616
2604522899;127617
2604543308;127618
2604563717;127619
2604584126;127620
2604604535;127621
2604624944;127622
2604645352;127623
2604665762;127624
2604686170;127625
2604706578;127626
2604726992;127627
2604747396;127628
2604767810;127629
2604788214;127630
2604808623;127631
2604829032;127632
2604849441;127633
2604869850;127634
2604890259;127635
2604910667;127636
2604931077;127637
2604951485;127638
2604971895;127639
2604992303;127640
2605012711;127641
2605033121;127642
2605053529;127643
2605073942;127644
2605094347;127645
2605114756;127646
2605135165;127647
2605155574;127648
2605175986;127649
2605196392;127650
2605216800;127651
2605237210;127652
2605257618;127653
2605278031;127654
2605298436;127655
2605318844;127656
2605339254;127657
2605359666;127658
2605380075;127659
2605400484;127660
2605420889;127661
2605441298;127662
2605461707;127663
2605482115;127664
2605502525;127665
2605522933;127666
2605543346;127667
2605563751;127668
2605584160;127669
2605604569;127670
2605624978;127671
2605645386;127672
2605665795;127673
2605686204;127674
2605706613;127675
2605727022;127676
2605747430;127677
2605767840;127678
2605788252;127679
2605808658;127680
2605829066;127681
2605849475;127682
2605869884;127683
2605890297;127684
2605910702;127685
2605931111;127686
2605951519;127687
2605971928;127688
2605992341;127689
2606012749;127690
2606033155;127691
2606053563;127692
2606073973;127693
2606094381;127694
2606114794;127695
2606135199;127696
2606155608;127697
2606176017;127698
2606196430;127699
2606216834;127700
2606237244;127701
2606257652;127702
2606278060;127703
2606298470;127704
2606318878;127705
2606339288;127706
2606359696;127707
2606380105;127708
2606400514;127709
2606420923;127710
2606441336;127711
2606461741;127712
2606482149;127713
2606502559;127714
2606522967;127715
2606543377;127716
2606563785;127717
2606584193;127718
2606604603;127719
2606625011;127720
2606645421;127721
2606665829;127722
2606686238;127723
2606706651;127724
2606727056;127725
2606747465;127726
2606767874;127727
2606788282;127728
2606808692;127729
2606829100;127730
2606849509;127731
2606869918;127732
2606890326;127733
2606910736;127734
2606931148;127735
2606951553;127736
2606971966;127737
2606992375;127738
2607012780;127739
2607033189;127740
2607053597;127741
2607074007;127742
2607094415;127743
2607114824;127744
2607135233;127745
2607155642;127746
2607176051;127747
2607196459;127748
2607216868;127749
2607237277;127750
2607257686;127751
2607278095;127752
2607298504;127753
2607318912;127754
2607339322;127755
2607359730;127756
2607380140;127757
2607400548;127758
2607420957;127759
2607441366;127760
2607461775;127761
2607482183;127762
2607502593;127763
2607523001;127764
2607543410;127765
2607563819;127766
2607584228;127767
2607604637;127768
2607625049;127769
2607645458;127770
2607665863;127771
2607686272;127772
2607706681;127773
2607727090;127774
2607747502;127775
2607767908;127776
2607788316;127777
2607808726;127778
2607829134;127779
2607849542;127780
2607869952;127781
2607890360;127782
2607910770;127783
2607931178;127784
2607951591;127785
2607972000;127786
2607992405;127787
2608012814;127788
2608033223;127789
2608053631;127790
2608074041;127791
2608094449;127792
2608114859;127793
2608135271;127794
2608155675;127795
2608176085;127796
2608196493;127797
2608216903;127798
2608237311;127799
2608257720;127800
2608278129;127801
2608298542;127802
2608318946;127803
2608339356;127804
2608359764;127805
2608380174;127806
2608400582;127807
2608420991;127808
2608441400;127809
2608461808;127810
2608482218;127811
2608502626;127812
2608523035;127813
2608543444;127814
2608563853;127815
