2508235759;122899
2508256169;122900
2508276577;122901
2508296987;122902
2508317395;122903
2508337804;122904
2508358213;122905
2508378622;122906
2508399032;122907
2508419440;122908
2508439850;122909
2508460258;122910
2508480667;122911
2508501076;122912
2508521485;122913
2508541895;122914
2508562303;122915
2508582712;122916
2508603121;122917
2508623530;122918
2508643943;122919
2508664348;122920
2508684756;122921
2508705166;122922
2508725575;122923
2508745984;122924
2508766393;122925
2508786805;122926
2508807211;122927
2508827619;122928
2508848029;122929
2508868438;122930
2508888847;122931
2508909260;122932
2508929664;122933
2508950074;122934
2508970482;122935
2508990891;122936
2509011300;122937
2509031709;122938
2509052119;122939
2509072527;122940
2509092936;122941
2509113349;122942
2509133754;122943
2509154163;122944
2509174572;122945
2509194981;122946
2509215390;122947
2509235799;122948
2509256212;122949
2509276617;122950
2509297026;122951
2509317435;122952
2509337847;122953
2509358253;122954
2509378662;122955
2509399071;122956
2509419480;122957
2509439888;122958
2509460298;122959
2509480706;122960
2509501116;122961
2509521524;122962
2509541933;122963
2509562343;122964
2509582751;122965
2509603161;122966
2509623569;122967
2509643978;122968
2509664387;122969
2509684796;122970
2509705206;122971
2509725614;122972
2509746024;122973
2509766432;122974
2509786841;122975
2509807250;122976
2509827659;122977
2509848068;122978
2509868477;122979
2509888886;122980
2509909295;122981
2509929704;122982
2509950117;122983
2509970522;122984
2509990930;122985
2510011340;122986
2510031748;122987
2510052158;122988
2510072567;122989
2510092975;122990
2510113389;122991
2510133793;122992
2510154203;122993
2510174611;122994
2510195021;122995
2510215430;122996
2510235838;122997
2510256248;122998
2510276656;122999
2510297065;123000
2510317474;123001
2510337883;123002
2510358292;123003
2510378701;123004
2510399111;123005
2510419519;123006
2510439928;123007
2510460341;123008
2510480746;123009
2510501155;123010
2510521564;123011
2510541973;123012
2510562382;123013
2510582791;123014
2510603200;123015
2510623609;123016
2510644017;123017
2510664427;123018
2510684835;123019
2510705245;123020
2510725654;123021
2510746066;123022
2510766472;123023
2510786880;123024
2510807290;123025
2510827698;123026
2510848108;123027
2510868517;123028
2510888925;123029
2510909335;123030
2510929743;123031
2510950153;123032
2510970561;123033
2510990970;123034
2511011379;123035
2511031788;123036
2511052198;123037
2511072606;123038
2511093015;123039
2511113424;123040
2511133833;123041
2511154242;123042
2511174655;123043
2511195059;123044
2511215469;123045
2511235878;123046
2511256287;123047
2511276696;123048
2511297104;123049
2511317514;123050
2511337922;123051
2511358332;123052
2511378745;123053
2511399149;123054
2511419559;123055
2511439967;123056
2511460377;123057
2511480785;123058
2511501195;123059
2511521603;123060
2511542012;123061
2511562422;123062
2511582834;123063
2511603243;123064
2511623648;123065
2511644057;123066
2511664466;123067
2511684875;123068
2511705289;123069
2511725693;123070
2511746102;123071
2511766511;123072
2511786920;123073
2511807329;123074
2511827738;123075
2511848146;123076
2511868556;123077
2511888965;123078
2511909374;123079
2511929783;123080
2511950192;123081
2511970604;123082
2511991009;123083
2512011419;123084
2512031827;123085
2512052240;123086
2512072646;123087
2512093054;123088
2512113464;123089
2512133872;123090
2512154282;123091
2512174690;123092
2512195103;123093
2512215509;123094
2512235917;123095
2512256327;123096
2512276735;123097
2512297148;123098
2512317553;123099
2512337962;123100
2512358371;123101
2512378780;123102
2512399190;123103
2512419598;123104
2512440007;123105
2512460416;123106
2512480825;123107
2512501234;123108
2512521643;123109
2512542052;123110
2512562461;123111
2512582870;123112
2512603279;123113
2512623692;123114
2512644100;123115
2512664506;123116
2512684914;123117
2512705324;123118
2512725737;123119
2512746145;123120
2512766551;123121
2512786959;123122
2512807369;123123
2512827777;123124
2512848186;123125
2512868596;123126
2512889004;123127
2512909414;123128
2512929822;123129
2512950231;123130
2512970640;123131
2512991049;123132
2513011458;123133
2513031867;123134
2513052277;123135
2513072685;123136
2513093094;123137
2513113503;123138
2513133912;123139
2513154321;123140
2513174730;123141
2513195138;123142
2513215548;123143
2513235957;123144
2513256366;123145
2513276775;123146
2513297183;123147
2513317593;123148
2513338001;123149
2513358411;123150
2513378820;123151
2513399229;123152
2513419638;123153
2513440046;123154
2513460456;123155
2513480864;123156
2513501274;123157
2513521682;123158
2513542091;123159
2513562501;123160
2513582909;123161
2513603319;123162
2513623727;123163
2513644136;123164
2513664545;123165
2513684954;123166
2513705364;123167
2513725772;123168
2513746181;123169
2513766590;123170
2513786999;123171
2513807408;123172
2513827821;123173
2513848226;123174
2513868635;123175
2513889044;123176
2513909453;123177
2513929862;123178
2513950270;123179
2513970680;123180
2513991088;123181
2514011498;123182
2514031906;123183
2514052316;123184
2514072725;123185
2514093133;123186
2514113543;123187
2514133951;123188
2514154361;123189
2514174769;123190
2514195211;123191
2514215621;123192
2514236029;123193
2514256439;123194
2514276848;123195
2514297256;123196
2514317666;123197
2514338074;123198
2514358484;123199
2514378893;123200
2514399301;123201
2514419711;123202
2514440120;123203
2514460529;123204
2514480938;123205
2514501347;123206
2514521756;123207
2514542165;123208
2514562574;123209
2514582983;123210
2514603393;123211
2514623801;123212
2514644210;123213
2514664619;123214
2514685028;123215
2514705438;123216
2514725846;123217
2514746255;123218
2514766665;123219
2514787073;123220
2514807483;123221
2514827892;123222
2514848300;123223
2514868710;123224
2514889118;123225
2514909528;123226
2514929937;123227
2514950345;123228
2514970755;123229
2514991164;123230
2515011573;123231
2515031982;123232
2515052391;123233
2515072800;123234
2515093209;123235
2515113618;123236
2515134027;123237
2515154437;123238
2515174849;123239
2515195254;123240
2515215663;123241
2515236072;123242
2515256482;123243
2515276890;123244
2515297299;123245
2515317709;123246
2515338121;123247
2515358527;123248
2515378935;123249
2515399345;123250
2515419754;123251
2515440166;123252
2515460572;123253
2515480985;123254
2515501390;123255
2515521799;123256
2515542208;123257
2515562617;123258
2515583026;123259
2515603435;123260
2515623844;123261
2515644253;123262
2515664662;123263
2515685071;123264
2515705481;123265
2515725889;123266
2515746302;123267
2515766707;123268
2515787116;123269
2515807526;123270
2515827934;123271
2515848343;123272
2515868753;123273
2515889161;123274
2515909571;123275
2515929979;123276
2515950388;123277
2515970798;123278
2515991206;123279
2516011616;123280
2516032029;123281
2516052434;123282
2516072843;123283
2516093251;123284
2516113661;123285
2516134070;123286
2516154479;123287
2516174888;123288
2516195297;123289
2516215706;123290
2516236115;123291
2516256529;123292
2516276933;123293
2516297342;123294
2516317751;123295
2516338160;123296
2516358570;123297
2516378978;123298
2516399387;123299
2516419797;123300
2516440205;123301
2516460615;123302
2516481027;123303
2516501432;123304
2516521842;123305
2516542250;123306
2516562664;123307
2516583069;123308
2516603478;123309
2516623887;123310
2516644295;123311
2516664705;123312
2516685114;123313
2516705523;123314
2516725932;123315
2516746345;123316
2516766750;123317
2516787159;123318
2516807568;123319
2516827977;123320
2516848386;123321
2516868795;123322
2516889204;123323
2516909614;123324
2516930022;123325
2516950435;123326
2516970841;123327
2516991249;123328
2517011659;123329
2517032067;123330
2517052476;123331
2517072886;123332
2517093294;123333
2517113704;123334
2517134113;123335
2517154522;123336
2517174931;123337
2517195339;123338
2517215749;123339
2517236158;123340
2517256567;123341
2517276976;123342
2517297385;123343
2517317794;123344
2517338203;123345
2517358612;123346
2517379021;123347
2517399430;123348
2517419839;123349
2517440248;123350
2517460658;123351
2517481066;123352
2517501475;123353
2517521884;123354
2517542293;123355
2517562707;123356
2517583111;123357
2517603521;123358
2517623930;123359
2517644342;123360
2517664748;123361
2517685157;123362
2517705565;123363
2517725975;123364
2517746383;123365
2517766793;123366
2517787202;123367
2517807611;123368
2517828024;123369
2517848429;123370
2517868838;123371
2517889247;123372
2517909656;123373
2517930069;123374
2517950474;123375
2517970883;123376
2517991292;123377
2518011702;123378
2518032110;123379
2518052519;123380
2518072928;123381
2518093337;123382
2518113747;123383
2518134155;123384
2518154565;123385
2518174974;123386
2518195382;123387
2518215792;123388
2518236200;123389
2518256610;123390
2518277019;123391
2518297427;123392
2518317837;123393
2518338246;123394
2518358655;123395
2518379064;123396
2518399473;123397
2518419882;123398
2518440291;123399
2518460700;123400
2518481109;123401
2518501518;123402
2518521927;123403
2518542336;123404
2518562746;123405
2518583154;123406
2518603564;123407
2518623972;123408
2518644381;123409
2518664791;123410
2518685199;123411
2518705609;123412
2518726018;123413
2518746430;123414
2518766836;123415
2518787244;123416
2518807654;123417
2518828063;123418
2518848471;123419
2518868881;123420
2518889290;123421
2518909699;123422
2518930108;123423
2518950516;123424
2518970926;123425
2518991335;123426
2519011744;123427
2519032153;123428
2519052562;123429
2519072971;123430
2519093380;123431
2519113790;123432
2519134198;123433
2519154607;123434
2519175016;123435
2519195425;123436
2519215835;123437
2519236243;123438
2519256653;123439
2519277066;123440
2519297470;123441
2519317880;123442
2519338288;123443
2519358698;123444
2519379107;123445
2519399519;123446
2519419925;123447
2519440334;123448
2519460743;123449
2519481152;123450
2519501560;123451
2519521970;123452
2519542379;123453
2519562788;123454
2519583197;123455
2519603607;123456
2519624015;123457
2519644424;123458
2519664833;123459
2519685242;123460
2519705652;123461
2519726064;123462
2519746469;123463
2519766879;123464
2519787287;123465
2519807697;123466
2519828106;123467
2519848514;123468
2519868924;123469
2519889332;123470
2519909746;123471
2519930151;123472
2519950563;123473
2519970969;123474
2519991382;123475
2520011787;123476
2520032196;123477
2520052605;123478
2520073014;123479
2520093423;123480
2520113832;123481
2520134241;123482
2520154651;123483
2520175059;123484
2520195468;123485
2520215877;123486
2520236286;123487
2520256696;123488
2520277104;123489
2520297513;123490
2520317923;123491
2520338331;123492
2520358741;123493
2520379149;123494
2520399558;123495
2520419968;123496
2520440376;123497
2520460786;123498
2520481195;123499
2520501603;123500
2520522013;123501
2520542422;123502
2520562831;123503
2520583240;123504
2520603648;123505
2520624058;123506
2520644467;123507
2520664876;123508
2520685285;123509
2520705695;123510
2520726103;123511
2520746512;123512
2520766925;123513
2520787330;123514
2520807740;123515
2520828148;123516
2520848557;123517
2520868967;123518
2520889375;123519
2520909789;123520
2520930193;123521
2520950602;123522
2520971012;123523
2520991420;123524
2521011830;123525
2521032239;123526
2521052647;123527
2521073057;123528
2521093465;123529
2521113875;123530
2521134284;123531
2521154693;123532
2521175102;123533
2521195511;123534
2521215920;123535
2521236329;123536
2521256739;123537
2521277147;123538
2521297556;123539
2521317965;123540
2521338378;123541
2521358784;123542
2521379192;123543
2521399601;123544
2521420011;123545
2521440419;123546
2521460829;123547
2521481237;123548
2521501646;123549
2521522056;123550
2521542464;123551
2521562874;123552
2521583283;123553
2521603691;123554
2521624101;123555
2521644509;123556
2521664919;123557
2521685328;123558
2521705737;123559
2521726146;123560
2521746555;123561
2521766964;123562
2521787373;123563
2521807782;123564
2521828191;123565
2521848600;123566
2521869013;123567
2521889418;123568
2521909832;123569
2521930236;123570
2521950645;123571
2521971055;123572
2521991467;123573
2522011873;123574
2522032281;123575
2522052690;123576
2522073100;123577
2522093508;123578
2522113918;123579
2522134327;123580
2522154736;123581
2522175145;123582
2522195557;123583
2522215963;123584
2522236372;123585
2522256781;123586
2522277194;123587
2522297599;123588
2522318008;123589
2522338417;123590
2522358826;123591
2522379235;123592
2522399644;123593
2522420053;123594
2522440466;123595
2522460872;123596
2522481280;123597
2522501689;123598
2522522098;123599
2522542507;123600
2522562917;123601
2522583325;123602
2522603738;123603
2522624144;123604
2522644552;123605
2522664966;123606
2522685371;123607
2522705779;123608
2522726189;123609
2522746597;123610
2522767007;123611
2522787416;123612
2522807825;123613
2522828234;123614
2522848643;123615
2522869052;123616
2522889461;123617
2522909870;123618
2522930279;123619
2522950688;123620
2522971097;123621
2522991506;123622
2523011916;123623
2523032324;123624
2523052733;123625
2523073142;123626
2523093551;123627
2523113961;123628
2523134369;123629
2523154778;123630
2523175188;123631
2523195596;123632
2523216006;123633
2523236414;123634
2523256824;123635
2523277233;123636
2523297641;123637
2523318051;123638
2523338460;123639
2523358869;123640
2523379282;123641
2523399687;123642
2523420096;123643
2523440505;123644
2523460914;123645
2523481323;123646
2523501732;123647
2523522141;123648
2523542550;123649
2523562960;123650
2523583368;123651
2523603777;123652
2523624186;123653
2523644595;123654
2523665005;123655
2523685413;123656
2523705826;123657
2523726232;123658
2523746640;123659
2523767050;123660
2523787458;123661
2523807868;123662
2523828277;123663
2523848685;123664
2523869095;123665
2523889504;123666
2523909913;123667
2523930322;123668
2523950734;123669
2523971140;123670
2523991549;123671
2524011958;123672
2524032371;123673
2524052776;123674
2524073185;123675
2524093594;123676
2524114004;123677
2524134412;123678
2524154821;123679
2524175230;123680
2524195568;123681
2524215977;123682
2524236386;123683
2524256795;123684
2524277204;123685
2524297612;123686
2524318022;123687
2524338430;123688
2524358840;123689
2524379248;123690
2524399657;123691
2524420066;123692
2524440479;123693
2524460884;123694
2524481293;123695
2524501701;123696
2524522111;123697
2524542519;123698
2524562929;123699
2524583337;123700
2524603746;123701
2524624155;123702
2524644564;123703
2524664973;123704
2524685382;123705
2524705791;123706
2524726199;123707
2524746608;123708
2524767017;123709
2524787426;123710
2524807834;123711
2524828244;123712
2524848652;123713
2524869062;123714
2524889470;123715
2524909880;123716
2524930288;123717
2524950697;123718
2524971106;123719
2524991519;123720
2525011924;123721
2525032333;123722
2525052741;123723
2525073151;123724
2525093559;123725
2525113969;123726
2525134377;123727
2525154787;123728
2525175195;123729
2525195608;123730
2525216013;123731
2525236422;123732
2525256831;123733
2525277240;123734
2525297648;123735
2525318058;123736
2525338466;123737
2525358875;123738
2525379284;123739
2525399696;123740
2525420102;123741
2525440510;123742
2525460920;123743
2525481328;123744
2525501737;123745
2525522146;123746
2525542555;123747
2525562964;123748
2525583373;123749
2525603781;123750
2525624191;123751
2525644599;123752
2525665009;123753
2525685417;123754
2525705826;123755
2525726239;123756
2525746644;123757
2525767053;123758
2525787462;123759
2525807870;123760
2525828280;123761
2525848688;123762
2525869098;123763
2525889506;123764
2525909916;123765
2525930324;123766
2525950733;123767
2525971142;123768
2525991550;123769
2526011960;123770
2526032368;123771
2526052778;123772
2526073186;123773
2526093595;123774
2526114004;123775
2526134413;123776
2526154825;123777
2526175231;123778
2526195639;123779
2526216049;123780
2526236457;123781
2526256867;123782
2526277275;123783
2526297684;123784
2526318097;123785
2526338502;123786
2526358911;123787
2526379320;123788
2526399728;123789
2526420138;123790
2526440546;123791
2526460956;123792
2526481364;123793
2526501773;123794
2526522182;123795
2526542591;123796
2526563000;123797
2526583408;123798
2526603817;123799
2526624226;123800
2526644635;123801
2526665044;123802
2526685453;123803
2526705862;123804
2526726271;123805
2526746679;123806
2526767093;123807
2526787497;123808
2526807907;123809
2526828315;123810
2526848728;123811
2526869133;123812
2526889542;123813
2526909954;123814
2526930360;123815
2526950768;123816
2526971178;123817
2526991586;123818
2527011996;123819
2527032404;123820
2527052813;123821
2527073222;123822
2527093631;123823
2527114040;123824
2527134449;123825
2527154857;123826
2527175267;123827
2527195675;123828
2527216084;123829
2527236497;123830
2527256902;123831
2527277311;123832
2527297719;123833
2527318129;123834
2527338537;123835
2527358947;123836
2527379355;123837
2527399768;123838
2527420173;123839
2527440582;123840
2527460994;123841
2527481400;123842
2527501808;123843
2527522218;123844
2527542626;123845
2527563036;123846
2527583444;123847
2527603853;123848
2527624262;123849
2527644671;123850
2527665080;123851
2527685493;123852
2527705897;123853
2527726307;123854
2527746715;123855
2527767125;123856
2527787533;123857
2527807942;123858
2527828351;123859
2527848759;123860
2527869169;123861
2527889577;123862
2527909987;123863
2527930395;123864
2527950804;123865
2527971213;123866
2527991622;123867
2528012031;123868
2528032440;123869
2528052848;123870
2528073258;123871
2528093666;123872
2528114076;123873
2528134484;123874
2528154893;123875
2528175302;123876
2528195711;123877
2528216120;123878
2528236529;123879
2528256938;123880
2528277347;123881
2528297759;123882
2528318165;123883
2528338573;123884
2528358982;123885
2528379391;123886
2528399800;123887
2528420209;123888
2528440618;123889
2528461027;123890
2528481435;123891
2528501844;123892
2528522257;123893
2528542662;123894
2528563071;123895
2528583480;123896
2528603888;123897
2528624298;123898
2528644706;123899
2528665116;123900
2528685524;123901
2528705933;123902
2528726342;123903
2528746751;123904
2528767160;123905
2528787569;123906
2528807977;123907
2528828387;123908
2528848795;123909
2528869205;123910
2528889613;123911
2528910022;123912
2528930435;123913
2528950840;123914
2528971249;123915
2528991658;123916
2529012067;123917
2529032480;123918
2529052884;123919
2529073294;123920
2529093702;123921
2529114111;123922
2529134520;123923
2529154928;123924
2529175338;123925
2529195746;123926
2529216156;123927
2529236564;123928
2529256973;123929
2529277382;123930
2529297791;123931
2529318200;123932
2529338609;123933
2529359017;123934
2529379427;123935
2529399835;123936
2529420245;123937
2529440653;123938
2529461062;123939
2529481471;123940
2529501880;123941
2529522293;123942
2529542698;123943
2529563106;123944
2529583520;123945
2529603924;123946
2529624338;123947
2529644742;123948
2529665155;123949
2529685560;123950
2529705968;123951
2529726378;123952
2529746786;123953
2529767196;123954
2529787604;123955
2529808013;123956
2529828422;123957
2529848831;123958
2529869240;123959
2529889649;123960
2529910057;123961
2529930467;123962
2529950875;123963
2529971289;123964
2529991693;123965
2530012102;123966
2530032515;123967
2530052920;123968
2530073329;123969
2530093738;123970
2530114146;123971
2530134556;123972
2530154968;123973
2530175374;123974
2530195782;123975
2530216191;123976
2530236600;123977
2530257009;123978
2530277418;123979
2530297827;123980
2530318236;123981
2530338644;123982
2530359053;123983
2530379466;123984
2530399871;123985
2530420280;123986
2530440689;123987
2530461097;123988
2530481507;123989
2530501915;123990
2530522325;123991
2530542733;123992
2530563142;123993
2530583555;123994
2530603960;123995
2530624369;123996
2530644778;123997
2530665187;123998
2530685596;123999
2530706004;124000
2530726414;124001
2530746822;124002
2530767232;124003
2530787640;124004
2530808053;124005
2530828458;124006
2530848867;124007
2530869276;124008
2530889685;124009
2530910093;124010
2530930503;124011
2530950911;124012
2530971320;124013
2530991729;124014
2531012137;124015
2531032547;124016
2531052955;124017
2531073364;124018
2531093773;124019
2531114182;124020
2531134591;124021
2531155000;124022
2531175409;124023
2531195822;124024
2531216226;124025
2531236636;124026
2531257044;124027
2531277454;124028
2531297862;124029
2531318271;124030
2531338680;124031
2531359089;124032
2531379498;124033
2531399907;124034
2531420316;124035
2531440725;124036
2531461133;124037
2531481543;124038
2531501951;124039
2531522361;124040
2531542769;124041
2531563178;124042
2531583587;124043
2531603995;124044
2531624405;124045
2531644813;124046
2531665222;124047
2531685635;124048
2531706040;124049
2531726449;124050
2531746858;124051
2531767267;124052
2531787680;124053
2531808084;124054
2531828494;124055
2531848902;124056
2531869311;124057
2531889720;124058
2531910129;124059
2531930538;124060
2531950947;124061
2531971356;124062
2531991769;124063
2532012173;124064
2532032583;124065
2532052991;124066
2532073401;124067
2532093809;124068
2532114218;124069
2532134627;124070
2532155036;124071
2532175449;124072
2532195854;124073
2532216262;124074
2532236671;124075
2532257080;124076
2532277489;124077
2532297898;124078
2532318306;124079
2532338716;124080
2532359124;124081
2532379534;124082
2532399942;124083
2532420351;124084
2532440760;124085
2532461173;124086
2532481578;124087
2532501987;124088
2532522396;124089
2532542805;124090
2532563213;124091
2532583623;124092
2532604031;124093
2532624441;124094
2532644849;124095
2532665258;124096
2532685667;124097
2532706076;124098
2532726485;124099
2532746898;124100
2532767303;124101
2532787712;124102
2532808120;124103
2532828529;124104
2532848938;124105
2532869347;124106
2532889756;124107
2532910164;124108
2532930574;124109
2532950982;124110
2532971392;124111
2532991800;124112
2533012209;124113
2533032618;124114
2533053027;124115
2533073436;124116
2533093845;124117
2533114253;124118
2533134663;124119
2533155071;124120
2533175484;124121
2533195889;124122
2533216298;124123
2533236707;124124
2533257116;124125
2533277525;124126
2533297934;124127
2533318342;124128
2533338752;124129
2533359160;124130
2533379570;124131
2533399978;124132
2533420391;124133
2533440796;124134
2533461204;124135
2533481614;124136
2533502022;124137
2533522431;124138
2533542840;124139
2533563249;124140
2533583658;124141
2533604067;124142
2533624476;124143
2533644885;124144
2533665293;124145
2533685703;124146
2533706111;124147
2533726521;124148
2533746929;124149
2533767338;124150
2533787751;124151
2533808156;124152
2533828565;124153
2533848974;124154
2533869382;124155
2533889796;124156
2533910200;124157
2533930610;124158
2533951018;124159
2533971428;124160
2533991836;124161
2534012245;124162
2534032654;124163
2534053063;124164
2534073472;124165
2534093880;124166
2534114289;124167
2534134698;124168
2534155107;124169
2534175519;124170
2534196029;124171
2534216438;124172
2534236847;124173
2534257256;124174
2534277666;124175
2534298075;124176
2534318483;124177
2534338893;124178
2534359302;124179
2534379711;124180
2534400120;124181
2534420529;124182
2534440942;124183
2534461347;124184
2534481757;124185
2534502166;124186
2534522575;124187
2534542984;124188
2534563393;124189
2534583802;124190
2534604211;124191
2534624621;124192
2534645029;124193
2534665438;124194
2534685848;124195
2534706256;124196
2534726666;124197
2534747075;124198
2534767484;124199
2534787893;124200
2534808302;124201
2534828712;124202
2534849120;124203
2534869529;124204
2534889939;124205
2534910347;124206
2534930757;124207
2534951166;124208
2534971575;124209
2534991988;124210
2535012393;124211
2535032803;124212
2535053211;124213
2535073621;124214
2535094030;124215
2535114438;124216
2535134848;124217
2535155257;124218
2535175666;124219
2535196075;124220
2535216484;124221
2535236894;124222
2535257302;124223
2535277712;124224
2535298121;124225
2535318529;124226
2535338939;124227
2535359348;124228
2535379757;124229
2535400166;124230
2535420575;124231
2535440985;124232
2535461393;124233
2535481803;124234
2535502212;124235
2535522621;124236
2535543030;124237
2535563439;124238
2535583848;124239
2535604261;124240
2535624667;124241
2535645075;124242
2535665484;124243
2535685894;124244
2535706307;124245
2535726712;124246
2535747121;124247
2535767530;124248
2535787939;124249
2535808348;124250
2535828758;124251
2535849166;124252
2535869575;124253
2535889985;124254
2535910394;124255
2535930803;124256
2535951216;124257
2535971625;124258
2535992030;124259
2536012439;124260
2536032853;124261
2536053257;124262
2536073667;124263
2536094076;124264
2536114484;124265
2536134894;124266
2536155303;124267
2536175712;124268
2536196121;124269
2536216534;124270
2536236940;124271
2536257348;124272
2536277758;124273
2536298167;124274
2536318575;124275
2536338985;124276
2536359394;124277
2536379804;124278
2536400212;124279
2536420621;124280
2536441031;124281
2536461443;124282
2536481849;124283
2536502262;124284
2536522670;124285
2536543076;124286
2536563485;124287
2536583894;124288
2536604303;124289
2536624713;124290
2536645126;124291
2536665530;124292
2536685940;124293
2536706349;124294
2536726758;124295
2536747167;124296
2536767580;124297
2536787989;124298
2536808394;124299
2536828804;124300
2536849213;124301
2536869621;124302
2536890031;124303
2536910440;124304
2536930849;124305
2536951258;124306
2536971667;124307
2536992076;124308
2537012485;124309
2537032895;124310
2537053308;124311
2537073713;124312
2537094126;124313
2537114531;124314
2537134940;124315
2537155349;124316
2537175759;124317
2537196167;124318
2537216576;124319
2537236986;124320
2537257394;124321
2537277804;124322
2537298213;124323
2537318622;124324
2537339031;124325
2537359440;124326
2537379850;124327
2537400258;124328
2537420667;124329
2537441077;124330
2537461485;124331
2537481895;124332
2537502304;124333
2537522713;124334
2537543122;124335
2537563531;124336
2537583941;124337
2537604349;124338
2537624759;124339
2537645168;124340
2537665576;124341
2537685986;124342
2537706395;124343
2537726804;124344
2537747213;124345
2537767622;124346
2537788032;124347
2537808440;124348
2537828850;124349
2537849259;124350
2537869667;124351
2537890077;124352
2537910486;124353
2537930895;124354
2537951304;124355
2537971713;124356
2537992123;124357
2538012535;124358
2538032941;124359
2538053350;124360
2538073759;124361
2538094168;124362
2538114577;124363
2538134986;124364
2538155395;124365
2538175805;124366
2538196217;124367
2538216622;124368
2538237032;124369
2538257441;124370
2538277850;124371
2538298259;124372
2538318668;124373
2538339077;124374
2538359486;124375
2538379896;124376
2538400304;124377
2538420713;124378
2538441123;124379
2538461532;124380
2538481941;124381
2538502350;124382
2538522760;124383
2538543172;124384
2538563577;124385
2538583987;124386
2538604395;124387
2538624805;124388
2538645218;124389
2538665622;124390
2538686032;124391
2538706441;124392
2538726851;124393
2538747259;124394
2538767668;124395
2538788078;124396
2538808486;124397
2538828896;124398
2538849305;124399
2538869713;124400
2538890123;124401
2538910532;124402
2538930946;124403
2538951350;124404
2538971759;124405
2538992169;124406
2539012577;124407
2539032987;124408
2539053396;124409
2539073805;124410
2539094214;124411
2539114623;124412
2539135032;124413
2539155445;124414
2539175851;124415
2539196260;124416
2539216672;124417
2539237078;124418
2539257487;124419
2539277896;124420
2539298305;124421
2539318714;124422
2539339123;124423
2539359532;124424
2539379942;124425
2539400351;124426
2539420759;124427
2539441169;124428
2539461578;124429
2539481987;124430
2539502396;124431
2539522806;124432
2539543214;124433
2539563623;124434
2539584033;124435
2539604441;124436
2539624851;124437
2539645260;124438
2539665669;124439
2539686078;124440
2539706487;124441
2539726897;124442
2539747305;124443
2539767714;124444
2539788124;124445
2539808532;124446
2539828942;124447
2539849351;124448
2539869760;124449
2539890169;124450
2539910578;124451
2539930988;124452
2539951396;124453
2539971805;124454
2539992215;124455
2540012623;124456
2540033033;124457
2540053442;124458
2540073851;124459
2540094260;124460
2540114669;124461
2540135079;124462
2540155487;124463
2540175897;124464
2540196306;124465
2540216714;124466
2540237124;124467
2540257533;124468
2540277942;124469
2540298351;124470
2540318760;124471
2540339170;124472
2540359578;124473
2540379988;124474
2540400397;124475
2540420806;124476
2540441215;124477
2540461628;124478
2540482033;124479
2540502446;124480
2540522855;124481
2540543261;124482
2540563669;124483
2540584079;124484
2540604488;124485
2540624897;124486
2540645306;124487
2540665715;124488
2540686124;124489
2540706537;124490
2540726943;124491
2540747351;124492
2540767760;124493
2540788174;124494
2540808579;124495
2540828992;124496
2540849397;124497
2540869806;124498
2540890215;124499
2540910628;124500
2540931034;124501
2540951442;124502
2540971851;124503
2540992261;124504
2541012670;124505
2541033079;124506
2541053488;124507
2541073897;124508
2541094306;124509
2541114715;124510
2541135125;124511
2541155533;124512
2541175943;124513
2541196356;124514
2541216760;124515
2541237170;124516
2541257579;124517
2541277989;124518
2541298397;124519
2541318806;124520
2541339216;124521
2541359624;124522
2541380034;124523
2541400447;124524
2541420851;124525
2541441261;124526
2541461670;124527
2541482080;124528
2541502488;124529
2541522898;124530
2541543307;124531
2541563715;124532
2541584125;124533
2541604534;124534
2541624943;124535
2541645352;124536
2541665761;124537
2541686170;124538
2541706579;124539
2541726989;124540
2541747402;124541
2541767806;124542
2541788216;124543
2541808625;124544
2541829034;124545
2541849443;124546
2541869852;124547
2541890261;124548
2541910670;124549
2541931080;124550
2541951489;124551
2541971897;124552
2541992307;124553
2542012716;124554
2542033125;124555
2542053534;124556
2542073943;124557
2542094352;124558
2542114761;124559
2542135175;124560
2542155579;124561
2542175989;124562
2542196398;124563
2542216807;124564
2542237216;124565
2542257625;124566
2542278035;124567
2542298443;124568
2542318852;124569
2542339262;124570
2542359670;124571
2542380080;124572
2542400489;124573
2542420898;124574
2542441307;124575
2542461716;124576
2542482126;124577
2542502534;124578
2542522943;124579
2542543353;124580
2542563761;124581
2542584171;124582
2542604580;124583
2542624988;124584
2542645398;124585
2542665807;124586
2542686217;124587
2542706629;124588
2542727034;124589
2542747444;124590
2542767852;124591
2542788262;124592
2542808671;124593
2542829083;124594
2542849489;124595
2542869898;124596
2542890308;124597
2542910716;124598
2542931126;124599
2542951535;124600
2542971943;124601
2542992353;124602
2543012762;124603
2543033171;124604
2543053580;124605
2543073989;124606
2543094398;124607
2543114807;124608
2543135217;124609
2543155626;124610
2543176035;124611
2543196444;124612
2543216853;124613
2543237262;124614
2543257671;124615
2543278080;124616
2543298489;124617
2543318902;124618
2543339308;124619
2543359717;124620
2543380125;124621
2543400535;124622
2543420944;124623
2543441353;124624
2543461762;124625
2543482172;124626
2543502584;124627
2543522989;124628
2543543399;124629
2543563807;124630
2543584217;124631
2543604626;124632
2543625035;124633
2543645444;124634
2543665853;124635
2543686263;124636
2543706675;124637
2543727080;124638
2543747490;124639
2543767898;124640
2543788308;124641
2543808717;124642
2543829126;124643
2543849535;124644
2543869944;124645
2543890354;124646
2543910762;124647
2543931171;124648
2543951581;124649
2543971989;124650
2543992403;124651
2544012808;124652
2544033218;124653
2544053626;124654
2544074035;124655
2544094445;124656
2544114853;124657
2544135263;124658
2544155672;124659
2544176080;124660
2544196361;124661
2544216769;124662
2544237179;124663
2544257587;124664
2544277996;124665
2544298405;124666
2544318813;124667
2544339223;124668
2544359631;124669
2544380040;124670
2544400449;124671
2544420858;124672
2544441267;124673
2544461675;124674
2544482084;124675
2544502493;124676
2544522902;124677
2544543311;124678
2544563720;124679
2544584129;124680
2544604538;124681
2544624950;124682
2544645355;124683
2544665768;124684
2544686173;124685
2544706582;124686
2544726990;124687
2544747400;124688
2544767808;124689
2544788217;124690
2544808626;124691
2544829034;124692
2544849444;124693
2544869852;124694
2544890262;124695
2544910670;124696
2544931078;124697
2544951488;124698
2544971896;124699
2544992306;124700
2545012714;124701
2545033123;124702
2545053532;124703
2545073940;124704
2545094350;124705
2545114758;124706
2545135167;124707
2545155576;124708
2545175985;124709
2545196394;124710
2545216802;124711
2545237212;124712
2545257620;124713
2545278029;124714
2545298438;124715
2545318847;124716
2545339260;124717
2545359665;124718
2545380073;124719
2545400482;124720
2545420891;124721
2545441300;124722
2545461709;124723
2545482118;124724
2545502527;124725
2545522935;124726
2545543344;124727
2545563753;124728
2545584161;124729
2545604571;124730
2545624979;124731
2545645389;124732
2545665797;124733
2545686205;124734
2545706615;124735
2545727023;124736
2545747433;124737
2545767841;124738
2545788251;124739
2545808659;124740
2545829067;124741
2545849477;124742
2545869885;124743
2545890295;124744
2545910703;124745
2545931112;124746
2545951521;124747
2545971929;124748
2545992339;124749
2546012747;124750
2546033156;124751
2546053565;124752
2546073974;124753
2546094383;124754
2546114792;124755
2546135201;124756
2546155609;124757
2546176022;124758
2546196427;124759
2546216836;124760
2546237245;124761
2546257654;124762
2546278062;124763
2546298471;124764
2546318880;124765
2546339289;124766
2546359698;124767
2546380106;124768
2546400516;124769
2546420924;124770
2546441333;124771
2546461742;124772
2546482154;124773
2546502560;124774
2546522968;124775
2546543382;124776
2546563786;124777
2546584194;124778
2546604608;124779
2546625012;124780
2546645422;124781
2546665830;124782
2546686239;124783
2546706648;124784
2546727057;124785
2546747470;124786
2546767874;124787
2546788284;124788
2546808692;124789
2546829101;124790
2546849510;124791
2546869919;124792
2546890328;124793
2546910736;124794
2546931145;124795
2546951554;124796
2546971963;124797
2546992372;124798
2547012781;124799
2547033189;124800
2547053598;124801
2547074007;124802
2547094416;124803
2547114825;124804
2547135234;124805
2547155643;124806
2547176051;124807
2547196460;124808
2547216873;124809
2547237278;124810
2547257687;124811
2547278095;124812
2547298505;124813
2547318913;124814
2547339322;124815
2547359731;124816
2547380139;124817
2547400549;124818
2547420957;124819
2547441367;124820
2547461775;124821
2547482184;124822
2547502593;124823
2547523001;124824
2547543411;124825
2547563819;124826
2547584228;124827
2547604637;124828
2547625046;124829
2547645459;124830
2547665863;124831
2547686276;124832
2547706681;124833
2547727090;124834
2547747499;124835
2547767912;124836
2547788316;124837
2547808725;124838
2547829134;124839
2547849543;124840
2547869956;124841
2547890365;124842
2547910770;124843
2547931178;124844
2547951587;124845
2547971996;124846
2547992405;124847
2548012814;124848
2548033226;124849
2548053632;124850
2548074040;124851
2548094449;124852
2548114858;124853
2548135266;124854
2548155676;124855
2548176088;124856
2548196494;124857
2548216902;124858
2548237315;124859
2548257720;124860
2548278128;124861
2548298538;124862
2548318946;124863
2548339356;124864
2548359764;124865
2548380173;124866
2548400582;124867
2548420990;124868
2548441400;124869
2548461808;124870
2548482217;124871
2548502626;124872
2548523035;124873
2548543444;124874
2548563852;124875
2548584261;124876
2548604670;124877
2548625079;124878
2548645488;124879
2548665897;124880
2548686306;124881
2548706714;124882
2548727123;124883
2548747532;124884
2548767941;124885
2548788350;124886
2548808759;124887
2548829167;124888
2548849576;124889
2548869985;124890
2548890394;124891
2548910803;124892
2548931211;124893
2548951621;124894
2548972033;124895
2548992439;124896
2549012847;124897
2549033255;124898
2549053665;124899
2549074073;124900
2549094483;124901
2549114891;124902
2549135301;124903
2549155709;124904
2549176117;124905
2549196527;124906
2549216935;124907
2549237345;124908
2549257753;124909
2549278162;124910
2549298571;124911
2549318979;124912
2549339389;124913
2549359797;124914
2549380206;124915
2549400615;124916
2549421024;124917
2549441433;124918
2549461841;124919
2549482250;124920
2549502659;124921
2549523068;124922
2549543477;124923
2549563886;124924
2549584294;124925
2549604704;124926
2549625112;124927
2549645525;124928
2549665930;124929
2549686338;124930
2549706748;124931
2549727156;124932
2549747566;124933
2549767974;124934
2549788382;124935
2549808792;124936
2549829200;124937
2549849610;124938
2549870018;124939
2549890428;124940
2549910836;124941
2549931244;124942
2549951654;124943
2549972062;124944
2549992472;124945
2550012880;124946
2550033289;124947
2550053698;124948
2550074106;124949
2550094516;124950
2550114924;124951
2550135333;124952
2550155742;124953
2550176151;124954
2550196560;124955
2550216968;124956
2550237377;124957
2550257786;124958
2550278199;124959
2550298608;124960
2550319013;124961
2550339422;124962
2550359831;124963
2550380239;124964
2550400648;124965
2550421057;124966
2550441466;124967
2550461875;124968
2550482283;124969
2550502693;124970
2550523105;124971
2550543510;124972
2550563919;124973
2550584327;124974
2550604737;124975
2550625149;124976
2550645555;124977
2550665963;124978
2550686371;124979
2550706781;124980
2550727189;124981
2550747599;124982
2550768007;124983
2550788416;124984
2550808825;124985
2550829233;124986
2550849643;124987
2550870055;124988
2550890464;124989
2550910869;124990
2550931278;124991
2550951691;124992
2550972095;124993
2550992505;124994
2551012913;124995
2551033322;124996
2551053731;124997
2551074140;124998
2551094549;124999
2551114958;125000
2551135366;125001
2551155775;125002
2551176188;125003
2551196593;125004
2551217002;125005
2551237410;125006
2551257824;125007
2551278232;125008
2551298637;125009
2551319046;125010
2551339455;125011
2551359864;125012
2551380272;125013
2551400682;125014
2551421090;125015
2551441499;125016
2551461908;125017
2551482316;125018
2551502726;125019
2551523134;125020
2551543544;125021
2551563952;125022
2551584360;125023
2551604770;125024
2551625178;125025
2551645588;125026
2551665996;125027
2551686409;125028
2551706814;125029
2551727222;125030
2551747632;125031
2551768040;125032
2551788453;125033
2551808858;125034
2551829267;125035
2551849676;125036
2551870085;125037
2551890494;125038
2551910902;125039
2551931311;125040
2551951720;125041
2551972129;125042
2551992538;125043
2552012947;125044
2552033355;125045
2552053764;125046
2552074173;125047
2552094582;125048
2552114991;125049
2552135399;125050
2552155809;125051
2552176221;125052
2552196626;125053
2552217035;125054
2552237447;125055
2552257853;125056
2552278261;125057
2552298671;125058
2552319079;125059
2552339487;125060
2552359897;125061
2552380305;125062
2552400715;125063
2552421123;125064
2552441532;125065
2552461941;125066
2552482350;125067
2552502759;125068
2552523167;125069
2552543576;125070
2552563985;125071
2552584394;125072
2552604803;125073
2552625212;125074
2552645621;125075
2552666029;125076
2552686442;125077
2552706847;125078
2552727256;125079
2552747665;125080
2552768074;125081
2552788482;125082
2552808891;125083
2552829300;125084
2552849709;125085
2552870118;125086
2552890527;125087
2552910936;125088
2552931344;125089
2552951753;125090
2552972162;125091
2552992571;125092
2553012980;125093
2553033388;125094
2553053798;125095
2553074206;125096
2553094615;125097
2553115024;125098
2553135432;125099
2553155842;125100
2553176250;125101
2553196660;125102
2553217068;125103
2553237477;125104
2553257886;125105
2553278298;125106
2553298708;125107
2553319112;125108
2553339522;125109
2553359934;125110
2553380339;125111
2553400748;125112
2553421156;125113
2553441566;125114
2553461974;125115
2553482383;125116
2553502792;125117
2553523201;125118
2553543610;125119
2553564018;125120
2553584427;125121
2553604836;125122
2553625245;125123
2553645654;125124
2553666063;125125
2553686475;125126
2553706880;125127
2553727289;125128
2553747698;125129
2553768107;125130
2553788515;125131
2553808925;125132
2553829333;125133
2553849742;125134
2553870151;125135
2553890560;125136
2553910969;125137
2553931377;125138
2553951787;125139
2553972195;125140
2553992605;125141
2554013013;125142
2554033421;125143
2554053831;125144
2554074239;125145
2554094649;125146
2554115057;125147
2554135466;125148
2554155875;125149
2554176283;125150
2554196739;125151
2554217151;125152
2554237556;125153
2554257966;125154
2554278374;125155
2554298784;125156
2554319196;125157
2554339601;125158
2554360014;125159
2554380419;125160
2554400828;125161
2554421237;125162
2554441646;125163
2554462055;125164
2554482463;125165
2554502873;125166
2554523281;125167
2554543691;125168
2554564099;125169
2554584508;125170
2554604917;125171
2554625326;125172
2554645736;125173
2554666144;125174
2554686557;125175
2554706962;125176
2554727371;125177
2554747780;125178
2554768189;125179
2554788598;125180
2554809007;125181
2554829415;125182
2554849825;125183
2554870233;125184
2554890643;125185
2554911051;125186
2554931460;125187
2554951869;125188
2554972278;125189
2554992690;125190
2555013096;125191
2555033505;125192
2555053914;125193
2555074323;125194
2555094732;125195
2555115141;125196
2555135549;125197
2555155959;125198
2555176367;125199
2555196777;125200
2555217185;125201
2555237594;125202
2555258003;125203
2555278412;125204
2555298821;125205
2555319230;125206
2555339638;125207
2555360048;125208
2555380456;125209
2555400866;125210
2555421275;125211
2555441684;125212
2555462093;125213
2555482501;125214
2555502911;125215
2555523319;125216
2555543729;125217
2555564137;125218
2555584546;125219
2555604955;125220
2555625364;125221
2555645773;125222
2555666182;125223
2555686590;125224
2555707000;125225
2555727408;125226
2555747818;125227
2555768226;125228
2555788635;125229
2555809045;125230
2555829453;125231
2555849863;125232
2555870271;125233
2555890681;125234
2555911089;125235
2555931498;125236
2555951907;125237
2555972316;125238
2555992725;125239
2556013134;125240
2556033542;125241
2556053952;125242
2556074360;125243
2556094770;125244
2556115182;125245
2556135587;125246
2556155996;125247
2556176405;125248
2556196815;125249
2556217223;125250
2556237632;125251
2556258041;125252
2556278450;125253
2556298859;125254
2556319272;125255
2556339677;125256
2556360086;125257
2556380494;125258
2556400904;125259
2556421312;125260
2556441722;125261
2556462130;125262
2556482539;125263
2556502948;125264
2556523357;125265
2556543766;125266
2556564175;125267
2556584584;125268
2556604993;125269
2556625402;125270
2556645811;125271
2556666220;125272
2556686628;125273
2556707038;125274
2556727446;125275
2556747856;125276
2556768268;125277
2556788674;125278
2556809082;125279
2556829491;125280
2556849900;125281
2556870309;125282
2556890722;125283
2556911127;125284
2556931539;125285
2556951945;125286
2556972354;125287
2556992767;125288
2557013172;125289
2557033580;125290
2557053990;125291
2557074398;125292
2557094808;125293
2557115216;125294
2557135625;125295
2557156038;125296
2557176443;125297
2557196852;125298
2557217261;125299
2557237669;125300
2557258079;125301
2557278487;125302
2557298897;125303
2557319305;125304
2557339715;125305
2557360124;125306
2557380532;125307
2557400942;125308
2557421350;125309
2557441760;125310
2557462172;125311
2557482577;125312
2557502986;125313
2557523395;125314
2557543804;125315
2557564213;125316
2557584621;125317
2557605031;125318
2557625439;125319
2557645849;125320
2557666257;125321
2557686666;125322
2557707075;125323
2557727484;125324
2557747894;125325
2557768306;125326
2557788711;125327
2557809120;125328
2557829529;125329
2557849938;125330
2557870347;125331
2557890756;125332
2557911165;125333
2557931573;125334
2557951983;125335
2557972391;125336
2557992800;125337
2558013209;125338
2558033618;125339
2558054027;125340
2558074436;125341
2558094845;125342
2558115258;125343
2558135663;125344
2558156072;125345
2558176481;125346
2558196890;125347
2558217299;125348
2558237707;125349
2558258117;125350
2558278525;125351
2558298935;125352
2558319343;125353
2558339752;125354
2558360161;125355
2558380570;125356
2558400979;125357
2558421388;125358
2558441796;125359
2558462206;125360
2558482614;125361
2558503024;125362
2558523433;125363
2558543842;125364
2558564255;125365
2558584659;125366
2558605069;125367
2558625477;125368
2558645887;125369
2558666295;125370
2558686704;125371
2558707113;125372
2558727522;125373
2558747931;125374
2558768344;125375
2558788749;125376
2558809158;125377
2558829566;125378
2558849976;125379
2558870384;125380
2558890793;125381
2558911207;125382
2558931611;125383
2558952021;125384
2558972429;125385
2558992838;125386
2559013247;125387
2559033656;125388
2559054065;125389
2559074474;125390
2559094883;125391
2559115292;125392
2559135700;125393
2559156110;125394
2559176518;125395
2559196928;125396
2559217336;125397
2559237745;125398
2559258159;125399
2559278563;125400
2559298973;125401
2559319381;125402
2559339794;125403
2559360199;125404
2559380608;125405
2559401017;125406
2559421430;125407
2559441835;125408
2559462244;125409
2559482656;125410
2559503066;125411
2559523470;125412
2559543880;125413
2559564288;125414
2559584697;125415
2559605106;125416
2559625515;125417
2559645925;125418
2559666333;125419
2559686742;125420
2559707151;125421
2559727560;125422
2559747969;125423
2559768378;125424
2559788786;125425
2559809196;125426
2559829608;125427
2559850014;125428
2559870422;125429
2559890832;125430
2559911240;125431
2559931649;125432
2559952058;125433
2559972467;125434
2559992876;125435
2560013285;125436
2560033694;125437
2560054103;125438
2560074512;125439
2560094921;125440
2560115330;125441
2560135738;125442
2560156148;125443
2560176560;125444
2560196966;125445
2560217377;125446
2560237783;125447
2560258192;125448
2560278601;125449
2560299010;125450
2560319419;125451
2560339827;125452
2560360237;125453
2560380645;125454
2560401055;125455
2560421464;125456
2560441872;125457
2560462282;125458
2560482690;125459
2560503104;125460
2560523508;125461
2560543917;125462
2560564326;125463
2560584735;125464
2560605144;125465
2560625553;125466
2560645962;125467
2560666371;125468
2560686779;125469
2560707189;125470
2560727597;125471
2560748007;125472
2560768415;125473
2560788824;125474
2560809234;125475
2560829642;125476
2560850052;125477
2560870460;125478
2560890869;125479
2560911278;125480
2560931687;125481
2560952096;125482
2560972505;125483
2560992914;125484
2561013323;125485
2561033731;125486
2561054141;125487
2561074549;125488
2561094958;125489
2561115367;125490
2561135776;125491
2561156185;125492
2561176594;125493
2561197007;125494
2561217412;125495
2561237821;125496
2561258230;125497
2561278639;125498
2561299048;125499
2561319457;125500
2561339865;125501
2561360275;125502
2561380683;125503
2561401093;125504
2561421501;125505
2561441910;125506
2561462319;125507
2561482732;125508
2561503137;125509
2561523550;125510
2561543955;125511
2561564364;125512
2561584773;125513
2561605182;125514
2561625591;125515
2561646000;125516
2561666409;125517
2561686817;125518
2561707227;125519
2561727635;125520
2561748045;125521
2561768453;125522
2561788862;125523
2561809271;125524
2561829680;125525
2561850089;125526
2561870498;125527
2561890907;125528
2561911316;125529
2561931724;125530
2561952134;125531
2561972543;125532
2561992952;125533
2562013361;125534
2562033769;125535
2562054179;125536
2562074587;125537
2562094997;125538
2562115405;125539
2562135814;125540
2562156223;125541
2562176632;125542
2562197041;125543
2562217450;125544
2562237858;125545
2562258268;125546
2562278676;125547
2562299086;125548
2562319494;125549
2562339904;125550
2562360317;125551
2562380721;125552
2562401131;125553
2562421539;125554
2562441949;125555
2562462357;125556
2562482766;125557
2562503175;125558
2562523588;125559
2562543993;125560
2562564402;125561
2562584810;125562
2562605220;125563
2562625632;125564
2562646038;125565
2562666446;125566
2562686855;125567
2562707264;125568
2562727673;125569
2562748083;125570
2562768491;125571
2562788900;125572
2562809309;125573
2562829722;125574
2562850127;125575
2562870536;125576
2562890944;125577
2562911354;125578
2562931766;125579
2562952176;125580
2562972580;125581
2562992990;125582
2563013398;125583
2563033807;125584
2563054220;125585
2563074625;125586
2563095034;125587
2563115443;125588
2563135852;125589
2563156261;125590
2563176670;125591
2563197079;125592
2563217488;125593
2563237896;125594
2563258310;125595
2563278714;125596
2563299124;125597
2563319532;125598
2563339941;125599
2563360350;125600
2563380759;125601
2563401168;125602
2563421577;125603
2563441985;125604
2563462395;125605
2563482807;125606
2563503217;125607
2563523622;125608
2563544034;125609
2563564440;125610
2563584848;125611
2563605258;125612
2563625666;125613
2563646076;125614
2563666484;125615
2563686893;125616
2563707302;125617
2563727711;125618
2563748120;125619
2563768529;125620
2563788937;125621
2563809347;125622
2563829759;125623
2563850165;125624
2563870573;125625
2563890982;125626
2563911392;125627
2563931800;125628
2563952214;125629
2563972618;125630
2563993028;125631
2564013436;125632
2564033845;125633
2564054254;125634
2564074663;125635
2564095072;125636
2564115481;125637
2564135889;125638
2564156303;125639
2564176707;125640
2564197143;125641
2564217552;125642
2564237960;125643
2564258370;125644
2564278778;125645
2564299191;125646
2564319596;125647
2564340005;125648
2564360415;125649
2564380823;125650
2564401233;125651
2564421641;125652
2564442051;125653
2564462459;125654
2564482868;125655
2564503278;125656
2564523686;125657
2564544095;125658
2564564504;125659
2564584913;125660
2564605323;125661
2564625731;125662
2564646141;125663
2564666553;125664
2564686958;125665
2564707370;125666
2564727776;125667
2564748186;125668
2564768594;125669
2564789003;125670
2564809412;125671
2564829821;125672
2564850231;125673
2564870639;125674
2564891048;125675
2564911457;125676
2564931866;125677
2564952275;125678
2564972684;125679
2564993094;125680
2565013502;125681
2565033911;125682
2565054320;125683
2565074729;125684
2565095138;125685
2565115547;125686
2565135956;125687
2565156365;125688
2565176778;125689
2565197182;125690
2565217592;125691
2565238001;125692
2565258410;125693
2565278823;125694
2565299228;125695
2565319637;125696
2565340045;125697
2565360455;125698
2565380864;125699
2565401273;125700
2565421682;125701
2565442090;125702
2565462500;125703
2565482908;125704
2565503318;125705
2565523727;125706
2565544135;125707
2565564545;125708
2565584953;125709
2565605363;125710
2565625772;125711
2565646181;125712
2565666594;125713
2565686998;125714
2565707408;125715
2565727816;125716
2565748229;125717
2565768635;125718
2565789043;125719
2565809453;125720
2565829861;125721
2565850275;125722
2565870679;125723
2565891088;125724
2565911498;125725
2565931910;125726
2565952316;125727
2565972724;125728
2565993134;125729
2566013543;125730
2566033951;125731
2566054361;125732
2566074769;125733
2566095179;125734
2566115587;125735
2566135996;125736
2566156406;125737
2566176814;125738
2566197224;125739
2566217632;125740
2566238041;125741
2566258450;125742
2566278859;125743
2566299269;125744
2566319681;125745
2566340086;125746
2566360495;125747
2566380904;125748
2566401314;125749
2566421722;125750
2566442131;125751
2566462540;125752
2566482949;125753
2566503358;125754
2566523767;125755
2566544176;125756
2566564585;125757
2566584994;125758
2566605403;125759
2566625812;125760
2566646222;125761
2566666630;125762
2566687039;125763
2566707448;125764
2566727857;125765
2566748266;125766
2566768675;125767
2566789084;125768
2566809493;125769
2566829902;125770
2566850311;125771
2566870720;125772
2566891128;125773
2566911538;125774
2566931947;125775
2566952360;125776
2566972765;125777
2566993173;125778
2567013583;125779
2567033992;125780
2567054401;125781
2567074810;125782
2567095218;125783
2567115628;125784
2567136036;125785
2567156446;125786
2567176859;125787
2567197264;125788
2567217677;125789
2567238081;125790
2567258491;125791
2567278899;125792
2567299309;125793
2567319718;125794
2567340126;125795
2567360536;125796
2567380944;125797
2567401354;125798
2567421763;125799
2567442171;125800
2567462581;125801
2567482989;125802
2567503399;125803
2567523807;125804
2567544217;125805
2567564626;125806
2567585034;125807
2567605444;125808
2567625852;125809
2567646261;125810
2567666670;125811
2567687079;125812
2567707489;125813
2567727897;125814
2567748307;125815
2567768715;125816
2567789124;125817
2567809534;125818
2567829942;125819
2567850352;125820
2567870760;125821
2567891169;125822
2567911578;125823
2567931987;125824
2567952397;125825
2567972805;125826
2567993214;125827
2568013623;125828
2568034032;125829
2568054446;125830
2568074850;125831
2568095260;125832
2568115668;125833
2568136077;125834
2568156486;125835
2568176895;125836
2568197305;125837
2568217713;125838
2568238122;125839
2568258531;125840
2568278940;125841
2568299349;125842
2568319758;125843
2568340171;125844
2568360576;125845
2568380985;125846
2568401394;125847
2568421803;125848
2568442212;125849
2568462621;125850
2568483030;125851
2568503439;125852
2568523848;125853
2568544257;125854
2568564666;125855
2568585075;125856
2568605484;125857
2568625893;125858
2568646302;125859
2568666711;125860
2568687119;125861
2568707529;125862
2568727938;125863
2568748347;125864
2568768756;125865
2568789164;125866
2568809574;125867
2568829983;125868
2568850392;125869
2568870801;125870
2568891210;125871
2568911619;125872
2568932027;125873
2568952437;125874
2568972846;125875
2568993254;125876
2569013664;125877
2569034072;125878
2569054482;125879
2569074890;125880
2569095300;125881
2569115709;125882
2569136117;125883
2569156527;125884
2569176935;125885
2569197345;125886
2569217758;125887
2569238162;125888
2569258572;125889
2569278980;125890
2569299390;125891
2569319798;125892
2569340207;125893
2569360617;125894
2569381025;125895
2569401435;125896
2569421843;125897
2569442252;125898
2569462661;125899
2569483070;125900
2569503480;125901
2569523888;125902
2569544298;125903
2569564706;125904
2569585115;125905
2569605525;125906
2569625933;125907
2569646343;125908
2569666751;125909
2569687160;125910
2569707569;125911
2569727978;125912
2569748388;125913
2569768796;125914
2569789205;125915
2569809614;125916
2569830023;125917
2569850433;125918
2569870841;125919
2569891250;125920
2569911659;125921
2569932068;125922
2569952477;125923
2569972886;125924
2569993295;125925
2570013704;125926
2570034113;125927
2570054522;125928
2570074931;125929
2570095340;125930
2570115749;125931
2570136158;125932
2570156567;125933
2570176976;125934
2570197385;125935
2570217794;125936
2570238203;125937
2570258616;125938
2570279021;125939
2570299430;125940
2570319839;125941
2570340247;125942
2570360657;125943
2570381066;125944
2570401475;125945
2570421884;125946
2570442293;125947
2570462702;125948
2570483110;125949
2570503523;125950
2570523929;125951
2570544338;125952
2570564751;125953
2570585155;125954
2570605565;125955
2570625974;125956
2570646383;125957
2570666792;125958
2570687200;125959
2570707610;125960
2570728018;125961
2570748428;125962
2570768841;125963
2570789245;125964
2570809655;125965
2570830063;125966
2570850473;125967
2570870881;125968
2570891290;125969
2570911700;125970
2570932108;125971
2570952518;125972
2570972926;125973
2570993336;125974
2571013745;125975
2571034153;125976
2571054563;125977
2571074971;125978
2571095381;125979
2571115789;125980
2571136198;125981
2571156608;125982
2571177016;125983
2571197426;125984
2571217834;125985
2571238244;125986
2571258652;125987
2571279061;125988
2571299471;125989
2571319879;125990
2571340289;125991
2571360697;125992
2571381106;125993
2571401520;125994
2571421924;125995
2571442334;125996
2571462742;125997
2571483151;125998
2571503560;125999
2571523969;126000
2571544379;126001
2571564787;126002
2571585196;126003
2571605605;126004
2571626014;126005
2571646424;126006
2571666832;126007
2571687241;126008
2571707650;126009
2571728059;126010
2571748468;126011
2571768877;126012
2571789286;126013
2571809695;126014
2571830104;126015
2571850513;126016
2571870922;126017
2571891334;126018
2571911740;126019
2571932153;126020
2571952558;126021
2571972967;126022
2571993376;126023
2572013785;126024
2572034194;126025
2572054607;126026
2572075012;126027
2572095421;126028
2572115830;126029
2572136238;126030
2572156648;126031
2572177057;126032
2572197466;126033
2572217875;126034
2572238284;126035
2572258697;126036
2572279101;126037
2572299511;126038
2572319920;126039
2572340329;126040
2572360738;126041
2572381146;126042
2572401556;126043
2572421965;126044
2572442374;126045
2572462783;126046
2572483191;126047
2572503601;126048
2572524009;126049
2572544419;126050
2572564828;126051
2572585236;126052
2572605650;126053
2572626054;126054
2572646464;126055
2572666872;126056
2572687281;126057
2572707691;126058
2572728103;126059
2572748509;126060
2572768921;126061
2572789326;126062
2572809736;126063
2572830144;126064
2572850554;126065
2572870962;126066
2572891372;126067
2572911780;126068
2572932189;126069
2572952599;126070
2572973007;126071
2572993420;126072
2573013825;126073
2573034234;126074
2573054647;126075
2573075052;126076
2573095462;126077
2573115870;126078
2573136279;126079
2573156688;126080
2573177097;126081
2573197507;126082
2573217915;126083
2573238325;126084
2573258733;126085
2573279142;126086
2573299555;126087
2573319960;126088
2573340370;126089
2573360778;126090
2573381187;126091
2573401596;126092
2573422005;126093
2573442415;126094
2573462823;126095
2573483232;126096
2573503641;126097
2573524054;126098
2573544459;126099
2573564868;126100
2573585277;126101
2573605690;126102
2573626095;126103
2573646504;126104
2573666913;126105
2573687321;126106
2573707731;126107
2573728144;126108
2573748553;126109
2573768962;126110
2573789366;126111
2573809776;126112
2573830189;126113
2573850594;126114
2573871003;126115
2573891412;126116
2573911821;126117
2573932229;126118
2573952639;126119
2573973048;126120
2573993457;126121
2574013866;126122
2574034274;126123
2574054684;126124
2574075092;126125
2574095502;126126
2574115911;126127
2574136319;126128
2574156729;126129
2574177137;126130
2574197530;126131
2574217942;126132
2574238348;126133
2574258757;126134
2574279165;126135
2574299575;126136
2574319983;126137
2574340393;126138
2574360801;126139
2574381210;126140
2574401619;126141
2574422028;126142
2574442437;126143
2574462846;126144
2574483255;126145
2574503664;126146
2574524073;126147
2574544482;126148
2574564891;126149
2574585299;126150
2574605709;126151
2574626117;126152
2574646527;126153
2574666935;126154
2574687344;126155
2574707754;126156
2574728162;126157
2574748572;126158
2574768980;126159
2574789389;126160
2574809798;126161
2574830207;126162
2574850616;126163
2574871025;126164
2574891434;126165
2574911843;126166
2574932252;126167
2574952661;126168
2574973070;126169
2574993479;126170
2575013888;126171
2575034296;126172
2575054706;126173
2575075114;126174
2575095524;126175
2575115932;126176
2575136341;126177
2575156751;126178
2575177159;126179
2575197569;126180
2575217977;126181
2575238386;126182
2575258795;126183
2575279204;126184
2575299613;126185
2575320022;126186
2575340431;126187
2575360840;126188
2575381249;126189
2575401658;126190
2575422067;126191
2575442476;126192
2575462885;126193
2575483297;126194
2575503703;126195
2575524111;126196
2575544521;126197
2575564929;126198
2575585338;126199
2575605748;126200
2575626156;126201
2575646565;126202
2575666974;126203
2575687383;126204
2575707792;126205
2575728201;126206
2575748610;126207
2575769019;126208
2575789431;126209
2575809837;126210
2575830246;126211
2575850655;126212
2575871064;126213
2575891472;126214
2575911882;126215
2575932290;126216
2575952700;126217
2575973108;126218
2575993517;126219
2576013926;126220
2576034335;126221
2576054745;126222
2576075153;126223
2576095563;126224
2576115971;126225
2576136380;126226
2576156789;126227
2576177198;126228
2576197607;126229
2576218020;126230
2576238424;126231
2576258838;126232
2576279243;126233
2576299652;126234
2576320061;126235
2576340469;126236
2576360879;126237
2576381287;126238
2576401701;126239
2576422105;126240
2576442515;126241
2576462923;126242
2576483332;126243
2576503741;126244
2576524150;126245
2576544560;126246
2576564968;126247
2576585377;126248
2576605786;126249
2576626195;126250
2576646604;126251
2576667013;126252
2576687421;126253
2576707835;126254
2576728239;126255
2576748649;126256
2576769058;126257
2576789466;126258
2576809876;126259
2576830284;126260
2576850694;126261
2576871102;126262
2576891511;126263
2576911920;126264
2576932329;126265
2576952738;126266
2576973147;126267
2576993556;126268
2577013965;126269
2577034374;126270
2577054787;126271
2577075192;126272
2577095600;126273
2577116010;126274
2577136418;126275
2577156828;126276
2577177236;126277
2577197646;126278
2577218055;126279
2577238467;126280
2577258877;126281
2577279281;126282
2577299691;126283
2577320099;126284
2577340508;126285
2577360917;126286
2577381326;126287
2577401735;126288
2577422144;126289
2577442553;126290
2577462966;126291
2577483371;126292
2577503784;126293
2577524193;126294
2577544598;126295
2577565007;126296
2577585415;126297
2577605825;126298
2577626233;126299
2577646643;126300
2577667052;126301
2577687460;126302
2577707870;126303
2577728278;126304
2577748688;126305
2577769096;126306
2577789505;126307
2577809918;126308
2577830323;126309
2577850732;126310
2577871141;126311
2577891551;126312
2577911959;126313
2577932368;126314
2577952777;126315
2577973186;126316
2577993594;126317
2578014004;126318
2578034412;126319
2578054822;126320
2578075230;126321
2578095640;126322
2578116049;126323
2578136457;126324
2578156867;126325
2578177275;126326
2578197685;126327
2578218093;126328
2578238502;126329
2578258915;126330
2578279320;126331
2578299729;126332
2578320138;126333
2578340547;126334
2578360960;126335
2578381365;126336
2578401778;126337
2578422183;126338
2578442591;126339
2578463001;126340
2578483409;126341
2578503819;126342
2578524227;126343
2578544637;126344
2578565046;126345
2578585454;126346
2578605864;126347
2578626272;126348
2578646682;126349
2578667090;126350
2578687499;126351
2578707912;126352
2578728317;126353
2578748726;126354
2578769135;126355
2578789544;126356
2578809953;126357
2578830362;126358
2578850771;126359
2578871180;126360
2578891588;126361
2578911998;126362
2578932406;126363
2578952816;126364
2578973224;126365
2578993634;126366
2579014043;126367
2579034451;126368
2579054861;126369
2579075269;126370
2579095679;126371
2579116087;126372
2579136496;126373
2579156909;126374
2579177314;126375
2579197723;126376
2579218136;126377
2579238541;126378
2579258950;126379
2579279359;126380
2579299768;126381
2579320177;126382
2579340585;126383
2579360995;126384
2579381403;126385
2579401813;126386
2579422221;126387
2579442630;126388
2579463040;126389
2579483452;126390
2579503858;126391
2579524266;126392
2579544676;126393
2579565084;126394
2579585493;126395
2579605902;126396
2579626311;126397
2579646720;126398
2579667129;126399
2579687538;126400
2579707947;126401
2579728360;126402
2579748769;126403
2579769174;126404
2579789582;126405
2579809992;126406
2579830400;126407
2579850810;126408
2579871218;126409
2579891627;126410
2579912036;126411
2579932445;126412
2579952855;126413
2579973263;126414
2579993673;126415
2580014081;126416
2580034490;126417
2580054899;126418
2580075308;126419
2580095717;126420
2580116126;126421
2580136534;126422
2580156944;126423
2580177353;126424
2580197762;126425
2580218171;126426
2580238579;126427
2580258989;126428
2580279397;126429
2580299807;126430
2580320219;126431
2580340624;126432
2580361033;126433
2580381442;126434
2580401852;126435
2580422260;126436
2580442670;126437
2580463078;126438
2580483487;126439
2580503896;126440
2580524305;126441
2580544713;126442
2580565123;126443
2580585531;126444
2580605941;126445
2580626350;126446
2580646759;126447
2580667168;126448
2580687576;126449
2580707986;126450
2580728394;126451
2580748804;126452
2580769212;126453
2580789621;126454
2580810030;126455
2580830439;126456
2580850849;126457
2580871257;126458
2580891666;126459
2580912075;126460
2580932484;126461
2580952893;126462
2580973302;126463
2580993711;126464
2581014120;126465
2581034528;126466
2581054942;126467
2581075347;126468
2581095756;126469
2581116165;126470
2581136573;126471
2581156983;126472
2581177391;126473
2581197801;126474
2581218209;126475
2581238618;126476
2581259027;126477
2581279436;126478
2581299846;126479
2581320254;126480
2581340664;126481
2581361072;126482
2581381481;126483
2581401890;126484
2581422299;126485
2581442708;126486
2581463117;126487
2581483525;126488
2581503935;126489
2581524344;126490
2581544753;126491
2581565162;126492
2581585570;126493
2581605980;126494
2581626388;126495
2581646798;126496
2581667206;126497
2581687615;126498
2581708024;126499
2581728433;126500
2581748843;126501
2581769251;126502
2581789660;126503
2581810069;126504
2581830478;126505
2581850887;126506
2581871296;126507
2581891704;126508
2581912118;126509
2581932526;126510
2581952932;126511
2581973341;126512
2581993750;126513
2582014159;126514
2582034571;126515
2582054977;126516
2582075385;126517
2582095795;126518
2582116203;126519
2582136612;126520
2582157021;126521
2582177430;126522
2582197843;126523
2582218248;126524
2582238657;126525
2582259070;126526
2582279475;126527
2582299884;126528
2582320293;126529
2582340702;126530
2582361111;126531
2582381519;126532
2582401929;126533
2582422338;126534
2582442747;126535
2582463156;126536
2582483564;126537
2582503974;126538
2582524382;126539
2582544792;126540
2582565200;126541
2582585609;126542
2582606018;126543
2582626427;126544
2582646837;126545
2582667245;126546
2582687654;126547
2582708063;126548
2582728472;126549
2582748881;126550
2582769290;126551
2582789698;126552
2582810108;126553
2582830516;126554
2582850926;126555
2582871335;126556
2582891743;126557
2582912153;126558
2582932565;126559
2582952971;126560
2582973379;126561
2582993789;126562
2583014201;126563
2583034606;126564
2583055015;126565
2583075424;126566
2583095833;126567
2583116242;126568
2583136651;126569
2583157064;126570
2583177469;126571
2583197878;126572
2583218287;126573
2583238695;126574
2583259105;126575
2583279513;126576
2583299923;126577
2583320331;126578
2583340744;126579
2583361150;126580
2583381558;126581
2583401968;126582
2583422376;126583
2583442785;126584
2583463194;126585
2583483603;126586
2583504012;126587
2583524421;126588
2583544830;126589
2583565239;126590
2583585648;126591
2583606057;126592
2583626466;126593
2583646875;126594
2583667284;126595
2583687692;126596
2583708102;126597
2583728510;126598
2583748920;126599
2583769328;126600
2583789737;126601
2583810147;126602
2583830559;126603
2583850965;126604
2583871373;126605
2583891782;126606
2583912191;126607
2583932600;126608
2583953009;126609
2583973418;126610
2583993827;126611
2584014236;126612
2584034645;126613
2584055054;126614
2584075463;126615
2584095872;126616
2584116281;126617
2584136689;126618
2584157099;126619
2584177507;126620
2584197916;126621
2584218324;126622
2584238733;126623
2584259143;126624
2584279551;126625
2584299961;126626
2584320369;126627
2584340778;126628
2584361187;126629
2584381596;126630
2584402005;126631
2584422418;126632
2584442822;126633
2584463232;126634
2584483641;126635
2584504050;126636
2584524459;126637
2584544868;126638
2584565277;126639
2584585685;126640
2584606095;126641
2584626503;126642
2584646913;126643
2584667321;126644
2584687730;126645
2584708139;126646
2584728548;126647
2584748958;126648
2584769366;126649
2584789775;126650
2584810184;126651
2584830593;126652
2584851002;126653
2584871411;126654
2584891819;126655
2584912229;126656
2584932637;126657
2584953047;126658
2584973456;126659
2584993864;126660
2585014274;126661
2585034682;126662
2585055092;126663
2585075500;126664
2585095910;126665
2585116318;126666
2585136727;126667
2585157136;126668
2585177545;126669
2585197958;126670
2585218363;126671
2585238772;126672
2585259181;126673
2585279590;126674
2585299999;126675
2585320408;126676
2585340816;126677
2585361226;126678
2585381634;126679
2585402044;126680
2585422452;126681
2585442861;126682
2585463271;126683
2585483679;126684
2585504089;126685
2585524497;126686
2585544906;126687
2585565315;126688
2585585724;126689
2585606133;126690
2585626542;126691
2585646951;126692
2585667364;126693
2585687769;126694
2585708178;126695
2585728587;126696
2585748996;126697
2585769409;126698
2585789817;126699
2585810223;126700
2585830631;126701
2585851041;126702
2585871449;126703
2585891858;126704
2585912268;126705
2585932676;126706
2585953086;126707
2585973494;126708
2585993907;126709
2586014312;126710
2586034721;126711
2586055130;126712
2586075543;126713
2586095947;126714
2586116357;126715
2586136765;126716
2586157175;126717
2586177584;126718
2586197993;126719
2586218402;126720
2586238810;126721
2586259220;126722
2586279628;126723
2586300038;126724
2586320446;126725
2586340855;126726
2586361264;126727
2586381673;126728
2586402083;126729
2586422491;126730
2586442900;126731
2586463309;126732
2586483718;126733
2586504127;126734
2586524536;126735
2586544944;126736
2586565354;126737
2586585762;126738
2586606172;126739
2586626581;126740
2586646990;126741
2586667399;126742
2586687807;126743
2586708217;126744
2586728625;126745
2586749034;126746
2586769443;126747
2586789852;126748
2586810261;126749
2586830670;126750
2586851079;126751
2586871488;126752
2586891901;126753
2586912306;126754
2586932715;126755
2586953128;126756
2586973533;126757
2586993941;126758
2587014355;126759
2587034759;126760
2587055169;126761
2587075577;126762
2587095986;126763
2587116396;126764
2587136808;126765
2587157214;126766
2587177622;126767
2587198032;126768
2587218440;126769
2587238849;126770
2587259258;126771
2587279667;126772
2587300076;126773
2587320485;126774
2587340894;126775
2587361303;126776
2587381712;126777
2587402121;126778
2587422530;126779
2587442938;126780
2587463348;126781
2587483756;126782
2587504166;126783
2587524574;126784
2587544984;126785
2587565392;126786
2587585801;126787
2587606211;126788
2587626619;126789
2587647029;126790
2587667437;126791
2587687846;126792
2587708255;126793
2587728664;126794
2587749073;126795
2587769482;126796
2587789890;126797
2587810300;126798
2587830709;126799
2587851118;126800
2587871527;126801
2587891935;126802
2587912345;126803
2587932753;126804
2587953163;126805
2587973571;126806
2587993981;126807
2588014389;126808
2588034798;126809
2588055212;126810
2588075616;126811
2588096026;126812
2588116434;126813
2588136843;126814
2588157252;126815
2588177665;126816
2588198070;126817
2588218479;126818
2588238891;126819
2588259301;126820
2588279705;126821
2588300119;126822
2588320524;126823
2588340932;126824
2588361342;126825
2588381750;126826
2588402160;126827
2588422568;126828
2588442977;126829
2588463386;126830
2588483795;126831
2588504204;126832
2588524613;126833
2588545022;126834
2588565431;126835
2588585840;126836
2588606249;126837
2588626658;126838
2588647067;126839
2588667476;126840
2588687884;126841
2588708294;126842
2588728702;126843
2588749112;126844
2588769521;126845
2588789929;126846
2588810339;126847
2588830747;126848
2588851157;126849
2588871565;126850
2588891975;126851
2588912383;126852
2588932792;126853
2588953201;126854
2588973610;126855
2588994019;126856
2589014428;126857
2589034841;126858
2589055246;126859
2589075655;126860
2589096064;126861
2589116473;126862
2589136881;126863
2589157291;126864
2589177703;126865
2589198109;126866
2589218517;126867
2589238926;126868
2589259336;126869
2589279744;126870
2589300158;126871
2589320562;126872
2589340971;126873
2589361380;126874
2589381789;126875
2589402198;126876
2589422607;126877
2589443016;126878
2589463425;126879
2589483834;126880
2589504243;126881
2589524652;126882
2589545061;126883
2589565470;126884
2589585878;126885
2589606288;126886
2589626696;126887
2589647106;126888
2589667514;126889
2589687923;126890
2589708332;126891
2589728741;126892
2589749151;126893
2589769559;126894
2589789968;126895
2589810377;126896
2589830786;126897
2589851195;126898
2589871604;126899
2589892013;126900
2589912422;126901
2589932830;126902
2589953240;126903
2589973649;126904
2589994058;126905
2590014467;126906
2590034875;126907
2590055285;126908
2590075693;126909
2590096103;126910
2590116511;126911
2590136920;126912
2590157329;126913
2590177738;126914
2590198148;126915
2590218556;126916
2590238965;126917
2590259374;126918
2590279787;126919
2590300192;126920
2590320601;126921
2590341009;126922
2590361419;126923
2590381827;126924
2590402237;126925
2590422645;126926
2590443055;126927
2590463464;126928
2590483876;126929
2590504282;126930
2590524690;126931
2590545100;126932
2590565508;126933
2590585917;126934
2590606326;126935
2590626735;126936
2590647144;126937
2590667553;126938
2590687962;126939
2590708371;126940
2590728780;126941
2590749189;126942
2590769598;126943
2590790006;126944
2590810416;126945
2590830824;126946
2590851238;126947
2590871642;126948
2590892052;126949
2590912461;126950
2590932869;126951
2590953279;126952
2590973687;126953
2590994097;126954
2591014505;126955
2591034914;126956
2591055323;126957
2591075732;126958
2591096141;126959
2591116550;126960
2591136958;126961
2591157368;126962
2591177777;126963
2591198186;126964
2591218599;126965
2591239003;126966
2591259413;126967
2591279821;126968
2591300231;126969
2591320639;126970
2591341048;126971
2591361457;126972
2591381866;126973
2591402276;126974
2591422684;126975
2591443094;126976
2591463502;126977
2591483911;126978
2591504320;126979
2591524729;126980
2591545138;126981
2591565547;126982
2591585955;126983
2591606365;126984
2591626774;126985
2591647183;126986
2591667592;126987
2591688000;126988
2591708410;126989
2591728818;126990
2591749228;126991
2591769636;126992
2591790045;126993
2591810454;126994
2591830863;126995
2591851272;126996
2591871681;126997
2591892090;126998
2591912499;126999
2591932908;127000
2591953317;127001
2591973726;127002
2591994138;127003
2592014544;127004
2592034952;127005
2592055362;127006
2592075770;127007
2592096180;127008
2592116593;127009
2592137001;127010
2592157407;127011
2592177819;127012
2592198225;127013
2592218633;127014
2592239042;127015
2592259451;127016
2592279860;127017
2592300269;127018
2592320678;127019
2592341087;127020
2592361496;127021
2592381905;127022
2592402314;127023
2592422723;127024
2592443131;127025
2592463541;127026
2592483949;127027
2592504359;127028
2592524767;127029
2592545176;127030
2592565585;127031
2592585998;127032
2592606404;127033
2592626812;127034
2592647222;127035
2592667630;127036
2592688039;127037
2592708448;127038
2592728857;127039
2592749266;127040
2592769675;127041
2592790083;127042
2592810493;127043
2592830902;127044
2592851311;127045
2592871720;127046
2592892128;127047
2592912538;127048
2592932946;127049
2592953356;127050
2592973764;127051
2592994174;127052
2593014582;127053
2593034991;127054
2593055401;127055
2593075809;127056
2593096219;127057
2593116627;127058
2593137036;127059
2593157445;127060
2593177854;127061
2593198263;127062
2593218672;127063
2593239080;127064
2593259490;127065
2593279898;127066
2593300312;127067
2593320717;127068
2593341125;127069
2593361535;127070
2593381943;127071
2593402353;127072
2593422761;127073
2593443170;127074
2593463579;127075
2593483988;127076
2593504401;127077
2593524806;127078
2593545215;127079
2593565624;127080
2593586033;127081
2593606442;127082
2593626851;127083
2593647260;127084
2593667669;127085
2593688077;127086
2593708487;127087
2593728895;127088
2593749305;127089
2593769714;127090
2593790126;127091
2593810532;127092
2593830940;127093
2593851350;127094
2593871758;127095
2593892167;127096
2593912576;127097
2593932985;127098
2593953394;127099
2593973803;127100
2593994211;127101
2594014621;127102
2594035030;127103
2594055439;127104
2594075848;127105
2594096256;127106
2594116666;127107
2594137074;127108
2594157484;127109
2594177892;127110
2594198331;127111
2594218740;127112
2594239148;127113
2594259558;127114
2594279966;127115
2594300376;127116
2594320785;127117
2594341193;127118
2594361603;127119
2594382011;127120
2594402425;127121
2594422830;127122
2594443239;127123
2594463648;127124
2594484056;127125
2594504466;127126
2594524875;127127
2594545284;127128
2594565693;127129
2594586101;127130
2594606511;127131
2594626920;127132
2594647329;127133
2594667742;127134
2594688150;127135
2594708556;127136
2594728965;127137
2594749374;127138
2594769783;127139
2594790191;127140
2594810601;127141
2594831010;127142
2594851419;127143
2594871828;127144
2594892236;127145
2594912646;127146
2594933059;127147
2594953464;127148
2594973873;127149
2594994281;127150
2595014691;127151
2595035100;127152
2595055509;127153
2595075918;127154
2595096327;127155
2595116736;127156
2595137145;127157
2595157554;127158
2595177963;127159
2595198372;127160
2595218781;127161
2595239190;127162
2595259599;127163
2595280008;127164
2595300417;127165
2595320826;127166
2595341235;127167
2595361644;127168
2595382053;127169
2595402462;127170
2595422871;127171
2595443281;127172
2595463689;127173
2595484098;127174
2595504507;127175
2595524916;127176
2595545326;127177
2595565734;127178
2595586143;127179
2595606552;127180
2595626961;127181
2595647371;127182
2595667779;127183
2595688188;127184
2595708598;127185
2595729006;127186
2595749416;127187
2595769824;127188
2595790233;127189
2595810643;127190
2595831051;127191
2595851461;127192
2595871869;127193
2595892278;127194
2595912688;127195
2595933096;127196
2595953506;127197
2595973914;127198
2595994323;127199
2596014733;127200
2596035141;127201
2596055551;127202
2596075959;127203
2596096369;127204
2596116778;127205
2596137186;127206
2596157596;127207
2596178004;127208
2596198414;127209
2596218823;127210
2596239235;127211
2596259641;127212
2596280049;127213
2596300459;127214
2596320868;127215
2596341276;127216
2596361686;127217
2596382094;127218
2596402504;127219
2596422913;127220
2596443321;127221
2596463731;127222
2596484139;127223
2596504549;127224
2596524958;127225
2596545366;127226
2596565776;127227
2596586184;127228
2596606594;127229
2596627003;127230
2596647412;127231
2596667821;127232
2596688229;127233
2596708639;127234
2596729048;127235
2596749457;127236
2596769866;127237
2596790278;127238
2596810688;127239
2596831093;127240
2596851502;127241
2596871911;127242
2596892319;127243
2596912729;127244
2596933138;127245
2596953547;127246
2596973956;127247
2596994365;127248
2597014774;127249
2597035183;127250
2597055592;127251
2597076001;127252
2597096410;127253
2597116819;127254
2597137228;127255
2597157637;127256
2597178046;127257
2597198455;127258
2597218864;127259
2597239273;127260
2597259682;127261
2597280091;127262
2597300500;127263
2597320909;127264
2597341318;127265
2597361727;127266
2597382136;127267
2597402545;127268
2597422954;127269
2597443364;127270
2597463772;127271
2597484181;127272
2597504590;127273
2597524999;127274
2597545408;127275
2597565817;127276
2597586226;127277
2597606635;127278
2597627044;127279
2597647454;127280
2597667862;127281
2597688271;127282
2597708681;127283
2597729089;127284
2597749499;127285
2597769907;127286
2597790316;127287
2597810726;127288
2597831134;127289
2597851544;127290
2597871952;127291
2597892361;127292
2597912771;127293
2597933179;127294
2597953589;127295
2597973997;127296
2597994406;127297
2598014816;127298
2598035224;127299
2598055634;127300
2598076042;127301
2598096452;127302
2598116861;127303
2598137269;127304
2598157679;127305
2598178091;127306
2598198497;127307
2598218906;127308
2598239314;127309
2598259724;127310
2598280132;127311
2598300542;127312
2598320951;127313
2598341359;127314
2598361769;127315
2598382177;127316
2598402587;127317
2598422996;127318
2598443405;127319
2598463814;127320
2598484222;127321
2598504632;127322
2598525041;127323
2598545449;127324
2598565859;127325
2598586267;127326
2598606677;127327
2598627086;127328
2598647495;127329
2598667904;127330
2598688312;127331
2598708722;127332
2598729131;127333
2598749540;127334
2598769949;127335
2598790357;127336
2598810767;127337
2598831176;127338
2598851585;127339
2598871994;127340
2598892402;127341
2598912812;127342
2598933221;127343
2598953630;127344
2598974039;127345
2598994448;127346
2599014857;127347
2599035266;127348
2599055675;127349
2599076084;127350
2599096493;127351
2599116902;127352
2599137311;127353
2599157720;127354
2599178129;127355
2599198538;127356
2599218947;127357
2599239356;127358
2599259765;127359
2599280174;127360
2599300583;127361
2599320992;127362
2599341401;127363
2599361810;127364
2599382219;127365
2599402628;127366
2599423037;127367
2599443447;127368
2599463855;127369
2599484264;127370
2599504673;127371
2599525082;127372
2599545491;127373
2599565900;127374
2599586309;127375
2599606718;127376
2599627127;127377
2599647537;127378
2599667945;127379
2599688354;127380
2599708768;127381
2599729172;127382
2599749582;127383
2599769990;127384
2599790399;127385
2599810809;127386
2599831217;127387
2599851627;127388
2599872035;127389
2599892444;127390
2599912854;127391
2599933262;127392
2599953672;127393
2599974080;127394
2599994489;127395
2600014899;127396
2600035311;127397
2600055717;127398
2600076125;127399
2600096535;127400
2600116944;127401
2600137352;127402
2600157762;127403
2600178170;127404
2600198580;127405
2600218989;127406
2600239397;127407
2600259807;127408
2600280215;127409
2600300625;127410
2600321034;127411
2600341442;127412
2600361852;127413
2600382260;127414
2600402670;127415
2600423079;127416
2600443488;127417
2600463897;127418
2600484309;127419
2600504715;127420
2600525124;127421
2600545533;127422
2600565942;127423
2600586350;127424
2600606760;127425
2600627169;127426
2600647578;127427
2600667987;127428
2600688395;127429
2600708805;127430
2600729214;127431
2600749623;127432
2600770032;127433
2600790440;127434
2600810850;127435
2600831259;127436
2600851668;127437
2600872077;127438
2600892485;127439
2600912895;127440
2600933304;127441
2600953713;127442
2600974122;127443
2600994531;127444
2601014940;127445
2601035349;127446
2601055758;127447
2601076167;127448
2601096576;127449
2601116985;127450
2601137394;127451
2601157803;127452
2601178212;127453
2601198621;127454
2601219030;127455
2601239439;127456
2601259848;127457
2601280257;127458
2601300666;127459
2601321075;127460
2601341484;127461
2601361893;127462
2601382302;127463
2601402711;127464
2601423120;127465
2601443529;127466
2601463938;127467
2601484347;127468
2601504756;127469
2601525165;127470
2601545578;127471
2601565983;127472
2601586392;127473
2601606801;127474
2601627210;127475
2601647620;127476
2601668028;127477
2601688437;127478
2601708847;127479
2601729259;127480
2601749664;127481
2601770077;127482
2601790486;127483
2601810892;127484
2601831304;127485
2601851710;127486
2601872118;127487
2601892527;127488
2601912937;127489
2601933345;127490
2601953755;127491
2601974163;127492
2601994572;127493
2602014982;127494
2602035390;127495
2602055800;127496
2602076208;127497
2602096618;127498
2602117027;127499
2602137435;127500
2602157845;127501
2602178253;127502
2602198662;127503
2602219072;127504
2602239480;127505
2602259890;127506
2602280298;127507
2602300708;127508
2602321117;127509
2602341525;127510
2602361935;127511
2602382343;127512
2602402753;127513
2602423162;127514
2602443570;127515
2602463980;127516
2602484388;127517
2602504798;127518
2602525207;127519
2602545615;127520
2602566025;127521
2602586433;127522
2602606843;127523
2602627252;127524
2602647660;127525
2602668070;127526
2602688482;127527
2602708888;127528
2602729297;127529
2602749706;127530
2602770119;127531
2602790523;127532
2602810933;127533
2602831342;127534
2602851751;127535
2602872160;127536
2602892568;127537
2602912978;127538
2602933387;127539
2602953796;127540
2602974205;127541
2602994613;127542
2603015023;127543
2603035432;127544
2603055841;127545
2603076250;127546
2603096658;127547
2603117068;127548
2603137477;127549
2603157886;127550
2603178295;127551
2603198704;127552
2603219113;127553
2603239522;127554
2603259931;127555
2603280340;127556
2603300749;127557
2603321158;127558
2603341567;127559
2603361976;127560
2603382385;127561
2603402794;127562
2603423207;127563
2603443612;127564
2603464021;127565
2603484430;127566
2603504839;127567
2603525248;127568
2603545657;127569
2603566066;127570
2603586475;127571
2603606884;127572
2603627293;127573
2603647702;127574
2603668111;127575
2603688520;127576
2603708930;127577
2603729338;127578
2603749747;127579
2603770156;127580
2603790565;127581
2603810975;127582
2603831383;127583
2603851793;127584
2603872201;127585
2603892610;127586
2603913020;127587
2603933428;127588
2603953838;127589
2603974246;127590
2603994655;127591
2604015065;127592
2604035477;127593
2604055883;127594
2604076291;127595
2604096700;127596
2604117110;127597
2604137518;127598
2604157928;127599
2604178336;127600
2604198679;127601
2604219088;127602
2604239497;127603
2604259906;127604
2604280315;127605
2604300724;127606
2604321133;127607
2604341541;127608
2604361951;127609
2604382359;127610
2604402769;127611
2604423177;127612
2604443585;127613
2604463995;127614
2604484403;127615
2604504813;127616
2604525221;127617
2604545630;127618
2604566039;127619
2604586448;127620
2604606857;127621
2604627266;127622
2604647674;127623
2604668088;127624
2604688496;127625
2604708902;127626
2604729310;127627
2604749718;127628
2604770128;127629
2604790536;127630
2604810946;127631
2604831354;127632
2604851763;127633
2604872172;127634
2604892581;127635
2604912990;127636
2604933399;127637
2604953808;127638
2604974221;127639
2604994625;127640
2605015035;127641
2605035443;127642
2605055852;127643
2605076261;127644
2605096669;127645
2605117079;127646
2605137487;127647
2605157897;127648
2605178309;127649
2605198715;127650
2605219123;127651
2605239532;127652
2605259941;127653
2605280354;127654
2605300759;127655
2605321168;127656
2605341576;127657
2605361985;127658
2605382394;127659
2605402803;127660
2605423212;127661
2605443620;127662
2605464030;127663
2605484438;127664
2605504848;127665
2605525256;127666
2605545665;127667
2605566074;127668
2605586483;127669
2605606892;127670
2605627301;127671
2605647709;127672
2605668118;127673
2605688527;127674
2605708936;127675
2605729345;127676
2605749753;127677
2605770163;127678
2605790571;127679
2605810981;127680
2605831389;127681
2605851798;127682
2605872207;127683
2605892616;127684
2605913025;127685
2605933434;127686
2605953843;127687
2605974252;127688
2605994660;127689
2606015069;127690
2606035478;127691
2606055887;127692
2606076296;127693
2606096704;127694
2606117114;127695
2606137522;127696
2606157932;127697
2606178344;127698
2606198749;127699
2606219158;127700
2606239571;127701
2606259976;127702
2606280385;127703
2606300793;127704
2606321202;127705
2606341611;127706
2606362020;127707
2606382429;127708
2606402838;127709
2606423251;127710
2606443655;127711
2606464065;127712
2606484473;127713
2606504883;127714
2606525291;127715
2606545700;127716
2606566109;127717
2606586518;127718
2606606927;127719
2606627335;127720
2606647744;127721
2606668153;127722
2606688562;127723
2606708971;127724
2606729380;127725
2606749788;127726
2606770198;127727
2606790606;127728
2606811020;127729
2606831424;127730
2606851833;127731
2606872242;127732
2606892651;127733
2606913060;127734
2606933468;127735
2606953878;127736
2606974286;127737
2606994695;127738
2607015104;127739
2607035513;127740
2607055926;127741
2607076335;127742
2607096739;127743
2607117149;127744
2607137557;127745
2607157967;127746
2607178375;127747
2607198784;127748
2607219193;127749
2607239601;127750
2607260011;127751
2607280423;127752
2607300828;127753
2607321237;127754
2607341646;127755
2607362055;127756
2607382464;127757
2607402873;127758
2607423282;127759
2607443690;127760
2607464100;127761
2607484508;127762
2607504918;127763
2607525326;127764
2607545734;127765
2607566144;127766
2607586552;127767
2607606962;127768
2607627370;127769
2607647779;127770
2607668188;127771
2607688597;127772
2607709006;127773
2607729415;127774
2607749823;127775
2607770233;127776
2607790641;127777
2607811051;127778
2607831459;127779
2607851867;127780
2607872277;127781
2607892685;127782
2607913095;127783
2607933503;127784
2607953913;127785
2607974321;127786
2607994730;127787
2608015139;127788
2608035548;127789
2608055956;127790
2608076366;127791
2608096774;127792
2608117184;127793
2608137592;127794
2608158002;127795
2608178410;127796
2608198818;127797
2608219228;127798
2608239636;127799
2608260046;127800
2608280454;127801
2608300863;127802
2608321272;127803
2608341681;127804
2608362090;127805
2608382499;127806
2608402907;127807
2608423317;127808
2608443725;127809
2608464135;127810
2608484543;127811
2608504952;127812
2608525361;127813
2608545769;127814
2608566179;127815
