2678504934;131242
2678525343;131243
2678545752;131244
2678566165;131245
2678586570;131246
2678606979;131247
2678627388;131248
2678647797;131249
2678668206;131250
2678688615;131251
2678709024;131252
2678729433;131253
2678749842;131254
2678770251;131255
2678790660;131256
2678811068;131257
2678831478;131258
2678851887;131259
2678872296;131260
2678892705;131261
2678913113;131262
2678933527;131263
2678953931;131264
2678974341;131265
2678994750;131266
2679015158;131267
2679035568;131268
2679055976;131269
2679076385;131270
2679096795;131271
2679117203;131272
2679137613;131273
2679158021;131274
2679178430;131275
2679198840;131276
2679219248;131277
2679239658;131278
2679260066;131279
2679280475;131280
2679300885;131281
2679321293;131282
2679341702;131283
2679362111;131284
2679382520;131285
2679402930;131286
2679423338;131287
2679443747;131288
2679464160;131289
2679484565;131290
2679504975;131291
2679525383;131292
2679545792;131293
2679566201;131294
2679586610;131295
2679607019;131296
2679627428;131297
2679647837;131298
2679668246;131299
2679688655;131300
2679709064;131301
2679729473;131302
2679749882;131303
2679770291;131304
2679790700;131305
2679811109;131306
2679831518;131307
2679851927;131308
2679872335;131309
2679892745;131310
2679913154;131311
2679933563;131312
2679953972;131313
2679974384;131314
2679994790;131315
2680015198;131316
2680035608;131317
2680056017;131318
2680076425;131319
2680096835;131320
2680117243;131321
2680137653;131322
2680158062;131323
2680178470;131324
2680198880;131325
2680219288;131326
2680239697;131327
2680260107;131328
2680280515;131329
2680300925;131330
2680321333;131331
2680341742;131332
2680362152;131333
2680382560;131334
2680402970;131335
2680423378;131336
2680443787;131337
2680464197;131338
2680484605;131339
2680505014;131340
2680525423;131341
2680545836;131342
2680566242;131343
2680586650;131344
2680607059;131345
2680627468;131346
2680647877;131347
2680668286;131348
2680688695;131349
2680709104;131350
2680729513;131351
2680749922;131352
2680770331;131353
2680790740;131354
2680811149;131355
2680831558;131356
2680851967;131357
2680872376;131358
2680892785;131359
2680913194;131360
2680933603;131361
2680954012;131362
2680974420;131363
2680994830;131364
2681015239;131365
2681035651;131366
2681056057;131367
2681076469;131368
2681096875;131369
2681117284;131370
2681137692;131371
2681158102;131372
2681178510;131373
2681198920;131374
2681219329;131375
2681239737;131376
2681260147;131377
2681280559;131378
2681300965;131379
2681321374;131380
2681341782;131381
2681362192;131382
2681382600;131383
2681403013;131384
2681423419;131385
2681443827;131386
2681464237;131387
2681484645;131388
2681505054;131389
2681525464;131390
2681545872;131391
2681566282;131392
2681586694;131393
2681607099;131394
2681627509;131395
2681647917;131396
2681668326;131397
2681688735;131398
2681709148;131399
2681729554;131400
2681749962;131401
2681770371;131402
2681790780;131403
2681811189;131404
2681831599;131405
2681852007;131406
2681872416;131407
2681892825;131408
2681913234;131409
2681933642;131410
2681954052;131411
2681974461;131412
2681994870;131413
2682015279;131414
2682035687;131415
2682056097;131416
2682076506;131417
2682096918;131418
2682117324;131419
2682137732;131420
2682158142;131421
2682178551;131422
2682198963;131423
2682219369;131424
2682239777;131425
2682260187;131426
2682280596;131427
2682301004;131428
2682321414;131429
2682341822;131430
2682362232;131431
2682382641;131432
2682403049;131433
2682423459;131434
2682443867;131435
2682464277;131436
2682484686;131437
2682505094;131438
2682525504;131439
2682545912;131440
2682566321;131441
2682586731;131442
2682607139;131443
2682627549;131444
2682647957;131445
2682668366;131446
2682688776;131447
2682709184;131448
2682729597;131449
2682750002;131450
2682770411;131451
2682790821;131452
2682811229;131453
2682831638;131454
2682852047;131455
2682872456;131456
2682892866;131457
2682913274;131458
2682933683;131459
2682954092;131460
2682974501;131461
2682994910;131462
2683015319;131463
2683035728;131464
2683056141;131465
2683076546;131466
2683096954;131467
2683117364;131468
2683137773;131469
2683158182;131470
2683178591;131471
2683198999;131472
2683219409;131473
2683239818;131474
2683260227;131475
2683280636;131476
2683301044;131477
2683321454;131478
2683341863;131479
2683362271;131480
2683382681;131481
2683403089;131482
2683423499;131483
2683443908;131484
2683464316;131485
2683484726;131486
2683505134;131487
2683525544;131488
2683545953;131489
2683566361;131490
2683586771;131491
2683607179;131492
2683627589;131493
2683647998;131494
2683668406;131495
2683688816;131496
2683709224;131497
2683729633;131498
2683750043;131499
2683770455;131500
2683790861;131501
2683811269;131502
2683831678;131503
2683852092;131504
2683872500;131505
2683892906;131506
2683913314;131507
2683933723;131508
2683954132;131509
2683974541;131510
2683994950;131511
2684015359;131512
2684035768;131513
2684056177;131514
2684076586;131515
2684096999;131516
2684117404;131517
2684137813;131518
2684158222;131519
2684178631;131520
2684199040;131521
2684219449;131522
2684239858;131523
2684260266;131524
2684280676;131525
2684301085;131526
2684321494;131527
2684341903;131528
2684362311;131529
2684382721;131530
2684403134;131531
2684423543;131532
2684443948;131533
2684464356;131534
2684484766;131535
2684505175;131536
2684525584;131537
2684545993;131538
2684566401;131539
2684586811;131540
2684607220;131541
2684627628;131542
2684648038;131543
2684668446;131544
2684688856;131545
2684709265;131546
2684729673;131547
2684750083;131548
2684770491;131549
2684790901;131550
2684811310;131551
2684831718;131552
2684852128;131553
2684872536;131554
2684892946;131555
2684913354;131556
2684933763;131557
2684954173;131558
2684974581;131559
2684994994;131560
2685015403;131561
2685035808;131562
2685056218;131563
2685076630;131564
2685097035;131565
2685117444;131566
2685137853;131567
2685158266;131568
2685178671;131569
2685199080;131570
2685219489;131571
2685239902;131572
2685260307;131573
2685280716;131574
2685301125;131575
2685321534;131576
2685341943;131577
2685362356;131578
2685382765;131579
2685403170;131580
2685423579;131581
2685443988;131582
2685464397;131583
2685484810;131584
2685505215;131585
2685525623;131586
2685546037;131587
2685566442;131588
2685586851;131589
2685607260;131590
2685627668;131591
2685648082;131592
2685668491;131593
2685688896;131594
2685709305;131595
2685729713;131596
2685750123;131597
2685770532;131598
2685790944;131599
2685811350;131600
2685831758;131601
2685852168;131602
2685872577;131603
2685892985;131604
2685913395;131605
2685933803;131606
2685954213;131607
2685974621;131608
2685995030;131609
2686015440;131610
2686035848;131611
2686056261;131612
2686076666;131613
2686097075;131614
2686117485;131615
2686137893;131616
2686158302;131617
2686178711;131618
2686199120;131619
2686219530;131620
2686239938;131621
2686260347;131622
2686280760;131623
2686301165;131624
2686321575;131625
2686341983;131626
2686362392;131627
2686382801;131628
2686403210;131629
2686423619;131630
2686444032;131631
2686464437;131632
2686484846;131633
2686505255;131634
2686525664;131635
2686546073;131636
2686566482;131637
2686586891;131638
2686607300;131639
2686627709;131640
2686648118;131641
2686668527;131642
2686688936;131643
2686709345;131644
2686729754;131645
2686750163;131646
2686770572;131647
2686790980;131648
2686811390;131649
2686831803;131650
2686852208;131651
2686872617;131652
2686893025;131653
2686913435;131654
2686933843;131655
2686954253;131656
2686974662;131657
2686995070;131658
2687015480;131659
2687035888;131660
2687056297;131661
2687076707;131662
2687097115;131663
2687117525;131664
2687137933;131665
2687158342;131666
2687178752;131667
2687199160;131668
2687219569;131669
2687239978;131670
2687260387;131671
2687280801;131672
2687301205;131673
2687321583;131674
2687341992;131675
2687362401;131676
2687382810;131677
2687403219;131678
2687423627;131679
2687444037;131680
2687464446;131681
2687484855;131682
2687505268;131683
2687525672;131684
2687546082;131685
2687566490;131686
2687586900;131687
2687607308;131688
2687627717;131689
2687648126;131690
2687668535;131691
2687688944;131692
2687709353;131693
2687729761;131694
2687750171;131695
2687770579;131696
2687790988;131697
2687811398;131698
2687831806;131699
2687852216;131700
2687872624;131701
2687893033;131702
2687913442;131703
2687933851;131704
2687954259;131705
2687974673;131706
2687995077;131707
2688015491;131708
2688035895;131709
2688056304;131710
2688076713;131711
2688097122;131712
2688117532;131713
2688137944;131714
2688158349;131715
2688178758;131716
2688199167;131717
2688219576;131718
2688239985;131719
2688260393;131720
2688280803;131721
2688301211;131722
2688321620;131723
2688342029;131724
2688362438;131725
2688382847;131726
2688403256;131727
2688423669;131728
2688444074;131729
2688464483;131730
2688484892;131731
2688505301;131732
2688525709;131733
2688546119;131734
2688566527;131735
2688586940;131736
2688607345;131737
2688627754;131738
2688648163;131739
2688668572;131740
2688688984;131741
2688709390;131742
2688729799;131743
2688750208;131744
2688770617;131745
2688791025;131746
2688811435;131747
2688831843;131748
2688852253;131749
2688872661;131750
2688893070;131751
2688913479;131752
2688933888;131753
2688954296;131754
2688974710;131755
2688995114;131756
2689015524;131757
2689035933;131758
2689056341;131759
2689076751;131760
2689097163;131761
2689117569;131762
2689137977;131763
2689158386;131764
2689178795;131765
2689199204;131766
2689219612;131767
2689240022;131768
2689260430;131769
2689280840;131770
2689301248;131771
2689321657;131772
2689342067;131773
2689362475;131774
2689382885;131775
2689403293;131776
2689423702;131777
2689444111;131778
2689464520;131779
2689484928;131780
2689505338;131781
2689525746;131782
2689546156;131783
2689566564;131784
2689586973;131785
2689607382;131786
2689627791;131787
2689648201;131788
2689668609;131789
2689689018;131790
2689709427;131791
2689729836;131792
2689750244;131793
2689770654;131794
2689791062;131795
2689811472;131796
2689831880;131797
2689852289;131798
2689872698;131799
2689893107;131800
2689913516;131801
2689933925;131802
2689954333;131803
2689974743;131804
2689995156;131805
2690015561;131806
2690035970;131807
2690056378;131808
2690076788;131809
2690097196;131810
2690117605;131811
2690138018;131812
2690158423;131813
2690178832;131814
2690199241;131815
2690219649;131816
2690240059;131817
2690260467;131818
2690280881;131819
2690301286;131820
2690321694;131821
2690342104;131822
2690362512;131823
2690382921;131824
2690403330;131825
2690423739;131826
2690444148;131827
2690464557;131828
2690484965;131829
2690505375;131830
2690525783;131831
2690546193;131832
2690566601;131833
2690587010;131834
2690607420;131835
2690627828;131836
2690648238;131837
2690668646;131838
2690689055;131839
2690709464;131840
2690729873;131841
2690750281;131842
2690770695;131843
2690791099;131844
2690811509;131845
2690831917;131846
2690852326;131847
2690872735;131848
2690893144;131849
2690913553;131850
2690933962;131851
2690954371;131852
2690974780;131853
2690995189;131854
2691015597;131855
2691036007;131856
2691056415;131857
2691076825;131858
2691097233;131859
2691117642;131860
2691138051;131861
2691158464;131862
2691178869;131863
2691199278;131864
2691219687;131865
2691240096;131866
2691260505;131867
2691280914;131868
2691301323;131869
2691321731;131870
2691342141;131871
2691362549;131872
2691382958;131873
2691403367;131874
2691423776;131875
2691444189;131876
2691464594;131877
2691485002;131878
2691505412;131879
2691525825;131880
2691546233;131881
2691566639;131882
2691587047;131883
2691607457;131884
2691627865;131885
2691648274;131886
2691668683;131887
2691689092;131888
2691709501;131889
2691729910;131890
2691750318;131891
2691770728;131892
2691791136;131893
2691811549;131894
2691831954;131895
2691852363;131896
2691872773;131897
2691893181;131898
2691913590;131899
2691933999;131900
2691954408;131901
2691974817;131902
2691995226;131903
2692015634;131904
2692036044;131905
2692056452;131906
2692076862;131907
2692097270;131908
2692117679;131909
2692138088;131910
2692158497;131911
2692178906;131912
2692199315;131913
2692219724;131914
2692240133;131915
2692260542;131916
2692280950;131917
2692301360;131918
2692321768;131919
2692342178;131920
2692362590;131921
2692382995;131922
2692403404;131923
2692423813;131924
2692444222;131925
2692464631;131926
2692485040;131927
2692505449;131928
2692525858;131929
2692546266;131930
2692566676;131931
2692587084;131932
2692607494;131933
2692627902;131934
2692648311;131935
2692668724;131936
2692689129;131937
2692709541;131938
2692729947;131939
2692750355;131940
2692770765;131941
2692791178;131942
2692811583;131943
2692831992;131944
2692852400;131945
2692872810;131946
2692893218;131947
2692913627;131948
2692934036;131949
2692954445;131950
2692974854;131951
2692995263;131952
2693015671;131953
2693036081;131954
2693056489;131955
2693076898;131956
2693097308;131957
2693117716;131958
2693138130;131959
2693158534;131960
2693178943;131961
2693199352;131962
2693219761;131963
2693240170;131964
2693260579;131965
2693280987;131966
2693301397;131967
2693321805;131968
2693342214;131969
2693362623;131970
2693383032;131971
2693403442;131972
2693423850;131973
2693444259;131974
2693464668;131975
2693485077;131976
2693505489;131977
2693525895;131978
2693546303;131979
2693566713;131980
2693587121;131981
2693607531;131982
2693627939;131983
2693648348;131984
2693668757;131985
2693689166;131986
2693709574;131987
2693729984;131988
2693750397;131989
2693770802;131990
2693791211;131991
2693811619;131992
2693832029;131993
2693852441;131994
2693872850;131995
2693893255;131996
2693913664;131997
2693934073;131998
2693954482;131999
2693974890;132000
2693995304;132001
2694015712;132002
2694036118;132003
2694056527;132004
2694076936;132005
2694097345;132006
2694117753;132007
2694138163;132008
2694158571;132009
2694178980;132010
2694199389;132011
2694219798;132012
2694240207;132013
2694260620;132014
2694281024;132015
2694301434;132016
2694321842;132017
2694342251;132018
2694362661;132019
2694383069;132020
2694403479;132021
2694423887;132022
2694444296;132023
2694464705;132024
2694485114;132025
2694505526;132026
2694525932;132027
2694546340;132028
2694566750;132029
2694587158;132030
2694607568;132031
2694627976;132032
2694648385;132033
2694668795;132034
2694689203;132035
2694709612;132036
2694730021;132037
2694750430;132038
2694770839;132039
2694791248;132040
2694811656;132041
2694832066;132042
2694852474;132043
2694872883;132044
2694893292;132045
2694913701;132046
2694934110;132047
2694954519;132048
2694974929;132049
2694995337;132050
2695015746;132051
2695036155;132052
2695056564;132053
2695076972;132054
2695097382;132055
2695117790;132056
2695138199;132057
2695158608;132058
2695179017;132059
2695199430;132060
2695219835;132061
2695240244;132062
2695260653;132063
2695281062;132064
2695301471;132065
2695321880;132066
2695342288;132067
2695362698;132068
2695383106;132069
2695403516;132070
2695423924;132071
2695444333;132072
2695464742;132073
2695485151;132074
2695505563;132075
2695525969;132076
2695546377;132077
2695566791;132078
2695587195;132079
2695607604;132080
2695628014;132081
2695648422;132082
2695668832;132083
2695689240;132084
2695709649;132085
2695730058;132086
2695750467;132087
2695770875;132088
2695791285;132089
2695811693;132090
2695832103;132091
2695852511;132092
2695872920;132093
2695893329;132094
2695913742;132095
2695934148;132096
2695954560;132097
2695974965;132098
2695995374;132099
2696015787;132100
2696036191;132101
2696056601;132102
2696077009;132103
2696097419;132104
2696117827;132105
2696138237;132106
2696158645;132107
2696179054;132108
2696199463;132109
2696219872;132110
2696240281;132111
2696260690;132112
2696281099;132113
2696301508;132114
2696321921;132115
2696342325;132116
2696362735;132117
2696383143;132118
2696403552;132119
2696423961;132120
2696444370;132121
2696464779;132122
2696485188;132123
2696505596;132124
2696526006;132125
2696546415;132126
2696566824;132127
2696587233;132128
2696607641;132129
2696628051;132130
2696648459;132131
2696668869;132132
2696689277;132133
2696709686;132134
2696730095;132135
2696750504;132136
2696770912;132137
2696791322;132138
2696811730;132139
2696832140;132140
2696852549;132141
2696872957;132142
2696893367;132143
2696913775;132144
2696934184;132145
2696954593;132146
2696975002;132147
2696995411;132148
2697015820;132149
2697036228;132150
2697056638;132151
2697077046;132152
2697097456;132153
2697117864;132154
2697138273;132155
2697158683;132156
2697179091;132157
2697199501;132158
2697219909;132159
2697240318;132160
2697260727;132161
2697281136;132162
2697301548;132163
2697321920;132164
2697342328;132165
2697362738;132166
2697383146;132167
2697403555;132168
2697423964;132169
2697444373;132170
2697464782;132171
2697485190;132172
2697505599;132173
2697526008;132174
2697546417;132175
2697566826;132176
2697587235;132177
2697607643;132178
2697628053;132179
2697648461;132180
2697668870;132181
2697689279;132182
2697709688;132183
2697730097;132184
2697750505;132185
2697770914;132186
2697791323;132187
2697811732;132188
2697832141;132189
2697852550;132190
2697872958;132191
2697893368;132192
2697913776;132193
2697934186;132194
2697954594;132195
2697975003;132196
2697995412;132197
2698015820;132198
2698036229;132199
2698056638;132200
2698077047;132201
2698097456;132202
2698117865;132203
2698138273;132204
2698158683;132205
2698179091;132206
2698199500;132207
2698219909;132208
2698240318;132209
2698260727;132210
2698281136;132211
2698301544;132212
2698321953;132213
2698342362;132214
2698362770;132215
2698383180;132216
2698403588;132217
2698423998;132218
2698444406;132219
2698464816;132220
2698485224;132221
2698505633;132222
2698526042;132223
2698546451;132224
2698566859;132225
2698587268;132226
2698607677;132227
2698628086;132228
2698648495;132229
2698668903;132230
2698689313;132231
2698709725;132232
2698730131;132233
2698750539;132234
2698770948;132235
2698791357;132236
2698811766;132237
2698832174;132238
2698852583;132239
2698872992;132240
2698893401;132241
2698913814;132242
2698934218;132243
2698954628;132244
2698975036;132245
2698995446;132246
2699015854;132247
2699036263;132248
2699056672;132249
2699077081;132250
2699097490;132251
2699117899;132252
2699138307;132253
2699158716;132254
2699179125;132255
2699199533;132256
2699219943;132257
2699240351;132258
2699260761;132259
2699281169;132260
2699301578;132261
2699321987;132262
2699342396;132263
2699362804;132264
2699383214;132265
2699403622;132266
2699424031;132267
2699444440;132268
2699464848;132269
2699485258;132270
2699505666;132271
2699526076;132272
2699546488;132273
2699566893;132274
2699587306;132275
2699607711;132276
2699628119;132277
2699648529;132278
2699668941;132279
2699689350;132280
2699709755;132281
2699730163;132282
2699750573;132283
2699770981;132284
2699791391;132285
2699811799;132286
2699832208;132287
2699852617;132288
2699873026;132289
2699893435;132290
2699913844;132291
2699934252;132292
2699954661;132293
2699975070;132294
2699995478;132295
2700015888;132296
2700036296;132297
2700056706;132298
2700077114;132299
2700097523;132300
2700117932;132301
2700138341;132302
2700158750;132303
2700179159;132304
2700199567;132305
2700219977;132306
2700240385;132307
2700260797;132308
2700281203;132309
2700301611;132310
2700322021;132311
2700342429;132312
2700362838;132313
2700383247;132314
2700403656;132315
2700424065;132316
2700444474;132317
2700464882;132318
2700485296;132319
2700505700;132320
2700526112;132321
2700546518;132322
2700566926;132323
2700587336;132324
2700607744;132325
2700628153;132326
2700648562;132327
2700668971;132328
2700689380;132329
2700709789;132330
2700730197;132331
2700750607;132332
2700771015;132333
2700791424;132334
2700811833;132335
2700832241;132336
2700852651;132337
2700873059;132338
2700893469;132339
2700913877;132340
2700934286;132341
2700954695;132342
2700975104;132343
2700995512;132344
2701015922;132345
2701036330;132346
2701056740;132347
2701077148;132348
2701097556;132349
2701117966;132350
2701138374;132351
2701158783;132352
2701179192;132353
2701199601;132354
2701220010;132355
2701240419;132356
2701260827;132357
2701281237;132358
2701301645;132359
2701322055;132360
2701342463;132361
2701362871;132362
2701383281;132363
2701403689;132364
2701424098;132365
2701444507;132366
2701464916;132367
2701485325;132368
2701505734;132369
2701526142;132370
2701546552;132371
2701566960;132372
2701587370;132373
2701607778;132374
2701628186;132375
2701648596;132376
2701669004;132377
2701689414;132378
2701709822;132379
2701730231;132380
2701750640;132381
2701771049;132382
2701791457;132383
2701811867;132384
2701832275;132385
2701852685;132386
2701873093;132387
2701893502;132388
2701913911;132389
2701934319;132390
2701954729;132391
2701975137;132392
2701995546;132393
2702015955;132394
2702036364;132395
2702056772;132396
2702077182;132397
2702097590;132398
2702118000;132399
2702138408;132400
2702158817;132401
2702179226;132402
2702199634;132403
2702220044;132404
2702240452;132405
2702260861;132406
2702281270;132407
2702301679;132408
2702322087;132409
2702342497;132410
2702362905;132411
2702383315;132412
2702403723;132413
2702424132;132414
2702444541;132415
2702464949;132416
2702485359;132417
2702505767;132418
2702526176;132419
2702546585;132420
2702566994;132421
2702587403;132422
2702607812;132423
2702628220;132424
2702648630;132425
2702669038;132426
2702689447;132427
2702709856;132428
2702730264;132429
2702750674;132430
2702771086;132431
2702791491;132432
2702811904;132433
2702832309;132434
2702852718;132435
2702873127;132436
2702893535;132437
2702913945;132438
2702934353;132439
2702954762;132440
2702975171;132441
2702995580;132442
2703015989;132443
2703036397;132444
2703056806;132445
2703077215;132446
2703097624;132447
2703118033;132448
2703138442;132449
2703158854;132450
2703179260;132451
2703199668;132452
2703220078;132453
2703240486;132454
2703260895;132455
2703281304;132456
2703301712;132457
2703322121;132458
2703342530;132459
2703362939;132460
2703383348;132461
2703403757;132462
2703424165;132463
2703444575;132464
2703464983;132465
2703485396;132466
2703505801;132467
2703526210;132468
2703546619;132469
2703567027;132470
2703587437;132471
2703607845;132472
2703628254;132473
2703648667;132474
2703669072;132475
2703689480;132476
2703709890;132477
2703730298;132478
2703750708;132479
2703771116;132480
2703791525;132481
2703811934;132482
2703832343;132483
2703852751;132484
2703873164;132485
2703893569;132486
2703913978;132487
2703934387;132488
2703954796;132489
2703975205;132490
2703995613;132491
2704016023;132492
2704036431;132493
2704056840;132494
2704077249;132495
2704097658;132496
2704118067;132497
2704138475;132498
2704158884;132499
2704179293;132500
2704199702;132501
2704220110;132502
2704240520;132503
2704260928;132504
2704281338;132505
2704301746;132506
2704322155;132507
2704342564;132508
2704362973;132509
2704383382;132510
2704403790;132511
2704424199;132512
2704444608;132513
2704465017;132514
2704485426;132515
2704505835;132516
2704526243;132517
2704546653;132518
2704567061;132519
2704587470;132520
2704607879;132521
2704628288;132522
2704648697;132523
2704669106;132524
2704689514;132525
2704709923;132526
2704730332;132527
2704750745;132528
2704771150;132529
2704791558;132530
2704811968;132531
2704832376;132532
2704852785;132533
2704873198;132534
2704893603;132535
2704914012;132536
2704934421;132537
2704954833;132538
2704975238;132539
2704995647;132540
2705016056;132541
2705036465;132542
2705056877;132543
2705077283;132544
2705097691;132545
2705118100;132546
2705138509;132547
2705158918;132548
2705179327;132549
2705199736;132550
2705220144;132551
2705240553;132552
2705260962;132553
2705281374;132554
2705301780;132555
2705322188;132556
2705342598;132557
2705363006;132558
2705383416;132559
2705403824;132560
2705424233;132561
2705444642;132562
2705465051;132563
2705485460;132564
2705505868;132565
2705526277;132566
2705546686;132567
2705567095;132568
2705587503;132569
2705607917;132570
2705628321;132571
2705648731;132572
2705669139;132573
2705689548;132574
2705709957;132575
2705730366;132576
2705750774;132577
2705771184;132578
2705791592;132579
2705812001;132580
2705832410;132581
2705852818;132582
2705873228;132583
2705893636;132584
2705914046;132585
2705934454;132586
2705954863;132587
2705975272;132588
2705995685;132589
2706016090;132590
2706036499;132591
2706056907;132592
2706077316;132593
2706097725;132594
2706118133;132595
2706138547;132596
2706158951;132597
2706179361;132598
2706199769;132599
2706220178;132600
2706240587;132601
2706260996;132602
2706281405;132603
2706301814;132604
2706322222;132605
2706342631;132606
2706363040;132607
2706383448;132608
2706403858;132609
2706424266;132610
2706444676;132611
2706465084;132612
2706485493;132613
2706505902;132614
2706526311;132615
2706546720;132616
2706567129;132617
2706587537;132618
2706607947;132619
2706628355;132620
2706648764;132621
2706669173;132622
2706689581;132623
2706709991;132624
2706730399;132625
2706750808;132626
2706771217;132627
2706791626;132628
2706812035;132629
2706832448;132630
2706852852;132631
2706873262;132632
2706893670;132633
2706914079;132634
2706934488;132635
2706954896;132636
2706975306;132637
2706995714;132638
2707016123;132639
2707036532;132640
2707056941;132641
2707077350;132642
2707097759;132643
2707118167;132644
2707138577;132645
2707158985;132646
2707179394;132647
2707199803;132648
2707220215;132649
2707240621;132650
2707261029;132651
2707281443;132652
2707301847;132653
2707322324;132654
2707342733;132655
2707363142;132656
2707383551;132657
2707403964;132658
2707424369;132659
2707444778;132660
2707465187;132661
2707485596;132662
2707506005;132663
2707526414;132664
2707546823;132665
2707567232;132666
2707587641;132667
2707608050;132668
2707628459;132669
2707648868;132670
2707669277;132671
2707689686;132672
2707710095;132673
2707730504;132674
2707750912;132675
2707771322;132676
2707791731;132677
2707812140;132678
2707832549;132679
2707852957;132680
2707873367;132681
2707893776;132682
2707914185;132683
2707934598;132684
2707955006;132685
2707975412;132686
2707995821;132687
2708016230;132688
2708036639;132689
2708057047;132690
2708077457;132691
2708097866;132692
2708118274;132693
2708138684;132694
2708159092;132695
2708179502;132696
2708199911;132697
2708220319;132698
2708240729;132699
2708261137;132700
2708281546;132701
2708301956;132702
2708322364;132703
2708342778;132704
2708363183;132705
2708383591;132706
2708404001;132707
2708424409;132708
2708444818;132709
2708465228;132710
2708485640;132711
2708506050;132712
2708526454;132713
2708546868;132714
2708567273;132715
2708587681;132716
2708608091;132717
2708628499;132718
2708648908;132719
2708669318;132720
2708689726;132721
2708710136;132722
2708730544;132723
2708750953;132724
2708771363;132725
2708791771;132726
2708812181;132727
2708832589;132728
2708852998;132729
2708873408;132730
2708893816;132731
2708914226;132732
2708934634;132733
2708955043;132734
2708975453;132735
2708995861;132736
2709016270;132737
2709036679;132738
2709057088;132739
2709077498;132740
2709097906;132741
2709118315;132742
2709138728;132743
2709159133;132744
2709179542;132745
2709199951;132746
2709220360;132747
2709240769;132748
2709261178;132749
2709281587;132750
2709301996;132751
2709322405;132752
2709342818;132753
2709363223;132754
2709383632;132755
2709404041;132756
2709424450;132757
2709444859;132758
2709465268;132759
2709485677;132760
2709506086;132761
2709526495;132762
2709546903;132763
2709567313;132764
2709587722;132765
2709608131;132766
2709628540;132767
2709648948;132768
2709669358;132769
2709689767;132770
2709710179;132771
2709730585;132772
2709750993;132773
2709771403;132774
2709791816;132775
2709812220;132776
2709832630;132777
2709853038;132778
2709873448;132779
2709893857;132780
2709914269;132781
2709934675;132782
2709955083;132783
2709975496;132784
2709995906;132785
2710016310;132786
2710036720;132787
2710057128;132788
2710077538;132789
2710097947;132790
2710118355;132791
2710138765;132792
2710159173;132793
2710179583;132794
2710199992;132795
2710220400;132796
2710240810;132797
2710261218;132798
2710281627;132799
2710302037;132800
2710322445;132801
2710342855;132802
2710363264;132803
2710383672;132804
2710404082;132805
2710424490;132806
2710444899;132807
2710465309;132808
2710485717;132809
2710506127;132810
2710526535;132811
2710546944;132812
2710567354;132813
2710587762;132814
2710608172;132815
2710628580;132816
2710648989;132817
2710669399;132818
2710689807;132819
2710710216;132820
2710730625;132821
2710751034;132822
2710771444;132823
2710791852;132824
2710812262;132825
2710832670;132826
2710853079;132827
2710873489;132828
2710893897;132829
2710914306;132830
2710934715;132831
2710955124;132832
2710975534;132833
2710995942;132834
2711016355;132835
2711036764;132836
2711057169;132837
2711077579;132838
2711097987;132839
2711118396;132840
2711138805;132841
2711159214;132842
2711179623;132843
2711200032;132844
2711220441;132845
2711240850;132846
2711261259;132847
2711281668;132848
2711302077;132849
2711322486;132850
2711342894;132851
2711363304;132852
2711383713;132853
2711404122;132854
2711424531;132855
2711444940;132856
2711465349;132857
2711485758;132858
2711506167;132859
2711526576;132860
2711546984;132861
2711567394;132862
2711587803;132863
2711608212;132864
2711628621;132865
2711649029;132866
2711669439;132867
2711689848;132868
2711710260;132869
2711730666;132870
2711751074;132871
2711771484;132872
2711791893;132873
2711812301;132874
2711832711;132875
2711853119;132876
2711873529;132877
2711893938;132878
2711914346;132879
2711934760;132880
2711955164;132881
2711975573;132882
2711995983;132883
2712016391;132884
2712036801;132885
2712057209;132886
2712077618;132887
2712098028;132888
2712118436;132889
2712138846;132890
2712159254;132891
2712179663;132892
2712200073;132893
2712220481;132894
2712240894;132895
2712261299;132896
2712281708;132897
2712302118;132898
2712322526;132899
2712342935;132900
2712363345;132901
2712383757;132902
2712404163;132903
2712424571;132904
2712444980;132905
2712465390;132906
2712485798;132907
2712506208;132908
2712526620;132909
2712547025;132910
2712567435;132911
2712587843;132912
2712608252;132913
2712628661;132914
2712649070;132915
2712669480;132916
2712689888;132917
2712710297;132918
2712730706;132919
2712751115;132920
2712771525;132921
2712791937;132922
2712812342;132923
2712832751;132924
2712853160;132925
2712873570;132926
2712893978;132927
2712914387;132928
2712934796;132929
2712955205;132930
2712975615;132931
2712996023;132932
2713016432;132933
2713036841;132934
2713057250;132935
2713077659;132936
2713098068;132937
2713118481;132938
2713138886;132939
2713159295;132940
2713179704;132941
2713200117;132942
2713220522;132943
2713240931;132944
2713261344;132945
2713281749;132946
2713302158;132947
2713322567;132948
2713342975;132949
2713363385;132950
2713383794;132951
2713404203;132952
2713424612;132953
2713445020;132954
2713465430;132955
2713485839;132956
2713506248;132957
2713526657;132958
2713547065;132959
2713567475;132960
2713587884;132961
2713608293;132962
2713628702;132963
2713649110;132964
2713669520;132965
2713689929;132966
2713710337;132967
2713730747;132968
2713751159;132969
2713771565;132970
2713791974;132971
2713812382;132972
2713832792;132973
2713853200;132974
2713873610;132975
2713894023;132976
2713914427;132977
2713934837;132978
2713955245;132979
2713975658;132980
2713996064;132981
2714016476;132982
2714036882;132983
2714057290;132984
2714077699;132985
2714098113;132986
2714118517;132987
2714138926;132988
2714159335;132989
2714179744;132990
2714200154;132991
2714220562;132992
2714240971;132993
2714261380;132994
2714281789;132995
2714302199;132996
2714322607;132997
2714343016;132998
2714363426;132999
2714383834;133000
2714404244;133001
2714424652;133002
2714445061;133003
2714465471;133004
2714485879;133005
2714506288;133006
2714526701;133007
2714547110;133008
2714567516;133009
2714587924;133010
2714608333;133011
2714628742;133012
2714649151;133013
2714669561;133014
2714689969;133015
2714710378;133016
2714730787;133017
2714751196;133018
2714771606;133019
2714792014;133020
2714812423;133021
2714832832;133022
2714853241;133023
2714873650;133024
2714894059;133025
2714914468;133026
2714934877;133027
2714955286;133028
2714975695;133029
2714996104;133030
2715016517;133031
2715036922;133032
2715057331;133033
2715077740;133034
2715098149;133035
2715118558;133036
2715138966;133037
2715159376;133038
2715179785;133039
2715200194;133040
2715220603;133041
2715241015;133042
2715261421;133043
2715281830;133044
2715302239;133045
2715322648;133046
2715343056;133047
2715363466;133048
2715383875;133049
2715404284;133050
2715424693;133051
2715445101;133052
2715465511;133053
2715485924;133054
2715506328;133055
2715526738;133056
2715547146;133057
2715567556;133058
2715587965;133059
2715608373;133060
2715628783;133061
2715649195;133062
2715669601;133063
2715690010;133064
2715710418;133065
2715730828;133066
2715751236;133067
2715771645;133068
2715792055;133069
2715812463;133070
2715832873;133071
2715853281;133072
2715873690;133073
2715894100;133074
2715914508;133075
2715934918;133076
2715955326;133077
2715975735;133078
2715996145;133079
2716016553;133080
2716036963;133081
2716057371;133082
2716077780;133083
2716098190;133084
2716118602;133085
2716139007;133086
2716159416;133087
2716179825;133088
2716200235;133089
2716220643;133090
2716241052;133091
2716261461;133092
2716281870;133093
2716302280;133094
2716322688;133095
2716343097;133096
2716363507;133097
2716383915;133098
2716404324;133099
2716424733;133100
2716445146;133101
2716465552;133102
2716485964;133103
2716506369;133104
2716526778;133105
2716547187;133106
2716567597;133107
2716588009;133108
2716608414;133109
2716628823;133110
2716649232;133111
2716669641;133112
2716690050;133113
2716710459;133114
2716730868;133115
2716751277;133116
2716771686;133117
2716792095;133118
2716812504;133119
2716832913;133120
2716853326;133121
2716873731;133122
2716894140;133123
2716914553;133124
2716934958;133125
2716955367;133126
2716975776;133127
2716996185;133128
2717016594;133129
2717037002;133130
2717057412;133131
2717077821;133132
2717098230;133133
2717118639;133134
2717139047;133135
2717159457;133136
2717179866;133137
2717200275;133138
2717220684;133139
2717241092;133140
2717261502;133141
2717281911;133142
2717302323;133143
2717322738;133144
2717343146;133145
2717363556;133146
2717383965;133147
2717404373;133148
2717424783;133149
2717445192;133150
2717465601;133151
2717486010;133152
2717506422;133153
2717526832;133154
2717547237;133155
2717567646;133156
2717588055;133157
2717608463;133158
2717628873;133159
2717649282;133160
2717669690;133161
2717690100;133162
2717710509;133163
2717730918;133164
2717751327;133165
2717771735;133166
2717792145;133167
2717812554;133168
2717832962;133169
2717853372;133170
2717873781;133171
2717894190;133172
2717914599;133173
2717935007;133174
2717955421;133175
2717975826;133176
2717996239;133177
2718016644;133178
2718037057;133179
2718057462;133180
2718077871;133181
2718098279;133182
2718118689;133183
2718139102;133184
2718159507;133185
2718179920;133186
2718200324;133187
2718220734;133188
2718241143;133189
2718261552;133190
2718281965;133191
2718302370;133192
2718322779;133193
2718343188;133194
2718363597;133195
2718384006;133196
2718404415;133197
2718424824;133198
2718445233;133199
2718465643;133200
2718486051;133201
2718506460;133202
2718526873;133203
2718547278;133204
2718567687;133205
2718588096;133206
2718608505;133207
2718628915;133208
2718649323;133209
2718669732;133210
2718690141;133211
2718710550;133212
2718730959;133213
2718751368;133214
2718771781;133215
2718792186;133216
2718812599;133217
2718833004;133218
2718853413;133219
2718873822;133220
2718894235;133221
2718914640;133222
2718935049;133223
2718955458;133224
2718975867;133225
2718996277;133226
2719016685;133227
2719037094;133228
2719057504;133229
2719077912;133230
2719098321;133231
