2678507799;131242
2678528209;131243
2678548618;131244
2678569026;131245
2678589436;131246
2678609844;131247
2678630254;131248
2678650667;131249
2678671072;131250
2678691481;131251
2678711889;131252
2678732303;131253
2678752708;131254
2678773117;131255
2678793526;131256
2678813938;131257
2678834344;131258
2678854753;131259
2678875166;131260
2678895571;131261
2678915979;131262
2678936389;131263
2678956798;131264
2678977207;131265
2678997616;131266
2679018025;131267
2679038434;131268
2679058843;131269
2679079252;131270
2679099661;131271
2679120070;131272
2679140479;131273
2679160888;131274
2679181297;131275
2679201706;131276
2679222115;131277
2679242524;131278
2679262933;131279
2679283342;131280
2679303751;131281
2679324160;131282
2679344569;131283
2679364977;131284
2679385387;131285
2679405796;131286
2679426205;131287
2679446614;131288
2679467022;131289
2679487432;131290
2679507841;131291
2679528254;131292
2679548659;131293
2679569068;131294
2679589477;131295
2679609886;131296
2679630299;131297
2679650704;131298
2679671113;131299
2679691522;131300
2679711931;131301
2679732340;131302
2679752749;131303
2679773158;131304
2679793567;131305
2679813976;131306
2679834385;131307
2679854794;131308
2679875203;131309
2679895612;131310
2679916021;131311
2679936430;131312
2679956839;131313
2679977248;131314
2679997657;131315
2680018067;131316
2680038475;131317
2680058884;131318
2680079297;131319
2680099702;131320
2680120112;131321
2680140520;131322
2680160929;131323
2680181338;131324
2680201747;131325
2680222157;131326
2680242565;131327
2680262974;131328
2680283383;131329
2680303792;131330
2680324202;131331
2680344610;131332
2680365020;131333
2680385432;131334
2680405837;131335
2680426246;131336
2680446655;131337
2680467065;131338
2680487477;131339
2680507882;131340
2680528291;131341
2680548700;131342
2680569110;131343
2680589522;131344
2680609927;131345
2680630336;131346
2680650745;131347
2680671155;131348
2680691563;131349
2680711972;131350
2680732381;131351
2680752790;131352
2680773200;131353
2680793608;131354
2680814017;131355
2680834426;131356
2680854835;131357
2680875245;131358
2680895653;131359
2680916062;131360
2680936471;131361
2680956880;131362
2680977290;131363
2680997698;131364
2681018111;131365
2681038520;131366
2681058925;131367
2681079335;131368
2681099743;131369
2681120153;131370
2681140561;131371
2681160970;131372
2681181380;131373
2681201788;131374
2681222198;131375
2681242606;131376
2681263015;131377
2681283425;131378
2681303833;131379
2681324243;131380
2681344651;131381
2681365061;131382
2681385469;131383
2681405878;131384
2681426288;131385
2681446696;131386
2681467109;131387
2681487514;131388
2681507923;131389
2681528333;131390
2681548741;131391
2681569151;131392
2681589559;131393
2681609968;131394
2681630378;131395
2681650786;131396
2681671196;131397
2681691604;131398
2681712013;131399
2681732423;131400
2681752831;131401
2681773241;131402
2681793649;131403
2681814058;131404
2681834468;131405
2681854876;131406
2681875286;131407
2681895694;131408
2681916103;131409
2681936513;131410
2681956921;131411
2681977331;131412
2681997739;131413
2682018149;131414
2682038558;131415
2682058966;131416
2682079376;131417
2682099784;131418
2682120194;131419
2682140603;131420
2682161011;131421
2682181421;131422
2682201829;131423
2682222239;131424
2682242648;131425
2682263060;131426
2682283470;131427
2682303874;131428
2682324284;131429
2682344692;131430
2682365101;131431
2682385511;131432
2682405919;131433
2682426329;131434
2682446737;131435
2682467146;131436
2682487556;131437
2682507964;131438
2682528374;131439
2682548782;131440
2682569192;131441
2682589601;131442
2682610009;131443
2682630419;131444
2682650827;131445
2682671237;131446
2682691646;131447
2682712054;131448
2682732468;131449
2682752872;131450
2682773282;131451
2682793691;131452
2682814099;131453
2682834509;131454
2682854917;131455
2682875327;131456
2682895736;131457
2682916144;131458
2682936554;131459
2682956962;131460
2682977372;131461
2682997781;131462
2683018190;131463
2683038599;131464
2683059011;131465
2683079417;131466
2683099826;131467
2683120235;131468
2683140644;131469
2683161052;131470
2683181462;131471
2683201871;131472
2683222280;131473
2683242689;131474
2683263097;131475
2683283507;131476
2683303916;131477
2683324325;131478
2683344734;131479
2683365142;131480
2683385552;131481
2683405960;131482
2683426370;131483
2683446779;131484
2683467187;131485
2683487597;131486
2683508005;131487
2683528415;131488
2683548824;131489
2683569236;131490
2683589642;131491
2683610054;131492
2683630460;131493
2683650869;131494
2683671278;131495
2683691687;131496
2683712095;131497
2683732505;131498
2683752914;131499
2683773323;131500
2683793732;131501
2683814144;131502
2683834550;131503
2683854959;131504
2683875368;131505
2683895777;131506
2683916185;131507
2683936595;131508
2683957004;131509
2683977413;131510
2683997822;131511
2684018231;131512
2684038640;131513
2684059049;131514
2684079458;131515
2684099867;131516
2684120279;131517
2684140685;131518
2684161094;131519
2684181503;131520
2684201912;131521
2684222321;131522
2684242730;131523
2684263139;131524
2684283548;131525
2684303957;131526
2684324366;131527
2684344775;131528
2684365183;131529
2684385593;131530
2684406002;131531
2684426415;131532
2684446820;131533
2684467232;131534
2684487638;131535
2684508047;131536
2684528456;131537
2684548865;131538
2684569274;131539
2684589683;131540
2684610092;131541
2684630501;131542
2684650910;131543
2684671319;131544
2684691728;131545
2684712137;131546
2684732546;131547
2684752955;131548
2684773364;131549
2684793773;131550
2684814182;131551
2684834595;131552
2684855000;131553
2684875409;131554
2684895818;131555
2684916227;131556
2684936636;131557
2684957045;131558
2684977454;131559
2684997863;131560
2685018272;131561
2685038681;131562
2685059090;131563
2685079499;131564
2685099908;131565
2685120318;131566
2685140726;131567
2685161135;131568
2685181544;131569
2685201953;131570
2685222363;131571
2685242771;131572
2685263180;131573
2685283589;131574
2685303998;131575
2685324408;131576
2685344816;131577
2685365225;131578
2685385634;131579
2685406043;131580
2685426452;131581
2685446861;131582
2685467271;131583
2685487679;131584
2685508088;131585
2685528497;131586
2685548906;131587
2685569316;131588
2685589724;131589
2685610133;131590
2685630542;131591
2685650951;131592
2685671361;131593
2685691769;131594
2685712178;131595
2685732587;131596
2685752996;131597
2685773410;131598
2685793814;131599
2685814223;131600
2685834632;131601
2685855041;131602
2685875451;131603
2685895863;131604
2685916268;131605
2685936677;131606
2685957086;131607
2685977496;131608
2685997904;131609
2686018314;131610
2686038722;131611
2686059131;131612
2686079541;131613
2686099949;131614
2686120359;131615
2686140767;131616
2686161176;131617
2686181586;131618
2686201994;131619
2686222404;131620
2686242812;131621
2686263221;131622
2686283635;131623
2686304039;131624
2686324449;131625
2686344861;131626
2686365266;131627
2686385675;131628
2686406084;131629
2686426494;131630
2686446902;131631
2686467312;131632
2686487720;131633
2686508129;131634
2686528539;131635
2686548947;131636
2686569360;131637
2686589765;131638
2686610174;131639
2686630584;131640
2686650992;131641
2686671402;131642
2686691810;131643
2686712219;131644
2686732629;131645
2686753037;131646
2686773447;131647
2686793855;131648
2686814268;131649
2686834674;131650
2686855082;131651
2686875492;131652
2686895900;131653
2686916310;131654
2686936719;131655
2686957127;131656
2686977537;131657
2686997945;131658
2687018355;131659
2687038764;131660
2687059172;131661
2687079582;131662
2687099990;131663
2687120400;131664
2687140809;131665
2687161217;131666
2687181631;131667
2687202035;131668
2687222445;131669
2687242854;131670
2687263262;131671
2687283672;131672
2687304080;131673
2687324459;131674
2687344867;131675
2687365277;131676
2687385685;131677
2687406094;131678
2687426504;131679
2687446912;131680
2687467322;131681
2687487730;131682
2687508139;131683
2687528548;131684
2687548957;131685
2687569366;131686
2687589775;131687
2687610183;131688
2687630593;131689
2687651001;131690
2687671411;131691
2687691819;131692
2687712229;131693
2687732638;131694
2687753046;131695
2687773460;131696
2687793864;131697
2687814274;131698
2687834682;131699
2687855091;131700
2687875504;131701
2687895909;131702
2687916318;131703
2687936727;131704
2687957135;131705
2687977545;131706
2687997953;131707
2688018363;131708
2688038771;131709
2688059180;131710
2688079590;131711
2688099998;131712
2688120408;131713
2688140820;131714
2688161225;131715
2688181634;131716
2688202043;131717
2688222452;131718
2688242861;131719
2688263273;131720
2688283679;131721
2688304087;131722
2688324497;131723
2688344905;131724
2688365319;131725
2688385728;131726
2688406132;131727
2688426542;131728
2688446950;131729
2688467360;131730
2688487768;131731
2688508177;131732
2688528590;131733
2688548995;131734
2688569404;131735
2688589813;131736
2688610222;131737
2688630631;131738
2688651039;131739
2688671449;131740
2688691858;131741
2688712267;131742
2688732676;131743
2688753084;131744
2688773494;131745
2688793902;131746
2688814312;131747
2688834724;131748
2688855129;131749
2688875538;131750
2688895947;131751
2688916356;131752
2688936765;131753
2688957173;131754
2688977587;131755
2688997992;131756
2689018401;131757
2689038810;131758
2689059218;131759
2689079628;131760
2689100036;131761
2689120446;131762
2689140854;131763
2689161264;131764
2689181672;131765
2689202081;131766
2689222490;131767
2689242899;131768
2689263312;131769
2689283717;131770
2689304126;131771
2689324535;131772
2689344944;131773
2689365356;131774
2689385766;131775
2689406170;131776
2689426580;131777
2689446988;131778
2689467398;131779
2689487806;131780
2689508215;131781
2689528624;131782
2689549033;131783
2689569442;131784
2689589851;131785
2689610261;131786
2689630669;131787
2689651078;131788
2689671487;131789
2689691896;131790
2689712305;131791
2689732714;131792
2689753122;131793
2689773532;131794
2689793940;131795
2689814350;131796
2689834758;131797
2689855167;131798
2689875576;131799
2689895985;131800
2689916394;131801
2689936803;131802
2689957212;131803
2689977621;131804
2689998030;131805
2690018439;131806
2690038848;131807
2690059256;131808
2690079666;131809
2690100074;131810
2690120484;131811
2690140892;131812
2690161302;131813
2690181710;131814
2690202119;131815
2690222528;131816
2690242937;131817
2690263347;131818
2690283755;131819
2690304164;131820
2690324573;131821
2690344982;131822
2690365391;131823
2690385800;131824
2690406208;131825
2690426618;131826
2690447026;131827
2690467440;131828
2690487844;131829
2690508253;131830
2690528662;131831
2690549071;131832
2690569481;131833
2690589893;131834
2690610299;131835
2690630707;131836
2690651116;131837
2690671525;131838
2690691934;131839
2690712343;131840
2690732756;131841
2690753160;131842
2690773570;131843
2690793978;131844
2690814388;131845
2690834796;131846
2690855205;131847
2690875615;131848
2690896023;131849
2690916433;131850
2690936841;131851
2690957250;131852
2690977659;131853
2690998068;131854
2691018477;131855
2691038886;131856
2691059294;131857
2691079704;131858
2691100112;131859
2691120522;131860
2691140934;131861
2691161340;131862
2691181749;131863
2691202157;131864
2691222567;131865
2691242975;131866
2691263385;131867
2691283793;131868
2691304202;131869
2691324611;131870
2691345020;131871
2691365429;131872
2691385838;131873
2691406246;131874
2691426656;131875
2691447064;131876
2691467474;131877
2691487883;131878
2691508291;131879
2691528701;131880
2691549109;131881
2691569519;131882
2691589931;131883
2691610340;131884
2691630745;131885
2691651154;131886
2691671563;131887
2691691972;131888
2691712381;131889
2691732790;131890
2691753198;131891
2691773608;131892
2691794021;131893
2691814426;131894
2691834835;131895
2691855243;131896
2691875653;131897
2691896061;131898
2691916471;131899
2691936879;131900
2691957288;131901
2691977697;131902
2691998106;131903
2692018515;131904
2692038924;131905
2692059332;131906
2692079746;131907
2692100154;131908
2692120560;131909
2692140969;131910
2692161382;131911
2692181787;131912
2692202195;131913
2692222605;131914
2692243013;131915
2692263423;131916
2692283831;131917
2692304240;131918
2692324653;131919
2692345058;131920
2692365467;131921
2692385876;131922
2692406284;131923
2692426694;131924
2692447103;131925
2692467512;131926
2692487921;131927
2692508329;131928
2692528739;131929
2692549147;131930
2692569557;131931
2692589965;131932
2692610375;131933
2692630783;131934
2692651192;131935
2692671601;131936
2692692010;131937
2692712419;131938
2692732828;131939
2692753237;131940
2692773646;131941
2692794055;131942
2692814464;131943
2692834873;131944
2692855285;131945
2692875691;131946
2692896099;131947
2692916509;131948
2692936917;131949
2692957326;131950
2692977735;131951
2692998144;131952
2693018553;131953
2693038962;131954
2693059372;131955
2693079780;131956
2693100189;131957
2693120598;131958
2693141007;131959
2693161416;131960
2693181825;131961
2693202233;131962
2693222643;131963
2693243051;131964
2693263465;131965
2693283869;131966
2693304282;131967
2693324687;131968
2693345096;131969
2693365510;131970
2693385914;131971
2693406323;131972
2693426732;131973
2693447141;131974
2693467554;131975
2693487959;131976
2693508371;131977
2693528777;131978
2693549185;131979
2693569595;131980
2693590003;131981
2693610413;131982
2693630821;131983
2693651230;131984
2693671644;131985
2693692052;131986
2693712458;131987
2693732866;131988
2693753275;131989
2693773684;131990
2693794093;131991
2693814502;131992
2693834911;131993
2693855319;131994
2693875729;131995
2693896137;131996
2693916547;131997
2693936955;131998
2693957365;131999
2693977773;132000
2693998182;132001
2694018592;132002
2694039000;132003
2694059410;132004
2694079818;132005
2694100227;132006
2694120636;132007
2694141045;132008
2694161454;132009
2694181863;132010
2694202271;132011
2694222681;132012
2694243089;132013
2694263499;132014
2694283907;132015
2694304316;132016
2694324726;132017
2694345134;132018
2694365544;132019
2694385952;132020
2694406362;132021
2694426774;132022
2694447179;132023
2694467588;132024
2694487997;132025
2694508406;132026
2694528815;132027
2694549223;132028
2694569633;132029
2694590041;132030
2694610451;132031
2694630860;132032
2694651268;132033
2694671678;132034
2694692086;132035
2694712496;132036
2694732904;132037
2694753313;132038
2694773722;132039
2694794131;132040
2694814540;132041
2694834953;132042
2694855357;132043
2694875767;132044
2694896175;132045
2694916585;132046
2694936994;132047
2694957403;132048
2694977812;132049
2694998220;132050
2695018630;132051
2695039038;132052
2695059448;132053
2695079856;132054
2695100265;132055
2695120674;132056
2695141087;132057
2695161492;132058
2695181901;132059
2695202309;132060
2695222719;132061
2695243128;132062
2695263537;132063
2695283946;132064
2695304354;132065
2695324764;132066
2695345172;132067
2695365582;132068
2695385990;132069
2695406400;132070
2695426808;132071
2695447217;132072
2695467626;132073
2695488039;132074
2695508444;132075
2695528853;132076
2695549262;132077
2695569675;132078
2695590080;132079
2695610489;132080
2695630898;132081
2695651306;132082
2695671716;132083
2695692124;132084
2695712534;132085
2695732942;132086
2695753351;132087
2695773760;132088
2695794169;132089
2695814578;132090
2695834991;132091
2695855396;132092
2695875805;132093
2695896214;132094
2695916623;132095
2695937036;132096
2695957441;132097
2695977850;132098
2695998258;132099
2696018668;132100
2696039076;132101
2696059486;132102
2696079894;132103
2696100303;132104
2696120712;132105
2696141125;132106
2696161530;132107
2696181939;132108
2696202348;132109
2696222757;132110
2696243166;132111
2696263575;132112
2696283984;132113
2696304392;132114
2696324802;132115
2696345210;132116
2696365620;132117
2696386028;132118
2696406438;132119
2696426846;132120
2696447259;132121
2696467664;132122
2696488073;132123
2696508483;132124
2696528891;132125
2696549300;132126
2696569709;132127
2696590118;132128
2696610527;132129
2696630936;132130
2696651344;132131
2696671754;132132
2696692162;132133
2696712572;132134
2696732980;132135
2696753389;132136
2696773798;132137
2696794207;132138
2696814617;132139
2696835025;132140
2696855434;132141
2696875843;132142
2696896252;132143
2696916661;132144
2696937070;132145
2696957479;132146
2696977888;132147
2696998296;132148
2697018710;132149
2697039114;132150
2697059524;132151
2697079932;132152
2697100341;132153
2697120751;132154
2697141159;132155
2697161569;132156
2697181977;132157
2697202386;132158
2697222795;132159
2697243208;132160
2697263613;132161
2697284022;132162
2697304430;132163
2697324806;132164
2697345214;132165
2697365624;132166
2697386032;132167
2697406441;132168
2697426850;132169
2697447259;132170
2697467668;132171
2697488081;132172
2697508486;132173
2697528894;132174
2697549303;132175
2697569712;132176
2697590121;132177
2697610530;132178
2697630943;132179
2697651347;132180
2697671757;132181
2697692165;132182
2697712575;132183
2697732983;132184
2697753393;132185
2697773801;132186
2697794209;132187
2697814619;132188
2697835027;132189
2697855437;132190
2697875845;132191
2697896254;132192
2697916667;132193
2697937072;132194
2697957481;132195
2697977890;132196
2697998298;132197
2698018708;132198
2698039116;132199
2698059525;132200
2698079934;132201
2698100342;132202
2698120752;132203
2698141160;132204
2698161570;132205
2698181978;132206
2698202387;132207
2698222796;132208
2698243205;132209
2698263614;132210
2698284023;132211
2698304431;132212
2698324841;132213
2698345249;132214
2698365658;132215
2698386067;132216
2698406476;132217
2698426885;132218
2698447293;132219
2698467703;132220
2698488111;132221
2698508521;132222
2698528929;132223
2698549338;132224
2698569747;132225
2698590156;132226
2698610565;132227
2698630973;132228
2698651382;132229
2698671791;132230
2698692200;132231
2698712609;132232
2698733018;132233
2698753427;132234
2698773836;132235
2698794244;132236
2698814654;132237
2698835066;132238
2698855471;132239
2698875880;132240
2698896292;132241
2698916698;132242
2698937106;132243
2698957516;132244
2698977924;132245
2698998333;132246
2699018742;132247
2699039151;132248
2699059560;132249
2699079969;132250
2699100377;132251
2699120787;132252
2699141195;132253
2699161604;132254
2699182013;132255
2699202421;132256
2699222831;132257
2699243239;132258
2699263649;132259
2699284057;132260
2699304466;132261
2699324875;132262
2699345288;132263
2699365693;132264
2699386102;132265
2699406510;132266
2699426920;132267
2699447328;132268
2699467737;132269
2699488146;132270
2699508555;132271
2699528964;132272
2699549372;132273
2699569782;132274
2699590190;132275
2699610600;132276
2699631008;132277
2699651417;132278
2699671826;132279
2699692235;132280
2699712644;132281
2699733052;132282
2699753461;132283
2699773870;132284
2699794279;132285
2699814688;132286
2699835097;132287
2699855506;132288
2699875919;132289
2699896323;132290
2699916733;132291
2699937141;132292
2699957551;132293
2699977959;132294
2699998367;132295
2700018777;132296
2700039185;132297
2700059595;132298
2700080003;132299
2700100412;132300
2700120821;132301
2700141230;132302
2700161639;132303
2700182048;132304
2700202456;132305
2700222866;132306
2700243274;132307
2700263684;132308
2700284092;132309
2700304500;132310
2700324910;132311
2700345318;132312
2700365728;132313
2700386136;132314
2700406545;132315
2700426954;132316
2700447363;132317
2700467772;132318
2700488185;132319
2700508590;132320
2700528999;132321
2700549407;132322
2700569816;132323
2700590225;132324
2700610633;132325
2700631043;132326
2700651451;132327
2700671861;132328
2700692269;132329
2700712679;132330
2700733087;132331
2700753497;132332
2700773905;132333
2700794314;132334
2700814723;132335
2700835131;132336
2700855540;132337
2700875949;132338
2700896358;132339
2700916767;132340
2700937176;132341
2700957585;132342
2700977994;132343
2700998402;132344
2701018816;132345
2701039220;132346
2701059630;132347
2701080038;132348
2701100447;132349
2701120856;132350
2701141264;132351
2701161674;132352
2701182082;132353
2701202491;132354
2701222900;132355
2701243309;132356
2701263718;132357
2701284127;132358
2701304536;132359
2701324945;132360
2701345353;132361
2701365763;132362
2701386171;132363
2701406579;132364
2701426989;132365
2701447397;132366
2701467807;132367
2701488215;132368
2701508625;132369
2701529033;132370
2701549442;132371
2701569851;132372
2701590260;132373
2701610669;132374
2701631078;132375
2701651486;132376
2701671895;132377
2701692304;132378
2701712713;132379
2701733122;132380
2701753530;132381
2701773940;132382
2701794348;132383
2701814758;132384
2701835166;132385
2701855575;132386
2701875984;132387
2701896393;132388
2701916802;132389
2701937210;132390
2701957620;132391
2701978028;132392
2701998437;132393
2702018846;132394
2702039255;132395
2702059664;132396
2702080073;132397
2702100481;132398
2702120891;132399
2702141303;132400
2702161709;132401
2702182117;132402
2702202530;132403
2702222935;132404
2702243343;132405
2702263753;132406
2702284161;132407
2702304571;132408
2702324979;132409
2702345388;132410
2702365797;132411
2702386206;132412
2702406615;132413
2702427024;132414
2702447432;132415
2702467842;132416
2702488250;132417
2702508659;132418
2702529068;132419
2702549476;132420
2702569886;132421
2702590294;132422
2702610704;132423
2702631112;132424
2702651521;132425
2702671930;132426
2702692339;132427
2702712748;132428
2702733157;132429
2702753566;132430
2702773978;132431
2702794383;132432
2702814792;132433
2702835201;132434
2702855610;132435
2702876019;132436
2702896427;132437
2702916837;132438
2702937249;132439
2702957655;132440
2702978063;132441
2702998472;132442
2703018881;132443
2703039290;132444
2703059699;132445
2703080107;132446
2703100516;132447
2703120925;132448
2703141334;132449
2703161743;132450
2703182152;132451
2703202561;132452
2703222970;132453
2703243378;132454
2703263788;132455
2703284196;132456
2703304606;132457
2703325014;132458
2703345422;132459
2703365832;132460
2703386240;132461
2703406650;132462
2703427058;132463
2703447467;132464
2703467876;132465
2703488285;132466
2703508694;132467
2703529103;132468
2703549515;132469
2703569921;132470
2703590333;132471
2703610738;132472
2703631147;132473
2703651555;132474
2703671965;132475
2703692373;132476
2703712783;132477
2703733191;132478
2703753601;132479
2703774009;132480
2703794418;132481
2703814827;132482
2703835240;132483
2703855645;132484
2703876054;132485
2703896462;132486
2703916871;132487
2703937280;132488
2703957689;132489
2703978098;132490
2703998510;132491
2704018916;132492
2704039324;132493
2704059734;132494
2704080146;132495
2704100551;132496
2704120960;132497
2704141369;132498
2704161778;132499
2704182186;132500
2704202595;132501
2704223004;132502
2704243413;132503
2704263822;132504
2704284231;132505
2704304640;132506
2704325049;132507
2704345457;132508
2704365867;132509
2704386275;132510
2704406685;132511
2704427093;132512
2704447501;132513
2704467911;132514
2704488319;132515
2704508733;132516
2704529137;132517
2704549546;132518
2704569959;132519
2704590364;132520
2704610773;132521
2704631182;132522
2704651591;132523
2704672000;132524
2704692412;132525
2704712817;132526
2704733226;132527
2704753635;132528
2704774044;132529
2704794452;132530
2704814862;132531
2704835270;132532
2704855680;132533
2704876092;132534
2704896497;132535
2704916906;132536
2704937315;132537
2704957724;132538
2704978133;132539
2704998541;132540
2705018950;132541
2705039359;132542
2705059768;132543
2705080181;132544
2705100586;132545
2705120995;132546
2705141403;132547
2705161813;132548
2705182221;132549
2705202631;132550
2705223043;132551
2705243448;132552
2705263857;132553
2705284265;132554
2705304675;132555
2705325083;132556
2705345492;132557
2705365901;132558
2705386310;132559
2705406719;132560
2705427128;132561
2705447537;132562
2705467946;132563
2705488354;132564
2705508764;132565
2705529172;132566
2705549580;132567
2705569990;132568
2705590398;132569
2705610812;132570
2705631216;132571
2705651626;132572
2705672034;132573
2705692443;132574
2705712852;132575
2705733261;132576
2705753670;132577
2705774079;132578
2705794487;132579
2705814897;132580
2705835305;132581
2705855718;132582
2705876123;132583
2705896532;132584
2705916941;132585
2705937349;132586
2705957759;132587
2705978171;132588
2705998576;132589
2706018985;132590
2706039394;132591
2706059803;132592
2706080212;132593
2706100621;132594
2706121029;132595
2706141438;132596
2706161847;132597
2706182256;132598
2706202665;132599
2706223074;132600
2706243482;132601
2706263892;132602
2706284300;132603
2706304710;132604
2706325118;132605
2706345527;132606
2706365936;132607
2706386344;132608
2706406758;132609
2706427162;132610
2706447572;132611
2706467980;132612
2706488389;132613
2706508798;132614
2706529207;132615
2706549616;132616
2706570025;132617
2706590433;132618
2706610843;132619
2706631251;132620
2706651664;132621
2706672069;132622
2706692477;132623
2706712891;132624
2706733295;132625
2706753705;132626
2706774113;132627
2706794522;132628
2706814931;132629
2706835340;132630
2706855749;132631
2706876158;132632
2706896567;132633
2706916980;132634
2706937384;132635
2706957793;132636
2706978202;132637
2706998611;132638
2707019020;132639
2707039428;132640
2707059838;132641
2707080246;132642
2707100656;132643
2707121064;132644
2707141474;132645
2707161882;132646
2707182291;132647
2707202700;132648
2707223108;132649
2707243517;132650
2707263926;132651
2707284335;132652
2707304744;132653
2707325221;132654
2707345630;132655
2707366039;132656
2707386448;132657
2707406861;132658
2707427266;132659
2707447679;132660
2707468084;132661
2707488497;132662
2707508902;132663
2707529311;132664
2707549721;132665
2707570129;132666
2707590538;132667
2707610947;132668
2707631356;132669
2707651766;132670
2707672174;132671
2707692583;132672
2707712992;132673
2707733401;132674
2707753811;132675
2707774219;132676
2707794628;132677
2707815037;132678
2707835446;132679
2707855856;132680
2707876264;132681
2707896677;132682
2707917082;132683
2707937491;132684
2707957901;132685
2707978309;132686
2707998719;132687
2708019127;132688
2708039540;132689
2708059946;132690
2708080354;132691
2708100764;132692
2708121172;132693
2708141585;132694
2708161991;132695
2708182399;132696
2708202809;132697
2708223217;132698
2708243627;132699
2708264036;132700
2708284444;132701
2708304854;132702
2708325262;132703
2708345672;132704
2708366081;132705
2708386489;132706
2708406899;132707
2708427307;132708
2708447717;132709
2708468126;132710
2708488534;132711
2708508944;132712
2708529352;132713
2708549766;132714
2708570171;132715
2708590579;132716
2708610989;132717
2708631397;132718
2708651807;132719
2708672216;132720
2708692624;132721
2708713034;132722
2708733442;132723
2708753852;132724
2708774261;132725
2708794674;132726
2708815083;132727
2708835487;132728
2708855897;132729
2708876310;132730
2708896715;132731
2708917124;132732
2708937532;132733
2708957942;132734
2708978351;132735
2708998760;132736
2709019169;132737
2709039577;132738
2709059987;132739
2709080396;132740
2709100805;132741
2709121214;132742
2709141626;132743
2709162032;132744
2709182441;132745
2709202850;132746
2709223259;132747
2709243667;132748
2709264077;132749
2709284486;132750
2709304895;132751
2709325304;132752
2709345713;132753
2709366122;132754
2709386531;132755
2709406940;132756
2709427349;132757
2709447759;132758
2709468167;132759
2709488576;132760
2709508985;132761
2709529394;132762
2709549804;132763
2709570212;132764
2709590621;132765
2709611030;132766
2709631439;132767
2709651849;132768
2709672257;132769
2709692667;132770
2709713075;132771
2709733484;132772
2709753894;132773
2709774302;132774
2709794711;132775
2709815120;132776
2709835529;132777
2709855943;132778
2709876351;132779
2709896757;132780
2709917165;132781
2709937574;132782
2709957984;132783
2709978392;132784
2709998802;132785
2710019210;132786
2710039619;132787
2710060029;132788
2710080437;132789
2710100847;132790
2710121259;132791
2710141664;132792
2710162074;132793
2710182482;132794
2710202892;132795
2710223300;132796
2710243710;132797
2710264119;132798
2710284527;132799
2710304937;132800
2710325345;132801
2710345755;132802
2710366164;132803
2710386572;132804
2710406982;132805
2710427390;132806
2710447800;132807
2710468209;132808
2710488621;132809
2710509027;132810
2710529435;132811
2710549845;132812
2710570254;132813
2710590666;132814
2710611072;132815
2710631480;132816
2710651890;132817
2710672299;132818
2710692708;132819
2710713117;132820
2710733529;132821
2710753935;132822
2710774344;132823
2710794753;132824
2710815162;132825
2710835570;132826
2710855980;132827
2710876389;132828
2710896798;132829
2710917207;132830
2710937615;132831
2710958025;132832
2710978434;132833
2710998843;132834
2711019256;132835
2711039661;132836
2711060070;132837
2711080479;132838
2711100888;132839
2711121297;132840
2711141705;132841
2711162115;132842
2711182524;132843
2711202933;132844
2711223342;132845
2711243751;132846
2711264160;132847
2711284569;132848
2711304982;132849
2711325387;132850
2711345796;132851
2711366205;132852
2711386614;132853
2711407023;132854
2711427432;132855
2711447841;132856
2711468254;132857
2711488659;132858
2711509068;132859
2711529477;132860
2711549887;132861
2711570295;132862
2711590705;132863
2711611113;132864
2711631522;132865
2711651932;132866
2711672340;132867
2711692750;132868
2711713158;132869
2711733571;132870
2711753977;132871
2711774385;132872
2711794799;132873
2711815203;132874
2711835612;132875
2711856022;132876
2711876430;132877
2711896840;132878
2711917248;132879
2711937657;132880
2711958067;132881
2711978475;132882
2711998885;132883
2712019293;132884
2712039702;132885
2712060112;132886
2712080520;132887
2712100930;132888
2712121338;132889
2712141748;132890
2712162157;132891
2712182565;132892
2712202975;132893
2712223383;132894
2712243797;132895
2712264202;132896
2712284614;132897
2712305020;132898
2712325428;132899
2712345838;132900
2712366247;132901
2712386655;132902
2712407065;132903
2712427473;132904
2712447883;132905
2712468292;132906
2712488700;132907
2712509110;132908
2712529518;132909
2712549928;132910
2712570337;132911
2712590746;132912
2712611155;132913
2712631563;132914
2712651973;132915
2712672382;132916
2712692791;132917
2712713200;132918
2712733608;132919
2712754018;132920
2712774431;132921
2712794836;132922
2712815245;132923
2712835654;132924
2712856063;132925
2712876472;132926
2712896881;132927
2712917290;132928
2712937699;132929
2712958108;132930
2712978517;132931
2712998926;132932
2713019335;132933
2713039744;132934
2713060153;132935
2713080562;132936
2713100971;132937
2713121380;132938
2713141789;132939
2713162198;132940
2713182607;132941
2713203016;132942
2713223425;132943
2713243834;132944
2713264243;132945
2713284653;132946
2713305061;132947
2713325470;132948
2713345879;132949
2713366288;132950
2713386698;132951
2713407110;132952
2713427515;132953
2713447924;132954
2713468333;132955
2713488743;132956
2713509151;132957
2713529560;132958
2713549970;132959
2713570378;132960
2713590788;132961
2713611196;132962
2713631605;132963
2713652015;132964
2713672423;132965
2713692833;132966
2713713241;132967
2713733654;132968
2713754060;132969
2713774468;132970
2713794878;132971
2713815286;132972
2713835695;132973
2713856105;132974
2713876513;132975
2713896923;132976
2713917331;132977
2713937741;132978
2713958150;132979
2713978558;132980
2713998968;132981
2714019376;132982
2714039786;132983
2714060195;132984
2714080603;132985
2714101013;132986
2714121421;132987
2714141831;132988
2714162240;132989
2714182648;132990
2714203058;132991
2714223466;132992
2714243876;132993
2714264285;132994
2714284694;132995
2714305103;132996
2714325511;132997
2714345921;132998
2714366330;132999
2714386739;133000
2714407148;133001
2714427556;133002
2714447970;133003
2714468375;133004
2714488784;133005
2714509193;133006
2714529601;133007
2714550011;133008
2714570420;133009
2714590829;133010
2714611238;133011
2714631646;133012
2714652056;133013
2714672465;133014
2714692874;133015
2714713283;133016
2714733692;133017
2714754101;133018
2714774510;133019
2714794919;133020
2714815328;133021
2714835737;133022
2714856146;133023
2714876555;133024
2714896968;133025
2714917373;133026
2714937782;133027
2714958191;133028
2714978600;133029
2714999009;133030
2715019418;133031
2715039827;133032
2715060236;133033
2715080646;133034
2715101054;133035
2715121467;133036
2715141872;133037
2715162281;133038
2715182691;133039
2715203099;133040
2715223508;133041
2715243917;133042
2715264326;133043
2715284736;133044
2715305148;133045
2715325553;133046
2715345962;133047
2715366375;133048
2715386781;133049
2715407189;133050
2715427598;133051
2715448007;133052
2715468416;133053
2715488826;133054
2715509234;133055
2715529643;133056
2715550053;133057
2715570461;133058
2715590871;133059
2715611279;133060
2715631689;133061
2715652098;133062
2715672506;133063
2715692916;133064
2715713324;133065
2715733734;133066
2715754143;133067
2715774551;133068
2715794965;133069
2715815369;133070
2715835783;133071
2715856188;133072
2715876600;133073
2715897006;133074
2715917414;133075
2715937824;133076
2715958233;133077
2715978641;133078
2715999051;133079
2716019459;133080
2716039869;133081
2716060278;133082
2716080687;133083
2716101096;133084
2716121504;133085
2716141914;133086
2716162327;133087
2716182732;133088
2716203141;133089
2716223549;133090
2716243959;133091
2716264368;133092
2716284777;133093
2716305186;133094
2716325594;133095
2716346004;133096
2716366413;133097
2716386822;133098
2716407231;133099
2716427639;133100
2716448049;133101
2716468458;133102
2716488867;133103
2716509276;133104
2716529688;133105
2716550094;133106
2716570503;133107
2716590912;133108
2716611321;133109
2716631729;133110
2716652139;133111
2716672548;133112
2716692957;133113
2716713366;133114
2716733775;133115
2716754184;133116
2716774593;133117
2716795002;133118
2716815411;133119
2716835820;133120
2716856233;133121
2716876638;133122
2716897047;133123
2716917456;133124
2716937865;133125
2716958274;133126
2716978684;133127
2716999092;133128
2717019501;133129
2717039910;133130
2717060323;133131
2717080729;133132
2717101137;133133
2717121546;133134
2717141955;133135
2717162364;133136
2717182773;133137
2717203186;133138
2717223591;133139
2717244000;133140
2717264409;133141
2717284819;133142
2717305227;133143
2717325645;133144
2717346055;133145
2717366463;133146
2717386873;133147
2717407285;133148
2717427690;133149
2717448100;133150
2717468512;133151
2717488918;133152
2717509326;133153
2717529735;133154
2717550145;133155
2717570553;133156
2717590963;133157
2717611372;133158
2717631780;133159
2717652190;133160
2717672598;133161
2717693008;133162
2717713421;133163
2717733826;133164
2717754239;133165
2717774644;133166
2717795053;133167
2717815462;133168
2717835871;133169
2717856280;133170
2717876689;133171
2717897098;133172
2717917507;133173
2717937917;133174
2717958325;133175
2717978734;133176
2717999143;133177
2718019552;133178
2718039962;133179
2718060370;133180
2718080783;133181
2718101188;133182
2718121601;133183
2718142007;133184
2718162415;133185
2718182825;133186
2718203234;133187
2718223642;133188
2718244052;133189
2718264460;133190
2718284870;133191
2718305279;133192
2718325687;133193
2718346097;133194
2718366510;133195
2718386915;133196
2718407328;133197
2718427732;133198
2718448142;133199
2718468551;133200
2718488960;133201
2718509373;133202
2718529778;133203
2718550187;133204
2718570596;133205
2718591005;133206
2718611414;133207
2718631824;133208
2718652232;133209
2718672641;133210
2718693050;133211
2718713459;133212
2718733869;133213
2718754277;133214
2718774690;133215
2718795096;133216
2718815504;133217
2718835914;133218
2718856322;133219
2718876731;133220
2718897141;133221
2718917549;133222
2718937959;133223
2718958368;133224
2718978776;133225
2718999186;133226
2719019594;133227
2719040004;133228
2719060413;133229
2719080822;133230
2719101231;133231
