2678504720;131242
2678525134;131243
2678545539;131244
2678565948;131245
2678586357;131246
2678606765;131247
2678627179;131248
2678647584;131249
2678667992;131250
2678688402;131251
2678708810;131252
2678729220;131253
2678749629;131254
2678770037;131255
2678790451;131256
2678810859;131257
2678831265;131258
2678851674;131259
2678872082;131260
2678892496;131261
2678912900;131262
2678933313;131263
2678953718;131264
2678974131;131265
2678994537;131266
2679014945;131267
2679035354;131268
2679055763;131269
2679076172;131270
2679096586;131271
2679116990;131272
2679137399;131273
2679157808;131274
2679178217;131275
2679198626;131276
2679219035;131277
2679239448;131278
2679259853;131279
2679280262;131280
2679300671;131281
2679321080;131282
2679341489;131283
2679361898;131284
2679382311;131285
2679402716;131286
2679423125;131287
2679443538;131288
2679463943;131289
2679484352;131290
2679504761;131291
2679525170;131292
2679545579;131293
2679565987;131294
2679586397;131295
2679606806;131296
2679627215;131297
2679647628;131298
2679668036;131299
2679688442;131300
2679708851;131301
2679729260;131302
2679749669;131303
2679770077;131304
2679790487;131305
2679810896;131306
2679831304;131307
2679851714;131308
2679872122;131309
2679892532;131310
2679912940;131311
2679933349;131312
2679953759;131313
2679974167;131314
2679994577;131315
2680014985;131316
2680035398;131317
2680055804;131318
2680076212;131319
2680096625;131320
2680117030;131321
2680137439;131322
2680157853;131323
2680178257;131324
2680198666;131325
2680219075;131326
2680239484;131327
2680259894;131328
2680280306;131329
2680300711;131330
2680321124;131331
2680341529;131332
2680361939;131333
2680382347;131334
2680402756;131335
2680423165;131336
2680443574;131337
2680463983;131338
2680484392;131339
2680504801;131340
2680525213;131341
2680545619;131342
2680566028;131343
2680586437;131344
2680606846;131345
2680627255;131346
2680647664;131347
2680668073;131348
2680688482;131349
2680708891;131350
2680729299;131351
2680749713;131352
2680770118;131353
2680790527;131354
2680810940;131355
2680831344;131356
2680851754;131357
2680872163;131358
2680892571;131359
2680912985;131360
2680933389;131361
2680953799;131362
2680974207;131363
2680994616;131364
2681015026;131365
2681035434;131366
2681055844;131367
2681076252;131368
2681096661;131369
2681117071;131370
2681137479;131371
2681157889;131372
2681178297;131373
2681198706;131374
2681219116;131375
2681239524;131376
2681259933;131377
2681280346;131378
2681300751;131379
2681321161;131380
2681341573;131381
2681361978;131382
2681382387;131383
2681402796;131384
2681423209;131385
2681443614;131386
2681464023;131387
2681484436;131388
2681504845;131389
2681525250;131390
2681545663;131391
2681566068;131392
2681586477;131393
2681606886;131394
2681627295;131395
2681647704;131396
2681668113;131397
2681688522;131398
2681708931;131399
2681729340;131400
2681749749;131401
2681770158;131402
2681790566;131403
2681810976;131404
2681831385;131405
2681851794;131406
2681872203;131407
2681892611;131408
2681913021;131409
2681933429;131410
2681953839;131411
2681974248;131412
2681994656;131413
2682015066;131414
2682035474;131415
2682055887;131416
2682076293;131417
2682096705;131418
2682117111;131419
2682137519;131420
2682157932;131421
2682178338;131422
2682198746;131423
2682219156;131424
2682239564;131425
2682259973;131426
2682280383;131427
2682300791;131428
2682321200;131429
2682341609;131430
2682362018;131431
2682382428;131432
2682402836;131433
2682423245;131434
2682443654;131435
2682464063;131436
2682484473;131437
2682504881;131438
2682525294;131439
2682545699;131440
2682566108;131441
2682586517;131442
2682606926;131443
2682627335;131444
2682647744;131445
2682668153;131446
2682688562;131447
2682708971;131448
2682729380;131449
2682749789;131450
2682770202;131451
2682790611;131452
2682811016;131453
2682831425;131454
2682851833;131455
2682872243;131456
2682892651;131457
2682913061;131458
2682933470;131459
2682953878;131460
2682974288;131461
2682994696;131462
2683015106;131463
2683035515;131464
2683055923;131465
2683076333;131466
2683096741;131467
2683117150;131468
2683137560;131469
2683157972;131470
2683178378;131471
2683198786;131472
2683219195;131473
2683239605;131474
2683260013;131475
2683280423;131476
2683300835;131477
2683321240;131478
2683341650;131479
2683362062;131480
2683382467;131481
2683402880;131482
2683423285;131483
2683443695;131484
2683464107;131485
2683484512;131486
2683504921;131487
2683525330;131488
2683545744;131489
2683566148;131490
2683586557;131491
2683606966;131492
2683627375;131493
2683647784;131494
2683668193;131495
2683688602;131496
2683709011;131497
2683729424;131498
2683749829;131499
2683770238;131500
2683790647;131501
2683811056;131502
2683831469;131503
2683851878;131504
2683872283;131505
2683892692;131506
2683913104;131507
2683933510;131508
2683953922;131509
2683974328;131510
2683994741;131511
2684015145;131512
2684035559;131513
2684055967;131514
2684076373;131515
2684096782;131516
2684117194;131517
2684137600;131518
2684158008;131519
2684178418;131520
2684198827;131521
2684219235;131522
2684239645;131523
2684260053;131524
2684280466;131525
2684300872;131526
2684321280;131527
2684341694;131528
2684362098;131529
2684382511;131530
2684402917;131531
2684423325;131532
2684443739;131533
2684464147;131534
2684484552;131535
2684504962;131536
2684525374;131537
2684545783;131538
2684566192;131539
2684586601;131540
2684607007;131541
2684627415;131542
2684647824;131543
2684668233;131544
2684688642;131545
2684709052;131546
2684729460;131547
2684749869;131548
2684770278;131549
2684790687;131550
2684811100;131551
2684831509;131552
2684851918;131553
2684872327;131554
2684892736;131555
2684913140;131556
2684933550;131557
2684953959;131558
2684974368;131559
2684994777;131560
2685015185;131561
2685035595;131562
2685056004;131563
2685076412;131564
2685096822;131565
2685117230;131566
2685137640;131567
2685158049;131568
2685178457;131569
2685198867;131570
2685219275;131571
2685239685;131572
2685260094;131573
2685280502;131574
2685300912;131575
2685321320;131576
2685341733;131577
2685362143;131578
2685382547;131579
2685402957;131580
2685423365;131581
2685443774;131582
2685464184;131583
2685484592;131584
2685505002;131585
2685525410;131586
2685545819;131587
2685566229;131588
2685586637;131589
2685607047;131590
2685627455;131591
2685647864;131592
2685668274;131593
2685688682;131594
2685709091;131595
2685729500;131596
2685749909;131597
2685770319;131598
2685790727;131599
2685811136;131600
2685831545;131601
2685851954;131602
2685872363;131603
2685892772;131604
2685913181;131605
2685933590;131606
2685953999;131607
2685974407;131608
2685994817;131609
2686015226;131610
2686035635;131611
2686056044;131612
2686076452;131613
2686096862;131614
2686117275;131615
2686137680;131616
2686158093;131617
2686178497;131618
2686198907;131619
2686219316;131620
2686239724;131621
2686260138;131622
2686280542;131623
2686300952;131624
2686321361;131625
2686341769;131626
2686362179;131627
2686382587;131628
2686402997;131629
2686423406;131630
2686443814;131631
2686464224;131632
2686484632;131633
2686505045;131634
2686525455;131635
2686545859;131636
2686566269;131637
2686586677;131638
2686607086;131639
2686627496;131640
2686647904;131641
2686668314;131642
2686688722;131643
2686709131;131644
2686729541;131645
2686749949;131646
2686770359;131647
2686790771;131648
2686811176;131649
2686831586;131650
2686851994;131651
2686872403;131652
2686892812;131653
2686913225;131654
2686933633;131655
2686954039;131656
2686974448;131657
2686994861;131658
2687015266;131659
2687035675;131660
2687056084;131661
2687076493;131662
2687096902;131663
2687117315;131664
2687137719;131665
2687158129;131666
2687178538;131667
2687198947;131668
2687219356;131669
2687239764;131670
2687260174;131671
2687280583;131672
2687300992;131673
2687321370;131674
2687341782;131675
2687362188;131676
2687382600;131677
2687403005;131678
2687423414;131679
2687443823;131680
2687464233;131681
2687484641;131682
2687505050;131683
2687525459;131684
2687545872;131685
2687566277;131686
2687586686;131687
2687607094;131688
2687627504;131689
2687647912;131690
2687668325;131691
2687688730;131692
2687709139;131693
2687729548;131694
2687749961;131695
2687770369;131696
2687790775;131697
2687811188;131698
2687831593;131699
2687852002;131700
2687872410;131701
2687892820;131702
2687913228;131703
2687933641;131704
2687954046;131705
2687974455;131706
2687994864;131707
2688015273;131708
2688035682;131709
2688056091;131710
2688076499;131711
2688096909;131712
2688117318;131713
2688137730;131714
2688158136;131715
2688178544;131716
2688198954;131717
2688219362;131718
2688239771;131719
2688260180;131720
2688280589;131721
2688300997;131722
2688321407;131723
2688341815;131724
2688362225;131725
2688382633;131726
2688403042;131727
2688423452;131728
2688443860;131729
2688464270;131730
2688484678;131731
2688505087;131732
2688525496;131733
2688545909;131734
2688566314;131735
2688586723;131736
2688607131;131737
2688627541;131738
2688647953;131739
2688668358;131740
2688688767;131741
2688709176;131742
2688729586;131743
2688749994;131744
2688770403;131745
2688790816;131746
2688811221;131747
2688831629;131748
2688852039;131749
2688872447;131750
2688892857;131751
2688913265;131752
2688933678;131753
2688954083;131754
2688974496;131755
2688994901;131756
2689015310;131757
2689035723;131758
2689056132;131759
2689076537;131760
2689096946;131761
2689117359;131762
2689137763;131763
2689158177;131764
2689178585;131765
2689198990;131766
2689219399;131767
2689239808;131768
2689260217;131769
2689280626;131770
2689301034;131771
2689321448;131772
2689341853;131773
2689362262;131774
2689382671;131775
2689403083;131776
2689423489;131777
2689443897;131778
2689464306;131779
2689484715;131780
2689505124;131781
2689525533;131782
2689545942;131783
2689566350;131784
2689586760;131785
2689607168;131786
2689627577;131787
2689647986;131788
2689668395;131789
2689688805;131790
2689709213;131791
2689729622;131792
2689750031;131793
2689770440;131794
2689790849;131795
2689811258;131796
2689831666;131797
2689852076;131798
2689872484;131799
2689892894;131800
2689913302;131801
2689933711;131802
2689954120;131803
2689974529;131804
2689994938;131805
2690015347;131806
2690035756;131807
2690056165;131808
2690076574;131809
2690096982;131810
2690117392;131811
2690137804;131812
2690158213;131813
2690178622;131814
2690199027;131815
2690219436;131816
2690239845;131817
2690260253;131818
2690280663;131819
2690301072;131820
2690321481;131821
2690341890;131822
2690362298;131823
2690382708;131824
2690403116;131825
2690423526;131826
2690443934;131827
2690464343;131828
2690484752;131829
2690505161;131830
2690525569;131831
2690545983;131832
2690566387;131833
2690586801;131834
2690607206;131835
2690627614;131836
2690648024;131837
2690668432;131838
2690688842;131839
2690709250;131840
2690729659;131841
2690750068;131842
2690770481;131843
2690790885;131844
2690811295;131845
2690831703;131846
2690852113;131847
2690872521;131848
2690892930;131849
2690913344;131850
2690933748;131851
2690954158;131852
2690974566;131853
2690994979;131854
2691015384;131855
2691035793;131856
2691056202;131857
2691076615;131858
2691097023;131859
2691117429;131860
2691137837;131861
2691158246;131862
2691178655;131863
2691199064;131864
2691219474;131865
2691239882;131866
2691260291;131867
2691280700;131868
2691301109;131869
2691321518;131870
2691341927;131871
2691362335;131872
2691382745;131873
2691403157;131874
2691423566;131875
2691443971;131876
2691464384;131877
2691484789;131878
2691505198;131879
2691525606;131880
2691546016;131881
2691566425;131882
2691586837;131883
2691607243;131884
2691627655;131885
2691648061;131886
2691668469;131887
2691688878;131888
2691709287;131889
2691729696;131890
2691750105;131891
2691770518;131892
2691790922;131893
2691811332;131894
2691831744;131895
2691852150;131896
2691872563;131897
2691892971;131898
2691913381;131899
2691933785;131900
2691954194;131901
2691974603;131902
2691995012;131903
2692015421;131904
2692035830;131905
2692056238;131906
2692076648;131907
2692097056;131908
2692117466;131909
2692137874;131910
2692158283;131911
2692178693;131912
2692199105;131913
2692219510;131914
2692239919;131915
2692260332;131916
2692280737;131917
2692301150;131918
2692321558;131919
2692341964;131920
2692362372;131921
2692382785;131922
2692403190;131923
2692423599;131924
2692444008;131925
2692464417;131926
2692484826;131927
2692505235;131928
2692525648;131929
2692546053;131930
2692566462;131931
2692586870;131932
2692607280;131933
2692627688;131934
2692648101;131935
2692668506;131936
2692688915;131937
2692709328;131938
2692729733;131939
2692750142;131940
2692770551;131941
2692790960;131942
2692811369;131943
2692831778;131944
2692852190;131945
2692872596;131946
2692893004;131947
2692913414;131948
2692933822;131949
2692954235;131950
2692974640;131951
2692995049;131952
2693015458;131953
2693035867;131954
2693056275;131955
2693076685;131956
2693097094;131957
2693117502;131958
2693137912;131959
2693158320;131960
2693178730;131961
2693199138;131962
2693219547;131963
2693239956;131964
2693260365;131965
2693280773;131966
2693301183;131967
2693321591;131968
2693342001;131969
2693362413;131970
2693382818;131971
2693403227;131972
2693423636;131973
2693444046;131974
2693464454;131975
2693484863;131976
2693505272;131977
2693525681;131978
2693546090;131979
2693566499;131980
2693586907;131981
2693607317;131982
2693627725;131983
2693648134;131984
2693668543;131985
2693688952;131986
2693709365;131987
2693729770;131988
2693750179;131989
2693770588;131990
2693790997;131991
2693811409;131992
2693831815;131993
2693852223;131994
2693872633;131995
2693893041;131996
2693913451;131997
2693933859;131998
2693954268;131999
2693974677;132000
2693995086;132001
2694015494;132002
2694035904;132003
2694056313;132004
2694076722;132005
2694097131;132006
2694117539;132007
2694137949;132008
2694158357;132009
2694178770;132010
2694199175;132011
2694219584;132012
2694239993;132013
2694260402;132014
2694280810;132015
2694301224;132016
2694321628;132017
2694342038;132018
2694362447;132019
2694382859;132020
2694403265;132021
2694423673;132022
2694444086;132023
2694464491;132024
2694484900;132025
2694505309;132026
2694525718;132027
2694546126;132028
2694566536;132029
2694586944;132030
2694607354;132031
2694627762;132032
2694648171;132033
2694668581;132034
2694688993;132035
2694709398;132036
2694729807;132037
2694750216;132038
2694770625;132039
2694791034;132040
2694811442;132041
2694831852;132042
2694852260;132043
2694872673;132044
2694893078;132045
2694913487;132046
2694933896;132047
2694954309;132048
2694974715;132049
2694995123;132050
2695015532;132051
2695035941;132052
2695056350;132053
2695076759;132054
2695097168;132055
2695117576;132056
2695137990;132057
2695158394;132058
2695178803;132059
2695199212;132060
2695219621;132061
2695240030;132062
2695260439;132063
2695280848;132064
2695301257;132065
2695321666;132066
2695342074;132067
2695362484;132068
2695382892;132069
2695403302;132070
2695423710;132071
2695444119;132072
2695464532;132073
2695484937;132074
2695505349;132075
2695525755;132076
2695546167;132077
2695566577;132078
2695586985;132079
2695607390;132080
2695627800;132081
2695648208;132082
2695668618;132083
2695689030;132084
2695709435;132085
2695729848;132086
2695750253;132087
2695770662;132088
2695791075;132089
2695811479;132090
2695831889;132091
2695852297;132092
2695872707;132093
2695893115;132094
2695913524;132095
2695933934;132096
2695954342;132097
2695974751;132098
2695995160;132099
2696015569;132100
2696035978;132101
2696056391;132102
2696076799;132103
2696097205;132104
2696117613;132105
2696138022;132106
2696158431;132107
2696178840;132108
2696199249;132109
2696219658;132110
2696240067;132111
2696260476;132112
2696280885;132113
2696301294;132114
2696321703;132115
2696342111;132116
2696362521;132117
2696382929;132118
2696403342;132119
2696423747;132120
2696444160;132121
2696464565;132122
2696484974;132123
2696505382;132124
2696525792;132125
2696546201;132126
2696566610;132127
2696587019;132128
2696607427;132129
2696627837;132130
2696648245;132131
2696668654;132132
2696689067;132133
2696709472;132134
2696729881;132135
2696750290;132136
2696770698;132137
2696791108;132138
2696811516;132139
2696831926;132140
2696852335;132141
2696872743;132142
2696893153;132143
2696913561;132144
2696933971;132145
2696954379;132146
2696974792;132147
2696995197;132148
2697015610;132149
2697036014;132150
2697056424;132151
2697076832;132152
2697097242;132153
2697117650;132154
2697138063;132155
2697158469;132156
2697178877;132157
2697199287;132158
2697219695;132159
2697240108;132160
2697260513;132161
2697280922;132162
2697301334;132163
2697321706;132164
2697342114;132165
2697362524;132166
2697382936;132167
2697403345;132168
2697423750;132169
2697444159;132170
2697464568;132171
2697484976;132172
2697505385;132173
2697525794;132174
2697546203;132175
2697566615;132176
2697587021;132177
2697607429;132178
2697627839;132179
2697648247;132180
2697668656;132181
2697689065;132182
2697709474;132183
2697729883;132184
2697750291;132185
2697770700;132186
2697791109;132187
2697811518;132188
2697831926;132189
2697852336;132190
2697872744;132191
2697893154;132192
2697913562;132193
2697933971;132194
2697954380;132195
2697974789;132196
2697995198;132197
2698015606;132198
2698036015;132199
2698056424;132200
2698076837;132201
2698097242;132202
2698117651;132203
2698138059;132204
2698158469;132205
2698178877;132206
2698199290;132207
2698219695;132208
2698240104;132209
2698260513;132210
2698280922;132211
2698301330;132212
2698321739;132213
2698342148;132214
2698362557;132215
2698382966;132216
2698403374;132217
2698423784;132218
2698444192;132219
2698464601;132220
2698485010;132221
2698505419;132222
2698525828;132223
2698546237;132224
2698566645;132225
2698587054;132226
2698607463;132227
2698627872;132228
2698648281;132229
2698668689;132230
2698689103;132231
2698709507;132232
2698729916;132233
2698750325;132234
2698770738;132235
2698791143;132236
2698811552;132237
2698831964;132238
2698852369;132239
2698872778;132240
2698893186;132241
2698913596;132242
2698934004;132243
2698954414;132244
2698974822;132245
2698995231;132246
2699015640;132247
2699036053;132248
2699056458;132249
2699076867;132250
2699097275;132251
2699117688;132252
2699138093;132253
2699158502;132254
2699178911;132255
2699199323;132256
2699219729;132257
2699240137;132258
2699260546;132259
2699280955;132260
2699301364;132261
2699321773;132262
2699342182;132263
2699362590;132264
2699383000;132265
2699403408;132266
2699423817;132267
2699444226;132268
2699464634;132269
2699485044;132270
2699505452;132271
2699525861;132272
2699546270;132273
2699566679;132274
2699587088;132275
2699607497;132276
2699627905;132277
2699648315;132278
2699668723;132279
2699689132;132280
2699709541;132281
2699729949;132282
2699750359;132283
2699770767;132284
2699791176;132285
2699811585;132286
2699831998;132287
2699852403;132288
2699872812;132289
2699893220;132290
2699913630;132291
2699934038;132292
2699954451;132293
2699974856;132294
2699995264;132295
2700015674;132296
2700036082;132297
2700056495;132298
2700076900;132299
2700097313;132300
2700117718;132301
2700138127;132302
2700158535;132303
2700178945;132304
2700199357;132305
2700219762;132306
2700240171;132307
2700260583;132308
2700280989;132309
2700301401;132310
2700321810;132311
2700342215;132312
2700362624;132313
2700383037;132314
2700403446;132315
2700423850;132316
2700444260;132317
2700464668;132318
2700485078;132319
2700505490;132320
2700525894;132321
2700546304;132322
2700566712;132323
2700587121;132324
2700607530;132325
2700627939;132326
2700648348;132327
2700668761;132328
2700689169;132329
2700709579;132330
2700729983;132331
2700750393;132332
2700770801;132333
2700791209;132334
2700811619;132335
2700832027;132336
2700852436;132337
2700872845;132338
2700893254;132339
2700913663;132340
2700934072;132341
2700954480;132342
2700974890;132343
2700995298;132344
2701015708;132345
2701036116;132346
2701056525;132347
2701076934;132348
2701097342;132349
2701117755;132350
2701138160;132351
2701158569;132352
2701178982;132353
2701199387;132354
2701219795;132355
2701240205;132356
2701260613;132357
2701281023;132358
2701301435;132359
2701321840;132360
2701342249;132361
2701362657;132362
2701383067;132363
2701403475;132364
2701423884;132365
2701444293;132366
2701464706;132367
2701485110;132368
2701505524;132369
2701525928;132370
2701546338;132371
2701566746;132372
2701587155;132373
2701607564;132374
2701627972;132375
2701648381;132376
2701668794;132377
2701689199;132378
2701709608;132379
2701730017;132380
2701750426;132381
2701770835;132382
2701791243;132383
2701811653;132384
2701832065;132385
2701852470;132386
2701872879;132387
2701893287;132388
2701913697;132389
2701934105;132390
2701954518;132391
2701974923;132392
2701995332;132393
2702015740;132394
2702036150;132395
2702056558;132396
2702076972;132397
2702097376;132398
2702117785;132399
2702138194;132400
2702158603;132401
2702179012;132402
2702199420;132403
2702219833;132404
2702240238;132405
2702260647;132406
2702281055;132407
2702301465;132408
2702321873;132409
2702342283;132410
2702362691;132411
2702383100;132412
2702403509;132413
2702423918;132414
2702444327;132415
2702464735;132416
2702485148;132417
2702505553;132418
2702525962;132419
2702546374;132420
2702566780;132421
2702587188;132422
2702607598;132423
2702628006;132424
2702648415;132425
2702668824;132426
2702689233;132427
2702709645;132428
2702730050;132429
2702750459;132430
2702770868;132431
2702791277;132432
2702811686;132433
2702832095;132434
2702852503;132435
2702872913;132436
2702893321;132437
2702913730;132438
2702934139;132439
2702954548;132440
2702974957;132441
2702995366;132442
2703015778;132443
2703036183;132444
2703056592;132445
2703077000;132446
2703097410;132447
2703117818;132448
2703138228;132449
2703158636;132450
2703179049;132451
2703199458;132452
2703219863;132453
2703240272;132454
2703260681;132455
2703281089;132456
2703301498;132457
2703321907;132458
2703342316;132459
2703362725;132460
2703383133;132461
2703403547;132462
2703423955;132463
2703444360;132464
2703464769;132465
2703485178;132466
2703505587;132467
2703525996;132468
2703546408;132469
2703566813;132470
2703587226;132471
2703607631;132472
2703628040;132473
2703648448;132474
2703668858;132475
2703689266;132476
2703709676;132477
2703730084;132478
2703750497;132479
2703770902;132480
2703791311;132481
2703811719;132482
2703832129;132483
2703852537;132484
2703872946;132485
2703893355;132486
2703913763;132487
2703934173;132488
2703954585;132489
2703974991;132490
2703995399;132491
2704015808;132492
2704036217;132493
2704056626;132494
2704077034;132495
2704097444;132496
2704117852;132497
2704138261;132498
2704158674;132499
2704179082;132500
2704199488;132501
2704219896;132502
2704240309;132503
2704260714;132504
2704281123;132505
2704301532;132506
2704321941;132507
2704342349;132508
2704362759;132509
2704383167;132510
2704403576;132511
2704423985;132512
2704444393;132513
2704464807;132514
2704485211;132515
2704505624;132516
2704526029;132517
2704546438;132518
2704566847;132519
2704587256;132520
2704607665;132521
2704628074;132522
2704648486;132523
2704668892;132524
2704689300;132525
2704709712;132526
2704730118;132527
2704750526;132528
2704770936;132529
2704791348;132530
2704811753;132531
2704832166;132532
2704852571;132533
2704872979;132534
2704893389;132535
2704913797;132536
2704934207;132537
2704954615;132538
2704975023;132539
2704995433;132540
2705015841;132541
2705036251;132542
2705056659;132543
2705077068;132544
2705097477;132545
2705117886;132546
2705138295;132547
2705158704;132548
2705179116;132549
2705199526;132550
2705219930;132551
2705240338;132552
2705260752;132553
2705281160;132554
2705301566;132555
2705321974;132556
2705342383;132557
2705362792;132558
2705383201;132559
2705403609;132560
2705424019;132561
2705444427;132562
2705464837;132563
2705485245;132564
2705505653;132565
2705526067;132566
2705546475;132567
2705566885;132568
2705587289;132569
2705607698;132570
2705628107;132571
2705648520;132572
2705668925;132573
2705689334;132574
2705709746;132575
2705730152;132576
2705750560;132577
2705770970;132578
2705791378;132579
2705811786;132580
2705832196;132581
2705852608;132582
2705873013;132583
2705893422;132584
2705913831;132585
2705934240;132586
2705954649;132587
2705975057;132588
2705995467;132589
2706015879;132590
2706036284;132591
2706056697;132592
2706077101;132593
2706097511;132594
2706117919;132595
2706138328;132596
2706158741;132597
2706179146;132598
2706199555;132599
2706219964;132600
2706240372;132601
2706260782;132602
2706281190;132603
2706301600;132604
2706322008;132605
2706342420;132606
2706362830;132607
2706383234;132608
2706403643;132609
2706424052;132610
2706444461;132611
2706464870;132612
2706485279;132613
2706505687;132614
2706526097;132615
2706546509;132616
2706566914;132617
2706587323;132618
2706607732;132619
2706628141;132620
2706648549;132621
2706668959;132622
2706689371;132623
2706709776;132624
2706730185;132625
2706750594;132626
2706771002;132627
2706791412;132628
2706811820;132629
2706832230;132630
2706852638;132631
2706873047;132632
2706893460;132633
2706913864;132634
2706934274;132635
2706954682;132636
2706975091;132637
2706995500;132638
2707015909;132639
2707036317;132640
2707056727;132641
2707077135;132642
2707097545;132643
2707117953;132644
2707138362;132645
2707158771;132646
2707179179;132647
2707199588;132648
2707219997;132649
2707240406;132650
2707260819;132651
2707281224;132652
2707301636;132653
2707322114;132654
2707342518;132655
2707362928;132656
2707383337;132657
2707403745;132658
2707424155;132659
2707444563;132660
2707464973;132661
2707485382;132662
2707505790;132663
2707526200;132664
2707546608;132665
2707567018;132666
2707587427;132667
2707607835;132668
2707628245;132669
2707648657;132670
2707669062;132671
2707689472;132672
2707709880;132673
2707730289;132674
2707750698;132675
2707771107;132676
2707791517;132677
2707811925;132678
2707832338;132679
2707852747;132680
2707873152;132681
2707893562;132682
2707913970;132683
2707934379;132684
2707954788;132685
2707975197;132686
2707995607;132687
2708016015;132688
2708036424;132689
2708056833;132690
2708077242;132691
2708097651;132692
2708118060;132693
2708138469;132694
2708158878;132695
2708179291;132696
2708199700;132697
2708220105;132698
2708240514;132699
2708260923;132700
2708281332;132701
2708301741;132702
2708322150;132703
2708342559;132704
2708362968;132705
2708383377;132706
2708403786;132707
2708424199;132708
2708444604;132709
2708465013;132710
2708485426;132711
2708505835;132712
2708526240;132713
2708546649;132714
2708567058;132715
2708587471;132716
2708607876;132717
2708628284;132718
2708648698;132719
2708669103;132720
2708689516;132721
2708709921;132722
2708730330;132723
2708750743;132724
2708771152;132725
2708791557;132726
2708811966;132727
2708832374;132728
2708852784;132729
2708873193;132730
2708893602;132731
2708914011;132732
2708934419;132733
2708954829;132734
2708975238;132735
2708995646;132736
2709016060;132737
2709036464;132738
2709056874;132739
2709077283;132740
2709097691;132741
2709118101;132742
2709138509;132743
2709158919;132744
2709179332;132745
2709199740;132746
2709220146;132747
2709240554;132748
2709260964;132749
2709281373;132750
2709301781;132751
2709322191;132752
2709342599;132753
2709363008;132754
2709383422;132755
2709403826;132756
2709424236;132757
2709444644;132758
2709465053;132759
2709485463;132760
2709505871;132761
2709526281;132762
2709546689;132763
2709567098;132764
2709587508;132765
2709607916;132766
2709628325;132767
2709648734;132768
2709669143;132769
2709689553;132770
2709709961;132771
2709730370;132772
2709750779;132773
2709771192;132774
2709791597;132775
2709812006;132776
2709832419;132777
2709852824;132778
2709873233;132779
2709893646;132780
2709914055;132781
2709934464;132782
2709954868;132783
2709975278;132784
2709995691;132785
2710016096;132786
2710036505;132787
2710056914;132788
2710077323;132789
2710097736;132790
2710118141;132791
2710138550;132792
2710158958;132793
2710179368;132794
2710199777;132795
2710220186;132796
2710240595;132797
2710261003;132798
2710281413;132799
2710301822;132800
2710322231;132801
2710342640;132802
2710363048;132803
2710383458;132804
2710403867;132805
2710424275;132806
2710444685;132807
2710465094;132808
2710485503;132809
2710505916;132810
2710526320;132811
2710546730;132812
2710567139;132813
2710587547;132814
2710607957;132815
2710628365;132816
2710648779;132817
2710669188;132818
2710689592;132819
2710710002;132820
2710730410;132821
2710750820;132822
2710771229;132823
2710791637;132824
2710812047;132825
2710832455;132826
2710852865;132827
2710873274;132828
2710893682;132829
2710914092;132830
2710934500;132831
2710954909;132832
2710975319;132833
2710995727;132834
2711016141;132835
2711036545;132836
2711056954;132837
2711077364;132838
2711097772;132839
2711118182;132840
2711138590;132841
2711158999;132842
2711179409;132843
2711199817;132844
2711220226;132845
2711240635;132846
2711261048;132847
2711281454;132848
2711301862;132849
2711322271;132850
2711342680;132851
2711363089;132852
2711383499;132853
2711403907;132854
2711424316;132855
2711444725;132856
2711465134;132857
2711485544;132858
2711505952;132859
2711526361;132860
2711546770;132861
2711567179;132862
2711587588;132863
2711607997;132864
2711628406;132865
2711648815;132866
2711669224;132867
2711689633;132868
2711710046;132869
2711730451;132870
2711750863;132871
2711771269;132872
2711791678;132873
2711812087;132874
2711832496;132875
2711852904;132876
2711873314;132877
2711893723;132878
2711914132;132879
2711934541;132880
2711954953;132881
2711975359;132882
2711995768;132883
2712016177;132884
2712036586;132885
2712056994;132886
2712077404;132887
2712097813;132888
2712118221;132889
2712138631;132890
2712159039;132891
2712179449;132892
2712199858;132893
2712220266;132894
2712240676;132895
2712261088;132896
2712281494;132897
2712301903;132898
2712322311;132899
2712342721;132900
2712363129;132901
2712383542;132902
2712403948;132903
2712424360;132904
2712444766;132905
2712465175;132906
2712485583;132907
2712505993;132908
2712526401;132909
2712546811;132910
2712567220;132911
2712587628;132912
2712608038;132913
2712628446;132914
2712648855;132915
2712669265;132916
2712689673;132917
2712710083;132918
2712730491;132919
2712750900;132920
2712771310;132921
2712791718;132922
2712812128;132923
2712832536;132924
2712852945;132925
2712873355;132926
2712893763;132927
2712914173;132928
2712934581;132929
2712954990;132930
2712975400;132931
2712995808;132932
2713016217;132933
2713036630;132934
2713057039;132935
2713077445;132936
2713097853;132937
2713118262;132938
2713138671;132939
2713159080;132940
2713179490;132941
2713199898;132942
2713220307;132943
2713240716;132944
2713261129;132945
2713281535;132946
2713301943;132947
2713322352;132948
2713342761;132949
2713363170;132950
2713383579;132951
2713403992;132952
2713424397;132953
2713444806;132954
2713465215;132955
2713485624;132956
2713506033;132957
2713526442;132958
2713546854;132959
2713567260;132960
2713587669;132961
2713608078;132962
2713628487;132963
2713648895;132964
2713669305;132965
2713689714;132966
2713710123;132967
2713730532;132968
2713750940;132969
2713771350;132970
2713791759;132971
2713812168;132972
2713832577;132973
2713852985;132974
2713873395;132975
2713893804;132976
2713914213;132977
2713934622;132978
2713955030;132979
2713975444;132980
2713995853;132981
2714016257;132982
2714036667;132983
2714057075;132984
2714077485;132985
2714097894;132986
2714118302;132987
2714138712;132988
2714159120;132989
2714179529;132990
2714199939;132991
2714220347;132992
2714240757;132993
2714261165;132994
2714281574;132995
2714301984;132996
2714322392;132997
2714342802;132998
2714363210;132999
2714383619;133000
2714404029;133001
2714424437;133002
2714444847;133003
2714465256;133004
2714485664;133005
2714506078;133006
2714526486;133007
2714546895;133008
2714567301;133009
2714587713;133010
2714608119;133011
2714628527;133012
2714648936;133013
2714669346;133014
2714689754;133015
2714710164;133016
2714730572;133017
2714750981;133018
2714771391;133019
2714791803;133020
2714812208;133021
2714832617;133022
2714853026;133023
2714873436;133024
2714893844;133025
2714914257;133026
2714934666;133027
2714955071;133028
2714975480;133029
2714995893;133030
2715016298;133031
2715036707;133032
2715057116;133033
2715077525;133034
2715097934;133035
2715118343;133036
2715138752;133037
2715159161;133038
2715179574;133039
2715199983;133040
2715220388;133041
2715240797;133042
2715261206;133043
2715281615;133044
2715302024;133045
2715322433;133046
2715342841;133047
2715363251;133048
2715383660;133049
2715404073;133050
2715424478;133051
2715444890;133052
2715465296;133053
2715485705;133054
2715506114;133055
2715526523;133056
2715546931;133057
2715567345;133058
2715587750;133059
2715608159;133060
2715628568;133061
2715648976;133062
2715669386;133063
2715689795;133064
2715710203;133065
2715730613;133066
2715751021;133067
2715771434;133068
2715791844;133069
2715812248;133070
2715832662;133071
2715853066;133072
2715873475;133073
2715893885;133074
2715914297;133075
2715934703;133076
2715955111;133077
2715975520;133078
2715995930;133079
2716016338;133080
2716036752;133081
2716057156;133082
2716077565;133083
2716097975;133084
2716118383;133085
2716138793;133086
2716159205;133087
2716179610;133088
2716200024;133089
2716220432;133090
2716240837;133091
2716261246;133092
2716281655;133093
2716302065;133094
2716322477;133095
2716342886;133096
2716363291;133097
2716383700;133098
2716404109;133099
2716424522;133100
2716444927;133101
2716465337;133102
2716485745;133103
2716506158;133104
2716526563;133105
2716546972;133106
2716567382;133107
2716587790;133108
2716608199;133109
2716628608;133110
2716649017;133111
2716669427;133112
2716689835;133113
2716710244;133114
2716730653;133115
2716751062;133116
2716771472;133117
2716791884;133118
2716812289;133119
2716832698;133120
2716853107;133121
2716873516;133122
2716893925;133123
2716914334;133124
2716934742;133125
2716955152;133126
2716975561;133127
2716995974;133128
2717016379;133129
2717036788;133130
2717057197;133131
2717077606;133132
2717098015;133133
2717118424;133134
2717138832;133135
2717159242;133136
2717179655;133137
2717200063;133138
2717220469;133139
2717240877;133140
2717261287;133141
2717281696;133142
2717302104;133143
2717322523;133144
2717342931;133145
2717363341;133146
2717383750;133147
2717404158;133148
2717424568;133149
2717444977;133150
2717465386;133151
2717485795;133152
2717506203;133153
2717526613;133154
2717547022;133155
2717567431;133156
2717587840;133157
2717608248;133158
2717628658;133159
2717649067;133160
2717669475;133161
2717689885;133162
2717710294;133163
2717730703;133164
2717751116;133165
2717771520;133166
2717791930;133167
2717812339;133168
2717832748;133169
2717853161;133170
2717873570;133171
2717893975;133172
2717914384;133173
2717934792;133174
2717955202;133175
2717975611;133176
2717996020;133177
2718016429;133178
2718036842;133179
2718057251;133180
2718077656;133181
2718098065;133182
2718118478;133183
2718138883;133184
2718159292;133185
2718179701;133186
2718200113;133187
2718220519;133188
2718240932;133189
2718261337;133190
2718281746;133191
2718302159;133192
2718322564;133193
2718342973;133194
2718363382;133195
2718383791;133196
2718404204;133197
2718424609;133198
2718445018;133199
2718465427;133200
2718485836;133201
2718506245;133202
2718526654;133203
2718547063;133204
2718567472;133205
2718587881;133206
2718608290;133207
2718628700;133208
2718649108;133209
2718669517;133210
2718689926;133211
2718710335;133212
2718730745;133213
2718751153;133214
2718771562;133215
2718791971;133216
2718812380;133217
2718832793;133218
2718853202;133219
2718873607;133220
2718894017;133221
2718914425;133222
2718934834;133223
2718955243;133224
2718975652;133225
2718996062;133226
2719016470;133227
2719036879;133228
2719057289;133229
2719077701;133230
2719098106;133231
