2905002077;142340
2905022485;142341
2905042895;142342
2905063303;142343
2905083713;142344
2905104122;142345
2905124534;142346
2905144940;142347
2905165348;142348
2905185757;142349
2905206166;142350
2905226575;142351
2905246985;142352
2905267393;142353
2905287802;142354
2905308211;142355
2905328624;142356
2905349029;142357
2905369442;142358
2905389847;142359
2905410256;142360
2905430665;142361
2905451073;142362
2905471483;142363
2905491891;142364
2905512305;142365
2905532710;142366
2905553122;142367
2905573528;142368
2905593936;142369
2905614349;142370
2905634754;142371
2905655163;142372
2905675575;142373
2905695981;142374
2905716390;142375
2905736799;142376
2905757208;142377
2905777617;142378
2905798026;142379
2905818434;142380
2905838844;142381
2905859253;142382
2905879665;142383
2905900071;142384
2905920479;142385
2905940889;142386
2905961297;142387
2905981706;142388
2906002120;142389
2906022524;142390
2906042933;142391
2906063342;142392
2906083751;142393
2906104163;142394
2906124569;142395
2906144978;142396
2906165387;142397
2906185796;142398
2906206204;142399
2906226614;142400
2906247022;142401
2906267436;142402
2906287841;142403
2906308253;142404
2906328659;142405
2906349067;142406
2906369476;142407
2906389885;142408
2906410294;142409
2906430704;142410
2906451112;142411
2906471521;142412
2906491930;142413
2906512339;142414
2906532751;142415
2906553157;142416
2906573566;142417
2906593975;142418
2906614388;142419
2906634792;142420
2906655202;142421
2906675610;142422
2906696020;142423
2906716429;142424
2906736837;142425
2906757247;142426
2906777655;142427
2906798064;142428
2906818473;142429
2906838882;142430
2906859292;142431
2906879700;142432
2906900109;142433
2906920518;142434
2906940927;142435
2906961336;142436
2906981745;142437
2907002153;142438
2907022563;142439
2907042972;142440
2907063380;142441
2907083790;142442
2907104198;142443
2907124608;142444
2907145020;142445
2907165425;142446
2907185835;142447
2907206243;142448
2907226652;142449
2907247065;142450
2907267470;142451
2907287879;142452
2907308288;142453
2907328701;142454
2907349110;142455
2907369523;142456
2907389927;142457
2907410337;142458
2907430745;142459
2907451155;142460
2907471568;142461
2907491972;142462
2907512382;142463
2907532790;142464
2907553200;142465
2907573609;142466
2907594017;142467
2907614427;142468
2907634835;142469
2907655244;142470
2907675653;142471
2907696062;142472
2907716472;142473
2907736880;142474
2907757289;142475
2907777698;142476
2907798107;142477
2907818515;142478
2907838925;142479
2907859334;142480
2907879743;142481
2907900152;142482
2907920560;142483
2907940970;142484
2907961379;142485
2907981787;142486
2908002197;142487
2908022605;142488
2908043015;142489
2908063423;142490
2908083832;142491
2908104242;142492
2908124650;142493
2908145060;142494
2908165468;142495
2908185877;142496
2908206286;142497
2908226699;142498
2908247104;142499
2908267517;142500
2908287922;142501
2908308331;142502
2908328740;142503
2908349152;142504
2908369558;142505
2908389967;142506
2908410375;142507
2908430785;142508
2908451193;142509
2908471606;142510
2908492012;142511
2908512420;142512
2908532830;142513
2908553238;142514
2908573648;142515
2908594056;142516
2908614465;142517
2908634875;142518
2908655283;142519
2908675692;142520
2908696101;142521
2908716510;142522
2908736922;142523
2908757328;142524
2908777737;142525
2908798146;142526
2908818555;142527
2908838963;142528
2908859373;142529
2908879782;142530
2908900191;142531
2908920600;142532
2908941008;142533
2908961418;142534
2908981826;142535
2909002239;142536
2909022645;142537
2909043053;142538
2909063463;142539
2909083871;142540
2909104280;142541
2909124689;142542
2909145098;142543
2909165508;142544
2909185916;142545
2909206325;142546
2909226734;142547
2909247143;142548
2909267551;142549
2909287961;142550
2909308370;142551
2909328779;142552
2909349187;142553
2909369596;142554
2909390006;142555
2909410419;142556
2909430823;142557
2909451233;142558
2909471645;142559
2909492051;142560
2909512459;142561
2909532868;142562
2909553282;142563
2909573686;142564
2909594096;142565
2909614504;142566
2909634913;142567
2909655322;142568
2909675731;142569
2909696140;142570
2909716549;142571
2909736958;142572
2909757366;142573
2909777776;142574
2909798188;142575
2909818594;142576
2909839003;142577
2909859411;142578
2909879821;142579
2909900229;142580
2909920639;142581
2909941048;142582
2909961456;142583
2909981866;142584
2910002274;142585
2910022684;142586
2910043092;142587
2910063501;142588
2910083914;142589
2910104323;142590
2910124728;142591
2910145137;142592
2910165546;142593
2910185954;142594
2910206364;142595
2910226773;142596
2910247182;142597
2910267591;142598
2910287999;142599
2910308409;142600
2910328818;142601
2910349226;142602
2910369636;142603
2910390044;142604
2910410454;142605
2910430862;142606
2910451271;142607
2910471681;142608
2910492089;142609
2910512499;142610
2910532907;142611
2910553316;142612
2910573725;142613
2910594134;142614
2910614543;142615
2910634952;142616
2910655361;142617
2910675770;142618
2910696179;142619
2910716587;142620
2910736997;142621
2910757406;142622
2910777814;142623
2910798228;142624
2910818632;142625
2910839042;142626
2910859451;142627
2910879859;142628
2910900269;142629
2910920677;142630
2910941087;142631
2910961495;142632
2910981904;142633
2911002314;142634
2911022722;142635
2911043131;142636
2911063540;142637
2911083949;142638
2911104358;142639
2911124767;142640
2911145176;142641
2911165585;142642
2911185994;142643
2911206402;142644
2911226812;142645
2911247220;142646
2911267630;142647
2911288039;142648
2911308447;142649
2911328857;142650
2911349265;142651
2911369674;142652
2911390084;142653
2911410492;142654
2911430902;142655
2911451310;142656
2911471719;142657
2911492128;142658
2911512537;142659
2911532947;142660
2911553355;142661
2911573764;142662
2911594173;142663
2911614582;142664
2911634990;142665
2911655404;142666
2911675809;142667
2911696218;142668
2911716627;142669
2911737035;142670
2911757445;142671
2911777858;142672
2911798266;142673
2911818672;142674
2911839080;142675
2911859490;142676
2911879898;142677
2911900307;142678
2911920717;142679
2911941125;142680
2911961535;142681
2911981943;142682
2912002356;142683
2912022761;142684
2912043170;142685
2912063579;142686
2912083988;142687
2912104397;142688
2912124805;142689
2912145215;142690
2912165623;142691
2912186033;142692
2912206446;142693
2912226850;142694
2912247260;142695
2912267668;142696
2912288077;142697
2912308491;142698
2912328895;142699
2912349305;142700
2912369713;142701
2912390122;142702
2912410531;142703
2912430944;142704
2912451350;142705
2912471758;142706
2912492167;142707
2912512576;142708
2912532985;142709
2912553394;142710
2912573803;142711
2912594212;142712
2912614621;142713
2912635030;142714
2912655438;142715
2912675848;142716
2912696257;142717
2912716666;142718
2912737075;142719
2912757483;142720
2912777893;142721
2912798301;142722
2912818710;142723
2912839120;142724
2912859528;142725
2912879938;142726
2912900346;142727
2912920755;142728
2912941164;142729
2912961573;142730
2912981983;142731
2913002391;142732
2913022800;142733
2913043209;142734
2913063618;142735
2913084026;142736
2913104436;142737
2913124845;142738
2913145253;142739
2913165663;142740
2913186071;142741
2913206481;142742
2913226890;142743
2913247302;142744
2913267708;142745
2913288116;142746
2913308526;142747
2913328934;142748
2913349347;142749
2913369753;142750
2913390165;142751
2913410570;142752
2913430979;142753
2913451388;142754
2913471797;142755
2913492206;142756
2913512615;142757
2913533028;142758
2913553433;142759
2913573841;142760
2913594251;142761
2913614659;142762
2913635073;142763
2913655478;142764
2913675886;142765
2913696300;142766
2913716704;142767
2913737114;142768
2913757523;142769
2913777931;142770
2913798341;142771
2913818749;142772
2913839158;142773
2913859567;142774
2913879976;142775
2913900386;142776
2913920794;142777
2913941203;142778
2913961612;142779
2913982021;142780
2914002430;142781
2914022843;142782
2914043248;142783
2914063657;142784
2914084070;142785
2914104474;142786
2914124884;142787
2914145293;142788
2914165701;142789
2914186111;142790
2914206519;142791
2914226929;142792
2914247341;142793
2914267746;142794
2914288156;142795
2914308564;142796
2914328974;142797
2914349382;142798
2914369791;142799
2914390200;142800
2914410609;142801
2914431018;142802
2914451427;142803
2914471836;142804
2914492245;142805
2914512654;142806
2914533062;142807
2914553472;142808
2914573881;142809
2914594293;142810
2914614699;142811
2914635107;142812
2914655517;142813
2914675926;142814
2914696334;142815
2914716744;142816
2914737152;142817
2914757562;142818
2914777970;142819
2914798379;142820
2914818789;142821
2914839197;142822
2914859606;142823
2914880015;142824
2914900424;142825
2914920833;142826
2914941242;142827
2914961651;142828
2914982060;142829
2915002469;142830
2915022877;142831
2915043287;142832
2915063695;142833
2915084108;142834
2915104514;142835
2915124922;142836
2915145332;142837
2915165740;142838
2915186150;142839
2915206559;142840
2915226967;142841
2915247377;142842
2915267785;142843
2915288194;142844
2915308603;142845
2915329016;142846
2915349422;142847
2915369830;142848
2915390239;142849
2915410648;142850
2915431057;142851
2915451465;142852
2915471875;142853
2915492284;142854
2915512693;142855
2915533102;142856
2915553510;142857
2915573920;142858
2915594333;142859
2915614738;142860
2915635147;142861
2915655555;142862
2915675965;142863
2915696373;142864
2915716782;142865
2915737192;142866
2915757600;142867
2915778010;142868
2915798418;142869
2915818831;142870
2915839236;142871
2915859645;142872
2915880054;142873
2915900463;142874
2915920872;142875
2915941281;142876
2915961690;142877
2915982102;142878
2916002508;142879
2916022917;142880
2916043325;142881
2916063735;142882
2916084147;142883
2916104553;142884
2916124962;142885
2916145370;142886
2916165780;142887
2916186188;142888
2916206597;142889
2916227006;142890
2916247415;142891
2916267825;142892
2916288233;142893
2916308642;142894
2916329051;142895
2916349460;142896
2916369869;142897
2916390278;142898
2916410687;142899
2916431096;142900
2916451505;142901
2916471913;142902
2916492323;142903
2916512732;142904
2916533141;142905
2916553550;142906
2916573958;142907
2916594368;142908
2916614776;142909
2916635185;142910
2916655595;142911
2916676003;142912
2916696413;142913
2916716821;142914
2916737234;142915
2916757639;142916
2916778048;142917
2916798457;142918
2916818866;142919
2916839279;142920
2916859684;142921
2916880093;142922
2916900501;142923
2916920911;142924
2916941320;142925
2916961729;142926
2916982138;142927
2917002546;142928
2917022956;142929
2917043365;142930
2917063773;142931
2917084187;142932
2917104591;142933
2917125000;142934
2917145409;142935
2917165818;142936
2917186228;142937
2917206636;142938
2917227045;142939
2917247454;142940
2917267867;142941
2917288272;142942
2917308681;142943
2917329104;142944
2917349513;142945
2917369922;142946
2917390330;142947
2917410740;142948
2917431149;142949
2917451558;142950
2917471967;142951
2917492375;142952
2917512785;142953
2917533194;142954
2917553603;142955
2917574012;142956
2917594420;142957
2917614830;142958
2917635239;142959
2917655647;142960
2917676057;142961
2917696466;142962
2917716875;142963
2917737284;142964
2917757692;142965
2917778102;142966
2917798511;142967
2917818919;142968
2917839329;142969
2917859737;142970
2917880147;142971
2917900556;142972
2917920964;142973
2917941374;142974
2917961782;142975
2917982192;142976
2918002601;142977
2918023009;142978
2918043419;142979
2918063827;142980
2918084236;142981
2918104646;142982
2918125054;142983
2918145464;142984
2918165872;142985
2918186285;142986
2918206691;142987
2918227099;142988
2918247508;142989
2918267917;142990
2918288326;142991
2918308736;142992
2918329144;142993
2918349553;142994
2918369963;142995
2918390371;142996
2918410780;142997
2918431189;142998
2918451598;142999
2918472008;143000
2918492416;143001
2918512825;143002
2918533234;143003
2918553643;143004
2918574052;143005
2918594465;143006
2918614870;143007
2918635279;143008
2918655692;143009
2918676097;143010
2918696506;143011
2918716915;143012
2918737323;143013
2918757733;143014
2918778142;143015
2918798551;143016
2918818960;143017
2918839368;143018
2918859778;143019
2918880187;143020
2918900596;143021
2918921005;143022
2918941413;143023
2918961823;143024
2918982236;143025
2919002640;143026
2919023050;143027
2919043463;143028
2919063867;143029
2919084277;143030
2919104685;143031
2919125095;143032
2919145504;143033
2919165912;143034
2919186322;143035
2919206730;143036
2919227140;143037
2919247549;143038
2919267957;143039
2919288367;143040
2919308775;143041
2919329184;143042
2919349594;143043
2919370002;143044
2919390412;143045
2919410820;143046
2919431229;143047
2919451639;143048
2919472047;143049
2919492460;143050
2919512865;143051
2919533274;143052
2919553684;143053
2919574092;143054
2919594501;143055
2919614910;143056
2919635319;143057
2919655729;143058
2919676137;143059
2919696546;143060
2919716956;143061
2919737364;143062
2919757773;143063
2919778186;143064
2919798591;143065
2919819001;143066
2919839409;143067
2919859818;143068
2919880227;143069
2919900636;143070
2919921045;143071
2919941454;143072
2919961863;143073
2919982272;143074
2920002681;143075
2920023090;143076
2920043499;143077
2920063908;143078
2920084316;143079
2920104726;143080
2920125135;143081
2920145548;143082
2920165953;143083
2920186365;143084
2920206771;143085
2920227184;143086
2920247589;143087
2920267998;143088
2920288406;143089
2920308816;143090
2920329225;143091
2920349637;143092
2920370043;143093
2920390452;143094
2920410861;143095
2920431270;143096
2920451682;143097
2920472088;143098
2920492497;143099
2920512906;143100
2920533315;143101
2920553723;143102
2920574133;143103
2920594542;143104
2920614950;143105
2920635360;143106
2920655768;143107
2920676177;143108
2920696587;143109
2920716999;143110
2920737405;143111
2920757817;143112
2920778222;143113
2920798632;143114
2920819040;143115
2920839449;143116
2920859858;143117
2920880267;143118
2920900677;143119
2920921085;143120
2920941494;143121
2920961903;143122
2920982312;143123
2921002722;143124
2921023130;143125
2921043539;143126
2921063953;143127
2921084357;143128
2921104766;143129
2921125175;143130
2921145584;143131
2921165994;143132
2921186402;143133
2921206811;143134
2921227220;143135
2921247629;143136
2921268038;143137
2921288447;143138
2921308856;143139
2921329265;143140
2921349674;143141
2921370083;143142
2921390492;143143
2921410901;143144
2921431310;143145
2921451719;143146
2921472128;143147
2921492537;143148
2921512946;143149
2921533354;143150
2921553764;143151
2921574173;143152
2921594582;143153
2921614991;143154
2921635400;143155
2921655809;143156
2921676218;143157
2921696627;143158
2921717036;143159
2921737445;143160
2921757854;143161
2921778263;143162
2921798671;143163
2921819081;143164
2921839490;143165
2921859899;143166
2921880308;143167
2921900716;143168
2921921126;143169
2921941535;143170
2921961943;143171
2921982353;143172
2922002765;143173
2922023171;143174
2922043580;143175
2922063988;143176
2922084398;143177
2922104806;143178
2922125215;143179
2922145625;143180
2922166033;143181
2922186443;143182
2922206851;143183
2922227260;143184
2922247670;143185
2922268078;143186
2922288488;143187
2922308897;143188
2922329309;143189
2922349715;143190
2922370127;143191
2922390532;143192
2922410942;143193
2922431350;143194
2922451760;143195
2922472168;143196
2922492577;143197
2922512987;143198
2922533395;143199
2922553804;143200
2922574213;143201
2922594622;143202
2922615032;143203
2922635440;143204
2922655849;143205
2922676258;143206
2922696667;143207
2922717076;143208
2922737485;143209
2922757894;143210
2922778303;143211
2922798712;143212
2922819125;143213
2922839530;143214
2922859939;143215
2922880348;143216
2922900757;143217
2922921166;143218
2922941579;143219
2922961984;143220
2922982393;143221
2923002802;143222
2923023211;143223
2923043620;143224
2923064029;143225
2923084438;143226
2923104847;143227
2923125256;143228
2923145664;143229
2923166074;143230
2923186483;143231
2923206892;143232
2923227301;143233
2923247709;143234
2923268119;143235
2923288528;143236
2923308936;143237
2923329346;143238
2923349754;143239
2923370164;143240
2923390573;143241
2923410981;143242
2923431391;143243
2923451799;143244
2923472209;143245
2923492618;143246
2923513026;143247
2923533436;143248
2923553844;143249
2923574253;143250
2923594663;143251
2923615071;143252
2923635481;143253
2923655890;143254
2923676298;143255
2923696708;143256
2923717120;143257
2923737525;143258
2923757939;143259
2923778343;143260
2923798753;143261
2923819165;143262
2923839570;143263
2923859980;143264
2923880392;143265
2923900797;143266
2923921206;143267
2923941615;143268
2923962025;143269
2923982433;143270
2924002842;143271
2924023251;143272
2924043660;143273
2924064070;143274
2924084478;143275
2924104887;143276
2924125296;143277
2924145705;143278
2924166114;143279
2924186523;143280
2924206932;143281
2924227341;143282
2924247750;143283
2924268159;143284
2924288568;143285
2924308977;143286
2924329386;143287
2924349795;143288
2924370204;143289
2924390613;143290
2924411022;143291
2924431431;143292
2924451840;143293
2924472249;143294
2924492657;143295
2924513067;143296
2924533476;143297
2924553885;143298
2924574294;143299
2924594702;143300
2924615112;143301
2924635521;143302
2924655930;143303
2924676343;143304
2924696747;143305
2924717157;143306
2924737566;143307
2924757974;143308
2924778384;143309
2924798792;143310
2924819202;143311
2924839611;143312
2924860019;143313
2924880429;143314
2924900837;143315
2924921246;143316
2924941656;143317
2924962064;143318
2924982474;143319
2925002883;143320
2925023291;143321
2925043705;143322
2925064109;143323
2925084522;143324
2925104928;143325
2925125336;143326
2925145746;143327
2925166154;143328
2925186563;143329
2925206973;143330
2925227381;143331
2925247790;143332
2925268199;143333
2925288608;143334
2925309022;143335
2925329426;143336
2925349835;143337
2925370244;143338
2925390653;143339
2925411063;143340
2925431471;143341
2925451884;143342
2925472289;143343
2925492698;143344
2925513111;143345
2925533516;143346
2925553925;143347
2925574338;143348
2925594743;143349
2925615152;143350
2925635561;143351
2925655970;143352
2925676383;143353
2925696788;143354
2925717197;143355
2925737606;143356
2925758015;143357
2925778424;143358
2925798833;143359
2925819242;143360
2925839650;143361
2925860064;143362
2925880469;143363
2925900878;143364
2925921287;143365
2925941695;143366
2925962105;143367
2925982514;143368
2926002922;143369
2926023336;143370
2926043740;143371
2926064150;143372
2926084559;143373
2926104967;143374
2926125377;143375
2926145785;143376
2926166195;143377
2926186604;143378
2926207012;143379
2926227422;143380
2926247830;143381
2926268239;143382
2926288649;143383
2926309057;143384
2926329467;143385
2926349876;143386
2926370288;143387
2926390694;143388
2926411102;143389
2926431512;143390
2926451921;143391
2926472329;143392
2926492739;143393
2926513147;143394
2926533556;143395
2926553966;143396
2926574374;143397
2926594784;143398
2926615192;143399
2926635601;143400
2926656011;143401
2926676419;143402
2926696828;143403
2926717241;143404
2926737646;143405
2926758056;143406
2926778468;143407
2926798873;143408
2926819282;143409
2926839691;143410
2926860100;143411
2926880509;143412
2926900918;143413
2926921327;143414
2926941736;143415
2926962145;143416
2926982554;143417
2927002963;143418
2927023373;143419
2927043781;143420
2927064194;143421
2927084598;143422
2927105008;143423
2927125417;143424
2927145826;143425
2927166235;143426
2927186644;143427
2927207053;143428
2927227462;143429
2927247871;143430
2927268280;143431
2927288688;143432
2927309098;143433
2927329481;143434
2927349890;143435
2927370299;143436
2927390707;143437
2927411117;143438
2927431525;143439
2927451935;143440
2927472343;143441
2927492752;143442
2927513162;143443
2927533570;143444
2927553979;143445
2927574388;143446
2927594797;143447
2927615206;143448
2927635615;143449
2927656023;143450
2927676433;143451
2927696842;143452
2927717250;143453
2927737660;143454
2927758072;143455
2927778478;143456
2927798886;143457
2927819295;143458
2927839704;143459
2927860113;143460
2927880522;143461
2927900931;143462
2927921340;143463
2927941749;143464
2927962162;143465
2927982566;143466
2928002976;143467
2928023384;143468
2928043794;143469
2928064203;143470
2928084611;143471
2928105021;143472
2928125429;143473
2928145838;143474
2928166247;143475
2928186656;143476
2928207065;143477
2928227474;143478
2928247882;143479
2928268292;143480
2928288701;143481
2928309109;143482
2928329519;143483
2928349927;143484
2928370337;143485
2928390745;143486
2928411154;143487
2928431563;143488
2928451972;143489
2928472381;143490
2928492790;143491
2928513203;143492
2928533608;143493
2928554017;143494
2928574425;143495
2928594835;143496
2928615243;143497
2928635653;143498
2928656062;143499
2928676470;143500
2928696880;143501
2928717288;143502
2928737697;143503
2928758106;143504
2928778515;143505
2928798924;143506
2928819333;143507
2928839742;143508
2928860151;143509
2928880560;143510
2928900968;143511
2928921382;143512
2928941786;143513
2928962196;143514
2928982604;143515
2929003013;143516
2929023422;143517
2929043831;143518
2929064244;143519
2929084649;143520
2929105058;143521
2929125471;143522
2929145876;143523
2929166284;143524
2929186694;143525
2929207102;143526
2929227512;143527
2929247921;143528
2929268329;143529
2929288739;143530
2929309147;143531
2929329556;143532
2929349965;143533
2929370374;143534
2929390783;143535
2929411192;143536
2929431605;143537
2929452010;143538
2929472419;143539
2929492827;143540
2929513237;143541
2929533645;143542
2929554055;143543
2929574463;143544
2929594872;143545
2929615282;143546
2929635690;143547
2929656100;143548
2929676508;143549
2929696917;143550
2929717326;143551
2929737735;143552
2929758143;143553
2929778553;143554
2929798962;143555
2929819371;143556
2929839780;143557
2929860188;143558
2929880598;143559
2929901006;143560
2929921415;143561
2929941824;143562
2929962237;143563
2929982642;143564
2930003055;143565
2930023460;143566
2930043869;143567
2930064278;143568
2930084686;143569
2930105096;143570
2930125504;143571
2930145914;143572
2930166322;143573
2930186731;143574
2930207145;143575
2930227549;143576
2930247959;143577
2930268367;143578
2930288776;143579
2930309185;143580
2930329594;143581
2930350002;143582
2930370412;143583
2930390821;143584
2930411230;143585
2930431639;143586
2930452047;143587
2930472457;143588
2930492865;143589
2930513274;143590
2930533683;143591
2930554092;143592
2930574502;143593
2930594910;143594
2930615319;143595
2930635728;143596
2930656137;143597
2930676545;143598
2930696955;143599
2930717363;143600
2930737773;143601
2930758182;143602
2930778590;143603
2930799000;143604
2930819408;143605
2930839817;143606
2930860226;143607
2930880635;143608
2930901044;143609
2930921453;143610
2930941861;143611
2930962271;143612
2930982680;143613
2931003088;143614
2931023498;143615
2931043906;143616
2931064316;143617
2931084724;143618
2931105133;143619
2931125542;143620
2931145951;143621
2931166361;143622
2931186769;143623
2931207178;143624
2931227587;143625
2931247996;143626
2931268404;143627
2931288814;143628
2931309226;143629
2931329632;143630
2931350041;143631
2931370449;143632
2931390859;143633
2931411267;143634
2931431677;143635
2931452085;143636
2931472498;143637
2931492903;143638
2931513312;143639
2931533721;143640
2931554130;143641
2931574539;143642
2931594948;143643
2931615357;143644
2931635765;143645
2931656175;143646
2931676583;143647
2931696993;143648
2931717402;143649
2931737810;143650
2931758220;143651
2931778628;143652
2931799037;143653
2931819446;143654
2931839855;143655
2931860264;143656
2931880673;143657
2931901081;143658
2931921491;143659
2931941900;143660
2931962308;143661
2931982718;143662
2932003126;143663
2932023536;143664
2932043944;143665
2932064353;143666
2932084762;143667
2932105171;143668
2932125580;143669
2932145989;143670
2932166398;143671
2932186807;143672
2932207216;143673
2932227624;143674
2932248034;143675
2932268442;143676
2932288851;143677
2932309261;143678
2932329673;143679
2932350079;143680
2932370487;143681
2932390900;143682
2932411305;143683
2932431714;143684
2932452123;143685
2932472532;143686
2932492941;143687
2932513350;143688
2932533759;143689
2932554167;143690
2932574577;143691
2932594985;143692
2932615395;143693
2932635803;143694
2932656216;143695
2932676621;143696
2932697030;143697
2932717440;143698
2932737848;143699
2932758257;143700
2932778666;143701
2932799079;143702
2932819483;143703
2932839893;143704
2932860301;143705
2932880711;143706
2932901120;143707
2932921528;143708
2932941938;143709
2932962346;143710
2932982755;143711
2933003164;143712
2933023573;143713
2933043982;143714
2933064391;143715
2933084804;143716
2933105209;143717
2933125618;143718
2933146026;143719
2933166436;143720
2933186844;143721
2933207254;143722
2933227662;143723
2933248071;143724
2933268481;143725
2933288889;143726
2933309299;143727
2933329707;143728
2933350116;143729
2933370525;143730
2933390934;143731
2933411342;143732
2933431756;143733
2933452161;143734
2933472570;143735
2933492979;143736
2933513391;143737
2933533797;143738
2933554205;143739
2933574614;143740
2933595023;143741
2933615432;143742
2933635841;143743
2933656250;143744
2933676659;143745
2933697068;143746
2933717477;143747
2933737885;143748
2933758295;143749
2933778703;143750
2933799113;143751
2933819521;143752
2933839930;143753
2933860344;143754
2933880752;143755
2933901158;143756
2933921566;143757
2933941975;143758
2933962384;143759
2933982793;143760
2934003201;143761
2934023611;143762
2934044020;143763
2934064429;143764
2934084838;143765
2934105250;143766
2934125656;143767
2934146064;143768
2934166477;143769
2934186882;143770
2934207295;143771
2934227701;143772
2934248109;143773
2934268518;143774
2934288927;143775
2934309336;143776
2934329745;143777
2934350154;143778
2934370562;143779
2934390972;143780
2934411381;143781
2934431789;143782
2934452199;143783
2934472607;143784
2934493017;143785
2934513425;143786
2934533834;143787
2934554243;143788
2934574652;143789
2934595060;143790
2934615470;143791
2934635879;143792
2934656288;143793
2934676697;143794
2934697105;143795
2934717515;143796
2934737923;143797
2934758333;143798
2934778741;143799
2934799150;143800
2934819560;143801
2934839968;143802
2934860377;143803
2934880786;143804
2934901195;143805
2934921604;143806
2934942013;143807
2934962421;143808
2934982831;143809
2935003240;143810
2935023648;143811
2935044058;143812
2935064466;143813
2935084880;143814
2935105284;143815
2935125697;143816
2935146106;143817
2935166511;143818
2935186921;143819
2935207329;143820
2935227738;143821
2935248147;143822
2935268556;143823
2935288964;143824
2935309374;143825
2935329782;143826
2935350192;143827
2935370600;143828
2935391009;143829
2935411419;143830
2935431827;143831
2935452237;143832
2935472645;143833
2935493054;143834
2935513463;143835
2935533872;143836
2935554280;143837
2935574690;143838
2935595099;143839
2935615508;143840
2935635917;143841
2935656325;143842
2935676735;143843
2935697143;143844
2935717552;143845
2935737961;143846
2935758370;143847
2935778780;143848
2935799188;143849
2935819597;143850
2935840010;143851
2935860415;143852
2935880824;143853
2935901233;143854
2935921641;143855
2935942051;143856
2935962460;143857
2935982868;143858
2936003278;143859
2936023686;143860
2936044096;143861
2936064504;143862
2936084913;143863
2936105326;143864
2936125730;143865
2936146140;143866
2936166549;143867
2936186958;143868
2936207367;143869
2936227776;143870
2936248184;143871
2936268594;143872
2936289002;143873
2936309411;143874
2936329820;143875
2936350229;143876
2936370639;143877
2936391047;143878
2936411456;143879
2936431865;143880
2936452274;143881
2936472683;143882
2936493092;143883
2936513500;143884
2936533910;143885
2936554319;143886
2936574727;143887
2936595137;143888
2936615545;143889
2936635955;143890
2936656363;143891
2936676772;143892
2936697181;143893
2936717590;143894
2936738003;143895
2936758408;143896
2936778817;143897
2936799226;143898
2936819635;143899
2936840043;143900
2936860457;143901
2936880861;143902
2936901271;143903
2936921680;143904
2936942088;143905
2936962498;143906
2936982906;143907
2937003315;143908
2937023724;143909
2937044133;143910
2937064542;143911
2937084955;143912
2937105360;143913
2937125769;143914
2937146178;143915
2937166586;143916
2937186996;143917
2937207404;143918
2937227814;143919
2937248222;143920
2937268631;143921
2937289040;143922
2937309449;143923
2937329839;143924
2937350244;143925
2937370653;143926
2937391062;143927
2937411471;143928
2937431879;143929
2937452289;143930
2937472697;143931
2937493107;143932
2937513515;143933
2937533924;143934
2937554333;143935
2937574742;143936
2937595150;143937
2937615560;143938
2937635968;143939
2937656378;143940
2937676786;143941
2937697195;143942
2937717604;143943
2937738013;143944
2937758421;143945
2937778831;143946
2937799239;143947
2937819649;143948
2937840057;143949
2937860466;143950
2937880875;143951
2937901284;143952
2937921693;143953
2937942102;143954
2937962510;143955
2937982920;143956
2938003328;143957
2938023737;143958
2938044146;143959
2938064555;143960
2938084964;143961
2938105373;143962
2938125781;143963
2938146191;143964
2938166603;143965
2938187008;143966
2938207417;143967
2938227826;143968
2938248235;143969
2938268644;143970
2938289052;143971
2938309462;143972
2938329870;143973
2938350283;143974
2938370692;143975
2938391097;143976
2938411506;143977
2938431915;143978
2938452323;143979
2938472733;143980
2938493141;143981
2938513551;143982
2938533959;143983
2938554372;143984
2938574777;143985
2938595186;143986
2938615594;143987
2938636004;143988
2938656412;143989
2938676821;143990
2938697230;143991
2938717639;143992
2938738049;143993
2938758457;143994
2938778866;143995
2938799275;143996
2938819684;143997
2938840096;143998
2938860502;143999
2938880910;144000
2938901320;144001
2938921728;144002
2938942137;144003
2938962546;144004
2938982955;144005
2939003364;144006
2939023773;144007
2939044181;144008
2939064591;144009
2939084999;144010
2939105409;144011
2939125817;144012
2939146226;144013
2939166635;144014
2939187044;144015
2939207456;144016
2939227862;144017
2939248270;144018
2939268680;144019
2939289088;144020
2939309497;144021
2939329906;144022
2939350315;144023
2939370723;144024
2939391133;144025
2939411541;144026
2939431951;144027
2939452359;144028
2939472768;144029
2939493177;144030
2939513586;144031
2939533994;144032
2939554404;144033
2939574812;144034
2939595222;144035
2939615630;144036
2939636039;144037
2939656448;144038
2939676857;144039
2939697266;144040
2939717675;144041
2939738083;144042
2939758493;144043
2939778901;144044
2939799310;144045
2939819719;144046
2939840128;144047
2939860537;144048
2939880946;144049
2939901358;144050
2939921764;144051
2939942172;144052
2939962582;144053
2939982990;144054
2940003399;144055
2940023808;144056
2940044217;144057
2940064625;144058
2940085039;144059
2940105443;144060
2940125853;144061
2940146265;144062
2940166670;144063
2940187079;144064
2940207488;144065
2940227897;144066
2940248306;144067
2940268714;144068
2940289124;144069
2940309532;144070
2940329941;144071
2940350350;144072
2940370759;144073
2940391167;144074
2940411577;144075
2940431986;144076
2940452395;144077
2940472804;144078
2940493212;144079
2940513622;144080
2940534030;144081
2940554439;144082
2940574848;144083
2940595257;144084
2940615666;144085
2940636079;144086
2940656483;144087
2940676893;144088
2940697301;144089
2940717710;144090
2940738119;144091
2940758528;144092
2940778937;144093
2940799346;144094
2940819755;144095
2940840164;144096
2940860572;144097
2940880982;144098
2940901390;144099
2940921799;144100
2940942208;144101
2940962617;144102
2940983026;144103
2941003435;144104
2941023843;144105
2941044253;144106
2941064661;144107
2941085070;144108
2941105479;144109
2941125888;144110
2941146297;144111
2941166706;144112
2941187114;144113
2941207524;144114
2941227932;144115
2941248341;144116
2941268750;144117
2941289159;144118
2941309568;144119
2941329977;144120
2941350385;144121
2941370795;144122
2941391203;144123
2941411612;144124
2941432021;144125
2941452430;144126
2941472839;144127
2941493248;144128
2941513656;144129
2941534066;144130
2941554474;144131
2941574883;144132
2941595292;144133
2941615701;144134
2941636110;144135
2941656519;144136
2941676927;144137
2941697337;144138
2941717745;144139
2941738155;144140
2941758563;144141
2941778972;144142
2941799381;144143
2941819794;144144
2941840199;144145
2941860608;144146
2941881016;144147
2941901426;144148
2941921834;144149
2941942243;144150
2941962652;144151
2941983061;144152
2942003473;144153
2942023879;144154
2942044287;144155
2942064697;144156
2942085110;144157
2942105514;144158
2942125924;144159
2942146332;144160
2942166741;144161
2942187150;144162
2942207559;144163
2942227968;144164
2942248377;144165
2942268785;144166
2942289195;144167
2942309603;144168
2942330013;144169
2942350421;144170
2942370830;144171
2942391239;144172
2942411648;144173
2942432056;144174
2942452466;144175
2942472874;144176
2942493284;144177
2942513692;144178
2942534101;144179
2942554510;144180
2942574923;144181
2942595327;144182
2942615737;144183
2942636145;144184
2942656555;144185
2942676963;144186
2942697372;144187
2942717781;144188
2942738190;144189
2942758599;144190
2942779008;144191
2942799416;144192
2942819826;144193
2942840234;144194
2942860643;144195
2942881052;144196
2942901461;144197
2942921870;144198
2942942279;144199
2942962687;144200
2942983097;144201
2943003505;144202
2943023914;144203
2943044323;144204
2943064732;144205
2943085141;144206
2943105550;144207
2943125958;144208
2943146368;144209
2943166776;144210
2943187185;144211
2943207594;144212
2943228003;144213
2943248412;144214
2943268821;144215
2943289229;144216
2943309639;144217
2943330047;144218
2943350457;144219
2943370865;144220
2943391274;144221
2943411683;144222
2943432092;144223
2943452500;144224
2943472914;144225
2943493318;144226
2943513728;144227
2943534136;144228
2943554545;144229
2943574958;144230
2943595363;144231
2943615772;144232
2943636181;144233
2943656589;144234
2943676999;144235
2943697407;144236
2943717816;144237
2943738225;144238
2943758634;144239
2943779044;144240
2943799452;144241
2943819861;144242
2943840270;144243
2943860679;144244
2943881087;144245
2943901497;144246
2943921905;144247
2943942315;144248
2943962723;144249
2943983132;144250
2944003541;144251
2944023950;144252
2944044358;144253
2944064768;144254
2944085176;144255
2944105586;144256
2944125994;144257
2944146403;144258
2944166812;144259
2944187221;144260
2944207629;144261
2944228039;144262
2944248447;144263
2944268857;144264
2944289265;144265
2944309674;144266
2944330083;144267
2944350492;144268
2944370904;144269
2944391310;144270
2944411718;144271
2944432128;144272
2944452536;144273
2944472945;144274
2944493354;144275
2944513763;144276
2944534172;144277
2944554581;144278
2944574989;144279
2944595399;144280
2944615807;144281
2944636216;144282
2944656625;144283
2944677034;144284
2944697443;144285
2944717852;144286
2944738260;144287
2944758670;144288
2944779078;144289
2944799487;144290
2944819896;144291
2944840305;144292
2944860714;144293
2944881123;144294
2944901531;144295
2944921941;144296
2944942349;144297
2944962758;144298
2944983167;144299
2945003576;144300
2945023985;144301
2945044394;144302
2945064802;144303
2945085212;144304
2945105620;144305
2945126030;144306
2945146438;144307
2945166847;144308
2945187256;144309
2945207665;144310
2945228073;144311
2945248483;144312
2945268891;144313
2945289301;144314
2945309709;144315
2945330118;144316
2945350527;144317
2945370936;144318
2945391345;144319
2945411754;144320
2945432163;144321
2945452572;144322
2945472981;144323
2945493389;144324
2945513799;144325
2945534207;144326
2945554620;144327
2945575029;144328
2945595438;144329
2945615843;144330
2945636252;144331
2945656660;144332
2945677070;144333
2945697478;144334
2945717888;144335
2945738296;144336
2945758705;144337
2945779114;144338
2945799523;144339
2945819931;144340
2945840341;144341
2945860749;144342
2945881159;144343
2945901567;144344
2945921976;144345
2945942385;144346
2945962794;144347
2945983202;144348
2946003612;144349
2946024020;144350
2946044430;144351
2946064838;144352
2946085247;144353
2946105656;144354
2946126065;144355
2946146473;144356
2946166883;144357
2946187291;144358
2946207701;144359
2946228109;144360
2946248518;144361
2946268927;144362
2946289336;144363
2946309748;144364
2946330154;144365
2946350562;144366
2946370972;144367
2946391380;144368
2946411789;144369
2946432198;144370
2946452607;144371
2946473016;144372
2946493425;144373
2946513833;144374
2946534243;144375
2946554655;144376
2946575061;144377
2946595469;144378
2946615882;144379
2946636291;144380
2946656696;144381
2946677104;144382
2946697514;144383
2946717922;144384
2946738331;144385
2946758740;144386
2946779149;144387
2946799558;144388
2946819967;144389
2946840375;144390
2946860789;144391
2946881193;144392
2946901603;144393
2946922011;144394
2946942420;144395
2946962829;144396
2946983238;144397
2947003646;144398
2947024056;144399
2947044464;144400
2947064874;144401
2947085282;144402
2947105691;144403
2947126101;144404
2947146513;144405
2947166918;144406
2947187327;144407
2947207736;144408
2947228145;144409
2947248554;144410
2947268962;144411
2947289372;144412
2947309780;144413
2947330230;144414
2947350638;144415
2947371047;144416
2947391456;144417
2947411865;144418
2947432274;144419
2947452683;144420
2947473092;144421
2947493501;144422
2947513914;144423
2947534318;144424
2947554728;144425
2947575137;144426
2947595545;144427
2947615955;144428
2947636363;144429
2947656777;144430
2947677182;144431
2947697590;144432
2947718000;144433
2947738408;144434
2947758818;144435
2947779227;144436
2947799635;144437
2947820045;144438
2947840453;144439
2947860862;144440
2947881271;144441
2947901680;144442
2947922090;144443
2947942498;144444
2947962907;144445
2947983316;144446
2948003725;144447
2948024135;144448
2948044543;144449
2948064952;144450
2948085361;144451
2948105770;144452
2948126179;144453
2948146588;144454
2948166997;144455
2948187406;144456
2948207815;144457
2948228223;144458
2948248633;144459
2948269042;144460
2948289450;144461
2948309860;144462
2948330268;144463
2948350678;144464
2948371087;144465
2948391495;144466
2948411909;144467
2948432313;144468
2948452722;144469
2948473131;144470
2948493540;144471
2948513950;144472
2948534362;144473
2948554767;144474
2948575180;144475
2948595585;144476
2948615995;144477
2948636403;144478
2948656812;144479
2948677225;144480
2948697630;144481
2948718043;144482
2948738448;144483
2948758857;144484
2948779266;144485
2948799675;144486
2948820083;144487
2948840493;144488
2948860902;144489
2948881314;144490
2948901720;144491
2948922128;144492
2948942538;144493
2948962947;144494
2948983355;144495
2949003765;144496
2949024173;144497
2949044582;144498
2949064992;144499
2949085400;144500
2949105810;144501
2949126218;144502
2949146627;144503
2949167036;144504
2949187445;144505
2949207855;144506
2949228263;144507
2949248672;144508
2949269081;144509
2949289490;144510
2949309899;144511
2949330308;144512
2949350717;144513
2949371126;144514
2949391535;144515
2949411944;144516
2949432353;144517
2949452762;144518
2949473170;144519
2949493580;144520
2949513988;144521
2949534398;144522
2949554807;144523
2949575219;144524
2949595625;144525
2949616033;144526
2949636443;144527
2949656852;144528
2949677260;144529
2949697670;144530
2949718078;144531
2949738487;144532
2949758901;144533
2949779305;144534
2949799715;144535
2949820123;144536
2949840532;144537
2949860941;144538
2949881350;144539
2949901759;144540
2949922168;144541
2949942577;144542
2949962986;144543
2949983399;144544
2950003804;144545
2950024213;144546
2950044622;144547
2950065034;144548
2950085440;144549
2950105849;144550
2950126258;144551
2950146667;144552
2950167076;144553
2950187485;144554
2950207893;144555
2950228303;144556
2950248712;144557
2950269120;144558
2950289530;144559
2950309942;144560
2950330347;144561
2950350757;144562
2950371165;144563
2950391575;144564
2950411983;144565
2950432392;144566
2950452802;144567
2950473210;144568
2950493620;144569
2950514028;144570
2950534437;144571
2950554846;144572
2950575255;144573
2950595664;144574
2950616073;144575
2950636482;144576
2950656891;144577
2950677300;144578
2950697709;144579
2950718118;144580
2950738531;144581
2950758936;144582
2950779345;144583
2950799754;144584
2950820163;144585
2950840572;144586
2950860980;144587
2950881390;144588
2950901798;144589
2950922207;144590
2950942617;144591
2950963025;144592
2950983435;144593
2951003843;144594
2951024252;144595
2951044662;144596
2951065070;144597
2951085480;144598
2951105888;144599
2951126297;144600
2951146706;144601
2951167115;144602
2951187524;144603
2951207933;144604
2951228342;144605
2951248751;144606
2951269160;144607
2951289569;144608
2951309978;144609
2951330387;144610
2951350795;144611
2951371205;144612
2951391614;144613
2951412023;144614
2951432432;144615
2951452840;144616
2951473250;144617
2951493662;144618
2951514068;144619
2951534477;144620
2951554889;144621
2951575299;144622
2951595703;144623
2951616112;144624
2951636526;144625
2951656930;144626
2951677340;144627
2951697748;144628
2951718157;144629
2951738567;144630
2951758975;144631
2951779384;144632
2951799793;144633
2951820202;144634
2951840611;144635
2951861020;144636
2951881429;144637
2951901838;144638
2951922247;144639
2951942655;144640
2951963065;144641
2951983474;144642
2952003883;144643
2952024296;144644
2952044700;144645
2952065110;144646
2952085519;144647
2952105931;144648
2952126337;144649
2952146745;144650
2952167155;144651
2952187563;144652
2952207972;144653
2952228382;144654
2952248790;144655
2952269200;144656
2952289608;144657
2952310017;144658
2952330427;144659
2952350835;144660
2952371244;144661
2952391653;144662
2952412062;144663
2952432472;144664
2952452880;144665
2952473289;144666
2952493698;144667
2952514107;144668
2952534516;144669
2952554925;144670
2952575334;144671
2952595743;144672
2952616152;144673
2952636560;144674
2952656970;144675
2952677379;144676
2952697788;144677
2952718197;144678
2952738605;144679
2952759015;144680
2952779424;144681
2952799832;144682
2952820242;144683
2952840650;144684
2952861060;144685
2952881468;144686
2952901877;144687
2952922287;144688
2952942695;144689
2952963105;144690
2952983513;144691
2953003922;144692
2953024332;144693
2953044740;144694
2953065149;144695
2953085558;144696
2953105967;144697
2953126380;144698
2953146785;144699
2953167194;144700
2953187603;144701
2953208012;144702
2953228420;144703
2953248830;144704
2953269239;144705
2953289648;144706
2953310057;144707
2953330465;144708
2953350875;144709
2953371284;144710
2953391692;144711
2953412102;144712
2953432510;144713
2953452920;144714
2953473328;144715
2953493737;144716
2953514147;144717
2953534555;144718
2953554964;144719
2953575373;144720
2953595782;144721
2953616192;144722
2953636600;144723
2953657009;144724
2953677418;144725
2953697827;144726
2953718240;144727
2953738645;144728
2953759054;144729
2953779463;144730
2953799872;144731
2953820280;144732
2953840690;144733
2953861099;144734
2953881508;144735
2953901917;144736
2953922329;144737
2953942735;144738
2953963144;144739
2953983552;144740
2954003962;144741
2954024370;144742
2954044780;144743
2954065189;144744
2954085597;144745
2954106007;144746
2954126415;144747
2954146825;144748
2954167233;144749
2954187646;144750
2954208052;144751
2954228460;144752
2954248869;144753
2954269278;144754
2954289691;144755
2954310096;144756
2954330505;144757
2954350914;144758
2954371323;144759
2954391732;144760
2954412141;144761
2954432550;144762
2954452959;144763
2954473368;144764
2954493777;144765
2954514185;144766
2954534595;144767
2954555004;144768
2954575412;144769
2954595822;144770
2954616230;144771
2954636640;144772
2954657049;144773
2954677457;144774
2954697867;144775
2954718275;144776
2954738684;144777
2954759094;144778
2954779506;144779
2954799912;144780
2954820320;144781
2954840729;144782
2954861138;144783
2954881547;144784
2954901956;144785
2954922365;144786
2954942778;144787
2954963183;144788
2954983596;144789
2955004001;144790
2955024410;144791
2955044819;144792
2955065228;144793
2955085637;144794
2955106046;144795
2955126455;144796
2955146864;144797
2955167272;144798
2955187686;144799
2955208090;144800
2955228500;144801
2955248909;144802
2955269317;144803
2955289727;144804
2955310135;144805
2955330544;144806
2955350954;144807
2955371362;144808
2955391776;144809
2955412180;144810
2955432589;144811
2955452999;144812
2955473407;144813
2955493817;144814
2955514225;144815
2955534638;144816
2955555043;144817
2955575456;144818
2955595861;144819
2955616270;144820
2955636679;144821
2955657091;144822
2955677497;144823
2955697906;144824
2955718315;144825
2955738724;144826
2955759132;144827
2955779542;144828
2955799950;144829
2955820360;144830
2955840769;144831
2955861177;144832
2955881587;144833
2955901995;144834
2955922404;144835
2955942814;144836
2955963222;144837
2955983632;144838
2956004040;144839
2956024449;144840
2956044859;144841
2956065267;144842
2956085677;144843
2956106085;144844
2956126494;144845
2956146903;144846
2956167312;144847
2956187721;144848
2956208130;144849
2956228539;144850
2956248948;144851
2956269357;144852
2956289766;144853
2956310175;144854
2956330584;144855
2956350992;144856
2956371401;144857
2956391811;144858
2956412220;144859
2956432629;144860
2956453037;144861
2956473447;144862
2956493855;144863
2956514265;144864
2956534674;144865
2956555082;144866
2956575495;144867
2956595900;144868
2956616309;144869
2956636719;144870
2956657127;144871
2956677537;144872
2956697945;144873
2956718354;144874
2956738764;144875
2956759172;144876
2956779581;144877
2956799990;144878
2956820399;144879
2956840808;144880
2956861217;144881
2956881626;144882
2956902035;144883
2956922444;144884
2956942856;144885
2956963262;144886
2956983671;144887
2957004080;144888
2957024489;144889
2957044897;144890
2957065307;144891
2957085716;144892
2957106124;144893
2957126534;144894
2957146942;144895
2957167352;144896
2957187760;144897
2957208169;144898
2957228579;144899
2957248991;144900
2957269397;144901
2957289805;144902
2957310214;144903
2957330630;144904
2957351038;144905
2957371447;144906
2957391856;144907
2957412265;144908
2957432675;144909
2957453083;144910
2957473492;144911
2957493901;144912
2957514310;144913
2957534719;144914
2957555128;144915
2957575537;144916
2957595946;144917
2957616355;144918
2957636764;144919
2957657177;144920
2957677582;144921
2957697991;144922
2957718400;144923
2957738809;144924
2957759218;144925
2957779627;144926
2957800035;144927
2957820445;144928
2957840854;144929
2957861263;144930
2957881672;144931
2957902080;144932
2957922490;144933
2957942899;144934
2957963307;144935
2957983721;144936
2958004125;144937
2958024535;144938
2958044948;144939
2958065352;144940
2958085762;144941
2958106170;144942
2958126583;144943
2958146989;144944
2958167397;144945
2958187807;144946
2958208215;144947
2958228624;144948
2958249034;144949
2958269442;144950
2958289852;144951
2958310260;144952
2958330669;144953
2958351079;144954
2958371487;144955
2958391896;144956
2958412309;144957
2958432714;144958
2958453124;144959
2958473532;144960
2958493941;144961
2958514350;144962
2958534759;144963
2958555172;144964
2958575577;144965
2958595990;144966
2958616395;144967
2958636804;144968
2958657213;144969
2958677622;144970
2958698031;144971
2958718439;144972
2958738853;144973
2958759258;144974
2958779667;144975
2958800080;144976
2958820484;144977
2958840894;144978
2958861303;144979
2958881716;144980
2958902121;144981
2958922529;144982
2958942939;144983
2958963348;144984
2958983757;144985
2959004166;144986
2959024574;144987
2959044984;144988
2959065393;144989
2959085801;144990
2959106211;144991
2959126619;144992
2959147028;144993
2959167438;144994
2959187846;144995
2959208256;144996
2959228668;144997
2959249073;144998
2959269483;144999
2959289891;145000
2959310300;145001
2959330709;145002
2959351118;145003
2959371528;145004
2959391936;145005
2959412345;145006
2959432754;145007
2959453163;145008
2959473573;145009
2959493981;145010
2959514390;145011
2959534799;145012
2959555208;145013
2959575618;145014
2959596026;145015
2959616435;145016
2959636844;145017
2959657257;145018
2959677662;145019
2959698071;145020
2959718480;145021
2959738888;145022
2959759298;145023
2959779707;145024
2959800116;145025
2959820525;145026
2959840933;145027
2959861343;145028
2959881752;145029
2959902161;145030
2959922570;145031
2959942978;145032
2959963388;145033
2959983797;145034
2960004206;145035
2960024619;145036
2960045023;145037
2960065433;145038
2960085842;145039
2960106250;145040
2960126660;145041
2960147068;145042
2960167477;145043
2960187891;145044
2960208295;145045
2960228705;145046
2960249113;145047
2960269522;145048
2960289932;145049
2960310340;145050
2960330750;145051
2960351158;145052
2960371567;145053
2960391977;145054
2960412385;145055
2960432794;145056
2960453203;145057
2960473612;145058
2960494021;145059
2960514430;145060
2960534839;145061
2960555252;145062
2960575657;145063
2960596070;145064
2960616475;145065
2960636884;145066
2960657293;145067
2960677702;145068
2960698111;145069
2960718520;145070
2960738929;145071
2960759337;145072
2960779747;145073
2960800156;145074
2960820565;145075
2960840974;145076
2960861382;145077
2960881792;145078
2960902201;145079
2960922614;145080
2960943019;145081
2960963427;145082
2960983837;145083
2961004246;145084
2961024654;145085
2961045064;145086
2961065472;145087
2961085882;145088
2961106291;145089
2961126703;145090
2961147109;145091
2961167517;145092
2961187926;145093
2961208336;145094
2961228744;145095
2961249154;145096
2961269562;145097
2961289971;145098
2961310381;145099
2961330789;145100
2961351198;145101
2961371611;145102
2961392016;145103
2961412426;145104
2961432834;145105
2961453243;145106
2961473652;145107
2961494061;145108
2961514471;145109
2961534879;145110
2961555288;145111
2961575697;145112
2961596106;145113
2961616515;145114
2961636924;145115
2961657333;145116
2961677742;145117
2961698151;145118
2961718560;145119
2961738973;145120
2961759378;145121
2961779786;145122
2961800196;145123
2961820605;145124
2961841014;145125
2961861423;145126
2961881831;145127
2961902245;145128
2961922650;145129
2961943058;145130
2961963468;145131
2961983876;145132
2962004286;145133
2962024695;145134
2962045103;145135
2962065513;145136
2962085921;145137
2962106331;145138
2962126744;145139
2962147148;145140
2962167558;145141
2962187966;145142
2962208375;145143
2962228785;145144
2962249193;145145
2962269603;145146
2962290011;145147
2962310424;145148
2962330830;145149
2962351238;145150
2962371647;145151
2962392060;145152
2962412465;145153
2962432875;145154
2962453283;145155
2962473692;145156
2962494101;145157
2962514510;145158
2962534919;145159
2962555328;145160
2962575737;145161
2962596146;145162
2962616559;145163
2962636964;145164
2962657373;145165
2962677782;145166
2962698190;145167
2962718600;145168
2962739009;145169
2962759418;145170
2962779827;145171
2962800239;145172
2962820649;145173
2962841058;145174
2962861466;145175
2962881876;145176
2962902280;145177
2962922690;145178
2962943099;145179
2962963507;145180
2962983917;145181
2963004325;145182
2963024735;145183
2963045144;145184
2963065552;145185
2963085962;145186
2963106370;145187
2963126779;145188
2963147189;145189
2963167597;145190
2963188007;145191
2963208415;145192
2963228824;145193
2963249234;145194
2963269642;145195
2963290052;145196
2963310460;145197
2963330873;145198
2963351283;145199
2963371687;145200
2963392096;145201
2963412505;145202
2963432914;145203
2963453323;145204
2963473732;145205
2963494141;145206
2963514550;145207
2963534963;145208
2963555368;145209
2963575777;145210
2963596186;145211
2963616595;145212
2963637004;145213
2963657413;145214
2963677822;145215
2963698231;145216
2963718639;145217
2963739049;145218
2963759458;145219
2963779867;145220
2963800276;145221
2963820684;145222
2963841094;145223
2963861503;145224
2963881912;145225
2963902321;145226
2963922729;145227
2963943139;145228
2963963548;145229
2963983956;145230
2964004366;145231
2964024774;145232
2964045183;145233
2964065593;145234
2964086001;145235
2964106411;145236
2964126819;145237
2964147228;145238
2964167638;145239
2964188046;145240
2964208456;145241
2964228864;145242
2964249273;145243
2964269683;145244
2964290091;145245
2964310500;145246
2964330909;145247
2964351318;145248
2964371728;145249
2964392136;145250
2964412545;145251
2964432954;145252
2964453363;145253
2964473773;145254
2964494181;145255
2964514590;145256
2964534999;145257
2964555408;145258
2964575817;145259
2964596230;145260
2964616635;145261
2964637044;145262
2964657453;145263
2964677862;145264
2964698271;145265
2964718680;145266
2964739088;145267
2964759498;145268
2964779907;145269
2964800316;145270
2964820725;145271
2964841133;145272
2964861543;145273
2964881952;145274
2964902360;145275
2964922770;145276
2964943178;145277
2964963588;145278
2964983997;145279
2965004405;145280
2965024815;145281
2965045223;145282
2965065636;145283
2965086042;145284
2965106450;145285
2965126860;145286
2965147268;145287
2965167677;145288
2965188087;145289
2965208495;145290
2965228905;145291
2965249313;145292
2965269722;145293
2965290132;145294
2965310540;145295
2965330949;145296
2965351362;145297
2965371771;145298
2965392177;145299
2965412585;145300
2965432994;145301
2965453403;145302
2965473812;145303
2965494221;145304
2965514630;145305
2965535043;145306
2965555448;145307
2965575857;145308
2965596266;145309
2965616675;145310
2965637084;145311
2965657496;145312
2965677902;145313
2965698311;145314
2965718720;145315
2965739129;145316
2965759537;145317
2965779947;145318
2965800356;145319
2965820769;145320
2965841178;145321
2965861582;145322
2965881992;145323
2965902401;145324
2965922810;145325
2965943219;145326
2965963627;145327
2965984037;145328
2966004446;145329
2966024854;145330
2966045264;145331
2966065672;145332
2966086082;145333
2966106491;145334
2966126899;145335
2966147309;145336
2966167717;145337
2966188126;145338
2966208536;145339
2966228944;145340
2966249354;145341
2966269766;145342
2966290171;145343
2966310581;145344
2966330989;145345
2966351399;145346
2966371807;145347
2966392216;145348
2966412626;145349
2966433034;145350
2966453443;145351
2966473852;145352
2966494261;145353
2966514671;145354
2966535079;145355
2966555488;145356
2966575897;145357
2966596306;145358
2966616715;145359
2966637124;145360
2966657533;145361
2966677942;145362
2966698351;145363
2966718760;145364
2966739169;145365
2966759578;145366
2966779990;145367
2966800396;145368
2966820805;145369
2966841217;145370
2966861623;145371
2966882035;145372
2966902441;145373
2966922850;145374
2966943259;145375
2966963668;145376
2966984076;145377
2967004486;145378
2967024895;145379
2967045303;145380
2967065713;145381
2967086121;145382
2967106531;145383
2967126940;145384
2967147348;145385
2967167758;145386
2967188166;145387
2967208575;145388
2967228985;145389
2967249393;145390
2967269803;145391
2967290211;145392
2967310620;145393
2967331013;145394
2967351421;145395
2967371831;145396
2967392243;145397
2967412648;145398
2967433057;145399
2967453466;145400
2967473879;145401
2967494284;145402
2967514693;145403
2967535102;145404
2967555511;145405
2967575919;145406
2967596329;145407
2967616737;145408
2967637146;145409
2967657556;145410
2967677964;145411
2967698374;145412
2967718782;145413
2967739191;145414
2967759600;145415
2967780009;145416
2967800419;145417
2967820831;145418
2967841236;145419
2967861649;145420
2967882058;145421
2967902462;145422
2967922872;145423
2967943281;145424
2967963689;145425
2967984099;145426
2968004507;145427
2968024917;145428
2968045325;145429
2968065734;145430
2968086143;145431
2968106552;145432
2968126962;145433
2968147370;145434
2968167779;145435
2968188188;145436
2968208597;145437
2968229005;145438
2968249415;145439
2968269824;145440
2968290233;145441
2968310642;145442
2968331050;145443
2968351460;145444
2968371868;145445
2968392277;145446
2968412687;145447
2968433095;145448
2968453505;145449
2968473913;145450
2968494322;145451
2968514731;145452
2968535140;145453
2968555549;145454
2968575958;145455
2968596367;145456
2968616776;145457
2968637185;145458
2968657593;145459
2968678003;145460
2968698411;145461
2968718821;145462
2968739230;145463
2968759638;145464
2968780048;145465
2968800456;145466
2968820865;145467
2968841274;145468
2968861683;145469
2968882093;145470
2968902501;145471
2968922910;145472
2968943319;145473
2968963728;145474
2968984137;145475
2969004546;145476
2969024958;145477
2969045364;145478
2969065773;145479
2969086185;145480
2969106591;145481
2969126999;145482
2969147409;145483
2969167817;145484
2969188226;145485
2969208636;145486
2969229048;145487
2969249457;145488
2969269862;145489
2969290275;145490
2969310680;145491
2969331089;145492
2969351498;145493
2969371907;145494
2969392316;145495
2969412724;145496
2969433134;145497
2969453542;145498
2969473952;145499
2969494360;145500
2969514769;145501
2969535179;145502
2969555591;145503
2969575997;145504
2969596405;145505
2969616814;145506
2969637223;145507
2969657632;145508
2969678041;145509
2969698450;145510
2969718859;145511
2969739268;145512
2969759677;145513
2969780085;145514
2969800495;145515
2969820904;145516
2969841313;145517
2969861722;145518
2969882130;145519
2969902540;145520
2969922948;145521
2969943357;145522
2969963766;145523
2969984175;145524
2970004584;145525
2970024993;145526
2970045402;145527
2970065811;145528
2970086220;145529
2970106628;145530
2970127038;145531
2970147447;145532
2970167856;145533
2970188265;145534
2970208673;145535
2970229083;145536
2970249491;145537
2970269900;145538
2970290310;145539
2970310722;145540
2970331128;145541
2970351536;145542
2970371945;145543
2970392354;145544
2970412763;145545
2970433172;145546
2970453581;145547
2970473990;145548
2970494399;145549
2970514808;145550
2970535216;145551
2970555626;145552
2970576034;145553
2970596444;145554
2970616853;145555
2970637261;145556
2970657671;145557
2970678079;145558
2970698492;145559
2970718897;145560
2970739306;145561
2970759716;145562
2970780124;145563
2970800533;145564
2970820942;145565
2970841351;145566
2970861759;145567
2970882169;145568
2970902577;145569
2970922987;145570
2970943396;145571
2970963804;145572
2970984214;145573
2971004622;145574
2971025031;145575
2971045440;145576
2971065849;145577
2971086259;145578
2971106667;145579
2971127076;145580
2971147485;145581
2971167894;145582
2971188303;145583
2971208712;145584
2971229121;145585
2971249530;145586
2971269939;145587
2971290348;145588
2971310757;145589
2971331165;145590
2971351575;145591
2971371983;145592
2971392392;145593
2971412802;145594
2971433210;145595
2971453619;145596
2971474028;145597
2971494437;145598
2971514846;145599
2971535255;145600
2971555664;145601
2971576073;145602
2971596482;145603
2971616891;145604
2971637300;145605
2971657708;145606
2971678118;145607
2971698527;145608
2971718935;145609
2971739345;145610
2971759753;145611
2971780163;145612
2971800571;145613
2971820980;145614
2971841389;145615
2971861798;145616
2971882207;145617
2971902616;145618
2971923025;145619
2971943434;145620
2971963843;145621
2971984251;145622
2972004661;145623
2972025070;145624
2972045479;145625
2972065888;145626
2972086300;145627
2972106706;145628
2972127114;145629
2972147523;145630
2972167933;145631
2972188341;145632
2972208750;145633
2972229159;145634
2972249568;145635
2972269977;145636
2972290386;145637
2972310794;145638
2972331204;145639
2972351613;145640
2972372022;145641
2972392431;145642
2972412843;145643
2972433249;145644
2972453657;145645
2972474067;145646
2972494476;145647
2972514888;145648
2972535294;145649
2972555702;145650
2972576111;145651
2972596520;145652
2972616929;145653
2972637338;145654
2972657747;145655
2972678156;145656
2972698565;145657
2972718974;145658
2972739382;145659
2972759796;145660
2972780200;145661
2972800609;145662
2972821019;145663
2972841427;145664
2972861841;145665
2972882245;145666
2972902654;145667
2972923063;145668
2972943472;145669
2972963886;145670
2972984290;145671
2973004699;145672
2973025108;145673
2973045517;145674
2973065925;145675
2973086335;145676
2973106744;145677
2973127153;145678
2973147562;145679
2973167970;145680
2973188380;145681
2973208788;145682
2973229197;145683
2973249607;145684
2973270015;145685
2973290425;145686
2973310833;145687
2973331242;145688
2973351651;145689
2973372060;145690
2973392469;145691
2973412878;145692
2973433287;145693
2973453696;145694
2973474105;145695
2973494513;145696
2973514927;145697
2973535331;145698
2973555740;145699
2973576150;145700
2973596558;145701
2973616968;145702
2973637376;145703
2973657785;145704
2973678194;145705
2973698603;145706
2973719013;145707
2973739421;145708
2973759830;145709
2973780239;145710
2973800648;145711
2973821056;145712
2973841466;145713
2973861874;145714
2973882284;145715
2973902693;145716
2973923101;145717
2973943511;145718
2973963919;145719
2973984329;145720
2974004737;145721
2974025146;145722
2974045556;145723
2974065964;145724
2974086373;145725
2974106786;145726
2974127195;145727
2974147599;145728
2974168009;145729
2974188418;145730
2974208827;145731
2974229236;145732
2974249644;145733
2974270054;145734
2974290462;145735
2974310872;145736
2974331280;145737
2974351693;145738
2974372103;145739
2974392507;145740
2974412916;145741
2974433325;145742
2974453734;145743
2974474143;145744
2974494552;145745
2974514961;145746
2974535370;145747
2974555783;145748
2974576187;145749
2974596597;145750
2974617005;145751
2974637415;145752
2974657824;145753
2974678236;145754
2974698642;145755
2974719050;145756
2974739459;145757
2974759868;145758
2974780277;145759
2974800686;145760
2974821099;145761
2974841504;145762
2974861913;145763
2974882322;145764
2974902731;145765
2974923144;145766
2974943548;145767
2974963958;145768
2974984367;145769
2975004775;145770
2975025185;145771
2975045597;145772
2975066003;145773
2975086411;145774
2975106820;145775
2975127230;145776
2975147638;145777
2975168047;145778
2975188456;145779
2975208865;145780
2975229274;145781
2975249683;145782
2975270095;145783
2975290501;145784
2975310910;145785
2975331318;145786
2975351728;145787
2975372136;145788
2975392546;145789
2975412954;145790
2975433363;145791
2975453773;145792
2975474181;145793
2975494591;145794
2975514999;145795
2975535408;145796
2975555817;145797
2975576226;145798
2975596635;145799
2975617044;145800
2975637453;145801
2975657861;145802
2975678271;145803
2975698679;145804
2975719089;145805
2975739497;145806
2975759910;145807
2975780316;145808
2975800724;145809
2975821137;145810
2975841542;145811
2975861951;145812
2975882360;145813
2975902769;145814
2975923178;145815
2975943587;145816
2975963996;145817
2975984405;145818
2976004814;145819
2976025222;145820
2976045632;145821
2976066041;145822
2976086449;145823
2976106859;145824
2976127271;145825
2976147677;145826
2976168085;145827
2976188494;145828
2976208903;145829
2976229316;145830
2976249722;145831
2976270130;145832
2976290539;145833
2976310948;145834
2976331357;145835
2976351765;145836
2976372175;145837
2976392584;145838
2976412993;145839
2976433406;145840
2976453810;145841
2976474220;145842
2976494628;145843
2976515037;145844
2976535447;145845
2976555855;145846
2976576265;145847
2976596673;145848
2976617082;145849
2976637491;145850
2976657900;145851
2976678308;145852
2976698718;145853
2976719127;145854
2976739536;145855
2976759945;145856
2976780353;145857
2976800763;145858
2976821171;145859
2976841580;145860
2976861990;145861
2976882398;145862
2976902808;145863
2976923216;145864
2976943625;145865
2976964034;145866
2976984443;145867
2977004853;145868
2977025261;145869
2977045670;145870
2977066083;145871
2977086488;145872
2977106896;145873
2977127306;145874
2977147714;145875
2977168128;145876
2977188533;145877
2977208941;145878
2977229351;145879
2977249759;145880
2977270168;145881
2977290577;145882
2977310986;145883
2977331400;145884
2977351808;145885
2977372221;145886
2977392626;145887
2977413035;145888
2977433443;145889
2977453857;145890
2977474262;145891
2977494671;145892
2977515080;145893
2977535488;145894
2977555898;145895
2977576306;145896
2977596716;145897
2977617125;145898
2977637533;145899
2977657943;145900
2977678351;145901
2977698760;145902
2977719169;145903
2977739578;145904
2977759988;145905
2977780396;145906
2977800805;145907
2977821214;145908
2977841623;145909
2977862031;145910
2977882445;145911
2977902850;145912
2977923259;145913
2977943668;145914
2977964076;145915
2977984486;145916
2978004894;145917
2978025304;145918
2978045713;145919
2978066121;145920
2978086531;145921
2978106939;145922
2978127348;145923
2978147757;145924
2978168166;145925
2978188575;145926
2978208984;145927
2978229393;145928
2978249802;145929
2978270211;145930
2978290620;145931
2978311029;145932
2978331438;145933
2978351847;145934
2978372256;145935
2978392664;145936
2978413074;145937
2978433483;145938
2978453891;145939
2978474305;145940
2978494709;145941
2978515119;145942
2978535527;145943
2978555940;145944
2978576346;145945
2978596754;145946
2978617163;145947
2978637572;145948
2978657985;145949
2978678390;145950
2978698799;145951
2978719208;145952
2978739621;145953
2978760026;145954
2978780438;145955
2978800844;145956
2978821252;145957
2978841662;145958
2978862071;145959
2978882479;145960
2978902893;145961
2978923297;145962
2978943707;145963
2978964115;145964
2978984524;145965
2979004934;145966
2979025342;145967
2979045752;145968
2979066160;145969
2979086569;145970
2979106978;145971
2979127387;145972
2979147796;145973
2979168205;145974
2979188618;145975
2979209023;145976
2979229432;145977
2979249840;145978
2979270250;145979
2979290659;145980
2979311067;145981
2979331477;145982
2979351889;145983
2979372295;145984
2979392703;145985
2979413112;145986
2979433522;145987
2979453930;145988
2979474339;145989
2979494748;145990
2979515157;145991
2979535566;145992
2979555975;145993
2979576384;145994
2979596793;145995
2979617202;145996
2979637611;145997
2979658024;145998
2979678429;145999
2979698838;146000
2979719247;146001
2979739655;146002
2979760065;146003
2979780473;146004
2979800883;146005
2979821292;146006
2979841700;146007
2979862110;146008
2979882518;146009
2979902927;146010
2979923340;146011
2979943745;146012
2979964155;146013
2979984563;146014
2980004972;146015
2980025381;146016
2980045790;146017
2980066198;146018
2980086608;146019
2980107017;146020
2980127426;146021
2980147835;146022
2980168243;146023
2980188653;146024
2980209061;146025
2980229471;146026
2980249880;146027
2980270288;146028
2980290698;146029
2980311106;146030
2980331515;146031
2980351924;146032
2980372333;146033
2980392743;146034
2980413151;146035
2980433560;146036
2980453973;146037
2980474378;146038
2980494786;146039
2980515196;146040
2980535605;146041
2980556018;146042
2980576427;146043
2980596831;146044
2980617241;146045
2980637649;146046
2980658058;146047
2980678468;146048
2980698876;146049
2980719286;146050
2980739694;146051
2980760103;146052
2980780512;146053
2980800921;146054
2980821331;146055
2980841739;146056
2980862148;146057
2980882557;146058
2980902966;146059
2980923378;146060
2980943784;146061
2980964193;146062
2980984602;146063
2981005011;146064
2981025419;146065
2981045829;146066
2981066238;146067
2981086650;146068
2981107056;146069
2981127464;146070
2981147878;146071
2981168282;146072
2981188691;146073
2981209105;146074
2981229509;146075
2981249919;146076
2981270327;146077
2981290736;146078
2981311145;146079
2981331558;146080
2981351963;146081
2981372372;146082
2981392781;146083
2981413190;146084
2981433599;146085
2981454007;146086
2981474417;146087
2981494826;146088
2981515234;146089
2981535644;146090
2981556052;146091
2981576462;146092
2981596870;146093
2981617279;146094
2981637689;146095
2981658097;146096
2981678507;146097
2981698915;146098
2981719324;146099
2981739737;146100
2981760146;146101
2981780551;146102
2981800960;146103
2981821369;146104
2981841778;146105
2981862187;146106
2981882595;146107
2981903005;146108
2981923414;146109
2981943823;146110
2981964232;146111
2981984640;146112
2982005050;146113
2982025458;146114
2982045871;146115
2982066277;146116
2982086685;146117
2982107095;146118
2982127503;146119
2982147912;146120
2982168321;146121
2982188730;146122
2982209139;146123
2982229548;146124
2982249957;146125
2982270366;146126
2982290775;146127
2982311183;146128
2982331593;146129
2982352002;146130
2982372411;146131
2982392820;146132
2982413228;146133
2982433638;146134
2982454046;146135
2982474455;146136
2982494865;146137
2982515273;146138
2982535683;146139
2982556091;146140
2982576500;146141
2982596910;146142
2982617318;146143
2982637731;146144
2982658136;146145
2982678545;146146
2982698954;146147
2982719367;146148
2982739772;146149
2982760181;146150
2982780590;146151
2982800999;146152
2982821408;146153
2982841820;146154
2982862226;146155
2982882635;146156
2982903043;146157
2982923453;146158
2982943861;146159
2982964271;146160
2982984679;146161
2983005088;146162
2983025498;146163
2983045906;146164
2983066315;146165
2983086724;146166
2983107133;146167
2983127542;146168
2983147951;146169
2983168360;146170
2983188769;146171
2983209178;146172
2983229586;146173
2983249996;146174
2983270404;146175
2983290814;146176
2983311223;146177
2983331631;146178
2983352041;146179
2983372449;146180
2983392859;146181
2983413267;146182
2983433676;146183
2983454086;146184
2983474494;146185
2983494903;146186
2983515312;146187
2983535721;146188
2983556130;146189
2983576539;146190
2983596948;146191
2983617357;146192
2983637766;146193
2983658174;146194
2983678584;146195
2983698992;146196
2983719402;146197
2983739811;146198
2983760219;146199
2983780629;146200
2983801037;146201
2983821446;146202
2983841855;146203
2983862264;146204
2983882678;146205
2983903082;146206
2983923491;146207
2983943900;146208
2983964309;146209
2983984719;146210
2984005127;146211
2984025536;146212
2984045945;146213
2984066354;146214
2984086762;146215
2984107172;146216
2984127581;146217
2984147990;146218
2984168399;146219
2984188807;146220
2984209217;146221
2984229625;146222
2984250034;146223
2984270444;146224
2984290852;146225
2984311262;146226
2984331670;146227
2984352079;146228
2984372488;146229
2984392897;146230
2984413307;146231
2984433715;146232
2984454124;146233
2984474537;146234
2984494942;146235
2984515350;146236
2984535760;146237
2984556169;146238
2984576578;146239
2984596987;146240
2984617395;146241
2984637805;146242
2984658213;146243
2984678622;146244
2984699032;146245
2984719440;146246
2984739850;146247
2984760258;146248
2984780667;146249
2984801076;146250
2984821485;146251
2984841898;146252
2984862307;146253
2984882712;146254
2984903121;146255
2984923530;146256
2984943938;146257
2984964352;146258
2984984757;146259
2985005166;146260
2985025575;146261
2985045983;146262
2985066393;146263
2985086801;146264
2985107210;146265
2985127620;146266
2985148028;146267
2985168438;146268
2985188846;146269
2985209255;146270
2985229664;146271
2985250073;146272
2985270483;146273
2985290891;146274
2985311300;146275
2985331709;146276
2985352122;146277
2985372527;146278
2985392936;146279
2985413345;146280
2985433754;146281
2985454163;146282
2985474571;146283
2985494981;146284
2985515390;146285
2985535798;146286
2985556208;146287
2985576616;146288
2985597025;146289
2985617434;146290
2985637843;146291
2985658253;146292
2985678661;146293
2985699070;146294
2985719479;146295
2985739888;146296
2985760297;146297
2985780706;146298
2985801115;146299
2985821524;146300
2985841933;146301
2985862341;146302
2985882751;146303
2985903159;146304
2985923569;146305
2985943978;146306
2985964386;146307
2985984796;146308
2986005204;146309
2986025613;146310
2986046022;146311
2986066431;146312
2986086841;146313
2986107249;146314
2986127658;146315
2986148067;146316
2986168476;146317
2986188885;146318
2986209294;146319
2986229703;146320
2986250112;146321
2986270521;146322
2986290929;146323
2986311339;146324
2986331747;146325
2986352157;146326
2986372566;146327
2986392974;146328
2986413384;146329
2986433792;146330
2986454202;146331
2986474610;146332
2986495019;146333
2986515433;146334
2986535837;146335
2986556246;146336
2986576655;146337
2986597064;146338
2986617473;146339
2986637882;146340
2986658291;146341
2986678700;146342
2986699109;146343
2986719521;146344
2986739927;146345
2986760335;146346
2986780745;146347
2986801154;146348
2986821566;146349
2986841976;146350
2986862380;146351
2986882790;146352
2986903199;146353
2986923607;146354
2986944017;146355
2986964425;146356
2986984834;146357
2987005243;146358
2987025652;146359
2987046061;146360
2987066470;146361
2987086879;146362
2987107288;146363
2987127697;146364
2987148105;146365
2987168515;146366
2987188928;146367
2987209333;146368
2987229746;146369
2987250154;146370
2987270564;146371
2987290968;146372
2987311381;146373
2987331783;146374
2987352191;146375
2987372601;146376
2987393009;146377
2987413418;146378
2987433827;146379
2987454236;146380
2987474645;146381
2987495054;146382
2987515463;146383
2987535872;146384
2987556281;146385
2987576689;146386
2987597099;146387
2987617507;146388
2987637917;146389
2987658326;146390
2987678734;146391
2987699144;146392
2987719552;146393
2987739961;146394
2987760370;146395
2987780779;146396
2987801188;146397
2987821597;146398
2987842006;146399
2987862415;146400
2987882824;146401
2987903232;146402
2987923642;146403
2987944051;146404
2987964460;146405
2987984869;146406
2988005277;146407
2988025687;146408
2988046095;146409
2988066504;146410
2988086913;146411
2988107326;146412
2988127736;146413
2988148140;146414
2988168553;146415
2988188958;146416
2988209367;146417
2988229776;146418
2988250185;146419
2988270594;146420
2988291007;146421
2988311412;146422
2988331820;146423
2988352230;146424
2988372638;146425
2988393047;146426
2988413457;146427
2988433865;146428
2988454275;146429
2988474683;146430
2988495092;146431
2988515505;146432
2988535910;146433
2988556319;146434
2988576728;146435
2988597137;146436
2988617550;146437
2988637955;146438
2988658363;146439
2988678773;146440
2988699181;146441
2988719591;146442
2988740000;146443
2988760408;146444
2988780818;146445
2988801226;146446
2988821636;146447
2988842044;146448
2988862453;146449
2988882863;146450
2988903271;146451
2988923680;146452
2988944089;146453
2988964498;146454
2988984907;146455
2989005316;146456
2989025724;146457
2989046134;146458
2989066543;146459
2989086951;146460
2989107361;146461
2989127769;146462
2989148179;146463
2989168587;146464
2989188996;146465
2989209406;146466
2989229814;146467
2989250223;146468
2989270632;146469
2989291041;146470
2989311450;146471
2989331859;146472
2989352268;146473
2989372677;146474
2989393086;146475
2989413495;146476
2989433904;146477
2989454316;146478
2989474722;146479
2989495130;146480
2989515543;146481
2989535949;146482
2989556357;146483
2989576770;146484
2989597175;146485
2989617584;146486
2989637993;146487
2989658402;146488
2989678811;146489
2989699220;146490
2989719629;146491
2989740038;146492
2989760447;146493
2989780855;146494
2989801265;146495
2989821674;146496
2989842082;146497
2989862492;146498
2989882900;146499
2989903314;146500
2989923718;146501
2989944127;146502
2989964536;146503
2989984945;146504
2990005354;146505
2990025763;146506
2990046172;146507
2990066581;146508
2990086990;146509
2990107398;146510
2990127808;146511
2990148217;146512
2990168629;146513
2990189035;146514
2990209443;146515
2990229853;146516
2990250261;146517
2990270670;146518
2990291080;146519
2990311488;146520
2990331898;146521
2990352306;146522
2990372715;146523
2990393124;146524
2990413533;146525
2990433941;146526
2990454351;146527
2990474760;146528
2990495173;146529
2990515578;146530
2990535986;146531
2990556396;146532
2990576804;146533
2990597213;146534
2990617623;146535
2990638031;146536
2990658441;146537
2990678849;146538
2990699258;146539
2990719667;146540
2990740076;146541
2990760486;146542
2990780894;146543
2990801303;146544
2990821712;146545
2990842121;146546
2990862529;146547
2990882939;146548
2990903347;146549
2990923757;146550
2990944166;146551
2990964574;146552
2990984988;146553
2991005392;146554
2991025801;146555
2991046210;146556
2991066619;146557
2991087029;146558
2991107437;146559
2991127846;146560
2991148255;146561
2991168664;146562
2991189072;146563
2991209482;146564
2991229891;146565
2991250300;146566
2991270709;146567
2991291117;146568
2991311527;146569
2991331935;146570
2991352345;146571
2991372757;146572
2991393166;146573
2991413572;146574
2991433984;146575
2991454390;146576
2991474798;146577
2991495207;146578
2991515616;146579
2991536025;146580
2991556434;146581
2991576843;146582
2991597252;146583
2991617661;146584
2991638070;146585
2991658478;146586
2991678888;146587
2991699301;146588
2991719705;146589
2991740119;146590
2991760527;146591
2991780933;146592
2991801341;146593
2991821750;146594
2991842163;146595
2991862568;146596
2991882977;146597
2991903386;146598
2991923795;146599
2991944204;146600
2991964613;146601
2991985021;146602
2992005431;146603
2992025840;146604
2992046249;146605
2992066658;146606
2992087066;146607
2992107476;146608
2992127884;146609
2992148293;146610
2992168703;146611
2992189111;146612
2992209521;146613
2992229929;146614
2992250338;146615
2992270747;146616
2992291156;146617
2992311564;146618
2992331974;146619
2992352383;146620
2992372792;146621
2992393201;146622
2992413609;146623
2992434019;146624
2992454427;146625
2992474836;146626
2992495246;146627
2992515654;146628
2992536064;146629
2992556472;146630
2992576881;146631
2992597290;146632
2992617699;146633
2992638108;146634
2992658517;146635
2992678926;146636
2992699335;146637
2992719744;146638
2992740152;146639
2992760562;146640
2992780970;146641
2992801383;146642
2992821789;146643
2992842201;146644
2992862611;146645
2992883015;146646
2992903424;146647
2992923833;146648
2992944242;146649
2992964652;146650
2992985060;146651
2993005469;146652
2993025878;146653
2993046287;146654
2993066695;146655
2993087105;146656
2993107514;146657
2993127923;146658
2993148332;146659
2993168740;146660
2993189150;146661
2993209558;146662
2993229968;146663
2993250376;146664
2993270785;146665
2993291195;146666
2993311607;146667
2993332012;146668
2993352421;146669
2993372830;146670
2993393239;146671
2993413648;146672
2993434057;146673
2993454466;146674
2993474875;146675
2993495283;146676
2993515693;146677
2993536101;146678
2993556511;146679
2993576920;146680
2993597328;146681
2993617738;146682
2993638146;146683
2993658555;146684
2993678964;146685
2993699373;146686
2993719782;146687
2993740191;146688
2993760600;146689
2993781009;146690
2993801418;146691
2993821827;146692
2993842236;146693
2993862644;146694
2993883054;146695
2993903463;146696
2993923871;146697
2993944281;146698
2993964689;146699
2993985099;146700
2994005507;146701
2994025916;146702
2994046326;146703
2994066734;146704
2994087143;146705
2994107552;146706
2994127961;146707
2994148370;146708
2994168779;146709
2994189187;146710
2994209597;146711
2994230006;146712
2994250415;146713
2994270824;146714
2994291232;146715
2994311646;146716
2994332050;146717
2994352459;146718
2994372869;146719
2994393277;146720
2994413686;146721
2994434095;146722
2994454504;146723
2994474913;146724
2994495322;146725
2994515731;146726
2994536140;146727
2994556549;146728
2994576958;146729
2994597367;146730
2994617775;146731
2994638185;146732
2994658593;146733
2994679002;146734
2994699416;146735
2994719820;146736
2994740230;146737
2994760638;146738
2994781047;146739
2994801456;146740
2994821865;146741
2994842274;146742
2994862683;146743
2994883096;146744
2994903501;146745
2994923910;146746
2994944318;146747
2994964732;146748
2994985137;146749
2995005546;146750
2995025955;146751
2995046363;146752
2995066773;146753
2995087181;146754
2995107590;146755
2995127999;146756
2995148408;146757
2995168822;146758
2995189226;146759
2995209635;146760
2995230044;146761
2995250453;146762
2995270861;146763
2995291271;146764
2995311680;146765
2995332089;146766
2995352498;146767
2995372906;146768
2995393316;146769
2995413724;146770
2995434134;146771
2995454543;146772
2995474951;146773
2995495361;146774
2995515769;146775
2995536178;146776
2995556587;146777
2995576996;146778
2995597405;146779
2995617818;146780
2995638223;146781
2995658632;146782
2995679041;146783
2995699450;146784
2995719859;146785
2995740267;146786
2995760677;146787
2995781086;146788
2995801494;146789
2995821908;146790
2995842312;146791
2995862721;146792
2995883130;146793
2995903539;146794
2995923949;146795
2995944361;146796
2995964766;146797
2995985175;146798
2996005584;146799
2996025993;146800
2996046402;146801
2996066810;146802
2996087220;146803
2996107629;146804
2996128037;146805
2996148447;146806
2996168855;146807
2996189265;146808
2996209673;146809
2996230082;146810
2996250492;146811
2996270900;146812
2996291309;146813
2996311722;146814
2996332127;146815
2996352536;146816
2996372945;146817
2996393354;146818
2996413763;146819
2996434172;146820
2996454580;146821
2996474990;146822
2996495402;146823
2996515808;146824
2996536216;146825
2996556625;146826
2996577035;146827
2996597443;146828
2996617853;146829
2996638261;146830
2996658670;146831
2996679079;146832
2996699488;146833
2996719897;146834
2996740306;146835
2996760715;146836
2996781124;146837
2996801533;146838
2996821941;146839
2996842351;146840
2996862760;146841
2996883169;146842
2996903578;146843
2996923986;146844
2996944396;146845
2996964804;146846
2996985213;146847
2997005623;146848
2997026031;146849
2997046441;146850
2997066849;146851
2997087258;146852
2997107667;146853
2997128076;146854
2997148484;146855
2997168898;146856
2997189303;146857
2997209712;146858
2997230121;146859
2997250529;146860
2997270939;146861
2997291347;146862
2997311756;146863
2997332139;146864
2997352547;146865
2997372957;146866
2997393365;146867
2997413774;146868
2997434183;146869
2997454592;146870
2997475004;146871
2997495410;146872
2997515818;146873
2997536228;146874
2997556636;146875
2997577049;146876
2997597454;146877
2997617863;146878
2997638272;146879
2997658681;146880
2997679089;146881
2997699499;146882
2997719907;146883
2997740316;146884
2997760725;146885
2997781134;146886
2997801543;146887
2997821952;146888
2997842360;146889
2997862770;146890
2997883178;146891
2997903587;146892
2997923996;146893
2997944405;146894
2997964814;146895
2997985223;146896
2998005631;146897
2998026041;146898
2998046449;146899
2998066862;146900
2998087267;146901
2998107676;146902
2998128085;146903
2998148494;146904
2998168906;146905
2998189312;146906
2998209720;146907
2998230130;146908
2998250539;146909
2998270947;146910
2998291357;146911
2998311769;146912
2998332174;146913
2998352587;146914
2998372992;146915
2998393401;146916
2998413814;146917
2998434218;146918
2998454628;146919
2998475036;146920
2998495445;146921
2998515854;146922
2998536263;146923
2998556672;146924
2998577081;146925
2998597489;146926
2998617899;146927
2998638311;146928
2998658717;146929
2998679125;146930
2998699534;146931
2998719943;146932
2998740352;146933
2998760760;146934
2998781170;146935
2998801578;146936
2998821988;146937
2998842396;146938
2998862805;146939
2998883214;146940
2998903627;146941
2998924035;146942
2998944441;146943
2998964849;146944
2998985259;146945
2999005667;146946
2999026076;146947
2999046485;146948
2999066894;146949
2999087302;146950
2999107712;146951
2999128120;146952
2999148530;146953
2999168938;146954
2999189347;146955
2999209756;146956
2999230165;146957
2999250574;146958
2999270983;146959
2999291392;146960
2999311801;146961
2999332210;146962
2999352618;146963
2999373028;146964
2999393436;146965
2999413846;146966
2999434258;146967
2999454663;146968
2999475072;146969
2999495481;146970
2999515893;146971
2999536299;146972
2999556707;146973
2999577117;146974
2999597525;146975
2999617934;146976
2999638343;146977
2999658752;146978
2999679161;146979
2999699570;146980
2999719978;146981
2999740388;146982
2999760796;146983
2999781205;146984
2999801614;146985
2999822023;146986
2999842431;146987
2999862841;146988
2999883249;146989
2999903659;146990
2999924067;146991
2999944476;146992
2999964885;146993
2999985294;146994
3000005703;146995
3000026112;146996
3000046520;146997
3000066930;146998
3000087338;146999
3000107747;147000
3000128156;147001
