2905008688;142337
2905029101;142338
2905049511;142339
2905069917;142340
2905090326;142341
2905110735;142342
2905131144;142343
2905151554;142344
2905171963;142345
2905192373;142346
2905212787;142347
2905233195;142348
2905253601;142349
2905274010;142350
2905294420;142351
2905314829;142352
2905335239;142353
2905355649;142354
2905376058;142355
2905396467;142356
2905416876;142357
2905437286;142358
2905457695;142359
2905478109;142360
2905498519;142361
2905518923;142362
2905539333;142363
2905559742;142364
2905580152;142365
2905600561;142366
2905620971;142367
2905641381;142368
2905661790;142369
2905682199;142370
2905702608;142371
2905723022;142372
2905743431;142373
2905763841;142374
2905784251;142375
2905804656;142376
2905825065;142377
2905845474;142378
2905865884;142379
2905886297;142380
2905906703;142381
2905927113;142382
2905947525;142383
2905967931;142384
2905988344;142385
2906008750;142386
2906029159;142387
2906049569;142388
2906069978;142389
2906090388;142390
2906110797;142391
2906131206;142392
2906151616;142393
2906172025;142394
2906192435;142395
2906212848;142396
2906233254;142397
2906253663;142398
2906274076;142399
2906294486;142400
2906314891;142401
2906335301;142402
2906355710;142403
2906376120;142404
2906396529;142405
2906416942;142406
2906437352;142407
2906457757;142408
2906478167;142409
2906498576;142410
2906518985;142411
2906539395;142412
2906559804;142413
2906580214;142414
2906600623;142415
2906621033;142416
2906641442;142417
2906661851;142418
2906682261;142419
2906702670;142420
2906723080;142421
2906743489;142422
2906763899;142423
2906784312;142424
2906804717;142425
2906825127;142426
2906845536;142427
2906865946;142428
2906886355;142429
2906906765;142430
2906927177;142431
2906947587;142432
2906967993;142433
2906988402;142434
2907008812;142435
2907029221;142436
2907049631;142437
2907070040;142438
2907090449;142439
2907110863;142440
2907131268;142441
2907151678;142442
2907172087;142443
2907192497;142444
2907212906;142445
2907233315;142446
2907253725;142447
2907274138;142448
2907294544;142449
2907314953;142450
2907335367;142451
2907355776;142452
2907376185;142453
2907396599;142454
2907417004;142455
2907437414;142456
2907457823;142457
2907478233;142458
2907498641;142459
2907519051;142460
2907539461;142461
2907559874;142462
2907580284;142463
2907600689;142464
2907621099;142465
2907641507;142466
2907661917;142467
2907682327;142468
2907702736;142469
2907723146;142470
2907743555;142471
2907763965;142472
2907784375;142473
2907804783;142474
2907825193;142475
2907845602;142476
2907866016;142477
2907886421;142478
2907906831;142479
2907927244;142480
2907947649;142481
2907968059;142482
2907988468;142483
2908008878;142484
2908029291;142485
2908049697;142486
2908070110;142487
2908090515;142488
2908110925;142489
2908131334;142490
2908151744;142491
2908172153;142492
2908192563;142493
2908212972;142494
2908233385;142495
2908253791;142496
2908274200;142497
2908294610;142498
2908315020;142499
2908335429;142500
2908355838;142501
2908376247;142502
2908396657;142503
2908417066;142504
2908437476;142505
2908457886;142506
2908478295;142507
2908498704;142508
2908519113;142509
2908539523;142510
2908559936;142511
2908580342;142512
2908600752;142513
2908621161;142514
2908641570;142515
2908661979;142516
2908682389;142517
2908702798;142518
2908723208;142519
2908743618;142520
2908764027;142521
2908784436;142522
2908804845;142523
2908825259;142524
2908845665;142525
2908866074;142526
2908886484;142527
2908906893;142528
2908927302;142529
2908947715;142530
2908968121;142531
2908988531;142532
2909008940;142533
2909029354;142534
2909049759;142535
2909070172;142536
2909090577;142537
2909110987;142538
2909131401;142539
2909151806;142540
2909172216;142541
2909192625;142542
2909213038;142543
2909233444;142544
2909253857;142545
2909274263;142546
2909294672;142547
2909315082;142548
2909335491;142549
2909355900;142550
2909376310;142551
2909396719;142552
2909417129;142553
2909437538;142554
2909457948;142555
2909478357;142556
2909498766;142557
2909519176;142558
2909539585;142559
2909559995;142560
2909580404;142561
2909600814;142562
2909621223;142563
2909641632;142564
2909662042;142565
2909682451;142566
2909702861;142567
2909723270;142568
2909743680;142569
2909764090;142570
2909784498;142571
2909804908;142572
2909825317;142573
2909845727;142574
2909866140;142575
2909886546;142576
2909906956;142577
2909927364;142578
2909947774;142579
2909968183;142580
2909988593;142581
2910009002;142582
2910029412;142583
2910049825;142584
2910070230;142585
2910090640;142586
2910111049;142587
2910131459;142588
2910151869;142589
2910172278;142590
2910192691;142591
2910213096;142592
2910233506;142593
2910253915;142594
2910274325;142595
2910294735;142596
2910315148;142597
2910335557;142598
2910355962;142599
2910376372;142600
2910396781;142601
2910417191;142602
2910437601;142603
2910458010;142604
2910478423;142605
2910498828;142606
2910519238;142607
2910539647;142608
2910560057;142609
2910580467;142610
2910600876;142611
2910621285;142612
2910641694;142613
2910662108;142614
2910682518;142615
2910702923;142616
2910723337;142617
2910743742;142618
2910764151;142619
2910784560;142620
2910804970;142621
2910825380;142622
2910845789;142623
2910866199;142624
2910886608;142625
2910907017;142626
2910927426;142627
2910947840;142628
2910968246;142629
2910988655;142630
2911009065;142631
2911029474;142632
2911049883;142633
2911070292;142634
2911090706;142635
2911111112;142636
2911131521;142637
2911151935;142638
2911172343;142639
2911192749;142640
2911213159;142641
2911233572;142642
2911253982;142643
2911274387;142644
2911294797;142645
2911315206;142646
2911335615;142647
2911356025;142648
2911376434;142649
2911396844;142650
2911417257;142651
2911437663;142652
2911458071;142653
2911478481;142654
2911498891;142655
2911519300;142656
2911539710;142657
2911560119;142658
2911580529;142659
2911600939;142660
2911621347;142661
2911641757;142662
2911662166;142663
2911682576;142664
2911702985;142665
2911723395;142666
2911743804;142667
2911764213;142668
2911784623;142669
2911805032;142670
2911825442;142671
2911845851;142672
2911866261;142673
2911886671;142674
2911907079;142675
2911927489;142676
2911947898;142677
2911968308;142678
2911988717;142679
2912009127;142680
2912029536;142681
2912049945;142682
2912070355;142683
2912090764;142684
2912111174;142685
2912131584;142686
2912151993;142687
2912172402;142688
2912192811;142689
2912213221;142690
2912233634;142691
2912254040;142692
2912274454;142693
2912294859;142694
2912315268;142695
2912335677;142696
2912356087;142697
2912376496;142698
2912396906;142699
2912417316;142700
2912437725;142701
2912458134;142702
2912478543;142703
2912498953;142704
2912519362;142705
2912539772;142706
2912560182;142707
2912580591;142708
2912601000;142709
2912621409;142710
2912641819;142711
2912662229;142712
2912682638;142713
2912703048;142714
2912723457;142715
2912743866;142716
2912764279;142717
2912784689;142718
2912805095;142719
2912825508;142720
2912845914;142721
2912866323;142722
2912886732;142723
2912907145;142724
2912927551;142725
2912947961;142726
2912968370;142727
2912988780;142728
2913009189;142729
2913029598;142730
2913050008;142731
2913070417;142732
2913090827;142733
2913111236;142734
2913131646;142735
2913152055;142736
2913172464;142737
2913192878;142738
2913213287;142739
2913233697;142740
2913254106;142741
2913274516;142742
2913294921;142743
2913315330;142744
2913335740;142745
2913356153;142746
2913376559;142747
2913396968;142748
2913417378;142749
2913437787;142750
2913458196;142751
2913478606;142752
2913499015;142753
2913519425;142754
2913539834;142755
2913560244;142756
2913580657;142757
2913601062;142758
2913621472;142759
2913641881;142760
2913662295;142761
2913682700;142762
2913703110;142763
2913723520;142764
2913743928;142765
2913764338;142766
2913784747;142767
2913805157;142768
2913825566;142769
2913845976;142770
2913866385;142771
2913886794;142772
2913907204;142773
2913927613;142774
2913948023;142775
2913968433;142776
2913988846;142777
2914009251;142778
2914029660;142779
2914050070;142780
2914070483;142781
2914090893;142782
2914111299;142783
2914131708;142784
2914152118;142785
2914172530;142786
2914192940;142787
2914213345;142788
2914233755;142789
2914254169;142790
2914274574;142791
2914294983;142792
2914315392;142793
2914335802;142794
2914356211;142795
2914376621;142796
2914397031;142797
2914417440;142798
2914437850;142799
2914458262;142800
2914478668;142801
2914499082;142802
2914519487;142803
2914539897;142804
2914560306;142805
2914580719;142806
2914601124;142807
2914621538;142808
2914641944;142809
2914662353;142810
2914682763;142811
2914703172;142812
2914723582;142813
2914743990;142814
2914764400;142815
2914784810;142816
2914805219;142817
2914825633;142818
2914846038;142819
2914866447;142820
2914886856;142821
2914907266;142822
2914927676;142823
2914948085;142824
2914968499;142825
2914988904;142826
2915009313;142827
2915029723;142828
2915050136;142829
2915070542;142830
2915090951;142831
2915111361;142832
2915131770;142833
2915152183;142834
2915172589;142835
2915192998;142836
2915213408;142837
2915233817;142838
2915254227;142839
2915274636;142840
2915295045;142841
2915315455;142842
2915335864;142843
2915356274;142844
2915376683;142845
2915397097;142846
2915417506;142847
2915437915;142848
2915458321;142849
2915478730;142850
2915499140;142851
2915519549;142852
2915539959;142853
2915560369;142854
2915580777;142855
2915601187;142856
2915621596;142857
2915642006;142858
2915662419;142859
2915682829;142860
2915703235;142861
2915723643;142862
2915744053;142863
2915764462;142864
2915784872;142865
2915805285;142866
2915825691;142867
2915846101;142868
2915866509;142869
2915886919;142870
2915907328;142871
2915927738;142872
2915948148;142873
2915968557;142874
2915988967;142875
2916009375;142876
2916029789;142877
2916050194;142878
2916070604;142879
2916091014;142880
2916111423;142881
2916131832;142882
2916152241;142883
2916172651;142884
2916193060;142885
2916213470;142886
2916233880;142887
2916254289;142888
2916274699;142889
2916295107;142890
2916315517;142891
2916335931;142892
2916356336;142893
2916376746;142894
2916397158;142895
2916417564;142896
2916437973;142897
2916458383;142898
2916478793;142899
2916499206;142900
2916519612;142901
2916540025;142902
2916560430;142903
2916580839;142904
2916601249;142905
2916621659;142906
2916642068;142907
2916662478;142908
2916682887;142909
2916703296;142910
2916723705;142911
2916744115;142912
2916764529;142913
2916784938;142914
2916805344;142915
2916825753;142916
2916846162;142917
2916866576;142918
2916886981;142919
2916907395;142920
2916927804;142921
2916948214;142922
2916968619;142923
2916989028;142924
2917009438;142925
2917029847;142926
2917050261;142927
2917070666;142928
2917091080;142929
2917111485;142930
2917131894;142931
2917152304;142932
2917172713;142933
2917193123;142934
2917213536;142935
2917233942;142936
2917254354;142937
2917274764;142938
2917295170;142939
2917315579;142940
2917336003;142941
2917356412;142942
2917376822;142943
2917397232;142944
2917417640;142945
2917438050;142946
2917458459;142947
2917478869;142948
2917499279;142949
2917519688;142950
2917540097;142951
2917560506;142952
2917580916;142953
2917601326;142954
2917621735;142955
2917642145;142956
2917662555;142957
2917682963;142958
2917703373;142959
2917723782;142960
2917744192;142961
2917764602;142962
2917785015;142963
2917805421;142964
2917825829;142965
2917846239;142966
2917866649;142967
2917887058;142968
2917907468;142969
2917927877;142970
2917948287;142971
2917968696;142972
2917989105;142973
2918009519;142974
2918029924;142975
2918050338;142976
2918070744;142977
2918091152;142978
2918111562;142979
2918131971;142980
2918152381;142981
2918172791;142982
2918193200;142983
2918213610;142984
2918234022;142985
2918254432;142986
2918274842;142987
2918295247;142988
2918315657;142989
2918336067;142990
2918356480;142991
2918376886;142992
2918397294;142993
2918417704;142994
2918438114;142995
2918458523;142996
2918478933;142997
2918499342;142998
2918519755;142999
2918540165;143000
2918560570;143001
2918580980;143002
2918601393;143003
2918621799;143004
2918642213;143005
2918662621;143006
2918683027;143007
2918703436;143008
2918723846;143009
2918744260;143010
2918764669;143011
2918785075;143012
2918805483;143013
2918825893;143014
2918846307;143015
2918866712;143016
2918887122;143017
2918907531;143018
2918927941;143019
2918948354;143020
2918968759;143021
2918989173;143022
2919009579;143023
2919029988;143024
2919050398;143025
2919070807;143026
2919091216;143027
2919111630;143028
2919132035;143029
2919152449;143030
2919172854;143031
2919193268;143032
2919213678;143033
2919234082;143034
2919254492;143035
2919274901;143036
2919295311;143037
2919315721;143038
2919336130;143039
2919356540;143040
2919376948;143041
2919397358;143042
2919417768;143043
2919438177;143044
2919458587;143045
2919478996;143046
2919499406;143047
2919519815;143048
2919540224;143049
2919560634;143050
2919581043;143051
2919601453;143052
2919621863;143053
2919642272;143054
2919662681;143055
2919683095;143056
2919703500;143057
2919723910;143058
2919744319;143059
2919764729;143060
2919785138;143061
2919805547;143062
2919825957;143063
2919846366;143064
2919866776;143065
2919887186;143066
2919907595;143067
2919928004;143068
2919948413;143069
2919968823;143070
2919989237;143071
2920009642;143072
2920030052;143073
2920050461;143074
2920070870;143075
2920091280;143076
2920111689;143077
2920132099;143078
2920152508;143079
2920172918;143080
2920193328;143081
2920213737;143082
2920234146;143083
2920254555;143084
2920274965;143085
2920295375;143086
2920315788;143087
2920336194;143088
2920356603;143089
2920377012;143090
2920397426;143091
2920417831;143092
2920438241;143093
2920458651;143094
2920479060;143095
2920499469;143096
2920519878;143097
2920540292;143098
2920560698;143099
2920581107;143100
2920601517;143101
2920621926;143102
2920642335;143103
2920662745;143104
2920683158;143105
2920703568;143106
2920723973;143107
2920744387;143108
2920764797;143109
2920785201;143110
2920805615;143111
2920826020;143112
2920846434;143113
2920866840;143114
2920887249;143115
2920907659;143116
2920928067;143117
2920948477;143118
2920968887;143119
2920989296;143120
2921009706;143121
2921030116;143122
2921050525;143123
2921070934;143124
2921091343;143125
2921111753;143126
2921132167;143127
2921152572;143128
2921172982;143129
2921193391;143130
2921213800;143131
2921234214;143132
2921254619;143133
2921275029;143134
2921295438;143135
2921315848;143136
2921336257;143137
2921356666;143138
2921377076;143139
2921397485;143140
2921417895;143141
2921438309;143142
2921458717;143143
2921479127;143144
2921499532;143145
2921519942;143146
2921540352;143147
2921560765;143148
2921581171;143149
2921601580;143150
2921621990;143151
2921642399;143152
2921662808;143153
2921683222;143154
2921703628;143155
2921724037;143156
2921744447;143157
2921764856;143158
2921785269;143159
2921805675;143160
2921826084;143161
2921846494;143162
2921866903;143163
2921887313;143164
2921907726;143165
2921928131;143166
2921948545;143167
2921968950;143168
2921989360;143169
2922009770;143170
2922030179;143171
2922050588;143172
2922070997;143173
2922091407;143174
2922111817;143175
2922132226;143176
2922152636;143177
2922173045;143178
2922193458;143179
2922213864;143180
2922234277;143181
2922254683;143182
2922275096;143183
2922295506;143184
2922315912;143185
2922336324;143186
2922356730;143187
2922377140;143188
2922397549;143189
2922417959;143190
2922438372;143191
2922458778;143192
2922479191;143193
2922499596;143194
2922520006;143195
2922540415;143196
2922560825;143197
2922581235;143198
2922601644;143199
2922622053;143200
2922642462;143201
2922662872;143202
2922683282;143203
2922703691;143204
2922724101;143205
2922744510;143206
2922764919;143207
2922785329;143208
2922805738;143209
2922826148;143210
2922846557;143211
2922866967;143212
2922887377;143213
2922907785;143214
2922928195;143215
2922948605;143216
2922969014;143217
2922989428;143218
2923009833;143219
2923030243;143220
2923050652;143221
2923071061;143222
2923091471;143223
2923111880;143224
2923132290;143225
2923152700;143226
2923173109;143227
2923193518;143228
2923213927;143229
2923234337;143230
2923254751;143231
2923275156;143232
2923295566;143233
2923315975;143234
2923336384;143235
2923356794;143236
2923377203;143237
2923397613;143238
2923418022;143239
2923438432;143240
2923458842;143241
2923479250;143242
2923499664;143243
2923520069;143244
2923540483;143245
2923560889;143246
2923581298;143247
2923601707;143248
2923622117;143249
2923642526;143250
2923662936;143251
2923683345;143252
2923703755;143253
2923724165;143254
2923744573;143255
2923764983;143256
2923785392;143257
2923805802;143258
2923826212;143259
2923846621;143260
2923867031;143261
2923887439;143262
2923907853;143263
2923928259;143264
2923948668;143265
2923969078;143266
2923989487;143267
2924009897;143268
2924030310;143269
2924050715;143270
2924071129;143271
2924091534;143272
2924111944;143273
2924132354;143274
2924152763;143275
2924173172;143276
2924193581;143277
2924213991;143278
2924234401;143279
2924254810;143280
2924275224;143281
2924295633;143282
2924316038;143283
2924336448;143284
2924356857;143285
2924377267;143286
2924397677;143287
2924418086;143288
2924438496;143289
2924458908;143290
2924479314;143291
2924499724;143292
2924520137;143293
2924540543;143294
2924560952;143295
2924581362;143296
2924601771;143297
2924622184;143298
2924642590;143299
2924662999;143300
2924683409;143301
2924703819;143302
2924724228;143303
2924744637;143304
2924765046;143305
2924785460;143306
2924805866;143307
2924826275;143308
2924846685;143309
2924867094;143310
2924887503;143311
2924907917;143312
2924928322;143313
2924948732;143314
2924969146;143315
2924989551;143316
2925009961;143317
2925030369;143318
2925050779;143319
2925071189;143320
2925091602;143321
2925112008;143322
2925132417;143323
2925152830;143324
2925173236;143325
2925193645;143326
2925214055;143327
2925234464;143328
2925254878;143329
2925275284;143330
2925295696;143331
2925316102;143332
2925336511;143333
2925356925;143334
2925377331;143335
2925397740;143336
2925418150;143337
2925438558;143338
2925458972;143339
2925479378;143340
2925499787;143341
2925520197;143342
2925540606;143343
2925561016;143344
2925581425;143345
2925601834;143346
2925622244;143347
2925642654;143348
2925663063;143349
2925683473;143350
2925703882;143351
2925724295;143352
2925744701;143353
2925765110;143354
2925785520;143355
2925805929;143356
2925826339;143357
2925846752;143358
2925867157;143359
2925887567;143360
2925907976;143361
2925928386;143362
2925948796;143363
2925969205;143364
2925989618;143365
2926010023;143366
2926030433;143367
2926050843;143368
2926071252;143369
2926091662;143370
2926112071;143371
2926132481;143372
2926152890;143373
2926173303;143374
2926193709;143375
2926214118;143376
2926234528;143377
2926254938;143378
2926275347;143379
2926295756;143380
2926316166;143381
2926336575;143382
2926356985;143383
2926377394;143384
2926397804;143385
2926418213;143386
2926438626;143387
2926459036;143388
2926479441;143389
2926499851;143390
2926520261;143391
2926540670;143392
2926561079;143393
2926581488;143394
2926601898;143395
2926622308;143396
2926642717;143397
2926663127;143398
2926683536;143399
2926703946;143400
2926724355;143401
2926744768;143402
2926765174;143403
2926785583;143404
2926805993;143405
2926826403;143406
2926846812;143407
2926867221;143408
2926887630;143409
2926908040;143410
2926928450;143411
2926948859;143412
2926969273;143413
2926989682;143414
2927010087;143415
2927030501;143416
2927050906;143417
2927071316;143418
2927091726;143419
2927112139;143420
2927132548;143421
2927152953;143422
2927173363;143423
2927193773;143424
2927214182;143425
2927234592;143426
2927255005;143427
2927275414;143428
2927295824;143429
2927316229;143430
2927336613;143431
2927357022;143432
2927377432;143433
2927397841;143434
2927418250;143435
2927438660;143436
2927459069;143437
2927479479;143438
2927499888;143439
2927520298;143440
2927540707;143441
2927561116;143442
2927581525;143443
2927601935;143444
2927622345;143445
2927642754;143446
2927663168;143447
2927683573;143448
2927703982;143449
2927724395;143450
2927744805;143451
2927765210;143452
2927785620;143453
2927806030;143454
2927826439;143455
2927846848;143456
2927867257;143457
2927887667;143458
2927908076;143459
2927928486;143460
2927948899;143461
2927969305;143462
2927989713;143463
2928010123;143464
2928030533;143465
2928050942;143466
2928071352;143467
2928091761;143468
2928112170;143469
2928132579;143470
2928152989;143471
2928173398;143472
2928193812;143473
2928214222;143474
2928234627;143475
2928255037;143476
2928275445;143477
2928295855;143478
2928316264;143479
2928336678;143480
2928357083;143481
2928377493;143482
2928397903;143483
2928418311;143484
2928438721;143485
2928459130;143486
2928479544;143487
2928499953;143488
2928520359;143489
2928540768;143490
2928561177;143491
2928581591;143492
2928601996;143493
2928622406;143494
2928642815;143495
2928663225;143496
2928683633;143497
2928704043;143498
2928724452;143499
2928744866;143500
2928765272;143501
2928785681;143502
2928806091;143503
2928826499;143504
2928846909;143505
2928867318;143506
2928887728;143507
2928908137;143508
2928928547;143509
2928948956;143510
2928969365;143511
2928989775;143512
2929010184;143513
2929030594;143514
2929051003;143515
2929071413;143516
2929091822;143517
2929112231;143518
2929132640;143519
2929153054;143520
2929173464;143521
2929193869;143522
2929214279;143523
2929234688;143524
2929255101;143525
2929275506;143526
2929295916;143527
2929316329;143528
2929336735;143529
2929357145;143530
2929377557;143531
2929397963;143532
2929418372;143533
2929438782;143534
2929459191;143535
2929479601;143536
2929500010;143537
2929520420;143538
2929540829;143539
2929561238;143540
2929581652;143541
2929602057;143542
2929622467;143543
2929642876;143544
2929663286;143545
2929683694;143546
2929704104;143547
2929724513;143548
2929744923;143549
2929765333;143550
2929785742;143551
2929806152;143552
2929826560;143553
2929846970;143554
2929867379;143555
2929887793;143556
2929908202;143557
2929928608;143558
2929949021;143559
2929969426;143560
2929989836;143561
2930010245;143562
2930030659;143563
2930051064;143564
2930071474;143565
2930091882;143566
2930112292;143567
2930132702;143568
2930153111;143569
2930173521;143570
2930193930;143571
2930214340;143572
2930234748;143573
2930255158;143574
2930275567;143575
2930295977;143576
2930316391;143577
2930336796;143578
2930357206;143579
2930377614;143580
2930398024;143581
2930418437;143582
2930438843;143583
2930459252;143584
2930479662;143585
2930500072;143586
2930520480;143587
2930540894;143588
2930561303;143589
2930581709;143590
2930602118;143591
2930622532;143592
2930642937;143593
2930663346;143594
2930683755;143595
2930704165;143596
2930724575;143597
2930744984;143598
2930765398;143599
2930785803;143600
2930806216;143601
2930826621;143602
2930847031;143603
2930867440;143604
2930887850;143605
2930908260;143606
2930928669;143607
2930949078;143608
2930969487;143609
2930989897;143610
2931010306;143611
2931030716;143612
2931051125;143613
2931071535;143614
2931091944;143615
2931112353;143616
2931132763;143617
2931153172;143618
2931173586;143619
2931193991;143620
2931214404;143621
2931234809;143622
2931255219;143623
2931275629;143624
2931296038;143625
2931316448;143626
2931336861;143627
2931357270;143628
2931377675;143629
2931398085;143630
2931418494;143631
2931438904;143632
2931459318;143633
2931479727;143634
2931500136;143635
2931520541;143636
2931540955;143637
2931561360;143638
2931581774;143639
2931602179;143640
2931622589;143641
2931642998;143642
2931663407;143643
2931683817;143644
2931704226;143645
2931724636;143646
2931745045;143647
2931765455;143648
2931785863;143649
2931806273;143650
2931826682;143651
2931847092;143652
2931867502;143653
2931887911;143654
2931908321;143655
2931928733;143656
2931949139;143657
2931969552;143658
2931989958;143659
2932010371;143660
2932030777;143661
2932051187;143662
2932071595;143663
2932092005;143664
2932112414;143665
2932132824;143666
2932153233;143667
2932173643;143668
2932194052;143669
2932214461;143670
2932234871;143671
2932255280;143672
2932275690;143673
2932296103;143674
2932316509;143675
2932336918;143676
2932357331;143677
2932377736;143678
2932398150;143679
2932418556;143680
2932438969;143681
2932459375;143682
2932479784;143683
2932500194;143684
2932520602;143685
2932541012;143686
2932561421;143687
2932581831;143688
2932602240;143689
2932622650;143690
2932643059;143691
2932663468;143692
2932683878;143693
2932704287;143694
2932724697;143695
2932745106;143696
2932765516;143697
2932785924;143698
2932806334;143699
2932826744;143700
2932847153;143701
2932867563;143702
2932887972;143703
2932908382;143704
2932928790;143705
2932949200;143706
2932969613;143707
2932990023;143708
2933010429;143709
2933030838;143710
2933051248;143711
2933071656;143712
2933092070;143713
2933112475;143714
2933132885;143715
2933153298;143716
2933173704;143717
2933194114;143718
2933214522;143719
2933234932;143720
2933255341;143721
2933275751;143722
2933296160;143723
2933316570;143724
2933336978;143725
2933357392;143726
2933377797;143727
2933398207;143728
2933418617;143729
2933439026;143730
2933459440;143731
2933479845;143732
2933500254;143733
2933520663;143734
2933541077;143735
2933561482;143736
2933581892;143737
2933602302;143738
2933622711;143739
2933643120;143740
2933663533;143741
2933683939;143742
2933704348;143743
2933724758;143744
2933745167;143745
2933765577;143746
2933785986;143747
2933806399;143748
2933826805;143749
2933847214;143750
2933867624;143751
2933888033;143752
2933908443;143753
2933928851;143754
2933949261;143755
2933969671;143756
2933990080;143757
2934010490;143758
2934030903;143759
2934051309;143760
2934071717;143761
2934092127;143762
2934112540;143763
2934132946;143764
2934153356;143765
2934173765;143766
2934194175;143767
2934214583;143768
2934234993;143769
2934255402;143770
2934275816;143771
2934296221;143772
2934316631;143773
2934337040;143774
2934357449;143775
2934377859;143776
2934398268;143777
2934418678;143778
2934439087;143779
2934459497;143780
2934479906;143781
2934500319;143782
2934520724;143783
2934541134;143784
2934561544;143785
2934581953;143786
2934602363;143787
2934622772;143788
2934643181;143789
2934663594;143790
2934684004;143791
2934704413;143792
2934724823;143793
2934745229;143794
2934765642;143795
2934786047;143796
2934806460;143797
2934826866;143798
2934847275;143799
2934867685;143800
2934888094;143801
2934908504;143802
2934928913;143803
2934949322;143804
2934969732;143805
2934990141;143806
2935010551;143807
2935030960;143808
2935051370;143809
2935071778;143810
2935092188;143811
2935112598;143812
2935133007;143813
2935153417;143814
2935173826;143815
2935194236;143816
2935214644;143817
2935235054;143818
2935255467;143819
2935275877;143820
2935296282;143821
2935316696;143822
2935337101;143823
2935357514;143824
2935377920;143825
2935398329;143826
2935418739;143827
2935439148;143828
2935459558;143829
2935479966;143830
2935500376;143831
2935520790;143832
2935541195;143833
2935561605;143834
2935582014;143835
2935602424;143836
2935622833;143837
2935643242;143838
2935663655;143839
2935684061;143840
2935704471;143841
2935724880;143842
2935745290;143843
2935765699;143844
2935786108;143845
2935806517;143846
2935826927;143847
2935847336;143848
2935867750;143849
2935888160;143850
2935908568;143851
2935928974;143852
2935949383;143853
2935969793;143854
2935990206;143855
2936010612;143856
2936031021;143857
2936051430;143858
2936071840;143859
2936092253;143860
2936112659;143861
2936133068;143862
2936153478;143863
2936173887;143864
2936194296;143865
2936214705;143866
2936235115;143867
2936255524;143868
2936275934;143869
2936296344;143870
2936316753;143871
2936337163;143872
2936357571;143873
2936377981;143874
2936398390;143875
2936418800;143876
2936439209;143877
2936459619;143878
2936480029;143879
2936500437;143880
2936520847;143881
2936541256;143882
2936561666;143883
2936582075;143884
2936602485;143885
2936622897;143886
2936643303;143887
2936663713;143888
2936684122;143889
2936704532;143890
2936724941;143891
2936745351;143892
2936765763;143893
2936786169;143894
2936806578;143895
2936826988;143896
2936847398;143897
2936867807;143898
2936888221;143899
2936908625;143900
2936929039;143901
2936949444;143902
2936969858;143903
2936990263;143904
2937010673;143905
2937031082;143906
2937051491;143907
2937071901;143908
2937092310;143909
2937112720;143910
2937133129;143911
2937153539;143912
2937173948;143913
2937194361;143914
2937214766;143915
2937235180;143916
2937255586;143917
2937275999;143918
2937296405;143919
2937316814;143920
2937337204;143921
2937357609;143922
2937378019;143923
2937398428;143924
2937418838;143925
2937439251;143926
2937459660;143927
2937480065;143928
2937500475;143929
2937520884;143930
2937541294;143931
2937561707;143932
2937582117;143933
2937602521;143934
2937622931;143935
2937643340;143936
2937663750;143937
2937684159;143938
2937704569;143939
2937724978;143940
2937745391;143941
2937765796;143942
2937786206;143943
2937806615;143944
2937827025;143945
2937847434;143946
2937867844;143947
2937888253;143948
2937908662;143949
2937929071;143950
2937949481;143951
2937969890;143952
2937990304;143953
2938010709;143954
2938031119;143955
2938051527;143956
2938071937;143957
2938092346;143958
2938112760;143959
2938133170;143960
2938153575;143961
2938173985;143962
2938194393;143963
2938214803;143964
2938235212;143965
2938255622;143966
2938276031;143967
2938296445;143968
2938316849;143969
2938337259;143970
2938357668;143971
2938378078;143972
2938398487;143973
2938418897;143974
2938439306;143975
2938459715;143976
2938480124;143977
2938500534;143978
2938520943;143979
2938541357;143980
2938561762;143981
2938582172;143982
2938602581;143983
2938622990;143984
2938643399;143985
2938663809;143986
2938684218;143987
2938704628;143988
2938725041;143989
2938745446;143990
2938765859;143991
2938786269;143992
2938806674;143993
2938827084;143994
2938847497;143995
2938867903;143996
2938888311;143997
2938908725;143998
2938929134;143999
2938949540;144000
2938969949;144001
2938990359;144002
2939010768;144003
2939031177;144004
2939051586;144005
2939071996;144006
2939092405;144007
2939112815;144008
2939133224;144009
2939153634;144010
2939174046;144011
2939194456;144012
2939214865;144013
2939235271;144014
2939255680;144015
2939276090;144016
2939296499;144017
2939316908;144018
2939337321;144019
2939357727;144020
2939378136;144021
2939398546;144022
2939418955;144023
2939439365;144024
2939459773;144025
2939480183;144026
2939500596;144027
2939521006;144028
2939541411;144029
2939561821;144030
2939582230;144031
2939602639;144032
2939623048;144033
2939643458;144034
2939663867;144035
2939684277;144036
2939704690;144037
2939725096;144038
2939745504;144039
2939765914;144040
2939786323;144041
2939806733;144042
2939827143;144043
2939847552;144044
2939867962;144045
2939888374;144046
2939908784;144047
2939929193;144048
2939949603;144049
2939970012;144050
2939990418;144051
2940010827;144052
2940031236;144053
2940051645;144054
2940072055;144055
2940092464;144056
2940112874;144057
2940133283;144058
2940153692;144059
2940174101;144060
2940194511;144061
2940214920;144062
2940235330;144063
2940255743;144064
2940276153;144065
2940296557;144066
2940316967;144067
2940337376;144068
2940357790;144069
2940378195;144070
2940398605;144071
2940419014;144072
2940439424;144073
2940459832;144074
2940480242;144075
2940500651;144076
2940521061;144077
2940541470;144078
2940561880;144079
2940582292;144080
2940602702;144081
2940623107;144082
2940643517;144083
2940663930;144084
2940684336;144085
2940704745;144086
2940725154;144087
2940745567;144088
2940765973;144089
2940786382;144090
2940806792;144091
2940827201;144092
2940847611;144093
2940868019;144094
2940888433;144095
2940908838;144096
2940929248;144097
2940949657;144098
2940970067;144099
2940990476;144100
2941010885;144101
2941031294;144102
2941051704;144103
2941072113;144104
2941092523;144105
2941112936;144106
2941133342;144107
2941153750;144108
2941174160;144109
2941194573;144110
2941214979;144111
2941235388;144112
2941255798;144113
2941276207;144114
2941296620;144115
2941317029;144116
2941337439;144117
2941357848;144118
2941378254;144119
2941398663;144120
2941419072;144121
2941439481;144122
2941459891;144123
2941480301;144124
2941500710;144125
2941521120;144126
2941541529;144127
2941561939;144128
2941582347;144129
2941602761;144130
2941623166;144131
2941643576;144132
2941663985;144133
2941684395;144134
2941704804;144135
2941725213;144136
2941745622;144137
2941766032;144138
2941786441;144139
2941806851;144140
2941827264;144141
2941847669;144142
2941868082;144143
2941888492;144144
2941908897;144145
2941929307;144146
2941949716;144147
2941970126;144148
2941990539;144149
2942010944;144150
2942031357;144151
2942051763;144152
2942072172;144153
2942092582;144154
2942112991;144155
2942133401;144156
2942153809;144157
2942174219;144158
2942194628;144159
2942215042;144160
2942235447;144161
2942255861;144162
2942276265;144163
2942296675;144164
2942317084;144165
2942337494;144166
2942357903;144167
2942378313;144168
2942398722;144169
2942419131;144170
2942439540;144171
2942459950;144172
2942480359;144173
2942500769;144174
2942521178;144175
2942541588;144176
2942561996;144177
2942582406;144178
2942602819;144179
2942623225;144180
2942643634;144181
2942664044;144182
2942684453;144183
2942704863;144184
2942725271;144185
2942745681;144186
2942766094;144187
2942786500;144188
2942806909;144189
2942827318;144190
2942847728;144191
2942868137;144192
2942888546;144193
2942908960;144194
2942929365;144195
2942949775;144196
2942970184;144197
2942990597;144198
2943011002;144199
2943031412;144200
2943051825;144201
2943072231;144202
2943092640;144203
2943113050;144204
2943133458;144205
2943153868;144206
2943174278;144207
2943194687;144208
2943215101;144209
2943235510;144210
2943255916;144211
2943276328;144212
2943296734;144213
2943317143;144214
2943337553;144215
2943357962;144216
2943378372;144217
2943398781;144218
2943419190;144219
2943439599;144220
2943460009;144221
2943480422;144222
2943500828;144223
2943521237;144224
2943541647;144225
2943562059;144226
2943582465;144227
2943602874;144228
2943623288;144229
2943643693;144230
2943664103;144231
2943684512;144232
2943704921;144233
2943725330;144234
2943745740;144235
2943766149;144236
2943786559;144237
2943806968;144238
2943827377;144239
2943847786;144240
2943868196;144241
2943888609;144242
2943909015;144243
2943929424;144244
2943949834;144245
2943970242;144246
2943990652;144247
2944011061;144248
2944031475;144249
2944051880;144250
2944072294;144251
2944092699;144252
2944113108;144253
2944133517;144254
2944153927;144255
2944174336;144256
2944194746;144257
2944215155;144258
2944235565;144259
2944255974;144260
2944276383;144261
2944296792;144262
2944317202;144263
2944337615;144264
2944358025;144265
2944378430;144266
2944398839;144267
2944419252;144268
2944439658;144269
2944460067;144270
2944480477;144271
2944500886;144272
2944521296;144273
2944541704;144274
2944562114;144275
2944582523;144276
2944602933;144277
2944623342;144278
2944643752;144279
2944664161;144280
2944684574;144281
2944704979;144282
2944725389;144283
2944745802;144284
2944766212;144285
2944786617;144286
2944807027;144287
2944827436;144288
2944847845;144289
2944868255;144290
2944888664;144291
2944909074;144292
2944929483;144293
2944949893;144294
2944970301;144295
2944990711;144296
2945011124;144297
2945031530;144298
2945051939;144299
2945072349;144300
2945092757;144301
2945113167;144302
2945133580;144303
2945153990;144304
2945174399;144305
2945194805;144306
2945215214;144307
2945235624;144308
2945256032;144309
2945276442;144310
2945296851;144311
2945317265;144312
2945337670;144313
2945358080;144314
2945378492;144315
2945398898;144316
2945419307;144317
2945439717;144318
2945460126;144319
2945480540;144320
2945500945;144321
2945521354;144322
2945541763;144323
2945562173;144324
2945582582;144325
2945602996;144326
2945623401;144327
2945643815;144328
2945664219;144329
2945684629;144330
2945705038;144331
2945725448;144332
2945745857;144333
2945766267;144334
2945786676;144335
2945807085;144336
2945827494;144337
2945847904;144338
2945868313;144339
2945888727;144340
2945909132;144341
2945929542;144342
2945949950;144343
2945970360;144344
2945990769;144345
2946011179;144346
2946031588;144347
2946052002;144348
2946072407;144349
2946092816;144350
2946113225;144351
2946133635;144352
2946154044;144353
2946174454;144354
2946194863;144355
2946215273;144356
2946235681;144357
2946256091;144358
2946276500;144359
2946296910;144360
2946317319;144361
2946337729;144362
2946358138;144363
2946378547;144364
2946398956;144365
2946419366;144366
2946439775;144367
2946460185;144368
2946480599;144369
2946501004;144370
2946521413;144371
2946541822;144372
2946562232;144373
2946582641;144374
2946603051;144375
2946623464;144376
2946643870;144377
2946664282;144378
2946684688;144379
2946705097;144380
2946725511;144381
2946745920;144382
2946766326;144383
2946786738;144384
2946807144;144385
2946827553;144386
2946847963;144387
2946868372;144388
2946888782;144389
2946909191;144390
2946929600;144391
2946950009;144392
2946970419;144393
2946990828;144394
2947011238;144395
2947031647;144396
2947052057;144397
2947072469;144398
2947092875;144399
2947113284;144400
2947133694;144401
2947154103;144402
2947174513;144403
2947194922;144404
2947215331;144405
2947235744;144406
2947256154;144407
2947276559;144408
2947296973;144409
2947317378;144410
2947337828;144411
2947358237;144412
2947378646;144413
2947399056;144414
2947419465;144415
2947439875;144416
2947460284;144417
2947480694;144418
2947501104;144419
2947521516;144420
2947541922;144421
2947562331;144422
2947582741;144423
2947603154;144424
2947623560;144425
2947643969;144426
2947664378;144427
2947684788;144428
2947705197;144429
2947725607;144430
2947746017;144431
2947766426;144432
2947786835;144433
2947807244;144434
2947827654;144435
2947848063;144436
2947868473;144437
2947888883;144438
2947909292;144439
2947929701;144440
2947950114;144441
2947970520;144442
2947990930;144443
2948011339;144444
2948031749;144445
2948052158;144446
2948072568;144447
2948092977;144448
2948113386;144449
2948133800;144450
2948154205;144451
2948174615;144452
2948195024;144453
2948215433;144454
2948235843;144455
2948256252;144456
2948276662;144457
2948297071;144458
2948317481;144459
2948337891;144460
2948358300;144461
2948378709;144462
2948399118;144463
2948419528;144464
2948439938;144465
2948460347;144466
2948480757;144467
2948501169;144468
2948521575;144469
2948541984;144470
2948562394;144471
2948582804;144472
2948603213;144473
2948623626;144474
2948644031;144475
2948664445;144476
2948684851;144477
2948705260;144478
2948725670;144479
2948746079;144480
2948766493;144481
2948786902;144482
2948807307;144483
2948827717;144484
2948848126;144485
2948868536;144486
2948888945;144487
2948909359;144488
2948929764;144489
2948950173;144490
2948970583;144491
2948990992;144492
2949011406;144493
2949031812;144494
2949052221;144495
2949072630;144496
2949093039;144497
2949113449;144498
2949133859;144499
2949154268;144500
2949174678;144501
2949195091;144502
2949215496;144503
2949235905;144504
2949256315;144505
2949276725;144506
2949297134;144507
2949317544;144508
2949337953;144509
2949358362;144510
2949378772;144511
2949399181;144512
2949419591;144513
2949440000;144514
2949460410;144515
2949480823;144516
2949501228;144517
2949521638;144518
2949542047;144519
2949562457;144520
2949582866;144521
2949603276;144522
2949623686;144523
2949644094;144524
2949664508;144525
2949684913;144526
2949705323;144527
2949725737;144528
2949746146;144529
2949766552;144530
2949786964;144531
2949807370;144532
2949827780;144533
2949848189;144534
2949868599;144535
2949889008;144536
2949909418;144537
2949929826;144538
2949950236;144539
2949970646;144540
2949991055;144541
2950011469;144542
2950031878;144543
2950052287;144544
2950072697;144545
2950093102;144546
2950113512;144547
2950133921;144548
2950154335;144549
2950174741;144550
2950195150;144551
2950215559;144552
2950235968;144553
2950256378;144554
2950276787;144555
2950297197;144556
2950317607;144557
2950338016;144558
2950358425;144559
2950378834;144560
2950399244;144561
2950419658;144562
2950440063;144563
2950460473;144564
2950480882;144565
2950501291;144566
2950521700;144567
2950542110;144568
2950562520;144569
2950582929;144570
2950603339;144571
2950623747;144572
2950644157;144573
2950664567;144574
2950684976;144575
2950705386;144576
2950725795;144577
2950746205;144578
2950766615;144579
2950787023;144580
2950807433;144581
2950827842;144582
2950848252;144583
2950868661;144584
2950889071;144585
2950909481;144586
2950929889;144587
2950950299;144588
2950970708;144589
2950991118;144590
2951011528;144591
2951031937;144592
2951052347;144593
2951072755;144594
2951093165;144595
2951113575;144596
2951133984;144597
2951154394;144598
2951174803;144599
2951195212;144600
2951215621;144601
2951236031;144602
2951256441;144603
2951276850;144604
2951297260;144605
2951317673;144606
2951338082;144607
2951358488;144608
2951378897;144609
2951399307;144610
2951419720;144611
2951440126;144612
2951460536;144613
2951480945;144614
2951501354;144615
2951521763;144616
2951542177;144617
2951562582;144618
2951582992;144619
2951603402;144620
2951623811;144621
2951644220;144622
2951664629;144623
2951685039;144624
2951705449;144625
2951725862;144626
2951746271;144627
2951766676;144628
2951787086;144629
2951807496;144630
2951827905;144631
2951848315;144632
2951868724;144633
2951889134;144634
2951909542;144635
2951929952;144636
2951950362;144637
2951970771;144638
2951991181;144639
2952011590;144640
2952032003;144641
2952052413;144642
2952072818;144643
2952093228;144644
2952113637;144645
2952134047;144646
2952154457;144647
2952174866;144648
2952195275;144649
2952215684;144650
2952236094;144651
2952256503;144652
2952276913;144653
2952297323;144654
2952317731;144655
2952338141;144656
2952358550;144657
2952378960;144658
2952399370;144659
2952419783;144660
2952440189;144661
2952460601;144662
2952481007;144663
2952501417;144664
2952521830;144665
2952542236;144666
2952562645;144667
2952583055;144668
2952603464;144669
2952623873;144670
2952644283;144671
2952664692;144672
2952685102;144673
2952705515;144674
2952725925;144675
2952746331;144676
2952766739;144677
2952787149;144678
2952807558;144679
2952827968;144680
2952848377;144681
2952868787;144682
2952889196;144683
2952909605;144684
2952930015;144685
2952950428;144686
2952970834;144687
2952991244;144688
2953011653;144689
2953032066;144690
2953052471;144691
2953072881;144692
2953093291;144693
2953113700;144694
2953134110;144695
2953154519;144696
2953174928;144697
2953195337;144698
2953215747;144699
2953236157;144700
2953256566;144701
2953276976;144702
2953297385;144703
2953317794;144704
2953338204;144705
2953358613;144706
2953379023;144707
2953399432;144708
2953419842;144709
2953440252;144710
2953460660;144711
2953481070;144712
2953501479;144713
2953521889;144714
2953542302;144715
2953562708;144716
2953583118;144717
2953603526;144718
2953623936;144719
2953644345;144720
2953664755;144721
2953685165;144722
2953705574;144723
2953725984;144724
2953746392;144725
2953766806;144726
2953787212;144727
2953807621;144728
2953828031;144729
2953848440;144730
2953868849;144731
2953889258;144732
2953909668;144733
2953930082;144734
2953950491;144735
2953970897;144736
2953991306;144737
2954011716;144738
2954032125;144739
2954052534;144740
2954072944;144741
2954093353;144742
2954113763;144743
2954134173;144744
2954154581;144745
2954174991;144746
2954195400;144747
2954215810;144748
2954236219;144749
2954256629;144750
2954277039;144751
2954297448;144752
2954317857;144753
2954338266;144754
2954358676;144755
2954379086;144756
2954399495;144757
2954419905;144758
2954440314;144759
2954460723;144760
2954481133;144761
2954501542;144762
2954521952;144763
2954542365;144764
2954562775;144765
2954583179;144766
2954603593;144767
2954623999;144768
2954644408;144769
2954664818;144770
2954685231;144771
2954705637;144772
2954726046;144773
2954746455;144774
2954766865;144775
2954787274;144776
2954807684;144777
2954828098;144778
2954848502;144779
2954868912;144780
2954889321;144781
2954909731;144782
2954930144;144783
2954950550;144784
2954970960;144785
2954991372;144786
2955011778;144787
2955032187;144788
2955052601;144789
2955073011;144790
2955093416;144791
2955113826;144792
2955134235;144793
2955154644;144794
2955175054;144795
2955195463;144796
2955215873;144797
2955236286;144798
2955256696;144799
2955277101;144800
2955297514;144801
2955317920;144802
2955338329;144803
2955358743;144804
2955379148;144805
2955399558;144806
2955419967;144807
2955440376;144808
2955460786;144809
2955481195;144810
2955501605;144811
2955522014;144812
2955542428;144813
2955562834;144814
2955583242;144815
2955603652;144816
2955624061;144817
2955644471;144818
2955664881;144819
2955685294;144820
2955705699;144821
2955726112;144822
2955746518;144823
2955766928;144824
2955787337;144825
2955807751;144826
2955828156;144827
2955848565;144828
2955868974;144829
2955889384;144830
2955909794;144831
2955930207;144832
2955950613;144833
2955971022;144834
2955991431;144835
2956011841;144836
2956032250;144837
2956052660;144838
2956073069;144839
2956093479;144840
2956113889;144841
2956134298;144842
2956154711;144843
2956175116;144844
2956195526;144845
2956215935;144846
2956236345;144847
2956256755;144848
2956277163;144849
2956297573;144850
2956317982;144851
2956338396;144852
2956358806;144853
2956379211;144854
2956399621;144855
2956420033;144856
2956440439;144857
2956460849;144858
2956481262;144859
2956501668;144860
2956522077;144861
2956542487;144862
2956562899;144863
2956583305;144864
2956603715;144865
2956624124;144866
2956644534;144867
2956664947;144868
2956685353;144869
2956705762;144870
2956726171;144871
2956746581;144872
2956766990;144873
2956787400;144874
2956807810;144875
2956828219;144876
2956848628;144877
2956869037;144878
2956889447;144879
2956909856;144880
2956930266;144881
2956950676;144882
2956971085;144883
2956991498;144884
2957011903;144885
2957032313;144886
2957052723;144887
2957073132;144888
2957093546;144889
2957113951;144890
2957134360;144891
2957154770;144892
2957175179;144893
2957195589;144894
2957215998;144895
2957236408;144896
2957256817;144897
2957277226;144898
2957297636;144899
2957318049;144900
2957338465;144901
2957358870;144902
2957379280;144903
2957399690;144904
2957420098;144905
2957440508;144906
2957460917;144907
2957481327;144908
2957501737;144909
2957522150;144910
2957542559;144911
2957562968;144912
2957583374;144913
2957603784;144914
2957624193;144915
2957644603;144916
2957665012;144917
2957685421;144918
2957705831;144919
2957726244;144920
2957746650;144921
2957767059;144922
2957787469;144923
2957807879;144924
2957828288;144925
2957848697;144926
2957869106;144927
2957889516;144928
2957909930;144929
2957930335;144930
2957950745;144931
2957971153;144932
2957991563;144933
2958011973;144934
2958032382;144935
2958052792;144936
2958073201;144937
2958093611;144938
2958114024;144939
2958134429;144940
2958154843;144941
2958175248;144942
2958195658;144943
2958216068;144944
2958236477;144945
2958256886;144946
2958277295;144947
2958297705;144948
2958318115;144949
2958338524;144950
2958358934;144951
2958379343;144952
2958399752;144953
2958420166;144954
2958440575;144955
2958460981;144956
2958481390;144957
2958501800;144958
2958522210;144959
2958542622;144960
2958563028;144961
2958583437;144962
2958603847;144963
2958624257;144964
2958644666;144965
2958665076;144966
2958685484;144967
2958705894;144968
2958726304;144969
2958746713;144970
2958767123;144971
2958787532;144972
2958807942;144973
2958828355;144974
2958848760;144975
2958869170;144976
2958889579;144977
2958909989;144978
2958930399;144979
2958950808;144980
2958971217;144981
2958991626;144982
2959012040;144983
2959032446;144984
2959052855;144985
2959073265;144986
2959093677;144987
2959114087;144988
2959134493;144989
2959154906;144990
2959175312;144991
2959195721;144992
2959216131;144993
2959236541;144994
2959256949;144995
2959277359;144996
2959297768;144997
2959318178;144998
2959338588;144999
2959358997;145000
2959379407;145001
2959399819;145002
2959420225;145003
2959440635;145004
2959461044;145005
2959481454;145006
2959501867;145007
2959522272;145008
2959542682;145009
2959563091;145010
2959583501;145011
2959603914;145012
2959624320;145013
2959644730;145014
2959665142;145015
2959685548;145016
2959705957;145017
2959726367;145018
2959746781;145019
2959767190;145020
2959787596;145021
2959808004;145022
2959828414;145023
2959848824;145024
2959869233;145025
2959889643;145026
2959910056;145027
2959930462;145028
2959950871;145029
2959971280;145030
2959991690;145031
2960012099;145032
2960032509;145033
2960052923;145034
2960073328;145035
2960093737;145036
2960114146;145037
2960134556;145038
2960154966;145039
2960175375;145040
2960195785;145041
2960216194;145042
2960236604;145043
2960257013;145044
2960277426;145045
2960297836;145046
2960318245;145047
2960338655;145048
2960359061;145049
2960379473;145050
2960399879;145051
2960420288;145052
2960440698;145053
2960461108;145054
2960481517;145055
2960501927;145056
2960522335;145057
2960542745;145058
2960563159;145059
2960583564;145060
2960603974;145061
2960624383;145062
2960644792;145063
2960665202;145064
2960685615;145065
2960706021;145066
2960726434;145067
2960746844;145068
2960767250;145069
2960787659;145070
2960808072;145071
2960828477;145072
2960848887;145073
2960869297;145074
2960889706;145075
2960910116;145076
2960930525;145077
2960950938;145078
2960971348;145079
2960991753;145080
2961012163;145081
2961032572;145082
2961052982;145083
2961073391;145084
2961093800;145085
2961114210;145086
2961134619;145087
2961155029;145088
2961175439;145089
2961195848;145090
2961216257;145091
2961236666;145092
2961257076;145093
2961277486;145094
2961297899;145095
2961318305;145096
2961338714;145097
2961359123;145098
2961379533;145099
2961399942;145100
2961420352;145101
2961440761;145102
2961461175;145103
2961481581;145104
2961501990;145105
2961522399;145106
2961542808;145107
2961563222;145108
2961583628;145109
2961604037;145110
2961624447;145111
2961644855;145112
2961665265;145113
2961685675;145114
2961706084;145115
2961726498;145116
2961746907;145117
2961767317;145118
2961787722;145119
2961808135;145120
2961828541;145121
2961848950;145122
2961869364;145123
2961889774;145124
2961910182;145125
2961930588;145126
2961951001;145127
2961971407;145128
2961991821;145129
2962012226;145130
2962032636;145131
2962053045;145132
2962073454;145133
2962093868;145134
2962114273;145135
2962134687;145136
2962155092;145137
2962175502;145138
2962195912;145139
2962216324;145140
2962236730;145141
2962257139;145142
2962277549;145143
2962297959;145144
2962318368;145145
2962338781;145146
2962359186;145147
2962379596;145148
2962400006;145149
2962420415;145150
2962440825;145151
2962461234;145152
2962481644;145153
2962502053;145154
2962522462;145155
2962542872;145156
2962563281;145157
2962583695;145158
2962604101;145159
2962624513;145160
2962644919;145161
2962665328;145162
2962685738;145163
2962706152;145164
2962726557;145165
2962746970;145166
2962767375;145167
2962787785;145168
2962808195;145169
2962828604;145170
2962849014;145171
2962869423;145172
2962889833;145173
2962910242;145174
2962930655;145175
2962951061;145176
2962971470;145177
2962991880;145178
2963012290;145179
2963032699;145180
2963053112;145181
2963073517;145182
2963093927;145183
2963114341;145184
2963134746;145185
2963155156;145186
2963175565;145187
2963195974;145188
2963216384;145189
2963236797;145190
2963257203;145191
2963277612;145192
2963298022;145193
2963318435;145194
2963338840;145195
2963359254;145196
2963379659;145197
2963400069;145198
2963420479;145199
2963440888;145200
2963461298;145201
2963481706;145202
2963502116;145203
2963522526;145204
2963542939;145205
2963563349;145206
2963583758;145207
2963604167;145208
2963624573;145209
2963644982;145210
2963665392;145211
2963685801;145212
2963706211;145213
2963726621;145214
2963747033;145215
2963767443;145216
2963787848;145217
2963808258;145218
2963828668;145219
2963849077;145220
2963869487;145221
2963889895;145222
2963910305;145223
2963930715;145224
2963951124;145225
2963971534;145226
2963991947;145227
2964012356;145228
2964032762;145229
2964053171;145230
2964073581;145231
2964093990;145232
2964114400;145233
2964134814;145234
2964155219;145235
2964175632;145236
2964196037;145237
2964216451;145238
2964236857;145239
2964257266;145240
2964277676;145241
2964298085;145242
2964318494;145243
2964338908;145244
2964359313;145245
2964379723;145246
2964400132;145247
2964420542;145248
2964440952;145249
2964461364;145250
2964481770;145251
2964502179;145252
2964522589;145253
2964543003;145254
2964563408;145255
2964583818;145256
2964604230;145257
2964624636;145258
2964645046;145259
2964665455;145260
2964685869;145261
2964706274;145262
2964726684;145263
2964747093;145264
2964767502;145265
2964787912;145266
2964808321;145267
2964828731;145268
2964849141;145269
2964869549;145270
2964889959;145271
2964910368;145272
2964930778;145273
2964951188;145274
2964971597;145275
2964992007;145276
2965012415;145277
2965032829;145278
2965053235;145279
2965073648;145280
2965094054;145281
2965114463;145282
2965134873;145283
2965155283;145284
2965175691;145285
2965196101;145286
2965216510;145287
2965236920;145288
2965257330;145289
2965277739;145290
2965298149;145291
2965318561;145292
2965338967;145293
2965359377;145294
2965379786;145295
2965400196;145296
2965420609;145297
2965441014;145298
2965461424;145299
2965481833;145300
2965502243;145301
2965522652;145302
2965543062;145303
2965563472;145304
2965583880;145305
2965604290;145306
2965624699;145307
2965645109;145308
2965665519;145309
2965685928;145310
2965706338;145311
2965726746;145312
2965747156;145313
2965767570;145314
2965787979;145315
2965808385;145316
2965828794;145317
2965849204;145318
2965869614;145319
2965890026;145320
2965910436;145321
2965930845;145322
2965951251;145323
2965971665;145324
2965992070;145325
2966012479;145326
2966032888;145327
2966053298;145328
2966073712;145329
2966094117;145330
2966114527;145331
2966134936;145332
2966155345;145333
2966175759;145334
2966196164;145335
2966216574;145336
2966236983;145337
2966257393;145338
2966277803;145339
2966298211;145340
2966318621;145341
2966339030;145342
2966359440;145343
2966379850;145344
2966400263;145345
2966420673;145346
2966441077;145347
2966461487;145348
2966481901;145349
2966502306;145350
2966522716;145351
2966543125;145352
2966563535;145353
2966583944;145354
2966604353;145355
2966624763;145356
2966645172;145357
2966665582;145358
2966685992;145359
2966706401;145360
2966726810;145361
2966747219;145362
2966767629;145363
2966788039;145364
2966808448;145365
2966828858;145366
2966849270;145367
2966869676;145368
2966890086;145369
2966910495;145370
2966930905;145371
2966951314;145372
2966971728;145373
2966992134;145374
2967012542;145375
2967032956;145376
2967053361;145377
2967073775;145378
2967094181;145379
2967114590;145380
2967135000;145381
2967155408;145382
2967175818;145383
2967196228;145384
2967216641;145385
2967237051;145386
2967257456;145387
2967277865;145388
2967298275;145389
2967318684;145390
2967339077;145391
2967359486;145392
2967379896;145393
2967400305;145394
2967420715;145395
2967441124;145396
2967461533;145397
2967481943;145398
2967502352;145399
2967522762;145400
2967543171;145401
2967563580;145402
2967583994;145403
2967604399;145404
2967624809;145405
2967645218;145406
2967665628;145407
2967686037;145408
2967706446;145409
2967726856;145410
2967747265;145411
2967767679;145412
2967788088;145413
2967808494;145414
2967828903;145415
2967849313;145416
2967869721;145417
2967890131;145418
2967910541;145419
2967930954;145420
2967951360;145421
2967971769;145422
2967992178;145423
2968012587;145424
2968033001;145425
2968053407;145426
2968073816;145427
2968094226;145428
2968114639;145429
2968135044;145430
2968155453;145431
2968175863;145432
2968196273;145433
2968216686;145434
2968237096;145435
2968257501;145436
2968277910;145437
2968298319;145438
2968318733;145439
2968339142;145440
2968359552;145441
2968379958;145442
2968400367;145443
2968420780;145444
2968441185;145445
2968461595;145446
2968482004;145447
2968502414;145448
2968522828;145449
2968543233;145450
2968563642;145451
2968584051;145452
2968604461;145453
2968624870;145454
2968645280;145455
2968665690;145456
2968686099;145457
2968706508;145458
2968726917;145459
2968747327;145460
2968767740;145461
2968788150;145462
2968808555;145463
2968828965;145464
2968849374;145465
2968869783;145466
2968890193;145467
2968910602;145468
2968931012;145469
2968951421;145470
2968971831;145471
2968992240;145472
2969012649;145473
2969033063;145474
2969053468;145475
2969073878;145476
2969094291;145477
2969114701;145478
2969135106;145479
2969155515;145480
2969175925;145481
2969196334;145482
2969216744;145483
2969237153;145484
2969257563;145485
2969277971;145486
2969298385;145487
2969318791;145488
2969339200;145489
2969359610;145490
2969380019;145491
2969400433;145492
2969420837;145493
2969441247;145494
2969461657;145495
2969482066;145496
2969502480;145497
2969522885;145498
2969543295;145499
2969563707;145500
2969584113;145501
2969604527;145502
2969624932;145503
2969645342;145504
2969665751;145505
2969686161;145506
2969706569;145507
2969726983;145508
2969747388;145509
2969767798;145510
2969788208;145511
2969808621;145512
2969829030;145513
2969849439;145514
2969869845;145515
2969890254;145516
2969910664;145517
2969931078;145518
2969951487;145519
2969971896;145520
2969992305;145521
2970012711;145522
2970033120;145523
2970053530;145524
2970073940;145525
2970094349;145526
2970114759;145527
2970135167;145528
2970155577;145529
2970175986;145530
2970196396;145531
2970216809;145532
2970237215;145533
2970257624;145534
2970278033;145535
2970298447;145536
2970318852;145537
2970339262;145538
2970359671;145539
2970380081;145540
2970400491;145541
2970420899;145542
2970441309;145543
2970461718;145544
2970482128;145545
2970502537;145546
2970522951;145547
2970543356;145548
2970563765;145549
2970584175;145550
2970604584;145551
2970624994;145552
2970645403;145553
2970665816;145554
2970686222;145555
2970706631;145556
2970727041;145557
2970747450;145558
2970767860;145559
2970788273;145560
2970808679;145561
2970829091;145562
2970849497;145563
2970869907;145564
2970890316;145565
2970910730;145566
2970931139;145567
2970951549;145568
2970971953;145569
2970992367;145570
2971012777;145571
2971033182;145572
2971053592;145573
2971074005;145574
2971094411;145575
2971114819;145576
2971135229;145577
2971155639;145578
2971176048;145579
2971196458;145580
2971216867;145581
2971237277;145582
2971257685;145583
2971278095;145584
2971298508;145585
2971318914;145586
2971339324;145587
2971359733;145588
2971380143;145589
2971400551;145590
2971420961;145591
2971441370;145592
2971461784;145593
2971482190;145594
2971502603;145595
2971523009;145596
2971543421;145597
2971563827;145598
2971584236;145599
2971604650;145600
2971625056;145601
2971645465;145602
2971665875;145603
2971686283;145604
2971706693;145605
2971727102;145606
2971747512;145607
2971767921;145608
2971788335;145609
2971808741;145610
2971829149;145611
2971849559;145612
2971869968;145613
2971890378;145614
2971910787;145615
2971931201;145616
2971951607;145617
2971972015;145618
2971992425;145619
2972012834;145620
2972033244;145621
2972053653;145622
2972074063;145623
2972094472;145624
2972114885;145625
2972135291;145626
2972155700;145627
2972176110;145628
2972196519;145629
2972216929;145630
2972237341;145631
2972257747;145632
2972278157;145633
2972298566;145634
2972318976;145635
2972339389;145636
2972359795;145637
2972380203;145638
2972400613;145639
2972421023;145640
2972441432;145641
2972461846;145642
2972482251;145643
2972502661;145644
2972523073;145645
2972543479;145646
2972563889;145647
2972584298;145648
2972604708;145649
2972625117;145650
2972645527;145651
2972665935;145652
2972686345;145653
2972706754;145654
2972727164;145655
2972747574;145656
2972767983;145657
2972788393;145658
2972808801;145659
2972829211;145660
2972849620;145661
2972870030;145662
2972890440;145663
2972910853;145664
2972931259;145665
2972951667;145666
2972972077;145667
2972992486;145668
2973012896;145669
2973033306;145670
2973053715;145671
2973074125;145672
2973094533;145673
2973114947;145674
2973135352;145675
2973155762;145676
2973176171;145677
2973196581;145678
2973216991;145679
2973237399;145680
2973257809;145681
2973278222;145682
2973298628;145683
2973319037;145684
2973339447;145685
2973359857;145686
2973380265;145687
2973400675;145688
2973421084;145689
2973441494;145690
2973461903;145691
2973482313;145692
2973502722;145693
2973523131;145694
2973543541;145695
2973563954;145696
2973584360;145697
2973604769;145698
2973625179;145699
2973645587;145700
2973666001;145701
2973686407;145702
2973706816;145703
2973727226;145704
2973747635;145705
2973768045;145706
2973788453;145707
2973808863;145708
2973829273;145709
2973849686;145710
2973870092;145711
2973890501;145712
2973910910;145713
2973931319;145714
2973951729;145715
2973972139;145716
2973992548;145717
2974012958;145718
2974033371;145719
2974053777;145720
2974074185;145721
2974094595;145722
2974115004;145723
2974135414;145724
2974155824;145725
2974176233;145726
2974196642;145727
2974217055;145728
2974237465;145729
2974257870;145730
2974278280;145731
2974298690;145732
2974319099;145733
2974339508;145734
2974359921;145735
2974380327;145736
2974400736;145737
2974421146;145738
2974441556;145739
2974461968;145740
2974482374;145741
2974502783;145742
2974523193;145743
2974543602;145744
2974564012;145745
2974584421;145746
2974604834;145747
2974625240;145748
2974645649;145749
2974666059;145750
2974686468;145751
2974706878;145752
2974727287;145753
2974747696;145754
2974768110;145755
2974788515;145756
2974808925;145757
2974829334;145758
2974849744;145759
2974870153;145760
2974890563;145761
2974910972;145762
2974931381;145763
2974951791;145764
2974972200;145765
2974992610;145766
2975013019;145767
2975033429;145768
2975053837;145769
2975074247;145770
2975094657;145771
2975115066;145772
2975135476;145773
2975155889;145774
2975176294;145775
2975196703;145776
2975217113;145777
2975237523;145778
2975257936;145779
2975278342;145780
2975298751;145781
2975319164;145782
2975339573;145783
2975359979;145784
2975380389;145785
2975400798;145786
2975421208;145787
2975441621;145788
2975462027;145789
2975482435;145790
2975502845;145791
2975523254;145792
2975543668;145793
2975564074;145794
2975584487;145795
2975604892;145796
2975625301;145797
2975645711;145798
2975666120;145799
2975686530;145800
2975706940;145801
2975727349;145802
2975747758;145803
2975768167;145804
2975788581;145805
2975808990;145806
2975829400;145807
2975849810;145808
2975870215;145809
2975890624;145810
2975911037;145811
2975931443;145812
2975951852;145813
2975972262;145814
2975992675;145815
2976013084;145816
2976033490;145817
2976053899;145818
2976074309;145819
2976094718;145820
2976115128;145821
2976135541;145822
2976155947;145823
2976176356;145824
2976196765;145825
2976217175;145826
2976237584;145827
2976257994;145828
2976278403;145829
2976298813;145830
2976319222;145831
2976339631;145832
2976360041;145833
2976380450;145834
2976400860;145835
2976421269;145836
2976441679;145837
2976462087;145838
2976482497;145839
2976502911;145840
2976523316;145841
2976543726;145842
2976564138;145843
2976584545;145844
2976604953;145845
2976625367;145846
2976645773;145847
2976666182;145848
2976686592;145849
2976707004;145850
2976727410;145851
2976747819;145852
2976768229;145853
2976788643;145854
2976809052;145855
2976829462;145856
2976849867;145857
2976870276;145858
2976890685;145859
2976911095;145860
2976931504;145861
2976951914;145862
2976972324;145863
2976992733;145864
2977013142;145865
2977033551;145866
2977053961;145867
2977074370;145868
2977094780;145869
2977115190;145870
2977135599;145871
2977156008;145872
2977176417;145873
2977196827;145874
2977217236;145875
2977237646;145876
2977258056;145877
2977278464;145878
2977298874;145879
2977319283;145880
2977339697;145881
2977360106;145882
2977380516;145883
2977400926;145884
2977421334;145885
2977441748;145886
2977462153;145887
2977482563;145888
2977502976;145889
2977523382;145890
2977543792;145891
2977564204;145892
2977584614;145893
2977605023;145894
2977625429;145895
2977645838;145896
2977666248;145897
2977686658;145898
2977707066;145899
2977727476;145900
2977747885;145901
2977768299;145902
2977788704;145903
2977809118;145904
2977829527;145905
2977849933;145906
2977870342;145907
2977890751;145908
2977911161;145909
2977931570;145910
2977951980;145911
2977972390;145912
2977992798;145913
2978013208;145914
2978033617;145915
2978054027;145916
2978074440;145917
2978094846;145918
2978115260;145919
2978135668;145920
2978156074;145921
2978176483;145922
2978196897;145923
2978217302;145924
2978237712;145925
2978258122;145926
2978278530;145927
2978298940;145928
2978319349;145929
2978339759;145930
2978360168;145931
2978380578;145932
2978400992;145933
2978421396;145934
2978441806;145935
2978462219;145936
2978482629;145937
2978503034;145938
2978523444;145939
2978543854;145940
2978564262;145941
2978584672;145942
2978605081;145943
2978625495;145944
2978645900;145945
2978666310;145946
2978686720;145947
2978707128;145948
2978727538;145949
2978747951;145950
2978768357;145951
2978788771;145952
2978809176;145953
2978829586;145954
2978849994;145955
2978870404;145956
2978890813;145957
2978911223;145958
2978931633;145959
2978952042;145960
2978972452;145961
2978992860;145962
2979013270;145963
2979033679;145964
2979054089;145965
2979074499;145966
2979094908;145967
2979115318;145968
2979135726;145969
2979156136;145970
2979176545;145971
2979196955;145972
2979217365;145973
2979237774;145974
2979258184;145975
2979278592;145976
2979299006;145977
2979319411;145978
2979339825;145979
2979360231;145980
2979380640;145981
2979401049;145982
2979421462;145983
2979441868;145984
2979462277;145985
2979482687;145986
2979503097;145987
2979523506;145988
2979543916;145989
2979564324;145990
2979584734;145991
2979605143;145992
2979625553;145993
2979645963;145994
2979666372;145995
2979686782;145996
2979707190;145997
2979727600;145998
2979748009;145999
2979768419;146000
2979788829;146001
2979809238;146002
2979829648;146003
2979850056;146004
2979870466;146005
2979890875;146006
2979911289;146007
2979931695;146008
2979952104;146009
2979972517;146010
2979992926;146011
2980013332;146012
2980033741;146013
2980054151;146014
2980074561;146015
2980094970;146016
2980115379;146017
2980135788;146018
2980156198;146019
2980176608;146020
2980197017;146021
2980217427;146022
2980237836;146023
2980258245;146024
2980278654;146025
2980299064;146026
2980319474;146027
2980339883;146028
2980360293;146029
2980380702;146030
2980401111;146031
2980421520;146032
2980441930;146033
2980462340;146034
2980482753;146035
2980503159;146036
2980523568;146037
2980543978;146038
2980564386;146039
2980584796;146040
2980605206;146041
2980625619;146042
2980646025;146043
2980666434;146044
2980686843;146045
2980707256;146046
2980727662;146047
2980748072;146048
2980768481;146049
2980788895;146050
2980809300;146051
2980829709;146052
2980850118;146053
2980870528;146054
2980890938;146055
2980911347;146056
2980931757;146057
2980952166;146058
2980972575;146059
2980992984;146060
2981013394;146061
2981033804;146062
2981054213;146063
2981074623;146064
2981095032;146065
2981115441;146066
2981135850;146067
2981156260;146068
2981176670;146069
2981197079;146070
2981217493;146071
2981237898;146072
2981258307;146073
2981278716;146074
2981299126;146075
2981319536;146076
2981339945;146077
2981360359;146078
2981380764;146079
2981401173;146080
2981421582;146081
2981441996;146082
2981462402;146083
2981482815;146084
2981503221;146085
2981523630;146086
2981544039;146087
2981564449;146088
2981584858;146089
2981605268;146090
2981625677;146091
2981646087;146092
2981666496;146093
2981686905;146094
2981707315;146095
2981727724;146096
2981748134;146097
2981768543;146098
2981788953;146099
2981809362;146100
2981829771;146101
2981850185;146102
2981870590;146103
2981891000;146104
2981911409;146105
2981931819;146106
2981952228;146107
2981972637;146108
2981993047;146109
2982013456;146110
2982033870;146111
2982054279;146112
2982074685;146113
2982095094;146114
2982115503;146115
2982135913;146116
2982156322;146117
2982176732;146118
2982197141;146119
2982217551;146120
2982237960;146121
2982258369;146122
2982278779;146123
2982299188;146124
2982319598;146125
2982340007;146126
2982360417;146127
2982380826;146128
2982401235;146129
2982421645;146130
2982442054;146131
2982462468;146132
2982482873;146133
2982503283;146134
2982523695;146135
2982544105;146136
2982564511;146137
2982584920;146138
2982605330;146139
2982625739;146140
2982646149;146141
2982666557;146142
2982686971;146143
2982707381;146144
2982727786;146145
2982748196;146146
2982768605;146147
2982789015;146148
2982809427;146149
2982829833;146150
2982850243;146151
2982870652;146152
2982891062;146153
2982911471;146154
2982931881;146155
2982952289;146156
2982972699;146157
2982993109;146158
2983013522;146159
2983033932;146160
2983054341;146161
2983074751;146162
2983095156;146163
2983115565;146164
2983135975;146165
2983156384;146166
2983176794;146167
2983197203;146168
2983217613;146169
2983238022;146170
2983258431;146171
2983278841;146172
2983299250;146173
2983319660;146174
2983340069;146175
2983360483;146176
2983380888;146177
2983401297;146178
2983421707;146179
2983442116;146180
2983462526;146181
2983482935;146182
2983503345;146183
2983523754;146184
2983544163;146185
2983564573;146186
2983584982;146187
2983605392;146188
2983625801;146189
2983646215;146190
2983666620;146191
2983687029;146192
2983707439;146193
2983727848;146194
2983748262;146195
2983768667;146196
2983789077;146197
2983809486;146198
2983829895;146199
2983850305;146200
2983870714;146201
2983891124;146202
2983911533;146203
2983931943;146204
2983952352;146205
2983972761;146206
2983993171;146207
2984013584;146208
2984033990;146209
2984054399;146210
2984074809;146211
2984095218;146212
2984115631;146213
2984136037;146214
2984156446;146215
2984176856;146216
2984197265;146217
2984217675;146218
2984238084;146219
2984258493;146220
2984278903;146221
2984299312;146222
2984319722;146223
2984340131;146224
2984360540;146225
2984380950;146226
2984401359;146227
2984421769;146228
2984442178;146229
2984462588;146230
2984482998;146231
2984503406;146232
2984523816;146233
2984544225;146234
2984564635;146235
2984585044;146236
2984605454;146237
2984625864;146238
2984646272;146239
2984666686;146240
2984687095;146241
2984707501;146242
2984727910;146243
2984748320;146244
2984768730;146245
2984789138;146246
2984809548;146247
2984829957;146248
2984850367;146249
2984870776;146250
2984891186;146251
2984911596;146252
2984932004;146253
2984952414;146254
2984972823;146255
2984993233;146256
2985013642;146257
2985034056;146258
2985054462;146259
2985074870;146260
2985095280;146261
2985115693;146262
2985136099;146263
2985156508;146264
2985176918;146265
2985197328;146266
2985217736;146267
2985238146;146268
2985258555;146269
2985278965;146270
2985299378;146271
2985319784;146272
2985340194;146273
2985360602;146274
2985381012;146275
2985401421;146276
2985421831;146277
2985442240;146278
2985462654;146279
2985483059;146280
2985503468;146281
2985523878;146282
2985544287;146283
2985564697;146284
2985585106;146285
2985605516;146286
2985625929;146287
2985646334;146288
2985666744;146289
2985687153;146290
2985707563;146291
2985727976;146292
2985748382;146293
2985768792;146294
2985789200;146295
2985809610;146296
2985830019;146297
2985850429;146298
2985870839;146299
2985891248;146300
2985911657;146301
2985932066;146302
2985952476;146303
2985972885;146304
2985993295;146305
2986013705;146306
2986034114;146307
2986054527;146308
2986074932;146309
2986095342;146310
2986115751;146311
2986136161;146312
2986156571;146313
2986176980;146314
2986197393;146315
2986217798;146316
2986238208;146317
2986258617;146318
2986279027;146319
2986299437;146320
2986319846;146321
2986340255;146322
2986360664;146323
2986381074;146324
2986401483;146325
2986421897;146326
2986442303;146327
2986462712;146328
2986483121;146329
2986503530;146330
2986523944;146331
2986544349;146332
2986564759;146333
2986585169;146334
2986605578;146335
2986625987;146336
2986646396;146337
2986666810;146338
2986687219;146339
2986707625;146340
2986728035;146341
2986748444;146342
2986768853;146343
2986789266;146344
2986809672;146345
2986830081;146346
2986850491;146347
2986870901;146348
2986891310;146349
2986911719;146350
2986932128;146351
2986952538;146352
2986972951;146353
2986993357;146354
2987013771;146355
2987034179;146356
2987054589;146357
2987074994;146358
2987095404;146359
2987115813;146360
2987136227;146361
2987156633;146362
2987177045;146363
2987197455;146364
2987217860;146365
2987238274;146366
2987258680;146367
2987279089;146368
2987299503;146369
2987319908;146370
2987340317;146371
2987360726;146372
2987381136;146373
2987401541;146374
2987421955;146375
2987442361;146376
2987462773;146377
2987483179;146378
2987503592;146379
2987523998;146380
2987544407;146381
2987564817;146382
2987585227;146383
2987605635;146384
2987626045;146385
2987646458;146386
2987666864;146387
2987687273;146388
2987707683;146389
2987728093;146390
2987748501;146391
2987768911;146392
2987789320;146393
2987809730;146394
2987830139;146395
2987850549;146396
2987870958;146397
2987891367;146398
2987911777;146399
2987932186;146400
2987952600;146401
2987973009;146402
2987993415;146403
2988013824;146404
2988034233;146405
2988054643;146406
2988075052;146407
2988095462;146408
2988115871;146409
2988136285;146410
2988156690;146411
2988177099;146412
2988197509;146413
2988217918;146414
2988238328;146415
2988258737;146416
2988279147;146417
2988299559;146418
2988319965;146419
2988340374;146420
2988360784;146421
2988381194;146422
2988401607;146423
2988422013;146424
2988442421;146425
2988462835;146426
2988483240;146427
2988503650;146428
2988524064;146429
2988544469;146430
2988564883;146431
2988585288;146432
2988605697;146433
2988626106;146434
2988646516;146435
2988666926;146436
2988687335;146437
2988707749;146438
2988728153;146439
2988748563;146440
2988768976;146441
2988789382;146442
2988809791;146443
2988830201;146444
2988850611;146445
2988871019;146446
2988891433;146447
2988911842;146448
2988932248;146449
2988952657;146450
2988973067;146451
2988993477;146452
2989013885;146453
2989034295;146454
2989054704;146455
2989075114;146456
2989095527;146457
2989115933;146458
2989136343;146459
2989156751;146460
2989177161;146461
2989197574;146462
2989217980;146463
2989238389;146464
2989258799;146465
2989279208;146466
2989299617;146467
2989320027;146468
2989340440;146469
2989360850;146470
2989381255;146471
2989401665;146472
2989422074;146473
2989442483;146474
2989462893;146475
2989483302;146476
2989503716;146477
2989524125;146478
2989544535;146479
2989564939;146480
2989585349;146481
2989605759;146482
2989626168;146483
2989646578;146484
2989666987;146485
2989687397;146486
2989707806;146487
2989728215;146488
2989748624;146489
2989769034;146490
2989789444;146491
2989809853;146492
2989830263;146493
2989850675;146494
2989871081;146495
2989891490;146496
2989911900;146497
2989932310;146498
2989952719;146499
2989973129;146500
2989993541;146501
2990013947;146502
2990034356;146503
2990054766;146504
2990075176;146505
2990095585;146506
2990115995;146507
2990136403;146508
2990156813;146509
2990177222;146510
2990197636;146511
2990218041;146512
2990238451;146513
2990258861;146514
2990279269;146515
2990299683;146516
2990320088;146517
2990340498;146518
2990360907;146519
2990381317;146520
2990401727;146521
2990422135;146522
2990442545;146523
2990462958;146524
2990483364;146525
2990503773;146526
2990524183;146527
2990544593;146528
2990565005;146529
2990585411;146530
2990605820;146531
2990626230;146532
2990646639;146533
2990667049;146534
2990687458;146535
2990707867;146536
2990728277;146537
2990748690;146538
2990769096;146539
2990789505;146540
2990809915;146541
2990830324;146542
2990850737;146543
2990871143;146544
2990891556;146545
2990911962;146546
2990932371;146547
2990952781;146548
2990973190;146549
2990993603;146550
2991014009;146551
2991034418;146552
2991054828;146553
2991075237;146554
2991095651;146555
2991116056;146556
2991136469;146557
2991156875;146558
2991177284;146559
2991197694;146560
2991218107;146561
2991238513;146562
2991258921;146563
2991279331;146564
2991299740;146565
2991320154;146566
2991340560;146567
2991360973;146568
2991381379;146569
2991401787;146570
2991422197;146571
2991442606;146572
2991463016;146573
2991483426;146574
2991503839;146575
2991524245;146576
2991544653;146577
2991565063;146578
2991585472;146579
2991605882;146580
2991626292;146581
2991646701;146582
2991667111;146583
2991687519;146584
2991707933;146585
2991728338;146586
2991748752;146587
2991769157;146588
2991789567;146589
2991809977;146590
2991830385;146591
2991850795;146592
2991871208;146593
2991891614;146594
2991912027;146595
2991932433;146596
2991952843;146597
2991973251;146598
2991993661;146599
2992014070;146600
2992034480;146601
2992054889;146602
2992075299;146603
2992095709;146604
2992116117;146605
2992136527;146606
2992156936;146607
2992177350;146608
2992197755;146609
2992218165;146610
2992238574;146611
2992258983;146612
2992279393;146613
2992299806;146614
2992320212;146615
2992340621;146616
2992361031;146617
2992381440;146618
2992401849;146619
2992422259;146620
2992442668;146621
2992463078;146622
2992483487;146623
2992503897;146624
2992524306;146625
2992544715;146626
2992565125;146627
2992585534;146628
2992605944;146629
2992626353;146630
2992646763;146631
2992667172;146632
2992687585;146633
2992707990;146634
2992728400;146635
2992748810;146636
2992769219;146637
2992789629;146638
2992810037;146639
2992830447;146640
2992850856;146641
2992871266;146642
2992891680;146643
2992912085;146644
2992932499;146645
2992952903;146646
2992973313;146647
2992993722;146648
2993014132;146649
2993034542;146650
2993054955;146651
2993075365;146652
2993095769;146653
2993116183;146654
2993136588;146655
2993156998;146656
2993177407;146657
2993197817;146658
2993218227;146659
2993238636;146660
2993259045;146661
2993279454;146662
2993299864;146663
2993320273;146664
2993340683;146665
2993361093;146666
2993381501;146667
2993401911;146668
2993422320;146669
2993442730;146670
2993463139;146671
2993483549;146672
2993503959;146673
2993524367;146674
2993544777;146675
2993565186;146676
2993585596;146677
2993606005;146678
2993626415;146679
2993646824;146680
2993667233;146681
2993687643;146682
2993708052;146683
2993728462;146684
2993748871;146685
2993769281;146686
2993789690;146687
2993810099;146688
2993830509;146689
2993850922;146690
2993871328;146691
2993891741;146692
2993912147;146693
2993932555;146694
2993952965;146695
2993973375;146696
2993993784;146697
2994014194;146698
2994034603;146699
2994055013;146700
2994075425;146701
2994095831;146702
2994116240;146703
2994136650;146704
2994157060;146705
2994177469;146706
2994197883;146707
2994218287;146708
2994238697;146709
2994259106;146710
2994279520;146711
2994299926;146712
2994320335;146713
2994340745;146714
2994361153;146715
2994381563;146716
2994401972;146717
2994422382;146718
2994442796;146719
2994463201;146720
2994483611;146721
2994504020;146722
2994524429;146723
2994544842;146724
2994565248;146725
2994585657;146726
2994606071;146727
2994626477;146728
2994646889;146729
2994667295;146730
2994687704;146731
2994708114;146732
2994728523;146733
2994748933;146734
2994769343;146735
2994789751;146736
2994810161;146737
2994830574;146738
2994850984;146739
2994871389;146740
2994891799;146741
2994912213;146742
2994932617;146743
2994953027;146744
2994973436;146745
2994993846;146746
2995014255;146747
2995034669;146748
2995055074;146749
2995075483;146750
2995095897;146751
2995116302;146752
2995136712;146753
2995157121;146754
2995177535;146755
2995197943;146756
2995218349;146757
2995238759;146758
2995259168;146759
2995279578;146760
2995299991;146761
2995320397;146762
2995340805;146763
2995361219;146764
2995381629;146765
2995402034;146766
2995422444;146767
2995442853;146768
2995463263;146769
2995483672;146770
2995504081;146771
2995524490;146772
2995544900;146773
2995565310;146774
2995585719;146775
2995606129;146776
2995626537;146777
2995646947;146778
2995667356;146779
2995687766;146780
2995708176;146781
2995728589;146782
2995748995;146783
2995769404;146784
2995789813;146785
2995810222;146786
2995830632;146787
2995851042;146788
2995871455;146789
2995891861;146790
2995912273;146791
2995932679;146792
2995953088;146793
2995973498;146794
2995993907;146795
2996014317;146796
2996034730;146797
2996055136;146798
2996075545;146799
2996095958;146800
2996116368;146801
2996136773;146802
2996157183;146803
2996177593;146804
2996198001;146805
2996218411;146806
2996238820;146807
2996259230;146808
2996279639;146809
2996300049;146810
2996320459;146811
2996340867;146812
2996361277;146813
2996381686;146814
2996402100;146815
2996422505;146816
2996442919;146817
2996463324;146818
2996483733;146819
2996504143;146820
2996524552;146821
2996544962;146822
2996565375;146823
2996585781;146824
2996606190;146825
2996626599;146826
2996647009;146827
2996667418;146828
2996687828;146829
2996708237;146830
2996728651;146831
2996749059;146832
2996769465;146833
2996789875;146834
2996810284;146835
2996830694;146836
2996851103;146837
2996871513;146838
2996891922;146839
2996912331;146840
2996932740;146841
2996953150;146842
2996973560;146843
2996993969;146844
2997014379;146845
2997034787;146846
2997055197;146847
2997075606;146848
2997096016;146849
2997116430;146850
2997136835;146851
2997157245;146852
2997177657;146853
2997198063;146854
2997218472;146855
2997238882;146856
2997259292;146857
2997279705;146858
2997300111;146859
2997320523;146860
2997340902;146861
2997361311;146862
2997381721;146863
2997402130;146864
2997422540;146865
2997442949;146866
2997463358;146867
2997483767;146868
2997504177;146869
2997524590;146870
2997544996;146871
2997565405;146872
2997585815;146873
2997606224;146874
2997626633;146875
2997647042;146876
2997667452;146877
2997687861;146878
2997708271;146879
2997728680;146880
2997749089;146881
2997769498;146882
2997789908;146883
2997810317;146884
2997830727;146885
2997851137;146886
2997871546;146887
2997891955;146888
2997912364;146889
2997932778;146890
2997953183;146891
2997973593;146892
2997994002;146893
2998014415;146894
2998034824;146895
2998055230;146896
2998075639;146897
2998096049;146898
2998116458;146899
2998136868;146900
2998157281;146901
2998177686;146902
2998198095;146903
2998218505;146904
2998238914;146905
2998259324;146906
2998279733;146907
2998300146;146908
2998320555;146909
2998340961;146910
2998361370;146911
2998381780;146912
2998402189;146913
2998422603;146914
2998443011;146915
2998463417;146916
2998483826;146917
2998504236;146918
2998524649;146919
2998545059;146920
2998565468;146921
2998585874;146922
2998606282;146923
2998626692;146924
2998647105;146925
2998667511;146926
2998687920;146927
2998708330;146928
2998728739;146929
2998749152;146930
2998769557;146931
2998789967;146932
2998810376;146933
2998830786;146934
2998851196;146935
2998871605;146936
2998892014;146937
2998912423;146938
2998932833;146939
2998953246;146940
2998973652;146941
2998994061;146942
2999014470;146943
2999034879;146944
2999055289;146945
2999075698;146946
2999096108;146947
2999116517;146948
2999136930;146949
2999157335;146950
2999177749;146951
2999198158;146952
2999218564;146953
2999238977;146954
2999259383;146955
2999279792;146956
2999300201;146957
2999320610;146958
2999341020;146959
2999361429;146960
2999381839;146961
2999402248;146962
2999422662;146963
2999443066;146964
2999463480;146965
2999483885;146966
2999504295;146967
2999524704;146968
2999545114;146969
2999565523;146970
2999585932;146971
2999606341;146972
2999626755;146973
2999647160;146974
2999667570;146975
2999687979;146976
2999708389;146977
2999728798;146978
2999749207;146979
2999769616;146980
2999790026;146981
2999810439;146982
2999830845;146983
2999851255;146984
2999871663;146985
2999892073;146986
2999912482;146987
2999932892;146988
2999953301;146989
2999973715;146990
2999994120;146991
3000014529;146992
3000034938;146993
3000055352;146994
3000075757;146995
3000096167;146996
3000116576;146997
3000136985;146998
