2905015608;142337
2905036018;142338
2905056427;142339
2905076837;142340
2905097246;142341
2905117656;142342
2905138065;142343
2905158474;142344
2905178884;142345
2905199293;142346
2905219703;142347
2905240112;142348
2905260522;142349
2905280931;142350
2905301341;142351
2905321751;142352
2905342160;142353
2905362570;142354
2905382978;142355
2905403388;142356
2905423797;142357
2905444207;142358
2905464617;142359
2905485026;142360
2905505436;142361
2905525845;142362
2905546255;142363
2905566664;142364
2905587074;142365
2905607483;142366
2905627892;142367
2905648306;142368
2905668711;142369
2905689121;142370
2905709530;142371
2905729940;142372
2905750350;142373
2905770759;142374
2905791169;142375
2905811577;142376
2905831991;142377
2905852396;142378
2905872806;142379
2905893216;142380
2905913625;142381
2905934035;142382
2905954444;142383
2905974854;142384
2905995263;142385
2906015673;142386
2906036082;142387
2906056491;142388
2906076901;142389
2906097310;142390
2906117720;142391
2906138129;142392
2906158539;142393
2906178949;142394
2906199358;142395
2906219768;142396
2906240176;142397
2906260586;142398
2906280995;142399
2906301405;142400
2906321815;142401
2906342228;142402
2906362634;142403
2906383043;142404
2906403453;142405
2906423862;142406
2906444271;142407
2906464681;142408
2906485094;142409
2906505504;142410
2906525909;142411
2906546319;142412
2906566728;142413
2906587138;142414
2906607547;142415
2906627957;142416
2906648366;142417
2906668775;142418
2906689185;142419
2906709594;142420
2906730004;142421
2906750413;142422
2906770823;142423
2906791233;142424
2906811642;142425
2906832052;142426
2906852461;142427
2906872870;142428
2906893279;142429
2906913689;142430
2906934099;142431
2906954508;142432
2906974918;142433
2906995327;142434
2907015737;142435
2907036146;142436
2907056556;142437
2907076965;142438
2907097374;142439
2907117784;142440
2907138193;142441
2907158603;142442
2907179012;142443
2907199426;142444
2907219832;142445
2907240241;142446
2907260651;142447
2907281060;142448
2907301469;142449
2907321878;142450
2907342296;142451
2907362702;142452
2907383111;142453
2907403521;142454
2907423930;142455
2907444340;142456
2907464749;142457
2907485159;142458
2907505568;142459
2907525977;142460
2907546387;142461
2907566796;142462
2907587206;142463
2907607616;142464
2907628025;142465
2907648435;142466
2907668844;142467
2907689254;142468
2907709663;142469
2907730072;142470
2907750482;142471
2907770895;142472
2907791301;142473
2907811710;142474
2907832120;142475
2907852529;142476
2907872939;142477
2907893349;142478
2907913758;142479
2907934167;142480
2907954576;142481
2907974986;142482
2907995399;142483
2908015805;142484
2908036215;142485
2908056624;142486
2908077034;142487
2908097443;142488
2908117853;142489
2908138263;142490
2908158671;142491
2908179081;142492
2908199490;142493
2908219900;142494
2908240309;142495
2908260719;142496
2908281133;142497
2908301538;142498
2908321952;142499
2908342356;142500
2908362767;142501
2908383175;142502
2908403585;142503
2908423995;142504
2908444404;142505
2908464814;142506
2908485223;142507
2908505633;142508
2908526042;142509
2908546455;142510
2908566862;142511
2908587270;142512
2908607680;142513
2908628089;142514
2908648499;142515
2908668909;142516
2908689318;142517
2908709728;142518
2908730137;142519
2908750547;142520
2908770956;142521
2908791366;142522
2908811775;142523
2908832184;142524
2908852594;142525
2908873007;142526
2908893413;142527
2908913822;142528
2908934232;142529
2908954642;142530
2908975051;142531
2908995461;142532
2909015869;142533
2909036283;142534
2909056689;142535
2909077102;142536
2909097508;142537
2909117917;142538
2909138327;142539
2909158736;142540
2909179146;142541
2909199556;142542
2909219964;142543
2909240374;142544
2909260783;142545
2909281193;142546
2909301602;142547
2909322012;142548
2909342422;142549
2909362831;142550
2909383241;142551
2909403650;142552
2909424059;142553
2909444468;142554
2909464878;142555
2909485288;142556
2909505697;142557
2909526111;142558
2909546516;142559
2909566926;142560
2909587340;142561
2909607749;142562
2909628155;142563
2909648563;142564
2909668977;142565
2909689382;142566
2909709792;142567
2909730202;142568
2909750611;142569
2909771021;142570
2909791430;142571
2909811840;142572
2909832249;142573
2909852658;142574
2909873068;142575
2909893477;142576
2909913887;142577
2909934296;142578
2909954706;142579
2909975116;142580
2909995525;142581
2910015935;142582
2910036344;142583
2910056754;142584
2910077166;142585
2910097572;142586
2910117986;142587
2910138391;142588
2910158801;142589
2910179210;142590
2910199620;142591
2910220029;142592
2910240439;142593
2910260849;142594
2910281257;142595
2910301667;142596
2910322076;142597
2910342486;142598
2910362895;142599
2910383305;142600
2910403715;142601
2910424124;142602
2910444538;142603
2910464943;142604
2910485353;142605
2910505762;142606
2910526171;142607
2910546581;142608
2910566990;142609
2910587399;142610
2910607809;142611
2910628219;142612
2910648629;142613
2910669038;142614
2910689448;142615
2910709856;142616
2910730266;142617
2910750675;142618
2910771085;142619
2910791495;142620
2910811904;142621
2910832314;142622
2910852723;142623
2910873133;142624
2910893542;142625
2910913952;142626
2910934361;142627
2910954774;142628
2910975180;142629
2910995589;142630
2911015999;142631
2911036413;142632
2911056818;142633
2911077228;142634
2911097637;142635
2911118047;142636
2911138455;142637
2911158865;142638
2911179275;142639
2911199684;142640
2911220094;142641
2911240507;142642
2911260913;142643
2911281322;142644
2911301732;142645
2911322145;142646
2911342551;142647
2911362964;142648
2911383369;142649
2911403779;142650
2911424189;142651
2911444602;142652
2911465012;142653
2911485417;142654
2911505827;142655
2911526236;142656
2911546646;142657
2911567055;142658
2911587468;142659
2911607874;142660
2911628283;142661
2911648693;142662
2911669102;142663
2911689512;142664
2911709922;142665
2911730331;142666
2911750741;142667
2911771149;142668
2911791559;142669
2911811968;142670
2911832378;142671
2911852788;142672
2911873197;142673
2911893607;142674
2911914016;142675
2911934426;142676
2911954836;142677
2911975245;142678
2911995658;142679
2912016063;142680
2912036473;142681
2912056882;142682
2912077292;142683
2912097702;142684
2912118111;142685
2912138521;142686
2912158930;142687
2912179340;142688
2912199748;142689
2912220158;142690
2912240568;142691
2912260977;142692
2912281387;142693
2912301796;142694
2912322206;142695
2912342615;142696
2912363025;142697
2912383435;142698
2912403847;142699
2912424253;142700
2912444666;142701
2912465072;142702
2912485482;142703
2912505891;142704
2912526301;142705
2912546710;142706
2912567120;142707
2912587529;142708
2912607939;142709
2912628348;142710
2912648757;142711
2912669167;142712
2912689576;142713
2912709986;142714
2912730395;142715
2912750805;142716
2912771215;142717
2912791624;142718
2912812034;142719
2912832442;142720
2912852852;142721
2912873262;142722
2912893671;142723
2912914081;142724
2912934490;142725
2912954900;142726
2912975309;142727
2912995719;142728
2913016129;142729
2913036538;142730
2913056951;142731
2913077356;142732
2913097766;142733
2913118175;142734
2913138585;142735
2913158995;142736
2913179404;142737
2913199814;142738
2913220223;142739
2913240633;142740
2913261042;142741
2913281451;142742
2913301861;142743
2913322270;142744
2913342680;142745
2913363089;142746
2913383499;142747
2913403913;142748
2913424318;142749
2913444728;142750
2913465137;142751
2913485546;142752
2913505955;142753
2913526365;142754
2913546775;142755
2913567184;142756
2913587594;142757
2913608003;142758
2913628413;142759
2913648822;142760
2913669232;142761
2913689641;142762
2913710050;142763
2913730460;142764
2913750869;142765
2913771283;142766
2913791689;142767
2913812098;142768
2913832508;142769
2913852917;142770
2913873331;142771
2913893736;142772
2913914145;142773
2913934555;142774
2913954964;142775
2913975374;142776
2913995783;142777
2914016197;142778
2914036602;142779
2914057012;142780
2914077422;142781
2914097831;142782
2914118241;142783
2914138653;142784
2914159059;142785
2914179468;142786
2914199878;142787
2914220288;142788
2914240697;142789
2914261107;142790
2914281516;142791
2914301930;142792
2914322339;142793
2914342744;142794
2914363154;142795
2914383563;142796
2914403973;142797
2914424382;142798
2914444792;142799
2914465202;142800
2914485611;142801
2914506021;142802
2914526430;142803
2914546840;142804
2914567248;142805
2914587658;142806
2914608072;142807
2914628477;142808
2914648887;142809
2914669296;142810
2914689706;142811
2914710119;142812
2914730525;142813
2914750934;142814
2914771343;142815
2914791753;142816
2914812162;142817
2914832572;142818
2914852982;142819
2914873391;142820
2914893801;142821
2914914210;142822
2914934620;142823
2914955029;142824
2914975439;142825
2914995848;142826
2915016257;142827
2915036667;142828
2915057076;142829
2915077486;142830
2915097895;142831
2915118305;142832
2915138715;142833
2915159124;142834
2915179534;142835
2915199942;142836
2915220352;142837
2915240762;142838
2915261171;142839
2915281581;142840
2915301990;142841
2915322400;142842
2915342809;142843
2915363219;142844
2915383629;142845
2915404037;142846
2915424447;142847
2915444856;142848
2915465266;142849
2915485675;142850
2915506089;142851
2915526495;142852
2915546904;142853
2915567314;142854
2915587723;142855
2915608133;142856
2915628541;142857
2915648951;142858
2915669361;142859
2915689770;142860
2915710180;142861
2915730589;142862
2915750999;142863
2915771409;142864
2915791818;142865
2915812228;142866
2915832636;142867
2915853046;142868
2915873459;142869
2915893865;142870
2915914279;142871
2915934684;142872
2915955098;142873
2915975503;142874
2915995913;142875
2916016322;142876
2916036732;142877
2916057141;142878
2916077554;142879
2916097960;142880
2916118369;142881
2916138779;142882
2916159188;142883
2916179598;142884
2916200008;142885
2916220417;142886
2916240827;142887
2916261235;142888
2916281645;142889
2916302059;142890
2916322464;142891
2916342874;142892
2916363283;142893
2916383693;142894
2916404102;142895
2916424512;142896
2916444922;142897
2916465330;142898
2916485740;142899
2916506149;142900
2916526559;142901
2916546968;142902
2916567378;142903
2916587788;142904
2916608197;142905
2916628607;142906
2916649016;142907
2916669426;142908
2916689835;142909
2916710244;142910
2916730658;142911
2916751063;142912
2916771473;142913
2916791882;142914
2916812292;142915
2916832702;142916
2916853111;142917
2916873521;142918
2916893929;142919
2916914339;142920
2916934748;142921
2916955158;142922
2916975568;142923
2916995977;142924
2917016387;142925
2917036796;142926
2917057206;142927
2917077615;142928
2917098024;142929
2917118434;142930
2917138843;142931
2917159253;142932
2917179662;142933
2917200076;142934
2917220482;142935
2917240891;142936
2917261301;142937
2917281713;142938
2917302120;142939
2917322528;142940
2917342956;142941
2917363362;142942
2917383771;142943
2917404181;142944
2917424590;142945
2917445000;142946
2917465410;142947
2917485819;142948
2917506229;142949
2917526637;142950
2917547047;142951
2917567457;142952
2917587866;142953
2917608276;142954
2917628686;142955
2917649095;142956
2917669505;142957
2917689914;142958
2917710324;142959
2917730734;142960
2917751142;142961
2917771552;142962
2917791961;142963
2917812375;142964
2917832785;142965
2917853190;142966
2917873600;142967
2917894009;142968
2917914419;142969
2917934829;142970
2917955237;142971
2917975647;142972
2917996056;142973
2918016470;142974
2918036876;142975
2918057285;142976
2918077695;142977
2918098104;142978
2918118514;142979
2918138924;142980
2918159332;142981
2918179746;142982
2918200151;142983
2918220561;142984
2918240971;142985
2918261380;142986
2918281790;142987
2918302200;142988
2918322613;142989
2918343019;142990
2918363427;142991
2918383837;142992
2918404247;142993
2918424656;142994
2918445066;142995
2918465475;142996
2918485885;142997
2918506295;142998
2918526704;142999
2918547114;143000
2918567522;143001
2918587932;143002
2918608342;143003
2918628751;143004
2918649161;143005
2918669570;143006
2918689980;143007
2918710390;143008
2918730799;143009
2918751209;143010
2918771618;143011
2918792027;143012
2918812437;143013
2918832846;143014
2918853260;143015
2918873665;143016
2918894079;143017
2918914485;143018
2918934894;143019
2918955308;143020
2918975714;143021
2918996122;143022
2919016532;143023
2919036941;143024
2919057351;143025
2919077761;143026
2919098170;143027
2919118580;143028
2919138989;143029
2919159399;143030
2919179809;143031
2919200218;143032
2919220627;143033
2919241036;143034
2919261446;143035
2919281856;143036
2919302265;143037
2919322675;143038
2919343084;143039
2919363494;143040
2919383904;143041
2919404313;143042
2919424722;143043
2919445131;143044
2919465541;143045
2919485955;143046
2919506364;143047
2919526770;143048
2919547179;143049
2919567589;143050
2919587999;143051
2919608408;143052
2919628821;143053
2919649227;143054
2919669636;143055
2919690046;143056
2919710455;143057
2919730865;143058
2919751275;143059
2919771684;143060
2919792094;143061
2919812503;143062
2919832913;143063
2919853322;143064
2919873731;143065
2919894141;143066
2919914550;143067
2919934960;143068
2919955370;143069
2919975779;143070
2919996189;143071
2920016598;143072
2920037008;143073
2920057417;143074
2920077826;143075
2920098236;143076
2920118645;143077
2920139055;143078
2920159465;143079
2920179874;143080
2920200288;143081
2920220693;143082
2920241103;143083
2920261513;143084
2920281921;143085
2920302331;143086
2920322741;143087
2920343150;143088
2920363560;143089
2920383969;143090
2920404379;143091
2920424789;143092
2920445198;143093
2920465608;143094
2920486016;143095
2920506426;143096
2920526836;143097
2920547245;143098
2920567655;143099
2920588064;143100
2920608478;143101
2920628884;143102
2920649293;143103
2920669703;143104
2920690111;143105
2920710521;143106
2920730931;143107
2920751340;143108
2920771750;143109
2920792159;143110
2920812573;143111
2920832979;143112
2920853388;143113
2920873798;143114
2920894207;143115
2920914616;143116
2920935026;143117
2920955435;143118
2920975845;143119
2920996255;143120
2921016664;143121
2921037074;143122
2921057487;143123
2921077893;143124
2921098303;143125
2921118712;143126
2921139121;143127
2921159530;143128
2921179940;143129
2921200350;143130
2921220759;143131
2921241169;143132
2921261578;143133
2921281988;143134
2921302398;143135
2921322807;143136
2921343216;143137
2921363625;143138
2921384035;143139
2921404445;143140
2921424854;143141
2921445264;143142
2921465673;143143
2921486083;143144
2921506493;143145
2921526902;143146
2921547311;143147
2921567720;143148
2921588130;143149
2921608540;143150
2921628949;143151
2921649359;143152
2921669769;143153
2921690182;143154
2921710588;143155
2921730997;143156
2921751406;143157
2921771816;143158
2921792225;143159
2921812635;143160
2921833048;143161
2921853454;143162
2921873864;143163
2921894273;143164
2921914683;143165
2921935092;143166
2921955502;143167
2921975911;143168
2921996324;143169
2922016730;143170
2922037143;143171
2922057549;143172
2922077959;143173
2922098368;143174
2922118778;143175
2922139191;143176
2922159597;143177
2922180010;143178
2922200415;143179
2922220825;143180
2922241234;143181
2922261644;143182
2922282054;143183
2922302463;143184
2922322873;143185
2922343283;143186
2922363692;143187
2922384102;143188
2922404514;143189
2922424924;143190
2922445330;143191
2922465739;143192
2922486149;143193
2922506558;143194
2922526968;143195
2922547378;143196
2922567787;143197
2922588197;143198
2922608606;143199
2922629015;143200
2922649425;143201
2922669834;143202
2922690244;143203
2922710653;143204
2922731063;143205
2922751473;143206
2922771882;143207
2922792292;143208
2922812701;143209
2922833110;143210
2922853520;143211
2922873929;143212
2922894339;143213
2922914748;143214
2922935158;143215
2922955568;143216
2922975977;143217
2922996387;143218
2923016797;143219
2923037206;143220
2923057615;143221
2923078024;143222
2923098434;143223
2923118844;143224
2923139253;143225
2923159663;143226
2923180072;143227
2923200482;143228
2923220892;143229
2923241301;143230
2923261710;143231
2923282119;143232
2923302529;143233
2923322939;143234
2923343348;143235
2923363758;143236
2923384167;143237
2923404577;143238
2923424987;143239
2923445396;143240
2923465806;143241
2923486214;143242
2923506624;143243
2923527034;143244
2923547443;143245
2923567853;143246
2923588262;143247
2923608672;143248
2923629082;143249
2923649491;143250
2923669900;143251
2923690310;143252
2923710719;143253
2923731129;143254
2923751538;143255
2923771948;143256
2923792358;143257
2923812767;143258
2923833177;143259
2923853590;143260
2923873996;143261
2923894409;143262
2923914814;143263
2923935224;143264
2923955633;143265
2923976043;143266
2923996453;143267
2924016862;143268
2924037272;143269
2924057681;143270
2924078091;143271
2924098500;143272
2924118909;143273
2924139319;143274
2924159728;143275
2924180138;143276
2924200548;143277
2924220957;143278
2924241367;143279
2924261776;143280
2924282186;143281
2924302596;143282
2924323008;143283
2924343414;143284
2924363824;143285
2924384237;143286
2924404643;143287
2924425052;143288
2924445462;143289
2924465872;143290
2924486281;143291
2924506691;143292
2924527099;143293
2924547509;143294
2924567919;143295
2924588328;143296
2924608738;143297
2924629147;143298
2924649557;143299
2924669967;143300
2924690376;143301
2924710790;143302
2924731194;143303
2924751604;143304
2924772014;143305
2924792423;143306
2924812833;143307
2924833246;143308
2924853652;143309
2924874062;143310
2924894471;143311
2924914881;143312
2924935291;143313
2924955699;143314
2924976109;143315
2924996518;143316
2925016928;143317
2925037338;143318
2925057747;143319
2925078157;143320
2925098566;143321
2925118976;143322
2925139386;143323
2925159795;143324
2925180204;143325
2925200613;143326
2925221023;143327
2925241433;143328
2925261846;143329
2925282252;143330
2925302661;143331
2925323071;143332
2925343481;143333
2925363890;143334
2925384300;143335
2925404708;143336
2925425118;143337
2925445528;143338
2925465937;143339
2925486347;143340
2925506756;143341
2925527166;143342
2925547576;143343
2925567985;143344
2925588395;143345
2925608804;143346
2925629213;143347
2925649623;143348
2925670032;143349
2925690442;143350
2925710852;143351
2925731261;143352
2925751671;143353
2925772080;143354
2925792490;143355
2925812899;143356
2925833308;143357
2925853718;143358
2925874127;143359
2925894537;143360
2925914947;143361
2925935356;143362
2925955766;143363
2925976175;143364
2925996585;143365
2926016994;143366
2926037403;143367
2926057813;143368
2926078222;143369
2926098632;143370
2926119042;143371
2926139455;143372
2926159865;143373
2926180270;143374
2926200680;143375
2926221090;143376
2926241498;143377
2926261908;143378
2926282318;143379
2926302727;143380
2926323137;143381
2926343546;143382
2926363956;143383
2926384366;143384
2926404775;143385
2926425185;143386
2926445593;143387
2926466003;143388
2926486413;143389
2926506822;143390
2926527232;143391
2926547641;143392
2926568051;143393
2926588461;143394
2926608870;143395
2926629280;143396
2926649688;143397
2926670098;143398
2926690508;143399
2926710917;143400
2926731327;143401
2926751736;143402
2926772146;143403
2926792556;143404
2926812965;143405
2926833375;143406
2926853784;143407
2926874197;143408
2926894603;143409
2926915012;143410
2926935422;143411
2926955832;143412
2926976241;143413
2926996651;143414
2927017060;143415
2927037470;143416
2927057880;143417
2927078289;143418
2927098702;143419
2927119107;143420
2927139517;143421
2927159927;143422
2927180336;143423
2927200746;143424
2927221155;143425
2927241565;143426
2927261975;143427
2927282388;143428
2927302793;143429
2927323202;143430
2927343586;143431
2927363996;143432
2927384405;143433
2927404815;143434
2927425224;143435
2927445634;143436
2927466043;143437
2927486453;143438
2927506862;143439
2927527271;143440
2927547681;143441
2927568090;143442
2927588500;143443
2927608909;143444
2927629319;143445
2927649728;143446
2927670138;143447
2927690547;143448
2927710957;143449
2927731366;143450
2927751779;143451
2927772185;143452
2927792594;143453
2927813004;143454
2927833413;143455
2927853823;143456
2927874232;143457
2927894642;143458
2927915051;143459
2927935461;143460
2927955870;143461
2927976279;143462
2927996689;143463
2928017098;143464
2928037508;143465
2928057917;143466
2928078331;143467
2928098736;143468
2928119146;143469
2928139556;143470
2928159964;143471
2928180374;143472
2928200783;143473
2928221193;143474
2928241602;143475
2928262012;143476
2928282421;143477
2928302831;143478
2928323241;143479
2928343650;143480
2928364060;143481
2928384468;143482
2928404878;143483
2928425287;143484
2928445697;143485
2928466110;143486
2928486520;143487
2928506926;143488
2928527335;143489
2928547745;143490
2928568157;143491
2928588567;143492
2928608972;143493
2928629382;143494
2928649791;143495
2928670201;143496
2928690610;143497
2928711020;143498
2928731434;143499
2928751839;143500
2928772249;143501
2928792658;143502
2928813067;143503
2928833476;143504
2928853886;143505
2928874295;143506
2928894705;143507
2928915115;143508
2928935524;143509
2928955934;143510
2928976343;143511
2928996752;143512
2929017161;143513
2929037571;143514
2929057980;143515
2929078390;143516
2929098800;143517
2929119209;143518
2929139623;143519
2929160028;143520
2929180438;143521
2929200847;143522
2929221256;143523
2929241669;143524
2929262075;143525
2929282485;143526
2929302894;143527
2929323304;143528
2929343713;143529
2929364123;143530
2929384536;143531
2929404942;143532
2929425350;143533
2929445760;143534
2929466169;143535
2929486579;143536
2929506989;143537
2929527398;143538
2929547808;143539
2929568217;143540
2929588631;143541
2929609040;143542
2929629446;143543
2929649854;143544
2929670268;143545
2929690674;143546
2929711083;143547
2929731493;143548
2929751902;143549
2929772312;143550
2929792721;143551
2929813131;143552
2929833540;143553
2929853953;143554
2929874359;143555
2929894768;143556
2929915178;143557
2929935591;143558
2929955997;143559
2929976406;143560
2929996816;143561
2930017225;143562
2930037635;143563
2930058045;143564
2930078454;143565
2930098863;143566
2930119276;143567
2930139682;143568
2930160091;143569
2930180501;143570
2930200910;143571
2930221320;143572
2930241730;143573
2930262139;143574
2930282548;143575
2930302957;143576
2930323367;143577
2930343776;143578
2930364186;143579
2930384595;143580
2930405005;143581
2930425414;143582
2930445824;143583
2930466234;143584
2930486643;143585
2930507052;143586
2930527461;143587
2930547871;143588
2930568280;143589
2930588690;143590
2930609099;143591
2930629509;143592
2930649923;143593
2930670328;143594
2930690738;143595
2930711147;143596
2930731556;143597
2930751965;143598
2930772375;143599
2930792784;143600
2930813194;143601
2930833604;143602
2930854013;143603
2930874423;143604
2930894832;143605
2930915242;143606
2930935650;143607
2930956060;143608
2930976469;143609
2930996879;143610
2931017289;143611
2931037698;143612
2931058108;143613
2931078517;143614
2931098927;143615
2931119336;143616
2931139745;143617
2931160154;143618
2931180564;143619
2931200974;143620
2931221383;143621
2931241793;143622
2931262202;143623
2931282612;143624
2931303021;143625
2931323435;143626
2931343840;143627
2931364249;143628
2931384658;143629
2931405068;143630
2931425478;143631
2931445887;143632
2931466297;143633
2931486706;143634
2931507116;143635
2931527525;143636
2931547935;143637
2931568343;143638
2931588753;143639
2931609163;143640
2931629572;143641
2931649982;143642
2931670391;143643
2931690801;143644
2931711210;143645
2931731620;143646
2931752029;143647
2931772438;143648
2931792848;143649
2931813257;143650
2931833667;143651
2931854076;143652
2931874486;143653
2931894895;143654
2931915305;143655
2931935714;143656
2931956124;143657
2931976534;143658
2931996943;143659
2932017352;143660
2932037761;143661
2932058171;143662
2932078580;143663
2932098990;143664
2932119399;143665
2932139809;143666
2932160219;143667
2932180628;143668
2932201038;143669
2932221446;143670
2932241860;143671
2932262265;143672
2932282675;143673
2932303084;143674
2932323494;143675
2932343903;143676
2932364313;143677
2932384723;143678
2932405132;143679
2932425542;143680
2932445954;143681
2932466360;143682
2932486769;143683
2932507183;143684
2932527588;143685
2932547998;143686
2932568408;143687
2932588817;143688
2932609227;143689
2932629635;143690
2932650049;143691
2932670454;143692
2932690864;143693
2932711273;143694
2932731683;143695
2932752093;143696
2932772502;143697
2932792912;143698
2932813321;143699
2932833731;143700
2932854139;143701
2932874553;143702
2932894958;143703
2932915368;143704
2932935778;143705
2932956187;143706
2932976597;143707
2932997006;143708
2933017416;143709
2933037825;143710
2933058235;143711
2933078644;143712
2933099053;143713
2933119462;143714
2933139872;143715
2933160282;143716
2933180691;143717
2933201101;143718
2933221510;143719
2933241920;143720
2933262329;143721
2933282738;143722
2933303147;143723
2933323557;143724
2933343967;143725
2933364376;143726
2933384786;143727
2933405195;143728
2933425605;143729
2933446014;143730
2933466424;143731
2933486833;143732
2933507242;143733
2933527656;143734
2933548061;143735
2933568471;143736
2933588880;143737
2933609290;143738
2933629699;143739
2933650109;143740
2933670518;143741
2933690928;143742
2933711338;143743
2933731746;143744
2933752160;143745
2933772565;143746
2933792979;143747
2933813384;143748
2933833794;143749
2933854203;143750
2933874613;143751
2933895023;143752
2933915432;143753
2933935842;143754
2933956250;143755
2933976660;143756
2933997069;143757
2934017479;143758
2934037888;143759
2934058298;143760
2934078707;143761
2934099117;143762
2934119527;143763
2934139935;143764
2934160345;143765
2934180754;143766
2934201164;143767
2934221573;143768
2934241983;143769
2934262392;143770
2934282802;143771
2934303212;143772
2934323621;143773
2934344031;143774
2934364440;143775
2934384849;143776
2934405258;143777
2934425668;143778
2934446077;143779
2934466491;143780
2934486897;143781
2934507306;143782
2934527716;143783
2934548125;143784
2934568535;143785
2934588943;143786
2934609353;143787
2934629762;143788
2934650172;143789
2934670582;143790
2934690991;143791
2934711401;143792
2934731810;143793
2934752220;143794
2934772633;143795
2934793039;143796
2934813451;143797
2934833857;143798
2934854271;143799
2934874676;143800
2934895086;143801
2934915495;143802
2934935905;143803
2934956314;143804
2934976724;143805
2934997136;143806
2935017543;143807
2935037951;143808
2935058361;143809
2935078771;143810
2935099184;143811
2935119590;143812
2935140003;143813
2935160409;143814
2935180818;143815
2935201228;143816
2935221637;143817
2935242046;143818
2935262456;143819
2935282865;143820
2935303275;143821
2935323684;143822
2935344094;143823
2935364503;143824
2935384917;143825
2935405322;143826
2935425732;143827
2935446141;143828
2935466550;143829
2935486960;143830
2935507369;143831
2935527779;143832
2935548188;143833
2935568598;143834
2935589007;143835
2935609421;143836
2935629827;143837
2935650239;143838
2935670645;143839
2935691054;143840
2935711468;143841
2935731873;143842
2935752283;143843
2935772692;143844
2935793102;143845
2935813512;143846
2935833921;143847
2935854331;143848
2935874739;143849
2935895149;143850
2935915558;143851
2935935968;143852
2935956381;143853
2935976787;143854
2935997196;143855
2936017606;143856
2936038016;143857
2936058425;143858
2936078835;143859
2936099243;143860
2936119653;143861
2936140066;143862
2936160476;143863
2936180881;143864
2936201291;143865
2936221701;143866
2936242110;143867
2936262524;143868
2936282929;143869
2936303339;143870
2936323747;143871
2936344157;143872
2936364566;143873
2936384976;143874
2936405386;143875
2936425795;143876
2936446205;143877
2936466618;143878
2936487024;143879
2936507433;143880
2936527846;143881
2936548251;143882
2936568661;143883
2936589071;143884
2936609480;143885
2936629890;143886
2936650303;143887
2936670713;143888
2936691118;143889
2936711528;143890
2936731937;143891
2936752346;143892
2936772755;143893
2936793165;143894
2936813575;143895
2936833984;143896
2936854394;143897
2936874803;143898
2936895213;143899
2936915622;143900
2936936032;143901
2936956440;143902
2936976850;143903
2936997260;143904
2937017669;143905
2937038079;143906
2937058488;143907
2937078898;143908
2937099307;143909
2937119721;143910
2937140126;143911
2937160536;143912
2937180945;143913
2937201354;143914
2937221764;143915
2937242173;143916
2937262583;143917
2937282996;143918
2937303402;143919
2937323811;143920
2937344198;143921
2937364607;143922
2937385016;143923
2937405425;143924
2937425835;143925
2937446244;143926
2937466654;143927
2937487067;143928
2937507477;143929
2937527882;143930
2937548292;143931
2937568702;143932
2937589111;143933
2937609520;143934
2937629929;143935
2937650339;143936
2937670748;143937
2937691158;143938
2937711571;143939
2937731977;143940
2937752386;143941
2937772800;143942
2937793208;143943
2937813614;143944
2937834023;143945
2937854433;143946
2937874842;143947
2937895252;143948
2937915661;143949
2937936071;143950
2937956484;143951
2937976890;143952
2937997299;143953
2938017709;143954
2938038117;143955
2938058527;143956
2938078936;143957
2938099346;143958
2938119759;143959
2938140165;143960
2938160574;143961
2938180984;143962
2938201393;143963
2938221807;143964
2938242211;143965
2938262621;143966
2938283030;143967
2938303440;143968
2938323849;143969
2938344259;143970
2938364668;143971
2938385078;143972
2938405487;143973
2938425897;143974
2938446305;143975
2938466715;143976
2938487128;143977
2938507534;143978
2938527943;143979
2938548353;143980
2938568762;143981
2938589172;143982
2938609581;143983
2938629991;143984
2938650400;143985
2938670809;143986
2938691222;143987
2938711628;143988
2938732037;143989
2938752447;143990
2938772856;143991
2938793266;143992
2938813675;143993
2938834085;143994
2938854497;143995
2938874903;143996
2938895312;143997
2938915726;143998
2938936131;143999
2938956541;144000
2938976950;144001
2938997360;144002
2939017769;144003
2939038179;144004
2939058588;144005
2939078997;144006
2939099406;144007
2939119816;144008
2939140225;144009
2939160635;144010
2939181044;144011
2939201454;144012
2939221863;144013
2939242273;144014
2939262683;144015
2939283092;144016
2939303502;144017
2939323910;144018
2939344320;144019
2939364729;144020
2939385139;144021
2939405548;144022
2939425958;144023
2939446371;144024
2939466777;144025
2939487186;144026
2939507596;144027
2939528004;144028
2939548414;144029
2939568823;144030
2939589233;144031
2939609642;144032
2939630052;144033
2939650461;144034
2939670871;144035
2939691280;144036
2939711690;144037
2939732102;144038
2939752508;144039
2939772917;144040
2939793331;144041
2939813736;144042
2939834146;144043
2939854555;144044
2939874965;144045
2939895374;144046
2939915788;144047
2939936193;144048
2939956602;144049
2939977011;144050
2939997421;144051
2940017830;144052
2940038240;144053
2940058649;144054
2940079059;144055
2940099468;144056
2940119878;144057
2940140291;144058
2940160696;144059
2940181105;144060
2940201515;144061
2940221924;144062
2940242334;144063
2940262743;144064
2940283153;144065
2940303562;144066
2940323972;144067
2940344385;144068
2940364791;144069
2940385199;144070
2940405609;144071
2940426018;144072
2940446428;144073
2940466841;144074
2940487247;144075
2940507656;144076
2940528066;144077
2940548475;144078
2940568885;144079
2940589294;144080
2940609703;144081
2940630112;144082
2940650522;144083
2940670931;144084
2940691341;144085
2940711750;144086
2940732160;144087
2940752569;144088
2940772979;144089
2940793388;144090
2940813797;144091
2940834206;144092
2940854616;144093
2940875025;144094
2940895435;144095
2940915845;144096
2940936254;144097
2940956664;144098
2940977073;144099
2940997483;144100
2941017891;144101
2941038301;144102
2941058714;144103
2941079120;144104
2941099529;144105
2941119939;144106
2941140348;144107
2941160762;144108
2941181167;144109
2941201577;144110
2941221986;144111
2941242395;144112
2941262804;144113
2941283214;144114
2941303623;144115
2941324033;144116
2941344442;144117
2941364852;144118
2941385261;144119
2941405671;144120
2941426080;144121
2941446490;144122
2941466898;144123
2941487308;144124
2941507717;144125
2941528127;144126
2941548536;144127
2941568946;144128
2941589355;144129
2941609765;144130
2941630174;144131
2941650584;144132
2941670996;144133
2941691402;144134
2941711811;144135
2941732221;144136
2941752630;144137
2941773040;144138
2941793449;144139
2941813859;144140
2941834268;144141
2941854678;144142
2941875087;144143
2941895496;144144
2941915905;144145
2941936315;144146
2941956724;144147
2941977138;144148
2941997543;144149
2942017953;144150
2942038362;144151
2942058772;144152
2942079181;144153
2942099590;144154
2942119999;144155
2942140409;144156
2942160818;144157
2942181228;144158
2942201637;144159
2942222047;144160
2942242460;144161
2942262866;144162
2942283275;144163
2942303685;144164
2942324097;144165
2942344503;144166
2942364912;144167
2942385322;144168
2942405731;144169
2942426141;144170
2942446554;144171
2942466960;144172
2942487369;144173
2942507779;144174
2942528187;144175
2942548597;144176
2942569007;144177
2942589416;144178
2942609826;144179
2942630235;144180
2942650645;144181
2942671054;144182
2942691464;144183
2942711873;144184
2942732282;144185
2942752691;144186
2942773101;144187
2942793510;144188
2942813920;144189
2942834329;144190
2942854739;144191
2942875148;144192
2942895558;144193
2942915967;144194
2942936377;144195
2942956785;144196
2942977195;144197
2942997604;144198
2943018014;144199
2943038423;144200
2943058837;144201
2943079242;144202
2943099656;144203
2943120061;144204
2943140471;144205
2943160880;144206
2943181289;144207
2943201698;144208
2943222108;144209
2943242517;144210
2943262927;144211
2943283336;144212
2943303746;144213
2943324155;144214
2943344565;144215
2943364974;144216
2943385383;144217
2943405792;144218
2943426202;144219
2943446611;144220
2943467021;144221
2943487430;144222
2943507840;144223
2943528253;144224
2943548659;144225
2943569068;144226
2943589477;144227
2943609886;144228
2943630296;144229
2943650705;144230
2943671115;144231
2943691524;144232
2943711934;144233
2943732343;144234
2943752753;144235
2943773165;144236
2943793572;144237
2943813980;144238
2943834394;144239
2943854799;144240
2943875213;144241
2943895618;144242
2943916028;144243
2943936437;144244
2943956847;144245
2943977256;144246
2943997665;144247
2944018074;144248
2944038484;144249
2944058893;144250
2944079303;144251
2944099712;144252
2944120122;144253
2944140531;144254
2944160941;144255
2944181350;144256
2944201760;144257
2944222168;144258
2944242578;144259
2944262988;144260
2944283397;144261
2944303807;144262
2944324216;144263
2944344626;144264
2944365038;144265
2944385445;144266
2944405854;144267
2944426263;144268
2944446672;144269
2944467082;144270
2944487491;144271
2944507901;144272
2944528310;144273
2944548720;144274
2944569129;144275
2944589539;144276
2944609948;144277
2944630358;144278
2944650766;144279
2944671176;144280
2944691585;144281
2944711995;144282
2944732404;144283
2944752814;144284
2944773223;144285
2944793633;144286
2944814042;144287
2944834452;144288
2944854864;144289
2944875270;144290
2944895683;144291
2944916089;144292
2944936498;144293
2944956908;144294
2944977317;144295
2944997731;144296
2945018140;144297
2945038546;144298
2945058955;144299
2945079365;144300
2945099773;144301
2945120183;144302
2945140592;144303
2945161002;144304
2945181411;144305
2945201821;144306
2945222230;144307
2945242640;144308
2945263053;144309
2945283459;144310
2945303867;144311
2945324277;144312
2945344690;144313
2945365096;144314
2945385505;144315
2945405915;144316
2945426324;144317
2945446734;144318
2945467143;144319
2945487553;144320
2945507961;144321
2945528371;144322
2945548780;144323
2945569190;144324
2945589599;144325
2945610009;144326
2945630418;144327
2945650828;144328
2945671237;144329
2945691647;144330
2945712055;144331
2945732465;144332
2945752878;144333
2945773284;144334
2945793693;144335
2945814103;144336
2945834512;144337
2945854922;144338
2945875331;144339
2945895741;144340
2945916151;144341
2945936559;144342
2945956969;144343
2945977378;144344
2945997792;144345
2946018197;144346
2946038607;144347
2946059016;144348
2946079426;144349
2946099835;144350
2946120245;144351
2946140654;144352
2946161063;144353
2946181472;144354
2946201882;144355
2946222291;144356
2946242701;144357
2946263110;144358
2946283520;144359
2946303929;144360
2946324339;144361
2946344748;144362
2946365157;144363
2946385566;144364
2946405976;144365
2946426385;144366
2946446795;144367
2946467204;144368
2946487614;144369
2946508023;144370
2946528433;144371
2946548842;144372
2946569252;144373
2946589660;144374
2946610070;144375
2946630479;144376
2946650889;144377
2946671298;144378
2946691708;144379
2946712117;144380
2946732527;144381
2946752940;144382
2946773349;144383
2946793754;144384
2946814164;144385
2946834573;144386
2946854983;144387
2946875392;144388
2946895802;144389
2946916211;144390
2946936621;144391
2946957030;144392
2946977440;144393
2946997852;144394
2947018258;144395
2947038667;144396
2947059077;144397
2947079490;144398
2947099896;144399
2947120305;144400
2947140719;144401
2947161124;144402
2947181534;144403
2947201942;144404
2947222352;144405
2947242761;144406
2947263171;144407
2947283580;144408
2947303990;144409
2947324399;144410
2947344849;144411
2947365259;144412
2947385668;144413
2947406078;144414
2947426487;144415
2947446896;144416
2947467306;144417
2947487715;144418
2947508125;144419
2947528534;144420
2947548944;144421
2947569353;144422
2947589763;144423
2947610173;144424
2947630582;144425
2947650991;144426
2947671404;144427
2947691810;144428
2947712220;144429
2947732629;144430
2947753039;144431
2947773448;144432
2947793858;144433
2947814268;144434
2947834677;144435
2947855087;144436
2947875495;144437
2947895905;144438
2947916314;144439
2947936724;144440
2947957134;144441
2947977543;144442
2947997953;144443
2948018362;144444
2948038772;144445
2948059181;144446
2948079594;144447
2948100000;144448
2948120409;144449
2948140819;144450
2948161229;144451
2948181638;144452
2948202048;144453
2948222457;144454
2948242867;144455
2948263276;144456
2948283685;144457
2948304095;144458
2948324504;144459
2948344914;144460
2948365323;144461
2948385733;144462
2948406143;144463
2948426552;144464
2948446962;144465
2948467371;144466
2948487781;144467
2948508190;144468
2948528599;144469
2948549009;144470
2948569418;144471
2948589828;144472
2948610237;144473
2948630647;144474
2948651057;144475
2948671466;144476
2948691876;144477
2948712284;144478
2948732694;144479
2948753104;144480
2948773517;144481
2948793923;144482
2948814332;144483
2948834742;144484
2948855151;144485
2948875561;144486
2948895971;144487
2948916380;144488
2948936790;144489
2948957198;144490
2948977608;144491
2948998018;144492
2949018427;144493
2949038837;144494
2949059246;144495
2949079656;144496
2949100066;144497
2949120475;144498
2949140884;144499
2949161293;144500
2949181703;144501
2949202112;144502
2949222522;144503
2949242932;144504
2949263341;144505
2949283751;144506
2949304160;144507
2949324570;144508
2949344980;144509
2949365388;144510
2949385798;144511
2949406207;144512
2949426617;144513
2949447027;144514
2949467436;144515
2949487846;144516
2949508255;144517
2949528665;144518
2949549074;144519
2949569484;144520
2949589893;144521
2949610302;144522
2949630712;144523
2949651121;144524
2949671531;144525
2949691941;144526
2949712350;144527
2949732764;144528
2949753169;144529
2949773579;144530
2949793989;144531
2949814397;144532
2949834807;144533
2949855216;144534
2949875626;144535
2949896035;144536
2949916445;144537
2949936855;144538
2949957264;144539
2949977674;144540
2949998083;144541
2950018492;144542
2950038902;144543
2950059311;144544
2950079721;144545
2950100130;144546
2950120540;144547
2950140950;144548
2950161359;144549
2950181769;144550
2950202178;144551
2950222587;144552
2950242996;144553
2950263406;144554
2950283816;144555
2950304225;144556
2950324635;144557
2950345048;144558
2950365454;144559
2950385868;144560
2950406277;144561
2950426683;144562
2950447092;144563
2950467501;144564
2950487911;144565
2950508320;144566
2950528730;144567
2950549139;144568
2950569549;144569
2950589958;144570
2950610368;144571
2950630778;144572
2950651186;144573
2950671596;144574
2950692005;144575
2950712415;144576
2950732825;144577
2950753234;144578
2950773644;144579
2950794053;144580
2950814463;144581
2950834873;144582
2950855282;144583
2950875691;144584
2950896100;144585
2950916510;144586
2950936919;144587
2950957329;144588
2950977739;144589
2950998148;144590
2951018558;144591
2951038967;144592
2951059377;144593
2951079787;144594
2951100199;144595
2951120605;144596
2951141014;144597
2951161424;144598
2951181834;144599
2951202243;144600
2951222653;144601
2951243062;144602
2951263476;144603
2951283881;144604
2951304290;144605
2951324700;144606
2951345113;144607
2951365523;144608
2951385928;144609
2951406338;144610
2951426748;144611
2951447157;144612
2951467567;144613
2951487976;144614
2951508386;144615
2951528794;144616
2951549204;144617
2951569614;144618
2951590023;144619
2951610433;144620
2951630842;144621
2951651252;144622
2951671662;144623
2951692071;144624
2951712480;144625
2951732889;144626
2951753299;144627
2951773709;144628
2951794118;144629
2951814528;144630
2951834937;144631
2951855347;144632
2951875756;144633
2951896166;144634
2951916576;144635
2951936985;144636
2951957394;144637
2951977803;144638
2951998217;144639
2952018623;144640
2952039032;144641
2952059446;144642
2952079851;144643
2952100261;144644
2952120671;144645
2952141080;144646
2952161489;144647
2952181898;144648
2952202308;144649
2952222717;144650
2952243127;144651
2952263537;144652
2952283946;144653
2952304356;144654
2952324765;144655
2952345175;144656
2952365584;144657
2952385993;144658
2952406403;144659
2952426812;144660
2952447222;144661
2952467632;144662
2952488041;144663
2952508451;144664
2952528860;144665
2952549270;144666
2952569679;144667
2952590088;144668
2952610498;144669
2952630907;144670
2952651317;144671
2952671726;144672
2952692136;144673
2952712546;144674
2952732955;144675
2952753365;144676
2952773774;144677
2952794184;144678
2952814593;144679
2952835002;144680
2952855412;144681
2952875821;144682
2952896231;144683
2952916640;144684
2952937050;144685
2952957460;144686
2952977869;144687
2952998278;144688
2953018687;144689
2953039097;144690
2953059511;144691
2953079916;144692
2953100326;144693
2953120735;144694
2953141145;144695
2953161555;144696
2953181964;144697
2953202374;144698
2953222782;144699
2953243192;144700
2953263601;144701
2953284011;144702
2953304425;144703
2953324830;144704
2953345240;144705
2953365649;144706
2953386059;144707
2953406469;144708
2953426878;144709
2953447287;144710
2953467696;144711
2953488106;144712
2953508516;144713
2953528925;144714
2953549335;144715
2953569744;144716
2953590154;144717
2953610563;144718
2953630972;144719
2953651382;144720
2953671795;144721
2953692201;144722
2953712610;144723
2953733020;144724
2953753430;144725
2953773839;144726
2953794249;144727
2953814658;144728
2953835072;144729
2953855476;144730
2953875886;144731
2953896296;144732
2953916705;144733
2953937115;144734
2953957524;144735
2953977934;144736
2953998344;144737
2954018753;144738
2954039163;144739
2954059572;144740
2954079981;144741
2954100391;144742
2954120800;144743
2954141210;144744
2954161619;144745
2954182029;144746
2954202438;144747
2954222848;144748
2954243258;144749
2954263667;144750
2954284076;144751
2954304485;144752
2954324895;144753
2954345305;144754
2954365718;144755
2954386124;144756
2954406533;144757
2954426947;144758
2954447353;144759
2954467762;144760
2954488172;144761
2954508580;144762
2954528990;144763
2954549399;144764
2954569809;144765
2954590219;144766
2954610628;144767
2954631038;144768
2954651447;144769
2954671857;144770
2954692267;144771
2954712675;144772
2954733085;144773
2954753494;144774
2954773904;144775
2954794314;144776
2954814723;144777
2954835133;144778
2954855542;144779
2954875952;144780
2954896364;144781
2954916770;144782
2954937180;144783
2954957589;144784
2954978003;144785
2954998408;144786
2955018822;144787
2955039228;144788
2955059637;144789
2955080051;144790
2955100456;144791
2955120866;144792
2955141275;144793
2955161684;144794
2955182094;144795
2955202503;144796
2955222913;144797
2955243322;144798
2955263732;144799
2955284142;144800
2955304551;144801
2955324961;144802
2955345369;144803
2955365779;144804
2955386189;144805
2955406598;144806
2955427008;144807
2955447417;144808
2955467827;144809
2955488237;144810
2955508646;144811
2955529056;144812
2955549464;144813
2955569874;144814
2955590283;144815
2955610693;144816
2955631103;144817
2955651512;144818
2955671926;144819
2955692331;144820
2955712741;144821
2955733151;144822
2955753560;144823
2955773969;144824
2955794378;144825
2955814788;144826
2955835198;144827
2955855607;144828
2955876017;144829
2955896426;144830
2955916836;144831
2955937245;144832
2955957655;144833
2955978065;144834
2955998473;144835
2956018883;144836
2956039292;144837
2956059702;144838
2956080112;144839
2956100521;144840
2956120931;144841
2956141340;144842
2956161750;144843
2956182160;144844
2956202568;144845
2956222978;144846
2956243387;144847
2956263797;144848
2956284206;144849
2956304616;144850
2956325026;144851
2956345435;144852
2956365845;144853
2956386258;144854
2956406664;144855
2956427073;144856
2956447482;144857
2956467896;144858
2956488305;144859
2956508715;144860
2956529124;144861
2956549530;144862
2956569940;144863
2956590349;144864
2956610759;144865
2956631167;144866
2956651577;144867
2956671987;144868
2956692396;144869
2956712806;144870
2956733215;144871
2956753625;144872
2956774039;144873
2956794444;144874
2956814854;144875
2956835263;144876
2956855672;144877
2956876081;144878
2956896491;144879
2956916905;144880
2956937310;144881
2956957720;144882
2956978129;144883
2956998539;144884
2957018949;144885
2957039358;144886
2957059767;144887
2957080176;144888
2957100586;144889
2957120996;144890
2957141405;144891
2957161815;144892
2957182228;144893
2957202634;144894
2957223043;144895
2957243457;144896
2957263863;144897
2957284271;144898
2957304681;144899
2957325090;144900
2957345506;144901
2957365916;144902
2957386325;144903
2957406735;144904
2957427144;144905
2957447554;144906
2957467964;144907
2957488372;144908
2957508782;144909
2957529191;144910
2957549605;144911
2957570011;144912
2957590420;144913
2957610830;144914
2957631239;144915
2957651649;144916
2957672059;144917
2957692467;144918
2957712877;144919
2957733286;144920
2957753696;144921
2957774106;144922
2957794515;144923
2957814925;144924
2957835334;144925
2957855744;144926
2957876154;144927
2957896567;144928
2957916976;144929
2957937381;144930
2957957791;144931
2957978201;144932
2957998610;144933
2958019020;144934
2958039429;144935
2958059839;144936
2958080249;144937
2958100658;144938
2958121068;144939
2958141476;144940
2958161890;144941
2958182296;144942
2958202705;144943
2958223115;144944
2958243524;144945
2958263934;144946
2958284344;144947
2958304753;144948
2958325163;144949
2958345572;144950
2958365981;144951
2958386391;144952
2958406800;144953
2958427210;144954
2958447619;144955
2958468029;144956
2958488439;144957
2958508848;144958
2958529258;144959
2958549667;144960
2958570077;144961
2958590486;144962
2958610895;144963
2958631305;144964
2958651714;144965
2958672124;144966
2958692534;144967
2958712943;144968
2958733353;144969
2958753762;144970
2958774172;144971
2958794581;144972
2958814990;144973
2958835400;144974
2958855809;144975
2958876219;144976
2958896629;144977
2958917038;144978
2958937448;144979
2958957857;144980
2958978266;144981
2958998676;144982
2959019085;144983
2959039495;144984
2959059904;144985
2959080314;144986
2959100724;144987
2959121133;144988
2959141546;144989
2959161952;144990
2959182362;144991
2959202772;144992
2959223180;144993
2959243590;144994
2959263999;144995
2959284409;144996
2959304819;144997
2959325228;144998
2959345638;144999
2959366047;145000
2959386457;145001
2959406867;145002
2959427275;145003
2959447685;145004
2959468094;145005
2959488504;145006
2959508914;145007
2959529323;145008
2959549733;145009
2959570142;145010
2959590552;145011
2959610962;145012
2959631371;145013
2959651780;145014
2959672189;145015
2959692599;145016
2959713009;145017
2959733418;145018
2959753828;145019
2959774237;145020
2959794647;145021
2959815057;145022
2959835466;145023
2959855875;145024
2959876284;145025
2959896694;145026
2959917104;145027
2959937513;145028
2959957923;145029
2959978332;145030
2959998742;145031
2960019152;145032
2960039561;145033
2960059971;145034
2960080379;145035
2960100789;145036
2960121199;145037
2960141608;145038
2960162018;145039
2960182427;145040
2960202837;145041
2960223247;145042
2960243656;145043
2960264066;145044
2960284478;145045
2960304884;145046
2960325294;145047
2960345703;145048
2960366113;145049
2960386526;145050
2960406932;145051
2960427342;145052
2960447751;145053
2960468161;145054
2960488569;145055
2960508979;145056
2960529389;145057
2960549798;145058
2960570208;145059
2960590621;145060
2960611027;145061
2960631437;145062
2960651846;145063
2960672256;145064
2960692665;145065
2960713074;145066
2960733488;145067
2960753893;145068
2960774303;145069
2960794712;145070
2960815122;145071
2960835532;145072
2960855945;145073
2960876351;145074
2960896763;145075
2960917169;145076
2960937579;145077
2960957988;145078
2960978398;145079
2960998807;145080
2961019217;145081
2961039627;145082
2961060036;145083
2961080446;145084
2961100855;145085
2961121264;145086
2961141674;145087
2961162083;145088
2961182497;145089
2961202902;145090
2961223312;145091
2961243722;145092
2961264131;145093
2961284541;145094
2961304950;145095
2961325360;145096
2961345769;145097
2961366178;145098
2961386588;145099
2961406997;145100
2961427407;145101
2961447817;145102
2961468226;145103
2961488636;145104
2961509045;145105
2961529455;145106
2961549865;145107
2961570273;145108
2961590683;145109
2961611092;145110
2961631502;145111
2961651912;145112
2961672321;145113
2961692731;145114
2961713140;145115
2961733550;145116
2961753963;145117
2961774368;145118
2961794778;145119
2961815187;145120
2961835597;145121
2961856007;145122
2961876416;145123
2961896826;145124
2961917235;145125
2961937645;145126
2961958058;145127
2961978463;145128
2961998873;145129
2962019282;145130
2962039692;145131
2962060102;145132
2962080511;145133
2962100921;145134
2962121330;145135
2962141740;145136
2962162150;145137
2962182558;145138
2962202968;145139
2962223377;145140
2962243787;145141
2962264197;145142
2962284606;145143
2962305016;145144
2962325425;145145
2962345835;145146
2962366245;145147
2962386657;145148
2962407063;145149
2962427472;145150
2962447886;145151
2962468292;145152
2962488701;145153
2962509111;145154
2962529520;145155
2962549930;145156
2962570340;145157
2962590749;145158
2962611158;145159
2962631567;145160
2962651977;145161
2962672387;145162
2962692796;145163
2962713206;145164
2962733619;145165
2962754025;145166
2962774435;145167
2962794844;145168
2962815253;145169
2962835666;145170
2962856072;145171
2962876482;145172
2962896891;145173
2962917301;145174
2962937710;145175
2962958120;145176
2962978530;145177
2962998939;145178
2963019349;145179
2963039758;145180
2963060167;145181
2963080577;145182
2963100986;145183
2963121400;145184
2963141805;145185
2963162215;145186
2963182629;145187
2963203034;145188
2963223444;145189
2963243852;145190
2963264262;145191
2963284672;145192
2963305081;145193
2963325491;145194
2963345904;145195
2963366310;145196
2963386720;145197
2963407129;145198
2963427539;145199
2963447948;145200
2963468357;145201
2963488767;145202
2963509176;145203
2963529586;145204
2963549995;145205
2963570405;145206
2963590815;145207
2963611224;145208
2963631634;145209
2963652042;145210
2963672452;145211
2963692862;145212
2963713271;145213
2963733681;145214
2963754090;145215
2963774504;145216
2963794910;145217
2963815323;145218
2963835729;145219
2963856138;145220
2963876547;145221
2963896957;145222
2963917366;145223
2963937776;145224
2963958185;145225
2963978595;145226
2963999005;145227
2964019414;145228
2964039828;145229
2964060233;145230
2964080646;145231
2964101053;145232
2964121461;145233
2964141871;145234
2964162284;145235
2964182690;145236
2964203100;145237
2964223509;145238
2964243919;145239
2964264328;145240
2964284738;145241
2964305148;145242
2964325556;145243
2964345966;145244
2964366375;145245
2964386785;145246
2964407195;145247
2964427604;145248
2964448014;145249
2964468423;145250
2964488833;145251
2964509243;145252
2964529655;145253
2964550061;145254
2964570470;145255
2964590880;145256
2964611290;145257
2964631699;145258
2964652109;145259
2964672518;145260
2964692928;145261
2964713338;145262
2964733746;145263
2964754156;145264
2964774565;145265
2964794975;145266
2964815385;145267
2964835794;145268
2964856204;145269
2964876613;145270
2964897023;145271
2964917433;145272
2964937842;145273
2964958251;145274
2964978660;145275
2964999070;145276
2965019480;145277
2965039889;145278
2965060299;145279
2965080708;145280
2965101118;145281
2965121528;145282
2965141937;145283
2965162347;145284
2965182755;145285
2965203165;145286
2965223575;145287
2965243984;145288
2965264394;145289
2965284803;145290
2965305213;145291
2965325623;145292
2965346032;145293
2965366442;145294
2965386850;145295
2965407260;145296
2965427670;145297
2965448079;145298
2965468489;145299
2965488898;145300
2965509308;145301
2965529722;145302
2965550127;145303
2965570537;145304
2965590946;145305
2965611355;145306
2965631765;145307
2965652174;145308
2965672584;145309
2965692993;145310
2965713403;145311
2965733813;145312
2965754222;145313
2965774632;145314
2965795041;145315
2965815450;145316
2965835860;145317
2965856269;145318
2965876679;145319
2965897088;145320
2965917498;145321
2965937908;145322
2965958317;145323
2965978727;145324
2965999140;145325
2966019546;145326
2966039959;145327
2966060364;145328
2966080774;145329
2966101183;145330
2966121593;145331
2966142003;145332
2966162412;145333
2966182822;145334
2966203231;145335
2966223641;145336
2966244050;145337
2966264459;145338
2966284869;145339
2966305278;145340
2966325688;145341
2966346102;145342
2966366507;145343
2966386917;145344
2966407326;145345
2966427736;145346
2966448146;145347
2966468558;145348
2966488964;145349
2966509373;145350
2966529783;145351
2966550193;145352
2966570602;145353
2966591012;145354
2966611421;145355
2966631831;145356
2966652241;145357
2966672649;145358
2966693059;145359
2966713468;145360
2966733878;145361
2966754288;145362
2966774697;145363
2966795111;145364
2966815516;145365
2966835926;145366
2966856340;145367
2966876745;145368
2966897155;145369
2966917563;145370
2966937973;145371
2966958383;145372
2966978792;145373
2966999202;145374
2967019611;145375
2967040021;145376
2967060431;145377
2967080840;145378
2967101250;145379
2967121658;145380
2967142072;145381
2967162478;145382
2967182887;145383
2967203297;145384
2967223706;145385
2967244116;145386
2967264530;145387
2967284935;145388
2967305345;145389
2967325753;145390
2967346146;145391
2967366556;145392
2967386965;145393
2967407375;145394
2967427784;145395
2967448194;145396
2967468603;145397
2967489013;145398
2967509423;145399
2967529831;145400
2967550241;145401
2967570650;145402
2967591060;145403
2967611469;145404
2967631879;145405
2967652288;145406
2967672698;145407
2967693108;145408
2967713517;145409
2967733927;145410
2967754336;145411
2967774745;145412
2967795154;145413
2967815564;145414
2967835974;145415
2967856383;145416
2967876793;145417
2967897202;145418
2967917612;145419
2967938021;145420
2967958431;145421
2967978840;145422
2967999253;145423
2968019659;145424
2968040068;145425
2968060478;145426
2968080887;145427
2968101297;145428
2968121706;145429
2968142116;145430
2968162526;145431
2968182934;145432
2968203344;145433
2968223753;145434
2968244163;145435
2968264572;145436
2968284986;145437
2968305396;145438
2968325801;145439
2968346211;145440
2968366620;145441
2968387029;145442
2968407438;145443
2968427848;145444
2968448258;145445
2968468667;145446
2968489077;145447
2968509486;145448
2968529896;145449
2968550305;145450
2968570715;145451
2968591124;145452
2968611533;145453
2968631943;145454
2968652352;145455
2968672762;145456
2968693171;145457
2968713581;145458
2968733990;145459
2968754400;145460
2968774810;145461
2968795219;145462
2968815628;145463
2968836037;145464
2968856447;145465
2968876856;145466
2968897266;145467
2968917676;145468
2968938085;145469
2968958495;145470
2968978904;145471
2968999314;145472
2969019723;145473
2969040133;145474
2969060545;145475
2969080951;145476
2969101365;145477
2969121770;145478
2969142180;145479
2969162589;145480
2969182999;145481
2969203408;145482
2969223818;145483
2969244228;145484
2969264636;145485
2969285046;145486
2969305455;145487
2969325865;145488
2969346274;145489
2969366684;145490
2969387094;145491
2969407503;145492
2969427913;145493
2969448322;145494
2969468731;145495
2969489140;145496
2969509550;145497
2969529959;145498
2969550369;145499
2969570779;145500
2969591188;145501
2969611598;145502
2969632007;145503
2969652417;145504
2969672825;145505
2969693235;145506
2969713645;145507
2969734058;145508
2969754464;145509
2969774873;145510
2969795283;145511
2969815692;145512
2969836102;145513
2969856512;145514
2969876921;145515
2969897331;145516
2969917739;145517
2969938149;145518
2969958558;145519
2969978968;145520
2969999377;145521
2970019787;145522
2970040201;145523
2970060606;145524
2970081016;145525
2970101424;145526
2970121834;145527
2970142243;145528
2970162653;145529
2970183063;145530
2970203472;145531
2970223882;145532
2970244291;145533
2970264701;145534
2970285110;145535
2970305520;145536
2970325929;145537
2970346338;145538
2970366748;145539
2970387157;145540
2970407567;145541
2970427976;145542
2970448386;145543
2970468795;145544
2970489205;145545
2970509615;145546
2970530027;145547
2970550433;145548
2970570842;145549
2970591256;145550
2970611661;145551
2970632071;145552
2970652481;145553
2970672890;145554
2970693300;145555
2970713709;145556
2970734119;145557
2970754527;145558
2970774937;145559
2970795347;145560
2970815756;145561
2970836166;145562
2970856575;145563
2970876985;145564
2970897394;145565
2970917804;145566
2970938213;145567
2970958623;145568
2970979036;145569
2970999441;145570
2971019851;145571
2971040260;145572
2971060670;145573
2971081079;145574
2971101489;145575
2971121899;145576
2971142308;145577
2971162718;145578
2971183126;145579
2971203536;145580
2971223945;145581
2971244355;145582
2971264765;145583
2971285174;145584
2971305588;145585
2971325993;145586
2971346403;145587
2971366812;145588
2971387222;145589
2971407630;145590
2971428040;145591
2971448450;145592
2971468859;145593
2971489269;145594
2971509678;145595
2971530088;145596
2971550497;145597
2971570907;145598
2971591317;145599
2971611725;145600
2971632135;145601
2971652544;145602
2971672954;145603
2971693363;145604
2971713773;145605
2971734183;145606
2971754592;145607
2971775002;145608
2971795411;145609
2971815821;145610
2971836229;145611
2971856639;145612
2971877048;145613
2971897458;145614
2971917872;145615
2971938277;145616
2971958687;145617
2971979096;145618
2971999506;145619
2972019918;145620
2972040324;145621
2972060734;145622
2972081143;145623
2972101553;145624
2972121962;145625
2972142372;145626
2972162781;145627
2972183191;145628
2972203601;145629
2972224010;145630
2972244419;145631
2972264828;145632
2972285238;145633
2972305647;145634
2972326057;145635
2972346466;145636
2972366876;145637
2972387286;145638
2972407695;145639
2972428105;145640
2972448514;145641
2972468923;145642
2972489332;145643
2972509742;145644
2972530152;145645
2972550561;145646
2972570971;145647
2972591380;145648
2972611790;145649
2972632199;145650
2972652609;145651
2972673018;145652
2972693431;145653
2972713837;145654
2972734246;145655
2972754656;145656
2972775065;145657
2972795475;145658
2972815884;145659
2972836294;145660
2972856704;145661
2972877112;145662
2972897522;145663
2972917931;145664
2972938341;145665
2972958750;145666
2972979160;145667
2972999570;145668
2973019979;145669
2973040389;145670
2973060798;145671
2973081208;145672
2973101616;145673
2973122026;145674
2973142436;145675
2973162845;145676
2973183255;145677
2973203664;145678
2973224074;145679
2973244483;145680
2973264893;145681
2973285302;145682
2973305711;145683
2973326125;145684
2973346530;145685
2973366940;145686
2973387349;145687
2973407759;145688
2973428168;145689
2973448578;145690
2973468988;145691
2973489397;145692
2973509806;145693
2973530215;145694
2973550625;145695
2973571034;145696
2973591444;145697
2973611854;145698
2973632263;145699
2973652673;145700
2973673082;145701
2973693492;145702
2973713901;145703
2973734310;145704
2973754723;145705
2973775129;145706
2973795539;145707
2973815952;145708
2973836358;145709
2973856767;145710
2973877177;145711
2973897586;145712
2973917996;145713
2973938405;145714
2973958814;145715
2973979224;145716
2973999633;145717
2974020043;145718
2974040452;145719
2974060862;145720
2974081272;145721
2974101681;145722
2974122091;145723
2974142499;145724
2974162909;145725
2974183322;145726
2974203728;145727
2974224137;145728
2974244547;145729
2974264961;145730
2974285366;145731
2974305776;145732
2974326185;145733
2974346595;145734
2974367003;145735
2974387413;145736
2974407823;145737
2974428232;145738
2974448642;145739
2974469051;145740
2974489461;145741
2974509870;145742
2974530280;145743
2974550690;145744
2974571098;145745
2974591508;145746
2974611917;145747
2974632327;145748
2974652736;145749
2974673146;145750
2974693555;145751
2974713965;145752
2974734375;145753
2974754784;145754
2974775194;145755
2974795602;145756
2974816012;145757
2974836421;145758
2974856835;145759
2974877241;145760
2974897650;145761
2974918060;145762
2974938469;145763
2974958879;145764
2974979288;145765
2974999697;145766
2975020107;145767
2975040516;145768
2975060926;145769
2975081335;145770
2975101745;145771
2975122154;145772
2975142564;145773
2975162973;145774
2975183383;145775
2975203792;145776
2975224201;145777
2975244611;145778
2975265020;145779
2975285430;145780
2975305839;145781
2975326249;145782
2975346659;145783
2975367068;145784
2975387478;145785
2975407887;145786
2975428296;145787
2975448705;145788
2975469115;145789
2975489529;145790
2975509934;145791
2975530344;145792
2975550753;145793
2975571167;145794
2975591572;145795
2975611982;145796
2975632390;145797
2975652800;145798
2975673210;145799
2975693619;145800
2975714029;145801
2975734438;145802
2975754848;145803
2975775257;145804
2975795667;145805
2975816080;145806
2975836485;145807
2975856895;145808
2975877304;145809
2975897714;145810
2975918123;145811
2975938533;145812
2975958943;145813
2975979352;145814
2975999762;145815
2976020175;145816
2976040581;145817
2976060989;145818
2976081399;145819
2976101813;145820
2976122222;145821
2976142628;145822
2976163037;145823
2976183447;145824
2976203856;145825
2976224266;145826
2976244678;145827
2976265084;145828
2976285494;145829
2976305903;145830
2976326313;145831
2976346722;145832
2976367132;145833
2976387541;145834
2976407951;145835
2976428361;145836
2976448770;145837
2976469179;145838
2976489588;145839
2976509998;145840
2976530407;145841
2976550817;145842
2976571227;145843
2976591636;145844
2976612046;145845
2976632455;145846
2976652868;145847
2976673274;145848
2976693683;145849
2976714092;145850
2976734502;145851
2976754912;145852
2976775321;145853
2976795731;145854
2976816140;145855
2976836550;145856
2976856962;145857
2976877369;145858
2976897778;145859
2976918187;145860
2976938597;145861
2976959006;145862
2976979416;145863
2976999825;145864
2977020235;145865
2977040645;145866
2977061054;145867
2977081464;145868
2977101873;145869
2977122282;145870
2977142691;145871
2977163101;145872
2977183510;145873
2977203924;145874
2977224330;145875
2977244739;145876
2977265149;145877
2977285558;145878
2977305968;145879
2977326376;145880
2977346790;145881
2977367200;145882
2977387609;145883
2977408019;145884
2977428428;145885
2977448838;145886
2977469247;145887
2977489661;145888
2977510067;145889
2977530475;145890
2977550885;145891
2977571298;145892
2977591704;145893
2977612113;145894
2977632523;145895
2977652933;145896
2977673342;145897
2977693752;145898
2977714161;145899
2977734571;145900
2977754983;145901
2977775389;145902
2977795799;145903
2977816208;145904
2977836618;145905
2977857027;145906
2977877437;145907
2977897846;145908
2977918260;145909
2977938666;145910
2977959075;145911
2977979484;145912
2977999893;145913
2978020303;145914
2978040712;145915
2978061122;145916
2978081532;145917
2978101941;145918
2978122351;145919
2978142760;145920
2978163170;145921
2978183579;145922
2978203988;145923
2978224398;145924
2978244807;145925
2978265217;145926
2978285626;145927
2978306036;145928
2978326446;145929
2978346855;145930
2978367265;145931
2978387673;145932
2978408083;145933
2978428492;145934
2978448902;145935
2978469312;145936
2978489721;145937
2978510131;145938
2978530540;145939
2978550950;145940
2978571359;145941
2978591768;145942
2978612178;145943
2978632587;145944
2978652997;145945
2978673406;145946
2978693816;145947
2978714225;145948
2978734635;145949
2978755045;145950
2978775454;145951
2978795864;145952
2978816272;145953
2978836682;145954
2978857091;145955
2978877501;145956
2978897911;145957
2978918320;145958
2978938730;145959
2978959139;145960
2978979549;145961
2978999958;145962
2979020368;145963
2979040777;145964
2979061186;145965
2979081596;145966
2979102005;145967
2979122415;145968
2979142824;145969
2979163234;145970
2979183644;145971
2979204053;145972
2979224463;145973
2979244875;145974
2979265281;145975
2979285690;145976
2979306100;145977
2979326510;145978
2979346919;145979
2979367329;145980
2979387738;145981
2979408148;145982
2979428557;145983
2979448966;145984
2979469376;145985
2979489785;145986
2979510195;145987
2979530604;145988
2979551014;145989
2979571424;145990
2979591833;145991
2979612243;145992
2979632652;145993
2979653062;145994
2979673470;145995
2979693880;145996
2979714290;145997
2979734699;145998
2979755109;145999
2979775518;146000
2979795928;146001
2979816341;146002
2979836747;146003
2979857157;146004
2979877566;146005
2979897975;146006
2979918384;146007
2979938794;146008
2979959203;146009
2979979613;146010
2980000023;146011
2980020432;146012
2980040842;146013
2980061251;146014
2980081661;146015
2980102069;146016
2980122479;146017
2980142889;146018
2980163298;146019
2980183712;146020
2980204117;146021
2980224527;146022
2980244936;146023
2980265346;146024
2980285756;146025
2980306165;146026
2980326574;146027
2980346983;146028
2980367393;146029
2980387802;146030
2980408212;146031
2980428622;146032
2980449031;146033
2980469441;146034
2980489850;146035
2980510260;146036
2980530669;146037
2980551078;146038
2980571488;146039
2980591897;146040
2980612307;146041
2980632716;146042
2980653126;146043
2980673535;146044
2980693945;146045
2980714355;146046
2980734764;146047
2980755173;146048
2980775582;146049
2980795992;146050
2980816401;146051
2980836811;146052
2980857221;146053
2980877630;146054
2980898040;146055
2980918449;146056
2980938859;146057
2980959267;146058
2980979677;146059
2981000087;146060
2981020496;146061
2981040906;146062
2981061315;146063
2981081729;146064
2981102135;146065
2981122544;146066
2981142954;146067
2981163363;146068
2981183772;146069
2981204181;146070
2981224591;146071
2981245001;146072
2981265410;146073
2981285820;146074
2981306229;146075
2981326639;146076
2981347048;146077
2981367458;146078
2981387868;146079
2981408276;146080
2981428686;146081
2981449095;146082
2981469505;146083
2981489918;146084
2981510324;146085
2981530734;146086
2981551143;146087
2981571553;146088
2981591962;146089
2981612371;146090
2981632780;146091
2981653190;146092
2981673600;146093
2981694009;146094
2981714419;146095
2981734828;146096
2981755238;146097
2981775647;146098
2981796057;146099
2981816467;146100
2981836876;146101
2981857285;146102
2981877694;146103
2981898104;146104
2981918513;146105
2981938923;146106
2981959333;146107
2981979742;146108
2982000152;146109
2982020561;146110
2982040971;146111
2982061379;146112
2982081789;146113
2982102199;146114
2982122608;146115
2982143018;146116
2982163427;146117
2982183837;146118
2982204246;146119
2982224656;146120
2982245066;146121
2982265474;146122
2982285884;146123
2982306293;146124
2982326703;146125
2982347112;146126
2982367522;146127
2982387932;146128
2982408341;146129
2982428751;146130
2982449160;146131
2982469570;146132
2982489979;146133
2982510388;146134
2982530798;146135
2982551207;146136
2982571617;146137
2982592026;146138
2982612436;146139
2982632846;146140
2982653255;146141
2982673665;146142
2982694074;146143
2982714483;146144
2982734892;146145
2982755302;146146
2982775716;146147
2982796121;146148
2982816531;146149
2982836940;146150
2982857350;146151
2982877759;146152
2982898169;146153
2982918578;146154
2982938987;146155
2982959397;146156
2982979806;146157
2983000216;146158
2983020625;146159
2983041035;146160
2983061445;146161
2983081854;146162
2983102264;146163
2983122673;146164
2983143082;146165
2983163491;146166
2983183901;146167
2983204311;146168
2983224720;146169
2983245130;146170
2983265539;146171
2983285949;146172
2983306362;146173
2983326768;146174
2983347177;146175
2983367586;146176
2983387996;146177
2983408405;146178
2983428815;146179
2983449224;146180
2983469634;146181
2983490044;146182
2983510453;146183
2983530863;146184
2983551271;146185
2983571681;146186
2983592090;146187
2983612500;146188
2983632910;146189
2983653319;146190
2983673729;146191
2983694138;146192
2983714548;146193
2983734957;146194
2983755367;146195
2983775776;146196
2983796185;146197
2983816595;146198
2983837004;146199
2983857418;146200
2983877824;146201
2983898233;146202
2983918643;146203
2983939052;146204
2983959462;146205
2983979871;146206
2984000280;146207
2984020690;146208
2984041099;146209
2984061509;146210
2984081918;146211
2984102328;146212
2984122737;146213
2984143147;146214
2984163557;146215
2984183966;146216
2984204375;146217
2984224784;146218
2984245194;146219
2984265603;146220
2984286013;146221
2984306423;146222
2984326832;146223
2984347242;146224
2984367651;146225
2984388061;146226
2984408470;146227
2984428879;146228
2984449289;146229
2984469698;146230
2984490108;146231
2984510517;146232
2984530927;146233
2984551336;146234
2984571746;146235
2984592156;146236
2984612565;146237
2984632974;146238
2984653383;146239
2984673793;146240
2984694202;146241
2984714612;146242
2984735022;146243
2984755431;146244
2984775841;146245
2984796250;146246
2984816660;146247
2984837068;146248
2984857478;146249
2984877888;146250
2984898297;146251
2984918707;146252
2984939116;146253
2984959526;146254
2984979935;146255
2985000345;146256
2985020755;146257
2985041164;146258
2985061573;146259
2985081982;146260
2985102392;146261
2985122801;146262
2985143211;146263
2985163621;146264
2985184030;146265
2985204440;146266
2985224853;146267
2985245259;146268
2985265668;146269
2985286077;146270
2985306487;146271
2985326896;146272
2985347306;146273
2985367715;146274
2985388125;146275
2985408535;146276
2985428944;146277
2985449354;146278
2985469763;146279
2985490172;146280
2985510581;146281
2985530991;146282
2985551401;146283
2985571810;146284
2985592220;146285
2985612629;146286
2985633039;146287
2985653448;146288
2985673857;146289
2985694271;146290
2985714676;146291
2985735086;146292
2985755495;146293
2985775905;146294
2985796314;146295
2985816728;146296
2985837138;146297
2985857547;146298
2985877953;146299
2985898362;146300
2985918771;146301
2985939180;146302
2985959590;146303
2985980004;146304
2986000409;146305
2986020819;146306
2986041228;146307
2986061638;146308
2986082047;146309
2986102457;146310
2986122867;146311
2986143275;146312
2986163685;146313
2986184098;146314
2986204504;146315
2986224913;146316
2986245323;146317
2986265733;146318
2986286142;146319
2986306552;146320
2986326961;146321
2986347370;146322
2986367779;146323
2986388189;146324
2986408599;146325
2986429008;146326
2986449418;146327
2986469827;146328
2986490237;146329
2986510646;146330
2986531056;146331
2986551465;146332
2986571878;146333
2986592284;146334
2986612693;146335
2986633103;146336
2986653512;146337
2986673922;146338
2986694332;146339
2986714741;146340
2986735151;146341
2986755560;146342
2986775969;146343
2986796379;146344
2986816788;146345
2986837198;146346
2986857611;146347
2986878017;146348
2986898426;146349
2986918836;146350
2986939246;146351
2986959655;146352
2986980064;146353
2987000473;146354
2987020883;146355
2987041292;146356
2987061702;146357
2987082112;146358
2987102521;146359
2987122931;146360
2987143340;146361
2987163754;146362
2987184158;146363
2987204568;146364
2987224978;146365
2987245387;146366
2987265797;146367
2987286206;146368
2987306616;146369
2987327025;146370
2987347431;146371
2987367841;146372
2987388250;146373
2987408660;146374
2987429068;146375
2987449478;146376
2987469887;146377
2987490297;146378
2987510707;146379
2987531116;146380
2987551530;146381
2987571935;146382
2987592348;146383
2987612753;146384
2987633163;146385
2987653572;146386
2987673982;146387
2987694392;146388
2987714801;146389
2987735211;146390
2987755620;146391
2987776030;146392
2987796439;146393
2987816852;146394
2987837258;146395
2987857667;146396
2987878077;146397
2987898486;146398
2987918896;146399
2987939305;146400
2987959715;146401
2987980125;146402
2988000534;146403
2988020944;146404
2988041353;146405
2988061762;146406
2988082171;146407
2988102581;146408
2988122994;146409
2988143400;146410
2988163810;146411
2988184219;146412
2988204629;146413
2988225038;146414
2988245451;146415
2988265856;146416
2988286266;146417
2988306676;146418
2988327085;146419
2988347495;146420
2988367904;146421
2988388314;146422
2988408723;146423
2988429133;146424
2988449543;146425
2988469951;146426
2988490361;146427
2988510770;146428
2988531180;146429
2988551589;146430
2988571999;146431
2988592408;146432
2988612822;146433
2988633228;146434
2988653637;146435
2988674047;146436
2988694456;146437
2988714865;146438
2988735274;146439
2988755684;146440
2988776098;146441
2988796503;146442
2988816913;146443
2988837322;146444
2988857732;146445
2988878141;146446
2988898554;146447
2988918960;146448
2988939369;146449
2988959779;146450
2988980188;146451
2989000598;146452
2989021007;146453
2989041417;146454
2989061826;146455
2989082239;146456
2989102649;146457
2989123054;146458
2989143464;146459
2989163873;146460
2989184283;146461
2989204692;146462
2989225102;146463
2989245512;146464
2989265921;146465
2989286331;146466
2989306740;146467
2989327149;146468
2989347558;146469
2989367968;146470
2989388378;146471
2989408787;146472
2989429201;146473
2989449606;146474
2989470016;146475
2989490425;146476
2989510835;146477
2989531243;146478
2989551653;146479
2989572063;146480
2989592472;146481
2989612882;146482
2989633291;146483
2989653701;146484
2989674110;146485
2989694520;146486
2989714930;146487
2989735339;146488
2989755748;146489
2989776157;146490
2989796567;146491
2989816976;146492
2989837386;146493
2989857796;146494
2989878205;146495
2989898615;146496
2989919024;146497
2989939434;146498
2989959842;146499
2989980252;146500
2990000661;146501
2990021071;146502
2990041481;146503
2990061890;146504
2990082300;146505
2990102713;146506
2990123119;146507
2990143528;146508
2990163937;146509
2990184347;146510
2990204756;146511
2990225166;146512
2990245575;146513
2990265985;146514
2990286394;146515
2990306804;146516
2990327214;146517
2990347623;146518
2990368033;146519
2990388442;146520
2990408851;146521
2990429260;146522
2990449670;146523
2990470079;146524
2990490489;146525
2990510899;146526
2990531308;146527
2990551718;146528
2990572127;146529
2990592540;146530
2990612945;146531
2990633355;146532
2990653765;146533
2990674174;146534
2990694584;146535
2990714993;146536
2990735403;146537
2990755812;146538
2990776222;146539
2990796632;146540
2990817040;146541
2990837450;146542
2990857859;146543
2990878269;146544
2990898678;146545
2990919088;146546
2990939501;146547
2990959907;146548
2990980321;146549
2991000726;146550
2991021139;146551
2991041544;146552
2991061954;146553
2991082363;146554
2991102773;146555
2991123183;146556
2991143592;146557
2991164002;146558
2991184411;146559
2991204821;146560
2991225233;146561
2991245639;146562
2991266049;146563
2991286462;146564
2991306868;146565
2991327277;146566
2991347687;146567
2991368096;146568
2991388506;146569
2991408919;146570
2991429325;146571
2991449734;146572
2991470147;146573
2991490553;146574
2991510962;146575
2991531372;146576
2991551781;146577
2991572191;146578
2991592601;146579
2991613010;146580
2991633420;146581
2991653829;146582
2991674238;146583
2991694647;146584
2991715057;146585
2991735467;146586
2991755876;146587
2991776286;146588
2991796695;146589
2991817105;146590
2991837514;146591
2991857924;146592
2991878336;146593
2991898742;146594
2991919152;146595
2991939561;146596
2991959971;146597
2991980380;146598
2992000790;146599
2992021203;146600
2992041609;146601
2992062019;146602
2992082427;146603
2992102837;146604
2992123246;146605
2992143656;146606
2992164065;146607
2992184475;146608
2992204885;146609
2992225294;146610
2992245704;146611
2992266113;146612
2992286523;146613
2992306932;146614
2992327341;146615
2992347750;146616
2992368160;146617
2992388570;146618
2992408979;146619
2992429389;146620
2992449798;146621
2992470208;146622
2992490617;146623
2992511026;146624
2992531436;146625
2992551845;146626
2992572255;146627
2992592664;146628
2992613074;146629
2992633483;146630
2992653893;146631
2992674303;146632
2992694712;146633
2992715122;146634
2992735530;146635
2992755940;146636
2992776349;146637
2992796759;146638
2992817168;146639
2992837578;146640
2992857988;146641
2992878401;146642
2992898807;146643
2992919216;146644
2992939625;146645
2992960034;146646
2992980444;146647
2993000854;146648
2993021263;146649
2993041673;146650
2993062082;146651
2993082492;146652
2993102901;146653
2993123311;146654
2993143721;146655
2993164133;146656
2993184539;146657
2993204948;146658
2993225358;146659
2993245767;146660
2993266177;146661
2993286586;146662
2993306996;146663
2993327406;146664
2993347819;146665
2993368225;146666
2993388633;146667
2993409043;146668
2993429452;146669
2993449862;146670
2993470272;146671
2993490681;146672
2993511091;146673
2993531500;146674
2993551910;146675
2993572318;146676
2993592732;146677
2993613138;146678
2993633547;146679
2993653957;146680
2993674366;146681
2993694776;146682
2993715185;146683
2993735595;146684
2993756004;146685
2993776414;146686
2993796823;146687
2993817232;146688
2993837642;146689
2993858051;146690
2993878461;146691
2993898870;146692
2993919280;146693
2993939690;146694
2993960099;146695
2993980509;146696
2994000921;146697
2994021327;146698
2994041736;146699
2994062146;146700
2994082556;146701
2994102965;146702
2994123375;146703
2994143784;146704
2994164194;146705
2994184603;146706
2994205013;146707
2994225422;146708
2994245831;146709
2994266241;146710
2994286650;146711
2994307060;146712
2994327469;146713
2994347879;146714
2994368288;146715
2994388698;146716
2994409108;146717
2994429517;146718
2994449926;146719
2994470335;146720
2994490745;146721
2994511154;146722
2994531564;146723
2994551974;146724
2994572383;146725
2994592793;146726
2994613202;146727
2994633612;146728
2994654020;146729
2994674430;146730
2994694839;146731
2994715249;146732
2994735659;146733
2994756068;146734
2994776478;146735
2994796887;146736
2994817297;146737
2994837706;146738
2994858116;146739
2994878525;146740
2994898934;146741
2994919344;146742
2994939753;146743
2994960163;146744
2994980572;146745
2995000982;146746
2995021392;146747
2995041801;146748
2995062211;146749
2995082619;146750
2995103029;146751
2995123438;146752
2995143848;146753
2995164257;146754
2995184667;146755
2995205077;146756
2995225486;146757
2995245896;146758
2995266305;146759
2995286715;146760
2995307127;146761
2995327533;146762
2995347943;146763
2995368352;146764
2995388762;146765
2995409171;146766
2995429581;146767
2995449990;146768
2995470400;146769
2995490810;146770
2995511219;146771
2995531628;146772
2995552037;146773
2995572447;146774
2995592856;146775
2995613266;146776
2995633676;146777
2995654085;146778
2995674495;146779
2995694904;146780
2995715313;146781
2995735722;146782
2995756132;146783
2995776545;146784
2995796955;146785
2995817361;146786
2995837770;146787
2995858184;146788
2995878589;146789
2995898999;146790
2995919408;146791
2995939817;146792
2995960227;146793
2995980636;146794
2996001046;146795
2996021455;146796
2996041865;146797
2996062278;146798
2996082684;146799
2996103098;146800
2996123503;146801
2996143913;146802
2996164321;146803
2996184731;146804
2996205140;146805
2996225550;146806
2996245959;146807
2996266369;146808
2996286779;146809
2996307188;146810
2996327598;146811
2996348007;146812
2996368416;146813
2996388825;146814
2996409235;146815
2996429645;146816
2996450054;146817
2996470464;146818
2996490873;146819
2996511283;146820
2996531692;146821
2996552102;146822
2996572511;146823
2996592920;146824
2996613330;146825
2996633739;146826
2996654149;146827
2996674558;146828
2996694968;146829
2996715377;146830
2996735791;146831
2996756197;146832
2996776609;146833
2996797019;146834
2996817424;146835
2996837834;146836
2996858243;146837
2996878653;146838
2996899063;146839
2996919472;146840
2996939882;146841
2996960291;146842
2996980701;146843
2997001110;146844
2997021519;146845
2997041929;146846
2997062338;146847
2997082748;146848
2997103157;146849
2997123567;146850
2997143976;146851
2997164390;146852
2997184795;146853
2997205205;146854
2997225618;146855
2997246023;146856
2997266433;146857
2997286842;146858
2997307252;146859
2997327661;146860
2997348044;146861
2997368453;146862
2997388863;146863
2997409275;146864
2997429682;146865
2997450090;146866
2997470500;146867
2997490910;146868
2997511319;146869
2997531729;146870
2997552138;146871
2997572548;146872
2997592957;146873
2997613367;146874
2997633775;146875
2997654185;146876
2997674598;146877
2997695004;146878
2997715413;146879
2997735823;146880
2997756232;146881
2997776642;146882
2997797051;146883
2997817461;146884
2997837870;146885
2997858280;146886
2997878688;146887
2997899102;146888
2997919507;146889
2997939921;146890
2997960326;146891
2997980736;146892
2998001145;146893
2998021555;146894
2998041964;146895
2998062377;146896
2998082782;146897
2998103192;146898
2998123601;146899
2998144011;146900
2998164420;146901
2998184834;146902
2998205239;146903
2998225649;146904
2998246058;146905
2998266468;146906
2998286877;146907
2998307290;146908
2998327695;146909
2998348105;146910
2998368514;146911
2998388924;146912
2998409333;146913
2998429743;146914
2998450152;146915
2998470562;146916
2998490971;146917
2998511380;146918
2998531790;146919
2998552199;146920
2998572609;146921
2998593018;146922
2998613428;146923
2998633837;146924
2998654251;146925
2998674656;146926
2998695066;146927
2998715474;146928
2998735884;146929
2998756297;146930
2998776703;146931
2998797112;146932
2998817522;146933
2998837931;146934
2998858341;146935
2998878750;146936
2998899160;146937
2998919572;146938
2998939978;146939
2998960387;146940
2998980797;146941
2999001206;146942
2999021616;146943
2999042025;146944
2999062439;146945
2999082844;146946
2999103254;146947
2999123663;146948
2999144072;146949
2999164481;146950
2999184891;146951
2999205304;146952
2999225710;146953
2999246119;146954
2999266529;146955
2999286938;146956
2999307348;146957
2999327761;146958
2999348166;146959
2999368575;146960
2999388985;146961
2999409398;146962
2999429804;146963
2999450213;146964
2999470627;146965
2999491033;146966
2999511442;146967
2999531852;146968
2999552261;146969
2999572670;146970
2999593079;146971
2999613489;146972
2999633898;146973
2999654308;146974
2999674717;146975
2999695127;146976
2999715536;146977
2999735946;146978
2999756355;146979
2999776768;146980
2999797173;146981
2999817583;146982
2999837992;146983
2999858402;146984
2999878811;146985
2999899221;146986
2999919630;146987
2999940040;146988
2999960449;146989
2999980859;146990
3000001267;146991
3000021677;146992
3000042086;146993
3000062496;146994
3000082905;146995
3000103315;146996
3000123724;146997
3000144134;146998
