2905014137;142337
2905034547;142338
2905054956;142339
2905075366;142340
2905095775;142341
2905116189;142342
2905136597;142343
2905157003;142344
2905177413;142345
2905197822;142346
2905218232;142347
2905238641;142348
2905259051;142349
2905279460;142350
2905299870;142351
2905320284;142352
2905340689;142353
2905361098;142354
2905381507;142355
2905401917;142356
2905422326;142357
2905442736;142358
2905463146;142359
2905483555;142360
2905503965;142361
2905524374;142362
2905544783;142363
2905565192;142364
2905585602;142365
2905606012;142366
2905626421;142367
2905646831;142368
2905667240;142369
2905687654;142370
2905708059;142371
2905728469;142372
2905748878;142373
2905769287;142374
2905789697;142375
2905810106;142376
2905830516;142377
2905850925;142378
2905871335;142379
2905891745;142380
2905912158;142381
2905932563;142382
2905952972;142383
2905973382;142384
2905993791;142385
2906014205;142386
2906034611;142387
2906055020;142388
2906075430;142389
2906095843;142390
2906116249;142391
2906136657;142392
2906157067;142393
2906177476;142394
2906197886;142395
2906218296;142396
2906238705;142397
2906259115;142398
2906279523;142399
2906299934;142400
2906320342;142401
2906340752;142402
2906361162;142403
2906381571;142404
2906401981;142405
2906422390;142406
2906442800;142407
2906463209;142408
2906483619;142409
2906504029;142410
2906524437;142411
2906544847;142412
2906565260;142413
2906585666;142414
2906606075;142415
2906626485;142416
2906646895;142417
2906667304;142418
2906687714;142419
2906708122;142420
2906728532;142421
2906748941;142422
2906769351;142423
2906789761;142424
2906810170;142425
2906830580;142426
2906850989;142427
2906871399;142428
2906891808;142429
2906912217;142430
2906932627;142431
2906953036;142432
2906973446;142433
2906993859;142434
2907014265;142435
2907034678;142436
2907055084;142437
2907075494;142438
2907095903;142439
2907116316;142440
2907136721;142441
2907157131;142442
2907177540;142443
2907197954;142444
2907218360;142445
2907238769;142446
2907259179;142447
2907279592;142448
2907299997;142449
2907320406;142450
2907340820;142451
2907361230;142452
2907381639;142453
2907402053;142454
2907422458;142455
2907442868;142456
2907463277;142457
2907483686;142458
2907504100;142459
2907524505;142460
2907544919;142461
2907565324;142462
2907585734;142463
2907606143;142464
2907626553;142465
2907646963;142466
2907667372;142467
2907687781;142468
2907708190;142469
2907728600;142470
2907749010;142471
2907769419;142472
2907789833;142473
2907810242;142474
2907830648;142475
2907851057;142476
2907871467;142477
2907891880;142478
2907912285;142479
2907932695;142480
2907953104;142481
2907973514;142482
2907993923;142483
2908014333;142484
2908034743;142485
2908055152;142486
2908075565;142487
2908095970;142488
2908116380;142489
2908136789;142490
2908157199;142491
2908177613;142492
2908198018;142493
2908218428;142494
2908238837;142495
2908259246;142496
2908279660;142497
2908300065;142498
2908320475;142499
2908340884;142500
2908361294;142501
2908381703;142502
2908402117;142503
2908422527;142504
2908442932;142505
2908463341;142506
2908483750;142507
2908504160;142508
2908524569;142509
2908544979;142510
2908565389;142511
2908585798;142512
2908606208;142513
2908626617;142514
2908647030;142515
2908667435;142516
2908687849;142517
2908708255;142518
2908728664;142519
2908749078;142520
2908769483;142521
2908789893;142522
2908810307;142523
2908830712;142524
2908851121;142525
2908871530;142526
2908891940;142527
2908912349;142528
2908932763;142529
2908953169;142530
2908973582;142531
2908993988;142532
2909014397;142533
2909034807;142534
2909055215;142535
2909075629;142536
2909096035;142537
2909116444;142538
2909136854;142539
2909157267;142540
2909177673;142541
2909198083;142542
2909218492;142543
2909238901;142544
2909259310;142545
2909279720;142546
2909300129;142547
2909320543;142548
2909340949;142549
2909361358;142550
2909381768;142551
2909402177;142552
2909422587;142553
2909442995;142554
2909463405;142555
2909483815;142556
2909504224;142557
2909524634;142558
2909545043;142559
2909565453;142560
2909585862;142561
2909606272;142562
2909626681;142563
2909647090;142564
2909667500;142565
2909687909;142566
2909708319;142567
2909728729;142568
2909749138;142569
2909769548;142570
2909789957;142571
2909810366;142572
2909830775;142573
2909851185;142574
2909871595;142575
2909892004;142576
2909912418;142577
2909932823;142578
2909953233;142579
2909973642;142580
2909994055;142581
2910014462;142582
2910034870;142583
2910055280;142584
2910075689;142585
2910096099;142586
2910116509;142587
2910136918;142588
2910157328;142589
2910177737;142590
2910198147;142591
2910218559;142592
2910238965;142593
2910259375;142594
2910279784;142595
2910300194;142596
2910320603;142597
2910341013;142598
2910361422;142599
2910381832;142600
2910402241;142601
2910422650;142602
2910443060;142603
2910463469;142604
2910483879;142605
2910504288;142606
2910524698;142607
2910545108;142608
2910565521;142609
2910585927;142610
2910606335;142611
2910626745;142612
2910647155;142613
2910667564;142614
2910687974;142615
2910708383;142616
2910728797;142617
2910749202;142618
2910769612;142619
2910790022;142620
2910810430;142621
2910830844;142622
2910851249;142623
2910871659;142624
2910892072;142625
2910912478;142626
2910932888;142627
2910953297;142628
2910973707;142629
2910994115;142630
2911014525;142631
2911034934;142632
2911055344;142633
2911075758;142634
2911096163;142635
2911116573;142636
2911136982;142637
2911157392;142638
2911177802;142639
2911198210;142640
2911218620;142641
2911239029;142642
2911259439;142643
2911279848;142644
2911300258;142645
2911320672;142646
2911341077;142647
2911361487;142648
2911381895;142649
2911402305;142650
2911422714;142651
2911443124;142652
2911463534;142653
2911483943;142654
2911504353;142655
2911524762;142656
2911545172;142657
2911565585;142658
2911585990;142659
2911606400;142660
2911626809;142661
2911647219;142662
2911667628;142663
2911688038;142664
2911708452;142665
2911728857;142666
2911749267;142667
2911769675;142668
2911790085;142669
2911810498;142670
2911830904;142671
2911851318;142672
2911871723;142673
2911892133;142674
2911912546;142675
2911932955;142676
2911953360;142677
2911973770;142678
2911994180;142679
2912014589;142680
2912034999;142681
2912055408;142682
2912075818;142683
2912096232;142684
2912116637;142685
2912137047;142686
2912157456;142687
2912177865;142688
2912198274;142689
2912218684;142690
2912239094;142691
2912259503;142692
2912279913;142693
2912300322;142694
2912320732;142695
2912341141;142696
2912361550;142697
2912381960;142698
2912402369;142699
2912422783;142700
2912443188;142701
2912463598;142702
2912484007;142703
2912504421;142704
2912524830;142705
2912545235;142706
2912565645;142707
2912586054;142708
2912606468;142709
2912626874;142710
2912647283;142711
2912667693;142712
2912688106;142713
2912708512;142714
2912728921;142715
2912749330;142716
2912769740;142717
2912790153;142718
2912810563;142719
2912830968;142720
2912851378;142721
2912871787;142722
2912892197;142723
2912912607;142724
2912933015;142725
2912953425;142726
2912973834;142727
2912994248;142728
2913014658;142729
2913035063;142730
2913055473;142731
2913075882;142732
2913096295;142733
2913116701;142734
2913137110;142735
2913157520;142736
2913177929;142737
2913198339;142738
2913218748;142739
2913239158;142740
2913259571;142741
2913279977;142742
2913300387;142743
2913320799;142744
2913341205;142745
2913361614;142746
2913382024;142747
2913402437;142748
2913422847;142749
2913443253;142750
2913463662;142751
2913484072;142752
2913504481;142753
2913524890;142754
2913545300;142755
2913565709;142756
2913586119;142757
2913606528;142758
2913626938;142759
2913647351;142760
2913667757;142761
2913688167;142762
2913708576;142763
2913728985;142764
2913749394;142765
2913769804;142766
2913790213;142767
2913810623;142768
2913831033;142769
2913851446;142770
2913871852;142771
2913892261;142772
2913912674;142773
2913933080;142774
2913953489;142775
2913973899;142776
2913994308;142777
2914014718;142778
2914035127;142779
2914055537;142780
2914075947;142781
2914096356;142782
2914116765;142783
2914137174;142784
2914157588;142785
2914177997;142786
2914198403;142787
2914218813;142788
2914239222;142789
2914259632;142790
2914280041;142791
2914300450;142792
2914320859;142793
2914341269;142794
2914361679;142795
2914382088;142796
2914402498;142797
2914422907;142798
2914443317;142799
2914463727;142800
2914484135;142801
2914504545;142802
2914524954;142803
2914545364;142804
2914565773;142805
2914586183;142806
2914606593;142807
2914627006;142808
2914647412;142809
2914667824;142810
2914688230;142811
2914708639;142812
2914729053;142813
2914749459;142814
2914769868;142815
2914790278;142816
2914810691;142817
2914831097;142818
2914851506;142819
2914871919;142820
2914892325;142821
2914912734;142822
2914933148;142823
2914953553;142824
2914973963;142825
2914994377;142826
2915014786;142827
2915035192;142828
2915055601;142829
2915076010;142830
2915096419;142831
2915116829;142832
2915137239;142833
2915157648;142834
2915178058;142835
2915198471;142836
2915218881;142837
2915239286;142838
2915259699;142839
2915280105;142840
2915300514;142841
2915320924;142842
2915341333;142843
2915361743;142844
2915382153;142845
2915402562;142846
2915422972;142847
2915443381;142848
2915463790;142849
2915484199;142850
2915504609;142851
2915525019;142852
2915545428;142853
2915565838;142854
2915586247;142855
2915606657;142856
2915627066;142857
2915647479;142858
2915667889;142859
2915688294;142860
2915708704;142861
2915729113;142862
2915749523;142863
2915769932;142864
2915790342;142865
2915810752;142866
2915831160;142867
2915851570;142868
2915871979;142869
2915892389;142870
2915912803;142871
2915933208;142872
2915953618;142873
2915974027;142874
2915994437;142875
2916014846;142876
2916035255;142877
2916055665;142878
2916076074;142879
2916096484;142880
2916116893;142881
2916137303;142882
2916157712;142883
2916178126;142884
2916198532;142885
2916218941;142886
2916239354;142887
2916259759;142888
2916280169;142889
2916300578;142890
2916320988;142891
2916341398;142892
2916361807;142893
2916382217;142894
2916402626;142895
2916423035;142896
2916443445;142897
2916463854;142898
2916484264;142899
2916504673;142900
2916525083;142901
2916545492;142902
2916565902;142903
2916586312;142904
2916606721;142905
2916627130;142906
2916647539;142907
2916667949;142908
2916688358;142909
2916708768;142910
2916729182;142911
2916749591;142912
2916769997;142913
2916790406;142914
2916810816;142915
2916831225;142916
2916851634;142917
2916872044;142918
2916892453;142919
2916912867;142920
2916933276;142921
2916953682;142922
2916974092;142923
2916994501;142924
2917014910;142925
2917035319;142926
2917055729;142927
2917076138;142928
2917096548;142929
2917116958;142930
2917137367;142931
2917157781;142932
2917178186;142933
2917198596;142934
2917219004;142935
2917239418;142936
2917259824;142937
2917280233;142938
2917300643;142939
2917321052;142940
2917341476;142941
2917361886;142942
2917382295;142943
2917402708;142944
2917423113;142945
2917443523;142946
2917463933;142947
2917484342;142948
2917504752;142949
2917525161;142950
2917545571;142951
2917565981;142952
2917586390;142953
2917606799;142954
2917627208;142955
2917647618;142956
2917668028;142957
2917688437;142958
2917708847;142959
2917729260;142960
2917749670;142961
2917770076;142962
2917790488;142963
2917810894;142964
2917831304;142965
2917851713;142966
2917872123;142967
2917892532;142968
2917912942;142969
2917933356;142970
2917953761;142971
2917974170;142972
2917994579;142973
2918014993;142974
2918035399;142975
2918055808;142976
2918076218;142977
2918096627;142978
2918117037;142979
2918137447;142980
2918157860;142981
2918178265;142982
2918198674;142983
2918219084;142984
2918239494;142985
2918259903;142986
2918280313;142987
2918300726;142988
2918321132;142989
2918341542;142990
2918361951;142991
2918382360;142992
2918402769;142993
2918423179;142994
2918443589;142995
2918463998;142996
2918484408;142997
2918504818;142998
2918525231;142999
2918545637;143000
2918566045;143001
2918586455;143002
2918606869;143003
2918627274;143004
2918647684;143005
2918668093;143006
2918688507;143007
2918708913;143008
2918729322;143009
2918749732;143010
2918770140;143011
2918790550;143012
2918810960;143013
2918831369;143014
2918851779;143015
2918872188;143016
2918892598;143017
2918913012;143018
2918933421;143019
2918953827;143020
2918974235;143021
2918994645;143022
2919015055;143023
2919035464;143024
2919055874;143025
2919076283;143026
2919096693;143027
2919117103;143028
2919137512;143029
2919157921;143030
2919178331;143031
2919198744;143032
2919219150;143033
2919239559;143034
2919259969;143035
2919280383;143036
2919300788;143037
2919321198;143038
2919341606;143039
2919362016;143040
2919382426;143041
2919402839;143042
2919423245;143043
2919443654;143044
2919464064;143045
2919484474;143046
2919504883;143047
2919525296;143048
2919545701;143049
2919566111;143050
2919586521;143051
2919606934;143052
2919627340;143053
2919647753;143054
2919668159;143055
2919688569;143056
2919708978;143057
2919729387;143058
2919749797;143059
2919770206;143060
2919790616;143061
2919811025;143062
2919831439;143063
2919851845;143064
2919872254;143065
2919892664;143066
2919913073;143067
2919933482;143068
2919953892;143069
2919974301;143070
2919994711;143071
2920015120;143072
2920035530;143073
2920055940;143074
2920076349;143075
2920096759;143076
2920117168;143077
2920137577;143078
2920157987;143079
2920178396;143080
2920198806;143081
2920219215;143082
2920239625;143083
2920260035;143084
2920280444;143085
2920300854;143086
2920321262;143087
2920341676;143088
2920362082;143089
2920382491;143090
2920402905;143091
2920423315;143092
2920443720;143093
2920464130;143094
2920484539;143095
2920504948;143096
2920525358;143097
2920545771;143098
2920566177;143099
2920586590;143100
2920606996;143101
2920627406;143102
2920647815;143103
2920668225;143104
2920688634;143105
2920709044;143106
2920729453;143107
2920749862;143108
2920770272;143109
2920790681;143110
2920811091;143111
2920831505;143112
2920851910;143113
2920872320;143114
2920892729;143115
2920913138;143116
2920933548;143117
2920953957;143118
2920974371;143119
2920994776;143120
2921015186;143121
2921035596;143122
2921056005;143123
2921076418;143124
2921096828;143125
2921117233;143126
2921137647;143127
2921158052;143128
2921178462;143129
2921198872;143130
2921219281;143131
2921239691;143132
2921260100;143133
2921280509;143134
2921300919;143135
2921321328;143136
2921341742;143137
2921362147;143138
2921382557;143139
2921402967;143140
2921423376;143141
2921443786;143142
2921464195;143143
2921484604;143144
2921505014;143145
2921525423;143146
2921545837;143147
2921566242;143148
2921586652;143149
2921607062;143150
2921627471;143151
2921647881;143152
2921668290;143153
2921688699;143154
2921709109;143155
2921729518;143156
2921749928;143157
2921770338;143158
2921790747;143159
2921811157;143160
2921831566;143161
2921851976;143162
2921872386;143163
2921892794;143164
2921913204;143165
2921933613;143166
2921954027;143167
2921974433;143168
2921994842;143169
2922015252;143170
2922035661;143171
2922056071;143172
2922076480;143173
2922096889;143174
2922117299;143175
2922137712;143176
2922158118;143177
2922178528;143178
2922198941;143179
2922219347;143180
2922239756;143181
2922260169;143182
2922280575;143183
2922300984;143184
2922321394;143185
2922341807;143186
2922362213;143187
2922382623;143188
2922403032;143189
2922423442;143190
2922443855;143191
2922464260;143192
2922484670;143193
2922505079;143194
2922525489;143195
2922545899;143196
2922566312;143197
2922586718;143198
2922607127;143199
2922627537;143200
2922647950;143201
2922668355;143202
2922688765;143203
2922709174;143204
2922729584;143205
2922749994;143206
2922770407;143207
2922790813;143208
2922811222;143209
2922831632;143210
2922852041;143211
2922872450;143212
2922892860;143213
2922913269;143214
2922933683;143215
2922954089;143216
2922974498;143217
2922994908;143218
2923015317;143219
2923035726;143220
2923056136;143221
2923076545;143222
2923096955;143223
2923117365;143224
2923137774;143225
2923158188;143226
2923178593;143227
2923199003;143228
2923219412;143229
2923239821;143230
2923260231;143231
2923280640;143232
2923301050;143233
2923321460;143234
2923341869;143235
2923362279;143236
2923382688;143237
2923403098;143238
2923423511;143239
2923443920;143240
2923464326;143241
2923484735;143242
2923505145;143243
2923525555;143244
2923545964;143245
2923566374;143246
2923586783;143247
2923607193;143248
2923627602;143249
2923648011;143250
2923668421;143251
2923688830;143252
2923709240;143253
2923729650;143254
2923750059;143255
2923770469;143256
2923790879;143257
2923811288;143258
2923831697;143259
2923852106;143260
2923872516;143261
2923892926;143262
2923913335;143263
2923933745;143264
2923954154;143265
2923974564;143266
2923994974;143267
2924015383;143268
2924035792;143269
2924056201;143270
2924076611;143271
2924097025;143272
2924117430;143273
2924137840;143274
2924158249;143275
2924178659;143276
2924199068;143277
2924219481;143278
2924239891;143279
2924260296;143280
2924280706;143281
2924301116;143282
2924321525;143283
2924341935;143284
2924362344;143285
2924382754;143286
2924403163;143287
2924423572;143288
2924443982;143289
2924464392;143290
2924484801;143291
2924505211;143292
2924525620;143293
2924546030;143294
2924566440;143295
2924586852;143296
2924607258;143297
2924627671;143298
2924648077;143299
2924668487;143300
2924688896;143301
2924709306;143302
2924729715;143303
2924750125;143304
2924770535;143305
2924790943;143306
2924811353;143307
2924831762;143308
2924852172;143309
2924872582;143310
2924892991;143311
2924913401;143312
2924933810;143313
2924954220;143314
2924974630;143315
2924995038;143316
2925015452;143317
2925035857;143318
2925056267;143319
2925076677;143320
2925097086;143321
2925117496;143322
2925137906;143323
2925158315;143324
2925178728;143325
2925199133;143326
2925219543;143327
2925239953;143328
2925260362;143329
2925280772;143330
2925301181;143331
2925321595;143332
2925342001;143333
2925362410;143334
2925382819;143335
2925403228;143336
2925423638;143337
2925444048;143338
2925464457;143339
2925484867;143340
2925505276;143341
2925525686;143342
2925546096;143343
2925566504;143344
2925586914;143345
2925607327;143346
2925627733;143347
2925648147;143348
2925668556;143349
2925688962;143350
2925709371;143351
2925729781;143352
2925750191;143353
2925770599;143354
2925791013;143355
2925811419;143356
2925831828;143357
2925852242;143358
2925872647;143359
2925893057;143360
2925913467;143361
2925933876;143362
2925954286;143363
2925974694;143364
2925995104;143365
2926015514;143366
2926035923;143367
2926056333;143368
2926076742;143369
2926097152;143370
2926117562;143371
2926137970;143372
2926158380;143373
2926178789;143374
2926199199;143375
2926219613;143376
2926240018;143377
2926260428;143378
2926280837;143379
2926301247;143380
2926321660;143381
2926342065;143382
2926362475;143383
2926382884;143384
2926403294;143385
2926423704;143386
2926444113;143387
2926464523;143388
2926484933;143389
2926505342;143390
2926525751;143391
2926546160;143392
2926566570;143393
2926586980;143394
2926607389;143395
2926627799;143396
2926648208;143397
2926668618;143398
2926689028;143399
2926709437;143400
2926729846;143401
2926750255;143402
2926770665;143403
2926791075;143404
2926811484;143405
2926831894;143406
2926852303;143407
2926872713;143408
2926893123;143409
2926913535;143410
2926933941;143411
2926954350;143412
2926974760;143413
2926995170;143414
2927015579;143415
2927035989;143416
2927056398;143417
2927076808;143418
2927097218;143419
2927117626;143420
2927138036;143421
2927158446;143422
2927178855;143423
2927199265;143424
2927219674;143425
2927240084;143426
2927260494;143427
2927280903;143428
2927301313;143429
2927321721;143430
2927342105;143431
2927362518;143432
2927382924;143433
2927403334;143434
2927423747;143435
2927444153;143436
2927464562;143437
2927484972;143438
2927505381;143439
2927525790;143440
2927546199;143441
2927566609;143442
2927587019;143443
2927607428;143444
2927627838;143445
2927648251;143446
2927668657;143447
2927689066;143448
2927709475;143449
2927729888;143450
2927750294;143451
2927770704;143452
2927791113;143453
2927811523;143454
2927831932;143455
2927852342;143456
2927872751;143457
2927893164;143458
2927913569;143459
2927933979;143460
2927954389;143461
2927974798;143462
2927995208;143463
2928015617;143464
2928036027;143465
2928056436;143466
2928076846;143467
2928097254;143468
2928117664;143469
2928138074;143470
2928158483;143471
2928178893;143472
2928199302;143473
2928219712;143474
2928240121;143475
2928260534;143476
2928280939;143477
2928301349;143478
2928321758;143479
2928342172;143480
2928362578;143481
2928382987;143482
2928403397;143483
2928423806;143484
2928444216;143485
2928464625;143486
2928485034;143487
2928505443;143488
2928525853;143489
2928546263;143490
2928566672;143491
2928587082;143492
2928607491;143493
2928627901;143494
2928648310;143495
2928668720;143496
2928689128;143497
2928709538;143498
2928729948;143499
2928750357;143500
2928770767;143501
2928791176;143502
2928811590;143503
2928831995;143504
2928852408;143505
2928872813;143506
2928893223;143507
2928913633;143508
2928934042;143509
2928954452;143510
2928974861;143511
2928995271;143512
2929015680;143513
2929036090;143514
2929056502;143515
2929076908;143516
2929097318;143517
2929117727;143518
2929138137;143519
2929158550;143520
2929178956;143521
2929199365;143522
2929219775;143523
2929240184;143524
2929260597;143525
2929281002;143526
2929301412;143527
2929321822;143528
2929342231;143529
2929362645;143530
2929383050;143531
2929403464;143532
2929423869;143533
2929444278;143534
2929464687;143535
2929485097;143536
2929505507;143537
2929525920;143538
2929546326;143539
2929566735;143540
2929587145;143541
2929607554;143542
2929627964;143543
2929648372;143544
2929668782;143545
2929689192;143546
2929709601;143547
2929730011;143548
2929750420;143549
2929770830;143550
2929791239;143551
2929811649;143552
2929832057;143553
2929852467;143554
2929872877;143555
2929893286;143556
2929913700;143557
2929934105;143558
2929954515;143559
2929974924;143560
2929995338;143561
2930015743;143562
2930036152;143563
2930056561;143564
2930076971;143565
2930097381;143566
2930117794;143567
2930138200;143568
2930158609;143569
2930179023;143570
2930199428;143571
2930219838;143572
2930240246;143573
2930260660;143574
2930281066;143575
2930301475;143576
2930321885;143577
2930342298;143578
2930362704;143579
2930383113;143580
2930403523;143581
2930423931;143582
2930444341;143583
2930464751;143584
2930485160;143585
2930505574;143586
2930525979;143587
2930546389;143588
2930566798;143589
2930587208;143590
2930607617;143591
2930628026;143592
2930648436;143593
2930668845;143594
2930689255;143595
2930709664;143596
2930730074;143597
2930750487;143598
2930770893;143599
2930791302;143600
2930811712;143601
2930832121;143602
2930852530;143603
2930872940;143604
2930893349;143605
2930913759;143606
2930934168;143607
2930954578;143608
2930974991;143609
2930995397;143610
2931015805;143611
2931036215;143612
2931056629;143613
2931077034;143614
2931097444;143615
2931117853;143616
2931138263;143617
2931158672;143618
2931179082;143619
2931199490;143620
2931219904;143621
2931240310;143622
2931260719;143623
2931281129;143624
2931301538;143625
2931321948;143626
2931342357;143627
2931362771;143628
2931383176;143629
2931403585;143630
2931423995;143631
2931444404;143632
2931464814;143633
2931485223;143634
2931505633;143635
2931526042;143636
2931546452;143637
2931566861;143638
2931587271;143639
2931607680;143640
2931628089;143641
2931648499;143642
2931668908;143643
2931689318;143644
2931709727;143645
2931730141;143646
2931750550;143647
2931770956;143648
2931791365;143649
2931811774;143650
2931832184;143651
2931852593;143652
2931873003;143653
2931893416;143654
2931913826;143655
2931934231;143656
2931954645;143657
2931975049;143658
2931995459;143659
2932015869;143660
2932036278;143661
2932056692;143662
2932077097;143663
2932097511;143664
2932117916;143665
2932138326;143666
2932158735;143667
2932179145;143668
2932199554;143669
2932219963;143670
2932240373;143671
2932260782;143672
2932281192;143673
2932301601;143674
2932322011;143675
2932342420;143676
2932362829;143677
2932383239;143678
2932403648;143679
2932424058;143680
2932444467;143681
2932464877;143682
2932485286;143683
2932505696;143684
2932526105;143685
2932546514;143686
2932566924;143687
2932587333;143688
2932607747;143689
2932628152;143690
2932648562;143691
2932668971;143692
2932689381;143693
2932709794;143694
2932730204;143695
2932750609;143696
2932771022;143697
2932791428;143698
2932811841;143699
2932832247;143700
2932852656;143701
2932873066;143702
2932893475;143703
2932913885;143704
2932934294;143705
2932954703;143706
2932975113;143707
2932995522;143708
2933015932;143709
2933036345;143710
2933056751;143711
2933077160;143712
2933097570;143713
2933117979;143714
2933138388;143715
2933158798;143716
2933179207;143717
2933199621;143718
2933220026;143719
2933240436;143720
2933260845;143721
2933281255;143722
2933301664;143723
2933322074;143724
2933342483;143725
2933362896;143726
2933383306;143727
2933403711;143728
2933424121;143729
2933444530;143730
2933464940;143731
2933485349;143732
2933505759;143733
2933526168;143734
2933546577;143735
2933566987;143736
2933587400;143737
2933607810;143738
2933628215;143739
2933648625;143740
2933669034;143741
2933689444;143742
2933709853;143743
2933730262;143744
2933750672;143745
2933771081;143746
2933791491;143747
2933811900;143748
2933832310;143749
2933852723;143750
2933873133;143751
2933893538;143752
2933913948;143753
2933934357;143754
2933954766;143755
2933975176;143756
2933995585;143757
2934015995;143758
2934036404;143759
2934056814;143760
2934077223;143761
2934097636;143762
2934118042;143763
2934138451;143764
2934158865;143765
2934179270;143766
2934199680;143767
2934220089;143768
2934240499;143769
2934260908;143770
2934281318;143771
2934301731;143772
2934322136;143773
2934342546;143774
2934362955;143775
2934383365;143776
2934403774;143777
2934424184;143778
2934444597;143779
2934465003;143780
2934485413;143781
2934505822;143782
2934526231;143783
2934546644;143784
2934567050;143785
2934587459;143786
2934607869;143787
2934628278;143788
2934648688;143789
2934669097;143790
2934689507;143791
2934709916;143792
2934730325;143793
2934750735;143794
2934771144;143795
2934791554;143796
2934811963;143797
2934832373;143798
2934852782;143799
2934873191;143800
2934893601;143801
2934914014;143802
2934934420;143803
2934954829;143804
2934975239;143805
2934995648;143806
2935016058;143807
2935036467;143808
2935056877;143809
2935077287;143810
2935097695;143811
2935118105;143812
2935138514;143813
2935158924;143814
2935179333;143815
2935199743;143816
2935220152;143817
2935240562;143818
2935260976;143819
2935281384;143820
2935301790;143821
2935322203;143822
2935342609;143823
2935363018;143824
2935383428;143825
2935403837;143826
2935424247;143827
2935444657;143828
2935465065;143829
2935485475;143830
2935505884;143831
2935526294;143832
2935546707;143833
2935567113;143834
2935587522;143835
2935607932;143836
2935628341;143837
2935648751;143838
2935669160;143839
2935689573;143840
2935709979;143841
2935730392;143842
2935750798;143843
2935771207;143844
2935791621;143845
2935812026;143846
2935832436;143847
2935852846;143848
2935873254;143849
2935893664;143850
2935914077;143851
2935934483;143852
2935954892;143853
2935975302;143854
2935995711;143855
2936016121;143856
2936036531;143857
2936056940;143858
2936077349;143859
2936097758;143860
2936118168;143861
2936138577;143862
2936158987;143863
2936179396;143864
2936199806;143865
2936220216;143866
2936240625;143867
2936261034;143868
2936281447;143869
2936301853;143870
2936322262;143871
2936342672;143872
2936363081;143873
2936383491;143874
2936403900;143875
2936424310;143876
2936444719;143877
2936465128;143878
2936485538;143879
2936505947;143880
2936526357;143881
2936546766;143882
2936567176;143883
2936587585;143884
2936607995;143885
2936628408;143886
2936648813;143887
2936669223;143888
2936689636;143889
2936710046;143890
2936730451;143891
2936750861;143892
2936771270;143893
2936791680;143894
2936812090;143895
2936832498;143896
2936852908;143897
2936873317;143898
2936893727;143899
2936914136;143900
2936934546;143901
2936954955;143902
2936975365;143903
2936995779;143904
2937016184;143905
2937036593;143906
2937057002;143907
2937077412;143908
2937097825;143909
2937118231;143910
2937138640;143911
2937159050;143912
2937179460;143913
2937199869;143914
2937220278;143915
2937240687;143916
2937261097;143917
2937281506;143918
2937301916;143919
2937322325;143920
2937342716;143921
2937363121;143922
2937383531;143923
2937403940;143924
2937424353;143925
2937444758;143926
2937465168;143927
2937485581;143928
2937505987;143929
2937526396;143930
2937546806;143931
2937567215;143932
2937587625;143933
2937608034;143934
2937628443;143935
2937648856;143936
2937669266;143937
2937689672;143938
2937710085;143939
2937730491;143940
2937750900;143941
2937771310;143942
2937791723;143943
2937812128;143944
2937832537;143945
2937852951;143946
2937873356;143947
2937893766;143948
2937914175;143949
2937934585;143950
2937954994;143951
2937975404;143952
2937995812;143953
2938016222;143954
2938036631;143955
2938057041;143956
2938077454;143957
2938097860;143958
2938118269;143959
2938138679;143960
2938159088;143961
2938179498;143962
2938199906;143963
2938220316;143964
2938240725;143965
2938261135;143966
2938281544;143967
2938301954;143968
2938322363;143969
2938342773;143970
2938363182;143971
2938383592;143972
2938404000;143973
2938424410;143974
2938444819;143975
2938465229;143976
2938485638;143977
2938506048;143978
2938526457;143979
2938546871;143980
2938567276;143981
2938587686;143982
2938608094;143983
2938628508;143984
2938648913;143985
2938669323;143986
2938689732;143987
2938710142;143988
2938730551;143989
2938750961;143990
2938771369;143991
2938791779;143992
2938812188;143993
2938832598;143994
2938853007;143995
2938873417;143996
2938893830;143997
2938914236;143998
2938934645;143999
2938955059;144000
2938975464;144001
2938995873;144002
2939016282;144003
2939036692;144004
2939057101;144005
2939077511;144006
2939097920;144007
2939118334;144008
2939138739;144009
2939159149;144010
2939179557;144011
2939199967;144012
2939220376;144013
2939240786;144014
2939261195;144015
2939281605;144016
2939302018;144017
2939322424;144018
2939342837;144019
2939363242;144020
2939383652;144021
2939404061;144022
2939424471;144023
2939444880;144024
2939465290;144025
2939485699;144026
2939506109;144027
2939526518;144028
2939546928;144029
2939567336;144030
2939587746;144031
2939608155;144032
2939628565;144033
2939648974;144034
2939669384;144035
2939689793;144036
2939710203;144037
2939730612;144038
2939751021;144039
2939771430;144040
2939791840;144041
2939812253;144042
2939832663;144043
2939853068;144044
2939873478;144045
2939893887;144046
2939914297;144047
2939934706;144048
2939955115;144049
2939975524;144050
2939995934;144051
2940016343;144052
2940036753;144053
2940057162;144054
2940077572;144055
2940097981;144056
2940118391;144057
2940138800;144058
2940159209;144059
2940179618;144060
2940200028;144061
2940220437;144062
2940240851;144063
2940261260;144064
2940281666;144065
2940302075;144066
2940322484;144067
2940342897;144068
2940363303;144069
2940383716;144070
2940404122;144071
2940424531;144072
2940444941;144073
2940465350;144074
2940485760;144075
2940506169;144076
2940526578;144077
2940546987;144078
2940567401;144079
2940587806;144080
2940608216;144081
2940628625;144082
2940649035;144083
2940669444;144084
2940689858;144085
2940710263;144086
2940730672;144087
2940751081;144088
2940771495;144089
2940791900;144090
2940812310;144091
2940832719;144092
2940853129;144093
2940873538;144094
2940893948;144095
2940914356;144096
2940934766;144097
2940955175;144098
2940975585;144099
2940995994;144100
2941016404;144101
2941036814;144102
2941057223;144103
2941077633;144104
2941098042;144105
2941118451;144106
2941138860;144107
2941159270;144108
2941179679;144109
2941200089;144110
2941220498;144111
2941240908;144112
2941261317;144113
2941281727;144114
2941302136;144115
2941322545;144116
2941342954;144117
2941363364;144118
2941383773;144119
2941404183;144120
2941424596;144121
2941445006;144122
2941465411;144123
2941485821;144124
2941506229;144125
2941526643;144126
2941547048;144127
2941567458;144128
2941587867;144129
2941608281;144130
2941628686;144131
2941649100;144132
2941669505;144133
2941689915;144134
2941710323;144135
2941730733;144136
2941751142;144137
2941771552;144138
2941791961;144139
2941812371;144140
2941832780;144141
2941853190;144142
2941873599;144143
2941894008;144144
2941914417;144145
2941934827;144146
2941955240;144147
2941975646;144148
2941996055;144149
2942016465;144150
2942036874;144151
2942057284;144152
2942077693;144153
2942098102;144154
2942118515;144155
2942138921;144156
2942159334;144157
2942179744;144158
2942200149;144159
2942220559;144160
2942240972;144161
2942261378;144162
2942281786;144163
2942302196;144164
2942322605;144165
2942343015;144166
2942363428;144167
2942383834;144168
2942404243;144169
2942424653;144170
2942445066;144171
2942465472;144172
2942485880;144173
2942506290;144174
2942526703;144175
2942547109;144176
2942567518;144177
2942587928;144178
2942608337;144179
2942628751;144180
2942649156;144181
2942669565;144182
2942689975;144183
2942710384;144184
2942730794;144185
2942751207;144186
2942771613;144187
2942792022;144188
2942812436;144189
2942832845;144190
2942853251;144191
2942873659;144192
2942894073;144193
2942914478;144194
2942934888;144195
2942955297;144196
2942975707;144197
2942996116;144198
2943016526;144199
2943036935;144200
2943057344;144201
2943077753;144202
2943098163;144203
2943118572;144204
2943138982;144205
2943159391;144206
2943179801;144207
2943200210;144208
2943220620;144209
2943241028;144210
2943261438;144211
2943281847;144212
2943302261;144213
2943322666;144214
2943343076;144215
2943363485;144216
2943383895;144217
2943404304;144218
2943424714;144219
2943445126;144220
2943465532;144221
2943485941;144222
2943506351;144223
2943526760;144224
2943547170;144225
2943567579;144226
2943587989;144227
2943608398;144228
2943628808;144229
2943649216;144230
2943669626;144231
2943690035;144232
2943710445;144233
2943730854;144234
2943751264;144235
2943771673;144236
2943792083;144237
2943812492;144238
2943832905;144239
2943853310;144240
2943873720;144241
2943894129;144242
2943914539;144243
2943934948;144244
2943955358;144245
2943975767;144246
2943996177;144247
2944016586;144248
2944036995;144249
2944057404;144250
2944077814;144251
2944098223;144252
2944118633;144253
2944139046;144254
2944159452;144255
2944179861;144256
2944200271;144257
2944220680;144258
2944241089;144259
2944261498;144260
2944281908;144261
2944302317;144262
2944322727;144263
2944343136;144264
2944363546;144265
2944383960;144266
2944404365;144267
2944424774;144268
2944445187;144269
2944465593;144270
2944486002;144271
2944506412;144272
2944526821;144273
2944547231;144274
2944567640;144275
2944588050;144276
2944608458;144277
2944628872;144278
2944649277;144279
2944669687;144280
2944690096;144281
2944710506;144282
2944730915;144283
2944751329;144284
2944771734;144285
2944792144;144286
2944812552;144287
2944832962;144288
2944853371;144289
2944873781;144290
2944894190;144291
2944914600;144292
2944935009;144293
2944955419;144294
2944975828;144295
2944996237;144296
2945016646;144297
2945037056;144298
2945057465;144299
2945077875;144300
2945098288;144301
2945118694;144302
2945139103;144303
2945159517;144304
2945179922;144305
2945200331;144306
2945220740;144307
2945241150;144308
2945261559;144309
2945281969;144310
2945302378;144311
2945322788;144312
2945343201;144313
2945363611;144314
2945384015;144315
2945404425;144316
2945424834;144317
2945445244;144318
2945465653;144319
2945486063;144320
2945506472;144321
2945526882;144322
2945547291;144323
2945567701;144324
2945588113;144325
2945608523;144326
2945628928;144327
2945649338;144328
2945669747;144329
2945690157;144330
2945710566;144331
2945730976;144332
2945751389;144333
2945771795;144334
2945792203;144335
2945812613;144336
2945833022;144337
2945853432;144338
2945873841;144339
2945894251;144340
2945914660;144341
2945935070;144342
2945955479;144343
2945975888;144344
2945996301;144345
2946016707;144346
2946037117;144347
2946057526;144348
2946077936;144349
2946098345;144350
2946118755;144351
2946139164;144352
2946159574;144353
2946179982;144354
2946200392;144355
2946220801;144356
2946241211;144357
2946261620;144358
2946282030;144359
2946302439;144360
2946322853;144361
2946343258;144362
2946363668;144363
2946384076;144364
2946404486;144365
2946424895;144366
2946445305;144367
2946465714;144368
2946486124;144369
2946506537;144370
2946526943;144371
2946547355;144372
2946567761;144373
2946588170;144374
2946608580;144375
2946628989;144376
2946649399;144377
2946669808;144378
2946690218;144379
2946710627;144380
2946731037;144381
2946751449;144382
2946771855;144383
2946792268;144384
2946812674;144385
2946833083;144386
2946853493;144387
2946873906;144388
2946894312;144389
2946914721;144390
2946935130;144391
2946955539;144392
2946975949;144393
2946996358;144394
2947016768;144395
2947037177;144396
2947057587;144397
2947077996;144398
2947098410;144399
2947118819;144400
2947139224;144401
2947159633;144402
2947180043;144403
2947200452;144404
2947220862;144405
2947241271;144406
2947261681;144407
2947282090;144408
2947302500;144409
2947322909;144410
2947343358;144411
2947363768;144412
2947384177;144413
2947404587;144414
2947424996;144415
2947445406;144416
2947465815;144417
2947486225;144418
2947506639;144419
2947527043;144420
2947547457;144421
2947567862;144422
2947588272;144423
2947608682;144424
2947629091;144425
2947649501;144426
2947669910;144427
2947690320;144428
2947710730;144429
2947731138;144430
2947751552;144431
2947771957;144432
2947792367;144433
2947812776;144434
2947833186;144435
2947853596;144436
2947874005;144437
2947894415;144438
2947914824;144439
2947935233;144440
2947955647;144441
2947976052;144442
2947996462;144443
2948016871;144444
2948037281;144445
2948057691;144446
2948078100;144447
2948098510;144448
2948118918;144449
2948139328;144450
2948159737;144451
2948180147;144452
2948200557;144453
2948220966;144454
2948241376;144455
2948261785;144456
2948282195;144457
2948302608;144458
2948323013;144459
2948343423;144460
2948363832;144461
2948384242;144462
2948404652;144463
2948425061;144464
2948445471;144465
2948465884;144466
2948486290;144467
2948506698;144468
2948527108;144469
2948547518;144470
2948567927;144471
2948588341;144472
2948608746;144473
2948629156;144474
2948649566;144475
2948669975;144476
2948690384;144477
2948710797;144478
2948731203;144479
2948751613;144480
2948772026;144481
2948792432;144482
2948812845;144483
2948833251;144484
2948853660;144485
2948874070;144486
2948894483;144487
2948914892;144488
2948935302;144489
2948955707;144490
2948976121;144491
2948996527;144492
2949016936;144493
2949037346;144494
2949057755;144495
2949078165;144496
2949098574;144497
2949118983;144498
2949139393;144499
2949159802;144500
2949180212;144501
2949200621;144502
2949221031;144503
2949241441;144504
2949261853;144505
2949282259;144506
2949302668;144507
2949323078;144508
2949343488;144509
2949363897;144510
2949384311;144511
2949404716;144512
2949425130;144513
2949445536;144514
2949465944;144515
2949486358;144516
2949506763;144517
2949527173;144518
2949547582;144519
2949567992;144520
2949588402;144521
2949608811;144522
2949629221;144523
2949649630;144524
2949670039;144525
2949690449;144526
2949710862;144527
2949731268;144528
2949751677;144529
2949772087;144530
2949792496;144531
2949812906;144532
2949833316;144533
2949853724;144534
2949874134;144535
2949894543;144536
2949914953;144537
2949935363;144538
2949955772;144539
2949976182;144540
2949996591;144541
2950017001;144542
2950037411;144543
2950057819;144544
2950078229;144545
2950098638;144546
2950119048;144547
2950139457;144548
2950159867;144549
2950180277;144550
2950200686;144551
2950221096;144552
2950241505;144553
2950261914;144554
2950282324;144555
2950302733;144556
2950323143;144557
2950343552;144558
2950363962;144559
2950384372;144560
2950404781;144561
2950425191;144562
2950445599;144563
2950466009;144564
2950486418;144565
2950506828;144566
2950527238;144567
2950547647;144568
2950568057;144569
2950588466;144570
2950608876;144571
2950629286;144572
2950649694;144573
2950670104;144574
2950690513;144575
2950710923;144576
2950731333;144577
2950751742;144578
2950772152;144579
2950792561;144580
2950812971;144581
2950833379;144582
2950853789;144583
2950874203;144584
2950894608;144585
2950915018;144586
2950935427;144587
2950955837;144588
2950976247;144589
2950996656;144590
2951017066;144591
2951037474;144592
2951057884;144593
2951078294;144594
2951098703;144595
2951119117;144596
2951139522;144597
2951159932;144598
2951180341;144599
2951200751;144600
2951221160;144601
2951241569;144602
2951261979;144603
2951282388;144604
2951302798;144605
2951323208;144606
2951343617;144607
2951364027;144608
2951384440;144609
2951404846;144610
2951425255;144611
2951445664;144612
2951466078;144613
2951486483;144614
2951506893;144615
2951527306;144616
2951547712;144617
2951568122;144618
2951588531;144619
2951608940;144620
2951629349;144621
2951649759;144622
2951670169;144623
2951690582;144624
2951710988;144625
2951731397;144626
2951751807;144627
2951772217;144628
2951792626;144629
2951813039;144630
2951833444;144631
2951853858;144632
2951874263;144633
2951894673;144634
2951915087;144635
2951935492;144636
2951955902;144637
2951976311;144638
2951996720;144639
2952017134;144640
2952037539;144641
2952057953;144642
2952078358;144643
2952098768;144644
2952119177;144645
2952139587;144646
2952159997;144647
2952180406;144648
2952200815;144649
2952221224;144650
2952241638;144651
2952262044;144652
2952282453;144653
2952302863;144654
2952323272;144655
2952343686;144656
2952364092;144657
2952384501;144658
2952404910;144659
2952425319;144660
2952445729;144661
2952466138;144662
2952486548;144663
2952506958;144664
2952527367;144665
2952547777;144666
2952568186;144667
2952588595;144668
2952609009;144669
2952629414;144670
2952649828;144671
2952670233;144672
2952690643;144673
2952711057;144674
2952731462;144675
2952751872;144676
2952772280;144677
2952792694;144678
2952813099;144679
2952833513;144680
2952853919;144681
2952874328;144682
2952894738;144683
2952915147;144684
2952935557;144685
2952955970;144686
2952976375;144687
2952996785;144688
2953017194;144689
2953037608;144690
2953058014;144691
2953078423;144692
2953098833;144693
2953119246;144694
2953139652;144695
2953160061;144696
2953180474;144697
2953200884;144698
2953221293;144699
2953241699;144700
2953262108;144701
2953282522;144702
2953302928;144703
2953323337;144704
2953343747;144705
2953364155;144706
2953384565;144707
2953404979;144708
2953425384;144709
2953445798;144710
2953466203;144711
2953486613;144712
2953507022;144713
2953527432;144714
2953547842;144715
2953568250;144716
2953588660;144717
2953609069;144718
2953629479;144719
2953649893;144720
2953670298;144721
2953690712;144722
2953711117;144723
2953731527;144724
2953751936;144725
2953772345;144726
2953792755;144727
2953813164;144728
2953833574;144729
2953853983;144730
2953874393;144731
2953894803;144732
2953915212;144733
2953935622;144734
2953956034;144735
2953976444;144736
2953996850;144737
2954017259;144738
2954037669;144739
2954058078;144740
2954078488;144741
2954098898;144742
2954119307;144743
2954139720;144744
2954160125;144745
2954180535;144746
2954200944;144747
2954221354;144748
2954241764;144749
2954262173;144750
2954282583;144751
2954302992;144752
2954323401;144753
2954343811;144754
2954364220;144755
2954384630;144756
2954405039;144757
2954425449;144758
2954445859;144759
2954466268;144760
2954486678;144761
2954507087;144762
2954527496;144763
2954547905;144764
2954568315;144765
2954588725;144766
2954609134;144767
2954629544;144768
2954649953;144769
2954670367;144770
2954690773;144771
2954711182;144772
2954731591;144773
2954752000;144774
2954772410;144775
2954792823;144776
2954813229;144777
2954833639;144778
2954854048;144779
2954874458;144780
2954894867;144781
2954915277;144782
2954935686;144783
2954956099;144784
2954976505;144785
2954996914;144786
2955017324;144787
2955037734;144788
2955058147;144789
2955078553;144790
2955098962;144791
2955119371;144792
2955139780;144793
2955160190;144794
2955180604;144795
2955201009;144796
2955221419;144797
2955241832;144798
2955262242;144799
2955282648;144800
2955303057;144801
2955323466;144802
2955343879;144803
2955364285;144804
2955384699;144805
2955405104;144806
2955425514;144807
2955445923;144808
2955466333;144809
2955486742;144810
2955507151;144811
2955527561;144812
2955547970;144813
2955568380;144814
2955588789;144815
2955609199;144816
2955629609;144817
2955650018;144818
2955670432;144819
2955690837;144820
2955711246;144821
2955731656;144822
2955752065;144823
2955772475;144824
2955792888;144825
2955813294;144826
2955833703;144827
2955854113;144828
2955874523;144829
2955894931;144830
2955915341;144831
2955935750;144832
2955956160;144833
2955976570;144834
2955996979;144835
2956017389;144836
2956037798;144837
2956058208;144838
2956078617;144839
2956099026;144840
2956119436;144841
2956139845;144842
2956160255;144843
2956180668;144844
2956201074;144845
2956221484;144846
2956241896;144847
2956262303;144848
2956282711;144849
2956303121;144850
2956323531;144851
2956343940;144852
2956364354;144853
2956384759;144854
2956405169;144855
2956425579;144856
2956445988;144857
2956466398;144858
2956486806;144859
2956507216;144860
2956527625;144861
2956548035;144862
2956568445;144863
2956588854;144864
2956609264;144865
2956629673;144866
2956650083;144867
2956670492;144868
2956690901;144869
2956711311;144870
2956731724;144871
2956752130;144872
2956772540;144873
2956792949;144874
2956813363;144875
2956833768;144876
2956854177;144877
2956874586;144878
2956894996;144879
2956915406;144880
2956935815;144881
2956956225;144882
2956976634;144883
2956997044;144884
2957017454;144885
2957037866;144886
2957058272;144887
2957078681;144888
2957099091;144889
2957119500;144890
2957139910;144891
2957160320;144892
2957180729;144893
2957201139;144894
2957221548;144895
2957241957;144896
2957262367;144897
2957282780;144898
2957303186;144899
2957323595;144900
2957344015;144901
2957364421;144902
2957384830;144903
2957405240;144904
2957425649;144905
2957446058;144906
2957466468;144907
2957486877;144908
2957507287;144909
2957527696;144910
2957548106;144911
2957568516;144912
2957588925;144913
2957609335;144914
2957629743;144915
2957650153;144916
2957670567;144917
2957690972;144918
2957711386;144919
2957731791;144920
2957752201;144921
2957772611;144922
2957793020;144923
2957813430;144924
2957833838;144925
2957854252;144926
2957874658;144927
2957895067;144928
2957915477;144929
2957935886;144930
2957956296;144931
2957976706;144932
2957997115;144933
2958017525;144934
2958037933;144935
2958058343;144936
2958078753;144937
2958099162;144938
2958119572;144939
2958139981;144940
2958160395;144941
2958180801;144942
2958201210;144943
2958221623;144944
2958242028;144945
2958262438;144946
2958282848;144947
2958303257;144948
2958323667;144949
2958344076;144950
2958364486;144951
2958384896;144952
2958405305;144953
2958425718;144954
2958446123;144955
2958466533;144956
2958486943;144957
2958507352;144958
2958527762;144959
2958548171;144960
2958568581;144961
2958588991;144962
2958609399;144963
2958629809;144964
2958650218;144965
2958670628;144966
2958691038;144967
2958711447;144968
2958731857;144969
2958752270;144970
2958772676;144971
2958793085;144972
2958813494;144973
2958833904;144974
2958854313;144975
2958874723;144976
2958895133;144977
2958915542;144978
2958935952;144979
2958956361;144980
2958976771;144981
2958997180;144982
2959017589;144983
2959037999;144984
2959058412;144985
2959078822;144986
2959099228;144987
2959119637;144988
2959140047;144989
2959160456;144990
2959180869;144991
2959201275;144992
2959221684;144993
2959242094;144994
2959262503;144995
2959282913;144996
2959303323;144997
2959323732;144998
2959344142;144999
2959364551;145000
2959384964;145001
2959405370;145002
2959425779;145003
2959446189;145004
2959466598;145005
2959487008;145006
2959507422;145007
2959527827;145008
2959548237;145009
2959568645;145010
2959589055;145011
2959609465;145012
2959629874;145013
2959650284;145014
2959670693;145015
2959691103;145016
2959711513;145017
2959731922;145018
2959752332;145019
2959772741;145020
2959793150;145021
2959813564;145022
2959833969;145023
2959854379;145024
2959874792;145025
2959895198;145026
2959915608;145027
2959936017;145028
2959956427;145029
2959976835;145030
2959997245;145031
2960017655;145032
2960038064;145033
2960058474;145034
2960078883;145035
2960099293;145036
2960119707;145037
2960140112;145038
2960160521;145039
2960180930;145040
2960201340;145041
2960221750;145042
2960242159;145043
2960262569;145044
2960282978;145045
2960303388;145046
2960323798;145047
2960344207;145048
2960364620;145049
2960385025;145050
2960405435;145051
2960425845;145052
2960446254;145053
2960466668;145054
2960487073;145055
2960507483;145056
2960527893;145057
2960548301;145058
2960568711;145059
2960589120;145060
2960609530;145061
2960629940;145062
2960650349;145063
2960670759;145064
2960691168;145065
2960711582;145066
2960731988;145067
2960752396;145068
2960772806;145069
2960793215;145070
2960813625;145071
2960834035;145072
2960854444;145073
2960874858;145074
2960895263;145075
2960915673;145076
2960936083;145077
2960956495;145078
2960976901;145079
2960997310;145080
2961017720;145081
2961038130;145082
2961058539;145083
2961078949;145084
2961099358;145085
2961119767;145086
2961140177;145087
2961160586;145088
2961180996;145089
2961201405;145090
2961221819;145091
2961242225;145092
2961262638;145093
2961283048;145094
2961303456;145095
2961323863;145096
2961344272;145097
2961364681;145098
2961385095;145099
2961405500;145100
2961425910;145101
2961446320;145102
2961466729;145103
2961487139;145104
2961507548;145105
2961527957;145106
2961548367;145107
2961568776;145108
2961589186;145109
2961609595;145110
2961630005;145111
2961650415;145112
2961670824;145113
2961691234;145114
2961711643;145115
2961732052;145116
2961752462;145117
2961772871;145118
2961793281;145119
2961813690;145120
2961834100;145121
2961854510;145122
2961874919;145123
2961895328;145124
2961915741;145125
2961936147;145126
2961956557;145127
2961976966;145128
2961997380;145129
2962017785;145130
2962038199;145131
2962058605;145132
2962079014;145133
2962099423;145134
2962119832;145135
2962140246;145136
2962160652;145137
2962181061;145138
2962201471;145139
2962221880;145140
2962242290;145141
2962262700;145142
2962283109;145143
2962303518;145144
2962323927;145145
2962344337;145146
2962364747;145147
2962385156;145148
2962405566;145149
2962425975;145150
2962446385;145151
2962466795;145152
2962487207;145153
2962507613;145154
2962528022;145155
2962548432;145156
2962568842;145157
2962589255;145158
2962609661;145159
2962630074;145160
2962650480;145161
2962670890;145162
2962691298;145163
2962711708;145164
2962732117;145165
2962752527;145166
2962772937;145167
2962793346;145168
2962813756;145169
2962834165;145170
2962854575;145171
2962874985;145172
2962895393;145173
2962915803;145174
2962936212;145175
2962956622;145176
2962977036;145177
2962997441;145178
2963017851;145179
2963038260;145180
2963058670;145181
2963079080;145182
2963099492;145183
2963119898;145184
2963140311;145185
2963160717;145186
2963181131;145187
2963201540;145188
2963221946;145189
2963242355;145190
2963262765;145191
2963283174;145192
2963303583;145193
2963323993;145194
2963344402;145195
2963364812;145196
2963385226;145197
2963405631;145198
2963426041;145199
2963446450;145200
2963466859;145201
2963487269;145202
2963507682;145203
2963528088;145204
2963548497;145205
2963568907;145206
2963589317;145207
2963609726;145208
2963630136;145209
2963650545;145210
2963670958;145211
2963691364;145212
2963711773;145213
2963732183;145214
2963752592;145215
2963773002;145216
2963793412;145217
2963813821;145218
2963834235;145219
2963854639;145220
2963875049;145221
2963895459;145222
2963915868;145223
2963936278;145224
2963956687;145225
2963977097;145226
2963997511;145227
2964017916;145228
2964038326;145229
2964058734;145230
2964079144;145231
2964099554;145232
2964119963;145233
2964140373;145234
2964160782;145235
2964181192;145236
2964201602;145237
2964222011;145238
2964242421;145239
2964262829;145240
2964283239;145241
2964303649;145242
2964324058;145243
2964344468;145244
2964364877;145245
2964385287;145246
2964405697;145247
2964426106;145248
2964446515;145249
2964466924;145250
2964487338;145251
2964507744;145252
2964528153;145253
2964548563;145254
2964568972;145255
2964589382;145256
2964609792;145257
2964630201;145258
2964650610;145259
2964671019;145260
2964691429;145261
2964711839;145262
2964732248;145263
2964752658;145264
2964773067;145265
2964793477;145266
2964813887;145267
2964834295;145268
2964854705;145269
2964875114;145270
2964895524;145271
2964915934;145272
2964936343;145273
2964956753;145274
2964977162;145275
2964997572;145276
2965017981;145277
2965038390;145278
2965058800;145279
2965079209;145280
2965099623;145281
2965120029;145282
2965140438;145283
2965160848;145284
2965181257;145285
2965201667;145286
2965222080;145287
2965242485;145288
2965262895;145289
2965283304;145290
2965303714;145291
2965324124;145292
2965344533;145293
2965364947;145294
2965385352;145295
2965405762;145296
2965426171;145297
2965446580;145298
2965466990;145299
2965487399;145300
2965507809;145301
2965528219;145302
2965548628;145303
2965569042;145304
2965589450;145305
2965609856;145306
2965630266;145307
2965650675;145308
2965671089;145309
2965691494;145310
2965711904;145311
2965732314;145312
2965752723;145313
2965773133;145314
2965793542;145315
2965813951;145316
2965834361;145317
2965854770;145318
2965875184;145319
2965895589;145320
2965915999;145321
2965936409;145322
2965956818;145323
2965977228;145324
2965997640;145325
2966018046;145326
2966038456;145327
2966058865;145328
2966079275;145329
2966099684;145330
2966120094;145331
2966140504;145332
2966160916;145333
2966181323;145334
2966201735;145335
2966222141;145336
2966242551;145337
2966262960;145338
2966283374;145339
2966303783;145340
2966324193;145341
2966344599;145342
2966365008;145343
2966385417;145344
2966405826;145345
2966426236;145346
2966446646;145347
2966467055;145348
2966487465;145349
2966507874;145350
2966528288;145351
2966548694;145352
2966569103;145353
2966589512;145354
2966609921;145355
2966630331;145356
2966650741;145357
2966671150;145358
2966691560;145359
2966711969;145360
2966732379;145361
2966752789;145362
2966773197;145363
2966793607;145364
2966814016;145365
2966834430;145366
2966854836;145367
2966875245;145368
2966895655;145369
2966916068;145370
2966936474;145371
2966956884;145372
2966977292;145373
2966997702;145374
2967018111;145375
2967038521;145376
2967058931;145377
2967079340;145378
2967099750;145379
2967120163;145380
2967140569;145381
2967160978;145382
2967181387;145383
2967201801;145384
2967222206;145385
2967242616;145386
2967263026;145387
2967283439;145388
2967303845;145389
2967324254;145390
2967344646;145391
2967365056;145392
2967385465;145393
2967405879;145394
2967426284;145395
2967446694;145396
2967467107;145397
2967487513;145398
2967507922;145399
2967528332;145400
2967548741;145401
2967569150;145402
2967589560;145403
2967609969;145404
2967630383;145405
2967650788;145406
2967671198;145407
2967691608;145408
2967712017;145409
2967732427;145410
2967752835;145411
2967773249;145412
2967793654;145413
2967814064;145414
2967834474;145415
2967854883;145416
2967875297;145417
2967895706;145418
2967916112;145419
2967936521;145420
2967956934;145421
2967977343;145422
2967997749;145423
2968018159;145424
2968038572;145425
2968058982;145426
2968079387;145427
2968099797;145428
2968120205;145429
2968140619;145430
2968161025;145431
2968181434;145432
2968201844;145433
2968222253;145434
2968242663;145435
2968263072;145436
2968283482;145437
2968303896;145438
2968324300;145439
2968344710;145440
2968365119;145441
2968385533;145442
2968405938;145443
2968426348;145444
2968446757;145445
2968467171;145446
2968487577;145447
2968507986;145448
2968528395;145449
2968548804;145450
2968569214;145451
2968589623;145452
2968610033;145453
2968630443;145454
2968650856;145455
2968671262;145456
2968691671;145457
2968712080;145458
2968732489;145459
2968752899;145460
2968773313;145461
2968793718;145462
2968814128;145463
2968834537;145464
2968854951;145465
2968875356;145466
2968895766;145467
2968916174;145468
2968936584;145469
2968956994;145470
2968977403;145471
2968997813;145472
2969018222;145473
2969038632;145474
2969059041;145475
2969079451;145476
2969099860;145477
2969120269;145478
2969140683;145479
2969161092;145480
2969181498;145481
2969201907;145482
2969222317;145483
2969242731;145484
2969263136;145485
2969283545;145486
2969303954;145487
2969324364;145488
2969344773;145489
2969365183;145490
2969385592;145491
2969406002;145492
2969426412;145493
2969446825;145494
2969467231;145495
2969487640;145496
2969508049;145497
2969528458;145498
2969548868;145499
2969569278;145500
2969589687;145501
2969610097;145502
2969630506;145503
2969650916;145504
2969671325;145505
2969691734;145506
2969712144;145507
2969732553;145508
2969752963;145509
2969773372;145510
2969793786;145511
2969814191;145512
2969834601;145513
2969855010;145514
2969875419;145515
2969895829;145516
2969916238;145517
2969936648;145518
2969957057;145519
2969977467;145520
2969997876;145521
2970018286;145522
2970038696;145523
2970059105;145524
2970079515;145525
2970099927;145526
2970120337;145527
2970140742;145528
2970161152;145529
2970181562;145530
2970201975;145531
2970222381;145532
2970242790;145533
2970263200;145534
2970283608;145535
2970304018;145536
2970324427;145537
2970344837;145538
2970365247;145539
2970385656;145540
2970406066;145541
2970426475;145542
2970446885;145543
2970467293;145544
2970487703;145545
2970508117;145546
2970528522;145547
2970548932;145548
2970569345;145549
2970589755;145550
2970610160;145551
2970630570;145552
2970650980;145553
2970671388;145554
2970691798;145555
2970712207;145556
2970732617;145557
2970753026;145558
2970773436;145559
2970793845;145560
2970814255;145561
2970834665;145562
2970855073;145563
2970875487;145564
2970895896;145565
2970916306;145566
2970936711;145567
2970957121;145568
2970977535;145569
2970997940;145570
2971018350;145571
2971038762;145572
2971059168;145573
2971079577;145574
2971099987;145575
2971120397;145576
2971140806;145577
2971161216;145578
2971181625;145579
2971202035;145580
2971222444;145581
2971242853;145582
2971263262;145583
2971283672;145584
2971304082;145585
2971324491;145586
2971344905;145587
2971365310;145588
2971385720;145589
2971406129;145590
2971426543;145591
2971446948;145592
2971467357;145593
2971487767;145594
2971508176;145595
2971528586;145596
2971548995;145597
2971569405;145598
2971589815;145599
2971610224;145600
2971630634;145601
2971651042;145602
2971671452;145603
2971691861;145604
2971712271;145605
2971732680;145606
2971753090;145607
2971773500;145608
2971793909;145609
2971814322;145610
2971834727;145611
2971855141;145612
2971875546;145613
2971895956;145614
2971916366;145615
2971936775;145616
2971957185;145617
2971977594;145618
2971998004;145619
2972018412;145620
2972038822;145621
2972059232;145622
2972079641;145623
2972100051;145624
2972120460;145625
2972140870;145626
2972161283;145627
2972181689;145628
2972202098;145629
2972222511;145630
2972242921;145631
2972263326;145632
2972283736;145633
2972304145;145634
2972324555;145635
2972344964;145636
2972365374;145637
2972385784;145638
2972406193;145639
2972426602;145640
2972447011;145641
2972467425;145642
2972487830;145643
2972508240;145644
2972528654;145645
2972549059;145646
2972569469;145647
2972589878;145648
2972610287;145649
2972630696;145650
2972651110;145651
2972671515;145652
2972691925;145653
2972712335;145654
2972732748;145655
2972753154;145656
2972773563;145657
2972793973;145658
2972814385;145659
2972834795;145660
2972855201;145661
2972875614;145662
2972896020;145663
2972916433;145664
2972936839;145665
2972957248;145666
2972977658;145667
2972998071;145668
2973018476;145669
2973038886;145670
2973059295;145671
2973079705;145672
2973100114;145673
2973120524;145674
2973140933;145675
2973161343;145676
2973181756;145677
2973202161;145678
2973222575;145679
2973242980;145680
2973263394;145681
2973283799;145682
2973304209;145683
2973324619;145684
2973345028;145685
2973365438;145686
2973385846;145687
2973406256;145688
2973426665;145689
2973447075;145690
2973467485;145691
2973487894;145692
2973508304;145693
2973528713;145694
2973549123;145695
2973569535;145696
2973589941;145697
2973610350;145698
2973630760;145699
2973651170;145700
2973671583;145701
2973691989;145702
2973712398;145703
2973732812;145704
2973753217;145705
2973773626;145706
2973794036;145707
2973814445;145708
2973834855;145709
2973855264;145710
2973875674;145711
2973896083;145712
2973916493;145713
2973936903;145714
2973957311;145715
2973977721;145716
2973998130;145717
2974018540;145718
2974038949;145719
2974059359;145720
2974079768;145721
2974100178;145722
2974120588;145723
2974140996;145724
2974161406;145725
2974181819;145726
2974202225;145727
2974222634;145728
2974243044;145729
2974263454;145730
2974283863;145731
2974304273;145732
2974324682;145733
2974345091;145734
2974365504;145735
2974385910;145736
2974406320;145737
2974426729;145738
2974447139;145739
2974467548;145740
2974487958;145741
2974508367;145742
2974528777;145743
2974549185;145744
2974569595;145745
2974590005;145746
2974610418;145747
2974630824;145748
2974651237;145749
2974671647;145750
2974692056;145751
2974712462;145752
2974732871;145753
2974753284;145754
2974773690;145755
2974794099;145756
2974814509;145757
2974834918;145758
2974855328;145759
2974875738;145760
2974896151;145761
2974916557;145762
2974936966;145763
2974957379;145764
2974977784;145765
2974998194;145766
2975018603;145767
2975039013;145768
2975059423;145769
2975079836;145770
2975100242;145771
2975120650;145772
2975141060;145773
2975161469;145774
2975181879;145775
2975202289;145776
2975222698;145777
2975243108;145778
2975263517;145779
2975283927;145780
2975304336;145781
2975324745;145782
2975345155;145783
2975365564;145784
2975385974;145785
2975406383;145786
2975426793;145787
2975447202;145788
2975467612;145789
2975488022;145790
2975508431;145791
2975528840;145792
2975549249;145793
2975569659;145794
2975590068;145795
2975610478;145796
2975630887;145797
2975651297;145798
2975671707;145799
2975692120;145800
2975712525;145801
2975732938;145802
2975753344;145803
2975773753;145804
2975794163;145805
2975814577;145806
2975834982;145807
2975855392;145808
2975875801;145809
2975896211;145810
2975916619;145811
2975937029;145812
2975957439;145813
2975977848;145814
2975998258;145815
2976018667;145816
2976039077;145817
2976059490;145818
2976079896;145819
2976100304;145820
2976120714;145821
2976141124;145822
2976161533;145823
2976181943;145824
2976202352;145825
2976222766;145826
2976243171;145827
2976263581;145828
2976283991;145829
2976304399;145830
2976324813;145831
2976345218;145832
2976365628;145833
2976386037;145834
2976406447;145835
2976426857;145836
2976447266;145837
2976467676;145838
2976488084;145839
2976508494;145840
2976528903;145841
2976549313;145842
2976569722;145843
2976590132;145844
2976610542;145845
2976630951;145846
2976651360;145847
2976671770;145848
2976692179;145849
2976712588;145850
2976732998;145851
2976753408;145852
2976773817;145853
2976794227;145854
2976814636;145855
2976835046;145856
2976855455;145857
2976875868;145858
2976896278;145859
2976916687;145860
2976937093;145861
2976957502;145862
2976977912;145863
2976998321;145864
2977018731;145865
2977039140;145866
2977059550;145867
2977079959;145868
2977100372;145869
2977120778;145870
2977141187;145871
2977161597;145872
2977182006;145873
2977202416;145874
2977222826;145875
2977243235;145876
2977263645;145877
2977284053;145878
2977304463;145879
2977324872;145880
2977345286;145881
2977365696;145882
2977386105;145883
2977406515;145884
2977426928;145885
2977447334;145886
2977467742;145887
2977488152;145888
2977508562;145889
2977528975;145890
2977549381;145891
2977569790;145892
2977590200;145893
2977610609;145894
2977631019;145895
2977651429;145896
2977671837;145897
2977692251;145898
2977712656;145899
2977733066;145900
2977753475;145901
2977773885;145902
2977794295;145903
2977814704;145904
2977835114;145905
2977855522;145906
2977875932;145907
2977896341;145908
2977916751;145909
2977937161;145910
2977957570;145911
2977977980;145912
2977998389;145913
2978018799;145914
2978039207;145915
2978059617;145916
2978080027;145917
2978100436;145918
2978120846;145919
2978141255;145920
2978161665;145921
2978182074;145922
2978202484;145923
2978222893;145924
2978243302;145925
2978263712;145926
2978284121;145927
2978304531;145928
2978324944;145929
2978345350;145930
2978365760;145931
2978386173;145932
2978406583;145933
2978426987;145934
2978447397;145935
2978467806;145936
2978488216;145937
2978508626;145938
2978529035;145939
2978549445;145940
2978569854;145941
2978590268;145942
2978610674;145943
2978631083;145944
2978651492;145945
2978671901;145946
2978692311;145947
2978712720;145948
2978733130;145949
2978753540;145950
2978773953;145951
2978794359;145952
2978814767;145953
2978835177;145954
2978855586;145955
2978875996;145956
2978896406;145957
2978916815;145958
2978937225;145959
2978957634;145960
2978978048;145961
2978998453;145962
2979018862;145963
2979039276;145964
2979059681;145965
2979080091;145966
2979100500;145967
2979120910;145968
2979141319;145969
2979161729;145970
2979182139;145971
2979202547;145972
2979222961;145973
2979243370;145974
2979263776;145975
2979284185;145976
2979304595;145977
2979325005;145978
2979345414;145979
2979365824;145980
2979386233;145981
2979406642;145982
2979427051;145983
2979447461;145984
2979467875;145985
2979488280;145986
2979508690;145987
2979529099;145988
2979549509;145989
2979569918;145990
2979590328;145991
2979610737;145992
2979631150;145993
2979651556;145994
2979671965;145995
2979692375;145996
2979712784;145997
2979733194;145998
2979753604;145999
2979774013;146000
2979794422;146001
2979814831;146002
2979835241;146003
2979855654;146004
2979876060;146005
2979896474;146006
2979916879;146007
2979937293;146008
2979957698;146009
2979978108;146010
2979998517;146011
2980018930;146012
2980039336;146013
2980059745;146014
2980080155;146015
2980100564;146016
2980120974;146017
2980141388;146018
2980161793;146019
2980182206;146020
2980202611;146021
2980223021;146022
2980243434;146023
2980263840;146024
2980284250;146025
2980304659;146026
2980325073;146027
2980345478;146028
2980365888;146029
2980386300;146030
2980406706;146031
2980427116;146032
2980447525;146033
2980467935;146034
2980488344;146035
2980508754;146036
2980529163;146037
2980549573;146038
2980569982;146039
2980590395;146040
2980610801;146041
2980631210;146042
2980651620;146043
2980672029;146044
2980692439;146045
2980712853;146046
2980733258;146047
2980753668;146048
2980774076;146049
2980794490;146050
2980814895;146051
2980835309;146052
2980855719;146053
2980876128;146054
2980896534;146055
2980916943;146056
2980937353;146057
2980957761;146058
2980978175;146059
2980998581;146060
2981018990;146061
2981039400;146062
2981059809;146063
2981080219;146064
2981100628;146065
2981121038;146066
2981141448;146067
2981161856;146068
2981182270;146069
2981202675;146070
2981223089;146071
2981243498;146072
2981263904;146073
2981284314;146074
2981304727;146075
2981325133;146076
2981345541;146077
2981365951;146078
2981386360;146079
2981406770;146080
2981427180;146081
2981447589;146082
2981467999;146083
2981488408;146084
2981508822;146085
2981529228;146086
2981549636;146087
2981570046;146088
2981590455;146089
2981610865;146090
2981631274;146091
2981651684;146092
2981672094;146093
2981692503;146094
2981712913;146095
2981733321;146096
2981753731;146097
2981774140;146098
2981794550;146099
2981814960;146100
2981835369;146101
2981855779;146102
2981876188;146103
2981896598;146104
2981917007;146105
2981937416;146106
2981957826;146107
2981978235;146108
2981998645;146109
2982019054;146110
2982039464;146111
2982059877;146112
2982080283;146113
2982100693;146114
2982121102;146115
2982141511;146116
2982161920;146117
2982182330;146118
2982202739;146119
2982223149;146120
2982243559;146121
2982263968;146122
2982284378;146123
2982304787;146124
2982325200;146125
2982345605;146126
2982366015;146127
2982386425;146128
2982406834;146129
2982427244;146130
2982447653;146131
2982468067;146132
2982488472;146133
2982508882;146134
2982529291;146135
2982549704;146136
2982570110;146137
2982590519;146138
2982610929;146139
2982631338;146140
2982651748;146141
2982672158;146142
2982692567;146143
2982712976;146144
2982733385;146145
2982753795;146146
2982774204;146147
2982794614;146148
2982815024;146149
2982835433;146150
2982855843;146151
2982876256;146152
2982896665;146153
2982917071;146154
2982937480;146155
2982957890;146156
2982978299;146157
2982998713;146158
2983019118;146159
2983039528;146160
2983059938;146161
2983080347;146162
2983100756;146163
2983121165;146164
2983141575;146165
2983161984;146166
2983182394;146167
2983202804;146168
2983223213;146169
2983243623;146170
2983264032;146171
2983284442;146172
2983304850;146173
2983325260;146174
2983345670;146175
2983366083;146176
2983386489;146177
2983406898;146178
2983427308;146179
2983447717;146180
2983468127;146181
2983488536;146182
2983508945;146183
2983529355;146184
2983549764;146185
2983570174;146186
2983590583;146187
2983610993;146188
2983631403;146189
2983651812;146190
2983672222;146191
2983692630;146192
2983713040;146193
2983733453;146194
2983753859;146195
2983774269;146196
2983794678;146197
2983815088;146198
2983835501;146199
2983855907;146200
2983876316;146201
2983896725;146202
2983917135;146203
2983937544;146204
2983957954;146205
2983978363;146206
2983998773;146207
2984019182;146208
2984039592;146209
2984060002;146210
2984080410;146211
2984100824;146212
2984121233;146213
2984141643;146214
2984162048;146215
2984182458;146216
2984202868;146217
2984223281;146218
2984243687;146219
2984264095;146220
2984284505;146221
2984304919;146222
2984325324;146223
2984345734;146224
2984366143;146225
2984386553;146226
2984406962;146227
2984427372;146228
2984447782;146229
2984468190;146230
2984488604;146231
2984509009;146232
2984529419;146233
2984549832;146234
2984570242;146235
2984590648;146236
2984611057;146237
2984631467;146238
2984651875;146239
2984672285;146240
2984692694;146241
2984713104;146242
2984733518;146243
2984753923;146244
2984774333;146245
2984794742;146246
2984815152;146247
2984835564;146248
2984855970;146249
2984876380;146250
2984896789;146251
2984917199;146252
2984937608;146253
2984958018;146254
2984978427;146255
2984998841;146256
2985019247;146257
2985039656;146258
2985060065;146259
2985080474;146260
2985100884;146261
2985121293;146262
2985141703;146263
2985162113;146264
2985182522;146265
2985202936;146266
2985223341;146267
2985243750;146268
2985264159;146269
2985284569;146270
2985304979;146271
2985325388;146272
2985345798;146273
2985366207;146274
2985386617;146275
2985407026;146276
2985427435;146277
2985447849;146278
2985468254;146279
2985488664;146280
2985509073;146281
2985529483;146282
2985549892;146283
2985570302;146284
2985590712;146285
2985611121;146286
2985631534;146287
2985651939;146288
2985672349;146289
2985692759;146290
2985713168;146291
2985733578;146292
2985753987;146293
2985774401;146294
2985794809;146295
2985815216;146296
2985835625;146297
2985856034;146298
2985876444;146299
2985896853;146300
2985917263;146301
2985937672;146302
2985958086;146303
2985978492;146304
2985998900;146305
2986019310;146306
2986039719;146307
2986060129;146308
2986080542;146309
2986100952;146310
2986121358;146311
2986141767;146312
2986162177;146313
2986182586;146314
2986202999;146315
2986223404;146316
2986243814;146317
2986264224;146318
2986284637;146319
2986305047;146320
2986325456;146321
2986345862;146322
2986366271;146323
2986386684;146324
2986407090;146325
2986427499;146326
2986447909;146327
2986468318;146328
2986488728;146329
2986509137;146330
2986529547;146331
2986549957;146332
2986570366;146333
2986590776;146334
2986611184;146335
2986631594;146336
2986652003;146337
2986672413;146338
2986692823;146339
2986713232;146340
2986733642;146341
2986754051;146342
2986774461;146343
2986794869;146344
2986815279;146345
2986835693;146346
2986856098;146347
2986876508;146348
2986896917;146349
2986917327;146350
2986937736;146351
2986958146;146352
2986978556;146353
2986998964;146354
2987019374;146355
2987039783;146356
2987060193;146357
2987080606;146358
2987101012;146359
2987121422;146360
2987141831;146361
2987162241;146362
2987182649;146363
2987203059;146364
2987223469;146365
2987243882;146366
2987264292;146367
2987284697;146368
2987305111;146369
2987325516;146370
2987345922;146371
2987366335;146372
2987386740;146373
2987407150;146374
2987427563;146375
2987447969;146376
2987468378;146377
2987488792;146378
2987509201;146379
2987529607;146380
2987550017;146381
2987570425;146382
2987590835;146383
2987611248;146384
2987631654;146385
2987652067;146386
2987672477;146387
2987692883;146388
2987713292;146389
2987733702;146390
2987754111;146391
2987774524;146392
2987794929;146393
2987815339;146394
2987835749;146395
2987856162;146396
2987876568;146397
2987896981;146398
2987917391;146399
2987937799;146400
2987958205;146401
2987978614;146402
2987999024;146403
2988019434;146404
2988039843;146405
2988060253;146406
2988080662;146407
2988101072;146408
2988121481;146409
2988141890;146410
2988162300;146411
2988182709;146412
2988203119;146413
2988223528;146414
2988243938;146415
2988264347;146416
2988284757;146417
2988305167;146418
2988325576;146419
2988345985;146420
2988366394;146421
2988386804;146422
2988407213;146423
2988427623;146424
2988448032;146425
2988468442;146426
2988488856;146427
2988509261;146428
2988529674;146429
2988550079;146430
2988570489;146431
2988590898;146432
2988611308;146433
2988631718;146434
2988652127;146435
2988672537;146436
2988692946;146437
2988713356;146438
2988733765;146439
2988754174;146440
2988774584;146441
2988794993;146442
2988815403;146443
2988835812;146444
2988856222;146445
2988876631;146446
2988897045;146447
2988917453;146448
2988937859;146449
2988958269;146450
2988978678;146451
2988999088;146452
2989019497;146453
2989039907;146454
2989060316;146455
2989080730;146456
2989101136;146457
2989121544;146458
2989141954;146459
2989162363;146460
2989182773;146461
2989203182;146462
2989223592;146463
2989244002;146464
2989264411;146465
2989284821;146466
2989305230;146467
2989325639;146468
2989346048;146469
2989366458;146470
2989386867;146471
2989407277;146472
2989427687;146473
2989448096;146474
2989468506;146475
2989488915;146476
2989509325;146477
2989529733;146478
2989550143;146479
2989570553;146480
2989590962;146481
2989611372;146482
2989631781;146483
2989652191;146484
2989672600;146485
2989693010;146486
2989713419;146487
2989733828;146488
2989754238;146489
2989774647;146490
2989795057;146491
2989815470;146492
2989835880;146493
2989856289;146494
2989876695;146495
2989897105;146496
2989917513;146497
2989937923;146498
2989958332;146499
2989978742;146500
2989999155;146501
2990019565;146502
2990039971;146503
2990060380;146504
2990080790;146505
2990101198;146506
2990121608;146507
2990142021;146508
2990162427;146509
2990182837;146510
2990203246;146511
2990223656;146512
2990244065;146513
2990264475;146514
2990284884;146515
2990305293;146516
2990325702;146517
2990346112;146518
2990366522;146519
2990386931;146520
2990407341;146521
2990427750;146522
2990448160;146523
2990468569;146524
2990488978;146525
2990509388;146526
2990529797;146527
2990550207;146528
2990570616;146529
2990591026;146530
2990611435;146531
2990631845;146532
2990652255;146533
2990672664;146534
2990693073;146535
2990713482;146536
2990733892;146537
2990754301;146538
2990774711;146539
2990795120;146540
2990815530;146541
2990835940;146542
2990856349;146543
2990876762;146544
2990897167;146545
2990917581;146546
2990937986;146547
2990958396;146548
2990978806;146549
2990999219;146550
2991019625;146551
2991040034;146552
2991060444;146553
2991080852;146554
2991101262;146555
2991121672;146556
2991142081;146557
2991162495;146558
2991182900;146559
2991203310;146560
2991223719;146561
2991244129;146562
2991264541;146563
2991284947;146564
2991305357;146565
2991325766;146566
2991346176;146567
2991366585;146568
2991386995;146569
2991407408;146570
2991427818;146571
2991448224;146572
2991468632;146573
2991489042;146574
2991509451;146575
2991529861;146576
2991550270;146577
2991570680;146578
2991591090;146579
2991611499;146580
2991631909;146581
2991652317;146582
2991672731;146583
2991693140;146584
2991713546;146585
2991733955;146586
2991754369;146587
2991774775;146588
2991795184;146589
2991815594;146590
2991836002;146591
2991856412;146592
2991876821;146593
2991897235;146594
2991917641;146595
2991938050;146596
2991958460;146597
2991978869;146598
2991999279;146599
2992019688;146600
2992040097;146601
2992060507;146602
2992080916;146603
2992101326;146604
2992121735;146605
2992142145;146606
2992162554;146607
2992182964;146608
2992203373;146609
2992223783;146610
2992244192;146611
2992264601;146612
2992285011;146613
2992305420;146614
2992325830;146615
2992346239;146616
2992366649;146617
2992387059;146618
2992407468;146619
2992427878;146620
2992448290;146621
2992468696;146622
2992489105;146623
2992509515;146624
2992529925;146625
2992550334;146626
2992570744;146627
2992591153;146628
2992611563;146629
2992631971;146630
2992652385;146631
2992672790;146632
2992693200;146633
2992713610;146634
2992734019;146635
2992754429;146636
2992774838;146637
2992795248;146638
2992815660;146639
2992836066;146640
2992856476;146641
2992876885;146642
2992897295;146643
2992917704;146644
2992938114;146645
2992958523;146646
2992978933;146647
2992999343;146648
2993019751;146649
2993040161;146650
2993060574;146651
2993080980;146652
2993101393;146653
2993121799;146654
2993142208;146655
2993162618;146656
2993183028;146657
2993203436;146658
2993223846;146659
2993244255;146660
2993264665;146661
2993285074;146662
2993305484;146663
2993325894;146664
2993346303;146665
2993366713;146666
2993387122;146667
2993407531;146668
2993427940;146669
2993448350;146670
2993468760;146671
2993489169;146672
2993509579;146673
2993529992;146674
2993550398;146675
2993570807;146676
2993591217;146677
2993611625;146678
2993632035;146679
2993652449;146680
2993672854;146681
2993693268;146682
2993713677;146683
2993734083;146684
2993754492;146685
2993774902;146686
2993795311;146687
2993815720;146688
2993836130;146689
2993856539;146690
2993876949;146691
2993897358;146692
2993917768;146693
2993938178;146694
2993958587;146695
2993978997;146696
2993999405;146697
2994019815;146698
2994040228;146699
2994060634;146700
2994081043;146701
2994101453;146702
2994121863;146703
2994142272;146704
2994162682;146705
2994183090;146706
2994203500;146707
2994223909;146708
2994244319;146709
2994264729;146710
2994285138;146711
2994305548;146712
2994325957;146713
2994346367;146714
2994366775;146715
2994387185;146716
2994407595;146717
2994428004;146718
2994448414;146719
2994468823;146720
2994489237;146721
2994509646;146722
2994530052;146723
2994550461;146724
2994570870;146725
2994591280;146726
2994611689;146727
2994632103;146728
2994652508;146729
2994672918;146730
2994693327;146731
2994713737;146732
2994734147;146733
2994754556;146734
2994774965;146735
2994795374;146736
2994815784;146737
2994836193;146738
2994856603;146739
2994877013;146740
2994897422;146741
2994917836;146742
2994938241;146743
2994958650;146744
2994979063;146745
2994999469;146746
2995019878;146747
2995040288;146748
2995060698;146749
2995081107;146750
2995101516;146751
2995121926;146752
2995142336;146753
2995162744;146754
2995183154;146755
2995203564;146756
2995223973;146757
2995244387;146758
2995264796;146759
2995285202;146760
2995305611;146761
2995326021;146762
2995346430;146763
2995366839;146764
2995387253;146765
2995407658;146766
2995428068;146767
2995448477;146768
2995468887;146769
2995489297;146770
2995509706;146771
2995530115;146772
2995550524;146773
2995570934;146774
2995591343;146775
2995611753;146776
2995632166;146777
2995652572;146778
2995672982;146779
2995693391;146780
2995713801;146781
2995734209;146782
2995754619;146783
2995775028;146784
2995795438;146785
2995815848;146786
2995836257;146787
2995856667;146788
2995877080;146789
2995897486;146790
2995917895;146791
2995938304;146792
2995958714;146793
2995979123;146794
2995999533;146795
2996019942;146796
2996040352;146797
2996060761;146798
2996081175;146799
2996101583;146800
2996121990;146801
2996142399;146802
2996162808;146803
2996183222;146804
2996203627;146805
2996224037;146806
2996244446;146807
2996264856;146808
2996285266;146809
2996305674;146810
2996326084;146811
2996346493;146812
2996366903;146813
2996387312;146814
2996407722;146815
2996428136;146816
2996448541;146817
2996468951;146818
2996489360;146819
2996509773;146820
2996530182;146821
2996550588;146822
2996570997;146823
2996591407;146824
2996611821;146825
2996632226;146826
2996652636;146827
2996673045;146828
2996693455;146829
2996713863;146830
2996734273;146831
2996754683;146832
2996775092;146833
2996795502;146834
2996815911;146835
2996836321;146836
2996856730;146837
2996877144;146838
2996897553;146839
2996917958;146840
2996938368;146841
2996958777;146842
2996979187;146843
2996999596;146844
2997020006;146845
2997040415;146846
2997060825;146847
2997081238;146848
2997101643;146849
2997122053;146850
2997142462;146851
2997162872;146852
2997183281;146853
2997203691;146854
2997224101;146855
2997244510;146856
2997264920;146857
2997285332;146858
2997305742;146859
2997326147;146860
2997346530;146861
2997366939;146862
2997387349;146863
2997407758;146864
2997428168;146865
2997448581;146866
2997468987;146867
2997489395;146868
2997509805;146869
2997530214;146870
2997550624;146871
2997571034;146872
2997591447;146873
2997611853;146874
2997632262;146875
2997652672;146876
2997673081;146877
2997693490;146878
2997713899;146879
2997734313;146880
2997754718;146881
2997775128;146882
2997795537;146883
2997815947;146884
2997836360;146885
2997856766;146886
2997877174;146887
2997897584;146888
2997917993;146889
2997938403;146890
2997958812;146891
2997979222;146892
2997999635;146893
2998020041;146894
2998040450;146895
2998060860;146896
2998081268;146897
2998101678;146898
2998122091;146899
2998142497;146900
2998162906;146901
2998183316;146902
2998203729;146903
2998224135;146904
2998244544;146905
2998264953;146906
2998285362;146907
2998305772;146908
2998326185;146909
2998346591;146910
2998367000;146911
2998387410;146912
2998407819;146913
2998428229;146914
2998448637;146915
2998469047;146916
2998489456;146917
2998509866;146918
2998530275;146919
2998550685;146920
2998571095;146921
2998591504;146922
2998611914;146923
2998632323;146924
2998652732;146925
2998673141;146926
2998693551;146927
2998713960;146928
2998734370;146929
2998754779;146930
2998775189;146931
2998795598;146932
2998816008;146933
2998836417;146934
2998856826;146935
2998877235;146936
2998897645;146937
2998918054;146938
2998938464;146939
2998958873;146940
2998979283;146941
2998999692;146942
2999020102;146943
2999040510;146944
2999060920;146945
2999081329;146946
2999101739;146947
2999122148;146948
2999142562;146949
2999162967;146950
2999183377;146951
2999203789;146952
2999224199;146953
2999244608;146954
2999265014;146955
2999285423;146956
2999305833;146957
2999326242;146958
2999346652;146959
2999367061;146960
2999387475;146961
2999407880;146962
2999428289;146963
2999448702;146964
2999469108;146965
2999489517;146966
2999509927;146967
2999530336;146968
2999550746;146969
2999571156;146970
2999591565;146971
2999611974;146972
2999632383;146973
2999652793;146974
2999673202;146975
2999693616;146976
2999714021;146977
2999734431;146978
2999754840;146979
2999775250;146980
2999795663;146981
2999816068;146982
2999836477;146983
2999856887;146984
2999877296;146985
2999897706;146986
2999918115;146987
2999938525;146988
2999958934;146989
2999979344;146990
2999999753;146991
3000020162;146992
3000040571;146993
3000060985;146994
3000081390;146995
3000101800;146996
3000122209;146997
3000142619;146998
