2905004034;142340
2905024443;142341
2905044852;142342
2905065261;142343
2905085670;142344
2905106079;142345
2905126488;142346
2905146897;142347
2905167306;142348
2905187715;142349
2905208123;142350
2905228533;142351
2905248942;142352
2905269350;142353
2905289760;142354
2905310168;142355
2905330578;142356
2905350986;142357
2905371396;142358
2905391805;142359
2905412213;142360
2905432623;142361
2905453031;142362
2905473440;142363
2905493849;142364
2905514262;142365
2905534672;142366
2905555076;142367
2905575485;142368
2905595894;142369
2905616303;142370
2905636712;142371
2905657125;142372
2905677530;142373
2905697943;142374
2905718348;142375
2905738757;142376
2905759166;142377
2905779578;142378
2905799984;142379
2905820393;142380
2905840802;142381
2905861211;142382
2905881619;142383
2905902029;142384
2905922437;142385
2905942846;142386
2905963256;142387
2905983664;142388
2906004074;142389
2906024482;142390
2906044892;142391
2906065300;142392
2906085709;142393
2906106119;142394
2906126527;142395
2906146936;142396
2906167345;142397
2906187758;142398
2906208163;142399
2906228572;142400
2906248980;142401
2906269394;142402
2906289803;142403
2906310208;142404
2906330617;142405
2906351025;142406
2906371435;142407
2906391847;142408
2906412253;142409
2906432662;142410
2906453070;142411
2906473480;142412
2906493888;142413
2906514297;142414
2906534706;142415
2906555115;142416
2906575525;142417
2906595933;142418
2906616343;142419
2906636751;142420
2906657160;142421
2906677569;142422
2906697978;142423
2906718387;142424
2906738796;142425
2906759205;142426
2906779614;142427
2906800023;142428
2906820431;142429
2906840841;142430
2906861250;142431
2906881659;142432
2906902068;142433
2906922476;142434
2906942886;142435
2906963294;142436
2906983704;142437
2907004113;142438
2907024521;142439
2907044931;142440
2907065339;142441
2907085749;142442
2907106157;142443
2907126566;142444
2907146976;142445
2907167384;142446
2907187794;142447
2907208202;142448
2907228615;142449
2907249024;142450
2907269429;142451
2907289839;142452
2907310251;142453
2907330664;142454
2907351069;142455
2907371482;142456
2907391887;142457
2907412296;142458
2907432705;142459
2907453114;142460
2907473523;142461
2907493932;142462
2907514341;142463
2907534749;142464
2907555159;142465
2907575568;142466
2907595976;142467
2907616386;142468
2907636794;142469
2907657204;142470
2907677612;142471
2907698021;142472
2907718431;142473
2907738839;142474
2907759249;142475
2907779657;142476
2907800066;142477
2907820476;142478
2907840884;142479
2907861294;142480
2907881702;142481
2907902111;142482
2907922520;142483
2907942929;142484
2907963342;142485
2907983751;142486
2908004156;142487
2908024565;142488
2908044978;142489
2908065383;142490
2908085792;142491
2908106201;142492
2908126610;142493
2908147019;142494
2908167428;142495
2908187837;142496
2908208246;142497
2908228655;142498
2908249068;142499
2908269472;142500
2908289882;142501
2908310290;142502
2908330700;142503
2908351109;142504
2908371517;142505
2908391927;142506
2908412339;142507
2908432745;142508
2908453157;142509
2908473562;142510
2908493976;142511
2908514384;142512
2908534790;142513
2908555198;142514
2908575607;142515
2908596016;142516
2908616425;142517
2908636835;142518
2908657243;142519
2908677652;142520
2908698061;142521
2908718470;142522
2908738880;142523
2908759288;142524
2908779697;142525
2908800106;142526
2908820515;142527
2908840923;142528
2908861333;142529
2908881742;142530
2908902151;142531
2908922564;142532
2908942968;142533
2908963378;142534
2908983786;142535
2909004200;142536
2909024609;142537
2909045013;142538
2909065423;142539
2909085831;142540
2909106241;142541
2909126649;142542
2909147062;142543
2909167468;142544
2909187876;142545
2909208286;142546
2909228694;142547
2909249103;142548
2909269513;142549
2909289921;142550
2909310331;142551
2909330739;142552
2909351148;142553
2909371561;142554
2909391970;142555
2909412379;142556
2909432784;142557
2909453193;142558
2909473606;142559
2909494011;142560
2909514420;142561
2909534829;142562
2909555242;142563
2909575651;142564
2909596056;142565
2909616464;142566
2909636874;142567
2909657287;142568
2909677692;142569
2909698101;142570
2909718510;142571
2909738919;142572
2909759327;142573
2909779741;142574
2909800146;142575
2909820554;142576
2909840964;142577
2909861372;142578
2909881782;142579
2909902190;142580
2909922599;142581
2909943009;142582
2909963417;142583
2909983827;142584
2910004239;142585
2910024644;142586
2910045053;142587
2910065462;142588
2910085875;142589
2910106280;142590
2910126689;142591
2910147102;142592
2910167511;142593
2910187917;142594
2910208325;142595
2910228734;142596
2910249143;142597
2910269552;142598
2910289961;142599
2910310370;142600
2910330779;142601
2910351188;142602
2910371601;142603
2910392009;142604
2910412415;142605
2910432823;142606
2910453233;142607
2910473642;142608
2910494054;142609
2910514464;142610
2910534868;142611
2910555278;142612
2910575686;142613
2910596095;142614
2910616505;142615
2910636913;142616
2910657323;142617
2910677731;142618
2910698140;142619
2910718550;142620
2910738958;142621
2910759368;142622
2910779776;142623
2910800185;142624
2910820598;142625
2910841003;142626
2910861412;142627
2910881821;142628
2910902230;142629
2910922643;142630
2910943048;142631
2910963456;142632
2910983866;142633
2911004275;142634
2911024688;142635
2911045093;142636
2911065505;142637
2911085915;142638
2911106320;142639
2911126733;142640
2911147138;142641
2911167550;142642
2911187956;142643
2911208364;142644
2911228774;142645
2911249187;142646
2911269595;142647
2911290001;142648
2911310409;142649
2911330819;142650
2911351227;142651
2911371636;142652
2911392046;142653
2911412454;142654
2911432864;142655
2911453272;142656
2911473685;142657
2911494090;142658
2911514499;142659
2911534912;142660
2911555317;142661
2911575726;142662
2911596139;142663
2911616548;142664
2911636954;142665
2911657366;142666
2911677771;142667
2911698180;142668
2911718589;142669
2911739001;142670
2911759407;142671
2911779816;142672
2911800225;142673
2911820634;142674
2911841043;142675
2911861452;142676
2911881860;142677
2911902270;142678
2911922679;142679
2911943091;142680
2911963497;142681
2911983905;142682
2912004315;142683
2912024724;142684
2912045132;142685
2912065542;142686
2912085950;142687
2912106359;142688
2912126772;142689
2912147177;142690
2912167587;142691
2912187995;142692
2912208404;142693
2912228817;142694
2912249222;142695
2912269631;142696
2912290040;142697
2912310450;142698
2912330858;142699
2912351267;142700
2912371680;142701
2912392089;142702
2912412493;142703
2912432903;142704
2912453316;142705
2912473721;142706
2912494130;142707
2912514538;142708
2912534948;142709
2912555357;142710
2912575766;142711
2912596175;142712
2912616583;142713
2912636993;142714
2912657401;142715
2912677811;142716
2912698220;142717
2912718628;142718
2912739038;142719
2912759446;142720
2912779856;142721
2912800264;142722
2912820677;142723
2912841083;142724
2912861495;142725
2912881904;142726
2912902309;142727
2912922718;142728
2912943131;142729
2912963536;142730
2912983946;142731
2913004354;142732
2913024763;142733
2913045172;142734
2913065581;142735
2913085990;142736
2913106399;142737
2913126808;142738
2913147217;142739
2913167626;142740
2913188038;142741
2913208443;142742
2913228853;142743
2913249262;142744
2913269671;142745
2913290079;142746
2913310489;142747
2913330897;142748
2913351307;142749
2913371716;142750
2913392128;142751
2913412538;142752
2913432946;142753
2913453352;142754
2913473761;142755
2913494169;142756
2913514583;142757
2913534987;142758
2913555397;142759
2913575805;142760
2913596214;142761
2913616624;142762
2913637032;142763
2913657442;142764
2913677850;142765
2913698259;142766
2913718668;142767
2913739077;142768
2913759487;142769
2913779895;142770
2913800304;142771
2913820713;142772
2913841122;142773
2913861531;142774
2913881940;142775
2913902349;142776
2913922758;142777
2913943167;142778
2913963575;142779
2913983985;142780
2914004394;142781
2914024803;142782
2914045212;142783
2914065620;142784
2914086030;142785
2914106438;142786
2914126848;142787
2914147257;142788
2914167669;142789
2914188075;142790
2914208483;142791
2914228893;142792
2914249301;142793
2914269714;142794
2914290120;142795
2914310532;142796
2914330938;142797
2914351346;142798
2914371759;142799
2914392168;142800
2914412573;142801
2914432983;142802
2914453391;142803
2914473800;142804
2914494213;142805
2914514622;142806
2914535031;142807
2914555436;142808
2914575845;142809
2914596254;142810
2914616667;142811
2914637072;142812
2914657481;142813
2914677890;142814
2914698299;142815
2914718708;142816
2914739116;142817
2914759526;142818
2914779934;142819
2914800344;142820
2914820753;142821
2914841165;142822
2914861571;142823
2914881979;142824
2914902393;142825
2914922798;142826
2914943206;142827
2914963616;142828
2914984024;142829
2915004434;142830
2915024842;142831
2915045255;142832
2915065665;142833
2915086069;142834
2915106479;142835
2915126887;142836
2915147296;142837
2915167705;142838
2915188114;142839
2915208524;142840
2915228932;142841
2915249345;142842
2915269754;142843
2915290159;142844
2915310567;142845
2915330981;142846
2915351386;142847
2915371795;142848
2915392204;142849
2915412612;142850
2915433022;142851
2915453435;142852
2915473840;142853
2915494249;142854
2915514657;142855
2915535067;142856
2915555475;142857
2915575885;142858
2915596294;142859
2915616706;142860
2915637116;142861
2915657520;142862
2915677930;142863
2915698338;142864
2915718747;142865
2915739157;142866
2915759565;142867
2915779975;142868
2915800383;142869
2915820792;142870
2915841202;142871
2915861610;142872
2915882019;142873
2915902428;142874
2915922837;142875
2915943246;142876
2915963655;142877
2915984065;142878
2916004473;142879
2916024886;142880
2916045291;142881
2916065700;142882
2916086108;142883
2916106518;142884
2916126931;142885
2916147336;142886
2916167745;142887
2916188153;142888
2916208563;142889
2916228971;142890
2916249381;142891
2916269790;142892
2916290198;142893
2916310608;142894
2916331016;142895
2916351426;142896
2916371835;142897
2916392243;142898
2916412653;142899
2916433065;142900
2916453471;142901
2916473879;142902
2916494288;142903
2916514698;142904
2916535106;142905
2916555516;142906
2916575924;142907
2916596333;142908
2916616742;142909
2916637151;142910
2916657561;142911
2916677969;142912
2916698378;142913
2916718787;142914
2916739196;142915
2916759604;142916
2916780014;142917
2916800423;142918
2916820832;142919
2916841241;142920
2916861649;142921
2916882059;142922
2916902468;142923
2916922877;142924
2916943290;142925
2916963694;142926
2916984104;142927
2917004516;142928
2917024922;142929
2917045331;142930
2917065739;142931
2917086149;142932
2917106557;142933
2917126967;142934
2917147379;142935
2917167788;142936
2917188194;142937
2917208602;142938
2917229012;142939
2917249424;142940
2917269829;142941
2917290243;142942
2917310651;142943
2917331070;142944
2917351479;142945
2917371888;142946
2917392297;142947
2917412706;142948
2917433115;142949
2917453524;142950
2917473933;142951
2917494343;142952
2917514751;142953
2917535164;142954
2917555569;142955
2917575978;142956
2917596388;142957
2917616800;142958
2917637205;142959
2917657614;142960
2917678023;142961
2917698433;142962
2917718845;142963
2917739250;142964
2917759659;142965
2917780072;142966
2917800482;142967
2917820886;142968
2917841295;142969
2917861704;142970
2917882113;142971
2917902523;142972
2917922931;142973
2917943340;142974
2917963749;142975
2917984158;142976
2918004567;142977
2918024980;142978
2918045385;142979
2918065794;142980
2918086203;142981
2918106612;142982
2918127021;142983
2918147430;142984
2918167840;142985
2918188252;142986
2918208657;142987
2918229066;142988
2918249475;142989
2918269885;142990
2918290293;142991
2918310702;142992
2918331111;142993
2918351520;142994
2918371930;142995
2918392338;142996
2918412751;142997
2918433156;142998
2918453565;142999
2918473975;143000
2918494383;143001
2918514792;143002
2918535201;143003
2918555614;143004
2918576019;143005
2918596428;143006
2918616837;143007
2918637246;143008
2918657655;143009
2918678064;143010
2918698477;143011
2918718882;143012
2918739291;143013
2918759700;143014
2918780109;143015
2918800518;143016
2918820927;143017
2918841337;143018
2918861745;143019
2918882154;143020
2918902563;143021
2918922972;143022
2918943382;143023
2918963790;143024
2918984199;143025
2919004608;143026
2919025017;143027
2919045430;143028
2919065835;143029
2919086244;143030
2919106657;143031
2919127062;143032
2919147472;143033
2919167884;143034
2919188289;143035
2919208698;143036
2919229107;143037
2919249520;143038
2919269925;143039
2919290334;143040
2919310743;143041
2919331152;143042
2919351561;143043
2919371970;143044
2919392379;143045
2919412788;143046
2919433197;143047
2919453606;143048
2919474019;143049
2919494424;143050
2919514834;143051
2919535242;143052
2919555651;143053
2919576060;143054
2919596473;143055
2919616883;143056
2919637287;143057
2919657696;143058
2919678109;143059
2919698514;143060
2919718928;143061
2919739332;143062
2919759741;143063
2919780150;143064
2919800559;143065
2919820973;143066
2919841377;143067
2919861786;143068
2919882195;143069
2919902604;143070
2919923013;143071
2919943422;143072
2919963831;143073
2919984240;143074
2920004649;143075
2920025058;143076
2920045471;143077
2920065876;143078
2920086285;143079
2920106694;143080
2920127103;143081
2920147512;143082
2920167921;143083
2920188331;143084
2920208739;143085
2920229148;143086
2920249557;143087
2920269966;143088
2920290376;143089
2920310784;143090
2920331193;143091
2920351602;143092
2920372011;143093
2920392421;143094
2920412833;143095
2920433242;143096
2920453647;143097
2920474056;143098
2920494466;143099
2920514874;143100
2920535283;143101
2920555692;143102
2920576101;143103
2920596511;143104
2920616919;143105
2920637332;143106
2920657741;143107
2920678150;143108
2920698555;143109
2920718964;143110
2920739373;143111
2920759786;143112
2920780191;143113
2920800604;143114
2920821009;143115
2920841418;143116
2920861828;143117
2920882236;143118
2920902645;143119
2920923054;143120
2920943463;143121
2920963873;143122
2920984281;143123
2921004690;143124
2921025103;143125
2921045508;143126
2921065918;143127
2921086326;143128
2921106735;143129
2921127144;143130
2921147553;143131
2921167963;143132
2921188371;143133
2921208780;143134
2921229189;143135
2921249598;143136
2921270008;143137
2921290420;143138
2921310825;143139
2921331234;143140
2921351643;143141
2921372052;143142
2921392461;143143
2921412870;143144
2921433279;143145
2921453688;143146
2921474097;143147
2921494506;143148
2921514919;143149
2921535325;143150
2921555733;143151
2921576142;143152
2921596551;143153
2921616960;143154
2921637370;143155
2921657778;143156
2921678187;143157
2921698596;143158
2921719009;143159
2921739415;143160
2921759823;143161
2921780232;143162
2921800641;143163
2921821050;143164
2921841464;143165
2921861872;143166
2921882277;143167
2921902686;143168
2921923095;143169
2921943505;143170
2921963913;143171
2921984322;143172
2922004735;143173
2922025140;143174
2922045553;143175
2922065958;143176
2922086367;143177
2922106776;143178
2922127185;143179
2922147595;143180
2922168003;143181
2922188412;143182
2922208822;143183
2922229230;143184
2922249639;143185
2922270048;143186
2922290457;143187
2922310871;143188
2922331275;143189
2922351684;143190
2922372093;143191
2922392502;143192
2922412916;143193
2922433324;143194
2922453733;143195
2922474138;143196
2922494551;143197
2922514957;143198
2922535365;143199
2922555778;143200
2922576187;143201
2922596592;143202
2922617002;143203
2922637410;143204
2922657819;143205
2922678228;143206
2922698637;143207
2922719050;143208
2922739459;143209
2922759864;143210
2922780274;143211
2922800682;143212
2922821095;143213
2922841504;143214
2922861909;143215
2922882319;143216
2922902727;143217
2922923136;143218
2922943545;143219
2922963954;143220
2922984364;143221
2923004772;143222
2923025181;143223
2923045590;143224
2923065999;143225
2923086413;143226
2923106817;143227
2923127226;143228
2923147635;143229
2923168044;143230
2923188454;143231
2923208862;143232
2923229271;143233
2923249680;143234
2923270089;143235
2923290499;143236
2923310907;143237
2923331316;143238
2923351729;143239
2923372134;143240
2923392544;143241
2923412952;143242
2923433361;143243
2923453775;143244
2923474179;143245
2923494589;143246
2923514997;143247
2923535406;143248
2923555820;143249
2923576224;143250
2923596634;143251
2923617046;143252
2923637451;143253
2923657865;143254
2923678269;143255
2923698678;143256
2923719087;143257
2923739496;143258
2923759906;143259
2923780314;143260
2923800727;143261
2923821132;143262
2923841541;143263
2923861955;143264
2923882363;143265
2923902772;143266
2923923181;143267
2923943586;143268
2923963996;143269
2923984404;143270
2924004817;143271
2924025226;143272
2924045635;143273
2924066041;143274
2924086453;143275
2924106858;143276
2924127268;143277
2924147676;143278
2924168086;143279
2924188494;143280
2924208907;143281
2924229313;143282
2924249725;143283
2924270130;143284
2924290539;143285
2924310952;143286
2924331358;143287
2924351766;143288
2924372175;143289
2924392584;143290
2924412993;143291
2924433403;143292
2924453811;143293
2924474220;143294
2924494629;143295
2924515038;143296
2924535448;143297
2924555856;143298
2924576265;143299
2924596674;143300
2924617083;143301
2924637493;143302
2924657901;143303
2924678310;143304
2924698719;143305
2924719128;143306
2924739538;143307
2924759946;143308
2924780355;143309
2924800765;143310
2924821173;143311
2924841583;143312
2924861991;143313
2924882400;143314
2924902810;143315
2924923218;143316
2924943631;143317
2924964036;143318
2924984445;143319
2925004855;143320
2925025267;143321
2925045676;143322
2925066081;143323
2925086490;143324
2925106900;143325
2925127308;143326
2925147718;143327
2925168130;143328
2925188535;143329
2925208945;143330
2925229353;143331
2925249762;143332
2925270171;143333
2925290580;143334
2925310993;143335
2925331398;143336
2925351807;143337
2925372216;143338
2925392629;143339
2925413038;143340
2925433443;143341
2925453852;143342
2925474262;143343
2925494674;143344
2925515080;143345
2925535488;143346
2925555897;143347
2925576307;143348
2925596719;143349
2925617125;143350
2925637533;143351
2925657942;143352
2925678352;143353
2925698760;143354
2925719173;143355
2925739578;143356
2925759987;143357
2925780397;143358
2925800805;143359
2925821214;143360
2925841623;143361
2925862032;143362
2925882446;143363
2925902850;143364
2925923263;143365
2925943668;143366
2925964077;143367
2925984491;143368
2926004895;143369
2926025304;143370
2926045717;143371
2926066122;143372
2926086532;143373
2926106940;143374
2926127349;143375
2926147759;143376
2926168167;143377
2926188577;143378
2926208989;143379
2926229394;143380
2926249804;143381
2926270212;143382
2926290622;143383
2926311034;143384
2926331443;143385
2926351849;143386
2926372257;143387
2926392667;143388
2926413079;143389
2926433488;143390
2926453898;143391
2926474302;143392
2926494712;143393
2926515120;143394
2926535529;143395
2926555939;143396
2926576347;143397
2926596757;143398
2926617169;143399
2926637574;143400
2926657984;143401
2926678392;143402
2926698801;143403
2926719210;143404
2926739619;143405
2926760029;143406
2926780437;143407
2926800846;143408
2926821256;143409
2926841664;143410
2926862074;143411
2926882482;143412
2926902891;143413
2926923301;143414
2926943709;143415
2926964119;143416
2926984527;143417
2927004936;143418
2927025346;143419
2927045754;143420
2927066164;143421
2927086572;143422
2927106981;143423
2927127391;143424
2927147799;143425
2927168209;143426
2927188617;143427
2927209026;143428
2927229440;143429
2927249848;143430
2927270253;143431
2927290666;143432
2927311071;143433
2927331455;143434
2927351863;143435
2927372272;143436
2927392681;143437
2927413090;143438
2927433499;143439
2927453908;143440
2927474317;143441
2927494726;143442
2927515135;143443
2927535544;143444
2927555953;143445
2927576361;143446
2927596771;143447
2927617179;143448
2927637589;143449
2927657997;143450
2927678406;143451
2927698816;143452
2927719224;143453
2927739634;143454
2927760042;143455
2927780451;143456
2927800860;143457
2927821269;143458
2927841678;143459
2927862087;143460
2927882500;143461
2927902905;143462
2927923314;143463
2927943722;143464
2927964132;143465
2927984540;143466
2928004950;143467
2928025362;143468
2928045767;143469
2928066177;143470
2928086589;143471
2928106995;143472
2928127407;143473
2928147812;143474
2928168221;143475
2928188630;143476
2928209039;143477
2928229448;143478
2928249857;143479
2928270266;143480
2928290675;143481
2928311084;143482
2928331493;143483
2928351901;143484
2928372311;143485
2928392723;143486
2928413132;143487
2928433538;143488
2928453950;143489
2928474360;143490
2928494764;143491
2928515174;143492
2928535582;143493
2928555991;143494
2928576400;143495
2928596809;143496
2928617218;143497
2928637627;143498
2928658036;143499
2928678445;143500
2928698854;143501
2928719262;143502
2928739672;143503
2928760080;143504
2928780490;143505
2928800902;143506
2928821307;143507
2928841717;143508
2928862125;143509
2928882535;143510
2928902947;143511
2928923352;143512
2928943761;143513
2928964170;143514
2928984579;143515
2929004988;143516
2929025401;143517
2929045810;143518
2929066215;143519
2929086624;143520
2929107037;143521
2929127441;143522
2929147851;143523
2929168263;143524
2929188669;143525
2929209078;143526
2929229486;143527
2929249900;143528
2929270308;143529
2929290714;143530
2929311122;143531
2929331531;143532
2929351940;143533
2929372349;143534
2929392759;143535
2929413171;143536
2929433576;143537
2929453985;143538
2929474394;143539
2929494802;143540
2929515212;143541
2929535620;143542
2929556030;143543
2929576442;143544
2929596851;143545
2929617257;143546
2929637665;143547
2929658075;143548
2929678483;143549
2929698896;143550
2929719305;143551
2929739710;143552
2929760123;143553
2929780528;143554
2929800937;143555
2929821346;143556
2929841759;143557
2929862164;143558
2929882573;143559
2929902981;143560
2929923395;143561
2929943799;143562
2929964209;143563
2929984622;143564
2930005026;143565
2930025436;143566
2930045844;143567
2930066254;143568
2930086662;143569
2930107071;143570
2930127480;143571
2930147889;143572
2930168299;143573
2930188711;143574
2930209116;143575
2930229525;143576
2930249934;143577
2930270343;143578
2930290752;143579
2930311160;143580
2930331570;143581
2930351979;143582
2930372391;143583
2930392797;143584
2930413205;143585
2930433615;143586
2930454027;143587
2930474432;143588
2930494841;143589
2930515250;143590
2930535659;143591
2930556068;143592
2930576477;143593
2930596886;143594
2930617299;143595
2930637704;143596
2930658113;143597
2930678521;143598
2930698931;143599
2930719339;143600
2930739749;143601
2930760158;143602
2930780566;143603
2930800976;143604
2930821384;143605
2930841793;143606
2930862202;143607
2930882611;143608
2930903020;143609
2930923433;143610
2930943838;143611
2930964247;143612
2930984656;143613
2931005065;143614
2931025474;143615
2931045883;143616
2931066296;143617
2931086700;143618
2931107110;143619
2931127519;143620
2931147927;143621
2931168337;143622
2931188745;143623
2931209155;143624
2931229563;143625
2931249972;143626
2931270385;143627
2931290790;143628
2931311199;143629
2931331612;143630
2931352021;143631
2931372430;143632
2931392839;143633
2931413244;143634
2931433653;143635
2931454061;143636
2931474475;143637
2931494879;143638
2931515289;143639
2931535698;143640
2931556106;143641
2931576516;143642
2931596924;143643
2931617333;143644
2931637742;143645
2931658151;143646
2931678560;143647
2931698969;143648
2931719378;143649
2931739787;143650
2931760196;143651
2931780605;143652
2931801014;143653
2931821423;143654
2931841832;143655
2931862240;143656
2931882650;143657
2931903063;143658
2931923467;143659
2931943877;143660
2931964289;143661
2931984695;143662
2932005103;143663
2932025516;143664
2932045925;143665
2932066330;143666
2932086740;143667
2932107152;143668
2932127557;143669
2932147966;143670
2932168375;143671
2932188787;143672
2932209197;143673
2932229601;143674
2932250015;143675
2932270419;143676
2932290829;143677
2932311238;143678
2932331646;143679
2932352056;143680
2932372464;143681
2932392874;143682
2932413282;143683
2932433691;143684
2932454104;143685
2932474509;143686
2932494919;143687
2932515327;143688
2932535736;143689
2932556145;143690
2932576554;143691
2932596962;143692
2932617372;143693
2932637784;143694
2932658190;143695
2932678599;143696
2932699011;143697
2932719417;143698
2932739825;143699
2932760235;143700
2932780643;143701
2932801052;143702
2932821461;143703
2932841870;143704
2932862280;143705
2932882688;143706
2932903097;143707
2932923506;143708
2932943915;143709
2932964323;143710
2932984733;143711
2933005145;143712
2933025551;143713
2933045960;143714
2933066369;143715
2933086778;143716
2933107186;143717
2933127600;143718
2933148004;143719
2933168414;143720
2933188822;143721
2933209231;143722
2933229640;143723
2933250049;143724
2933270459;143725
2933290867;143726
2933311276;143727
2933331685;143728
2933352098;143729
2933372503;143730
2933392912;143731
2933413320;143732
2933433734;143733
2933454139;143734
2933474551;143735
2933494957;143736
2933515365;143737
2933535775;143738
2933556183;143739
2933576593;143740
2933597001;143741
2933617410;143742
2933637820;143743
2933658232;143744
2933678638;143745
2933699046;143746
2933719455;143747
2933739864;143748
2933760273;143749
2933780681;143750
2933801095;143751
2933821500;143752
2933841909;143753
2933862318;143754
2933882726;143755
2933903136;143756
2933923544;143757
2933943958;143758
2933964362;143759
2933984771;143760
2934005180;143761
2934025589;143762
2934045999;143763
2934066407;143764
2934086816;143765
2934107225;143766
2934127634;143767
2934148043;143768
2934168452;143769
2934188860;143770
2934209270;143771
2934229683;143772
2934250088;143773
2934270497;143774
2934290905;143775
2934311315;143776
2934331723;143777
2934352133;143778
2934372541;143779
2934392954;143780
2934413360;143781
2934433768;143782
2934454178;143783
2934474586;143784
2934494999;143785
2934515404;143786
2934535813;143787
2934556222;143788
2934576631;143789
2934597040;143790
2934617449;143791
2934637858;143792
2934658270;143793
2934678676;143794
2934699088;143795
2934719494;143796
2934739902;143797
2934760311;143798
2934780721;143799
2934801133;143800
2934821539;143801
2934841951;143802
2934862360;143803
2934882769;143804
2934903174;143805
2934923583;143806
2934943996;143807
2934964400;143808
2934984810;143809
2935005219;143810
2935025628;143811
2935046037;143812
2935066445;143813
2935086855;143814
2935107263;143815
2935127673;143816
2935148081;143817
2935168490;143818
2935188900;143819
2935209308;143820
2935229718;143821
2935250126;143822
2935270535;143823
2935290944;143824
2935311353;143825
2935331762;143826
2935352171;143827
2935372580;143828
2935392989;143829
2935413398;143830
2935433810;143831
2935454220;143832
2935474624;143833
2935495034;143834
2935515442;143835
2935535852;143836
2935556261;143837
2935576669;143838
2935597079;143839
2935617487;143840
2935637896;143841
2935658305;143842
2935678714;143843
2935699123;143844
2935719532;143845
2935739941;143846
2935760350;143847
2935780759;143848
2935801168;143849
2935821577;143850
2935841989;143851
2935862399;143852
2935882803;143853
2935903213;143854
2935923621;143855
2935944030;143856
2935964444;143857
2935984848;143858
2936005258;143859
2936025666;143860
2936046075;143861
2936066484;143862
2936086897;143863
2936107302;143864
2936127711;143865
2936148120;143866
2936168529;143867
2936188938;143868
2936209347;143869
2936229756;143870
2936250164;143871
2936270574;143872
2936290982;143873
2936311391;143874
2936331801;143875
2936352209;143876
2936372623;143877
2936393027;143878
2936413437;143879
2936433845;143880
2936454258;143881
2936474663;143882
2936495072;143883
2936515481;143884
2936535890;143885
2936556299;143886
2936576708;143887
2936597117;143888
2936617525;143889
2936637935;143890
2936658343;143891
2936678753;143892
2936699162;143893
2936719570;143894
2936739980;143895
2936760392;143896
2936780798;143897
2936801206;143898
2936821615;143899
2936842024;143900
2936862433;143901
2936882845;143902
2936903251;143903
2936923660;143904
2936944069;143905
2936964478;143906
2936984887;143907
2937005296;143908
2937025704;143909
2937046114;143910
2937066522;143911
2937086931;143912
2937107341;143913
2937127749;143914
2937148159;143915
2937168567;143916
2937188977;143917
2937209385;143918
2937229798;143919
2937250203;143920
2937270612;143921
2937291021;143922
2937311430;143923
2937331816;143924
2937352225;143925
2937372634;143926
2937393042;143927
2937413452;143928
2937433860;143929
2937454270;143930
2937474678;143931
2937495087;143932
2937515500;143933
2937535909;143934
2937556314;143935
2937576723;143936
2937597131;143937
2937617541;143938
2937637949;143939
2937658359;143940
2937678771;143941
2937699180;143942
2937719585;143943
2937739998;143944
2937760406;143945
2937780812;143946
2937801220;143947
2937821630;143948
2937842038;143949
2937862451;143950
2937882856;143951
2937903269;143952
2937923674;143953
2937944087;143954
2937964495;143955
2937984905;143956
2938005309;143957
2938025723;143958
2938046131;143959
2938066540;143960
2938086945;143961
2938107354;143962
2938127763;143963
2938148172;143964
2938168584;143965
2938188990;143966
2938209398;143967
2938229808;143968
2938250216;143969
2938270625;143970
2938291034;143971
2938311443;143972
2938331852;143973
2938352265;143974
2938372669;143975
2938393079;143976
2938413487;143977
2938433896;143978
2938454305;143979
2938474714;143980
2938495123;143981
2938515536;143982
2938535940;143983
2938556350;143984
2938576759;143985
2938597168;143986
2938617577;143987
2938637989;143988
2938658395;143989
2938678803;143990
2938699213;143991
2938719621;143992
2938740030;143993
2938760439;143994
2938780852;143995
2938801261;143996
2938821670;143997
2938842074;143998
2938862484;143999
2938882892;144000
2938903302;144001
2938923710;144002
2938944119;144003
2938964528;144004
2938984937;144005
2939005346;144006
2939025755;144007
2939046163;144008
2939066573;144009
2939086981;144010
2939107391;144011
2939127799;144012
2939148208;144013
2939168617;144014
2939189030;144015
2939209434;144016
2939229844;144017
2939250252;144018
2939270662;144019
2939291070;144020
2939311480;144021
2939331888;144022
2939352297;144023
2939372706;144024
2939393115;144025
2939413523;144026
2939433933;144027
2939454341;144028
2939474751;144029
2939495159;144030
2939515572;144031
2939535977;144032
2939556390;144033
2939576795;144034
2939597204;144035
2939617616;144036
2939638022;144037
2939658430;144038
2939678840;144039
2939699248;144040
2939719657;144041
2939740070;144042
2939760479;144043
2939780884;144044
2939801293;144045
2939821701;144046
2939842111;144047
2939862519;144048
2939882929;144049
2939903337;144050
2939923746;144051
2939944155;144052
2939964564;144053
2939984973;144054
2940005382;144055
2940025790;144056
2940046200;144057
2940066612;144058
2940087018;144059
2940107426;144060
2940127835;144061
2940148244;144062
2940168653;144063
2940189062;144064
2940209471;144065
2940229879;144066
2940250289;144067
2940270698;144068
2940291107;144069
2940311520;144070
2940331924;144071
2940352338;144072
2940372742;144073
2940393151;144074
2940413560;144075
2940433969;144076
2940454378;144077
2940474787;144078
2940495195;144079
2940515605;144080
2940536013;144081
2940556423;144082
2940576835;144083
2940597240;144084
2940617649;144085
2940638058;144086
2940658467;144087
2940678876;144088
2940699288;144089
2940719694;144090
2940740102;144091
2940760512;144092
2940780920;144093
2940801329;144094
2940821738;144095
2940842147;144096
2940862556;144097
2940882965;144098
2940903377;144099
2940923783;144100
2940944195;144101
2940964601;144102
2940985009;144103
2941005418;144104
2941025827;144105
2941046236;144106
2941066645;144107
2941087058;144108
2941107466;144109
2941127872;144110
2941148280;144111
2941168690;144112
2941189102;144113
2941209511;144114
2941229920;144115
2941250329;144116
2941270733;144117
2941291143;144118
2941311555;144119
2941331961;144120
2941352369;144121
2941372778;144122
2941393191;144123
2941413596;144124
2941434005;144125
2941454414;144126
2941474822;144127
2941495232;144128
2941515644;144129
2941536050;144130
2941556458;144131
2941576867;144132
2941597276;144133
2941617685;144134
2941638094;144135
2941658507;144136
2941678911;144137
2941699321;144138
2941719729;144139
2941740139;144140
2941760547;144141
2941780956;144142
2941801365;144143
2941821774;144144
2941842182;144145
2941862592;144146
2941883004;144147
2941903410;144148
2941923823;144149
2941944228;144150
2941964637;144151
2941985045;144152
2942005455;144153
2942025867;144154
2942046276;144155
2942066681;144156
2942087090;144157
2942107499;144158
2942127908;144159
2942148316;144160
2942168730;144161
2942189134;144162
2942209544;144163
2942229952;144164
2942250361;144165
2942270774;144166
2942291179;144167
2942311588;144168
2942331997;144169
2942352405;144170
2942372815;144171
2942393223;144172
2942413636;144173
2942434041;144174
2942454450;144175
2942474859;144176
2942495268;144177
2942515677;144178
2942536086;144179
2942556494;144180
2942576904;144181
2942597312;144182
2942617722;144183
2942638130;144184
2942658539;144185
2942678948;144186
2942699357;144187
2942719766;144188
2942740175;144189
2942760583;144190
2942780993;144191
2942801405;144192
2942821811;144193
2942842219;144194
2942862628;144195
2942883041;144196
2942903446;144197
2942923854;144198
2942944264;144199
2942964672;144200
2942985082;144201
2943005490;144202
2943025899;144203
2943046308;144204
2943066717;144205
2943087126;144206
2943107535;144207
2943127943;144208
2943148353;144209
2943168761;144210
2943189171;144211
2943209579;144212
2943229988;144213
2943250401;144214
2943270806;144215
2943291215;144216
2943311624;144217
2943332032;144218
2943352442;144219
2943372854;144220
2943393260;144221
2943413668;144222
2943434077;144223
2943454486;144224
2943474895;144225
2943495303;144226
2943515717;144227
2943536121;144228
2943556535;144229
2943576943;144230
2943597348;144231
2943617762;144232
2943638166;144233
2943658576;144234
2943678984;144235
2943699393;144236
2943719802;144237
2943740211;144238
2943760623;144239
2943781029;144240
2943801437;144241
2943821847;144242
2943842255;144243
2943862665;144244
2943883077;144245
2943903482;144246
2943923891;144247
2943944300;144248
2943964709;144249
2943985118;144250
2944005526;144251
2944025936;144252
2944046344;144253
2944066753;144254
2944087162;144255
2944107571;144256
2944127980;144257
2944148389;144258
2944168797;144259
2944189207;144260
2944209615;144261
2944230025;144262
2944250433;144263
2944270842;144264
2944291255;144265
2944311664;144266
2944332069;144267
2944352478;144268
2944372886;144269
2944393296;144270
2944413704;144271
2944434114;144272
2944454522;144273
2944474935;144274
2944495340;144275
2944515749;144276
2944536158;144277
2944556567;144278
2944576975;144279
2944597385;144280
2944617793;144281
2944638203;144282
2944658615;144283
2944679020;144284
2944699433;144285
2944719838;144286
2944740247;144287
2944760656;144288
2944781064;144289
2944801478;144290
2944821882;144291
2944842291;144292
2944862704;144293
2944883113;144294
2944903518;144295
2944923927;144296
2944944335;144297
2944964745;144298
2944985153;144299
2945005563;144300
2945025971;144301
2945046380;144302
2945066793;144303
2945087198;144304
2945107607;144305
2945128016;144306
2945148424;144307
2945168834;144308
2945189242;144309
2945209652;144310
2945230060;144311
2945250469;144312
2945270879;144313
2945291291;144314
2945311697;144315
2945332105;144316
2945352514;144317
2945372923;144318
2945393332;144319
2945413741;144320
2945434150;144321
2945454558;144322
2945474968;144323
2945495376;144324
2945515785;144325
2945536194;144326
2945556603;144327
2945577012;144328
2945597421;144329
2945617829;144330
2945638239;144331
2945658647;144332
2945679057;144333
2945699469;144334
2945719878;144335
2945740283;144336
2945760692;144337
2945781101;144338
2945801514;144339
2945821918;144340
2945842328;144341
2945862736;144342
2945883146;144343
2945903554;144344
2945923963;144345
2945944372;144346
2945964781;144347
2945985190;144348
2946005599;144349
2946026007;144350
2946046417;144351
2946066825;144352
2946087235;144353
2946107643;144354
2946128052;144355
2946148461;144356
2946168870;144357
2946189278;144358
2946209688;144359
2946230096;144360
2946250506;144361
2946270914;144362
2946291323;144363
2946311736;144364
2946332141;144365
2946352550;144366
2946372959;144367
2946393367;144368
2946413777;144369
2946434185;144370
2946454595;144371
2946475003;144372
2946495416;144373
2946515825;144374
2946536230;144375
2946556639;144376
2946577048;144377
2946597460;144378
2946617866;144379
2946638274;144380
2946658684;144381
2946679092;144382
2946699501;144383
2946719910;144384
2946740323;144385
2946760731;144386
2946781137;144387
2946801545;144388
2946821955;144389
2946842363;144390
2946862772;144391
2946883181;144392
2946903594;144393
2946924003;144394
2946944408;144395
2946964821;144396
2946985226;144397
2947005635;144398
2947026044;144399
2947046453;144400
2947066861;144401
2947087271;144402
2947107683;144403
2947128089;144404
2947148501;144405
2947168910;144406
2947189315;144407
2947209724;144408
2947230133;144409
2947250542;144410
2947270950;144411
2947291360;144412
2947311768;144413
2947332218;144414
2947352626;144415
2947373035;144416
2947393444;144417
2947413853;144418
2947434263;144419
2947454671;144420
2947475080;144421
2947495489;144422
2947515898;144423
2947536308;144424
2947556716;144425
2947577125;144426
2947597534;144427
2947617943;144428
2947638352;144429
2947658761;144430
2947679170;144431
2947699579;144432
2947719992;144433
2947740400;144434
2947760806;144435
2947781215;144436
2947801624;144437
2947822033;144438
2947842441;144439
2947862851;144440
2947883260;144441
2947903673;144442
2947924078;144443
2947944486;144444
2947964896;144445
2947985304;144446
2948005718;144447
2948026123;144448
2948046531;144449
2948066941;144450
2948087349;144451
2948107763;144452
2948128168;144453
2948148576;144454
2948168990;144455
2948189394;144456
2948209804;144457
2948230213;144458
2948250621;144459
2948271031;144460
2948291439;144461
2948311849;144462
2948332257;144463
2948352666;144464
2948373076;144465
2948393484;144466
2948413894;144467
2948434302;144468
2948454711;144469
2948475121;144470
2948495529;144471
2948515942;144472
2948536347;144473
2948556756;144474
2948577165;144475
2948597574;144476
2948617984;144477
2948638392;144478
2948658801;144479
2948679210;144480
2948699619;144481
2948720029;144482
2948740437;144483
2948760846;144484
2948781259;144485
2948801664;144486
2948822077;144487
2948842482;144488
2948862891;144489
2948883300;144490
2948903709;144491
2948924117;144492
2948944527;144493
2948964936;144494
2948985345;144495
2949005754;144496
2949026162;144497
2949046572;144498
2949066981;144499
2949087394;144500
2949107803;144501
2949128207;144502
2949148621;144503
2949169026;144504
2949189435;144505
2949209844;144506
2949230252;144507
2949250662;144508
2949271070;144509
2949291484;144510
2949311889;144511
2949332301;144512
2949352707;144513
2949373115;144514
2949393525;144515
2949413934;144516
2949434342;144517
2949454752;144518
2949475160;144519
2949495569;144520
2949515979;144521
2949536387;144522
2949556797;144523
2949577205;144524
2949597614;144525
2949618023;144526
2949638432;144527
2949658842;144528
2949679250;144529
2949699660;144530
2949720068;144531
2949740477;144532
2949760887;144533
2949781295;144534
2949801704;144535
2949822113;144536
2949842522;144537
2949862935;144538
2949883344;144539
2949903749;144540
2949924158;144541
2949944567;144542
2949964976;144543
2949985385;144544
2950005794;144545
2950026203;144546
2950046612;144547
2950067021;144548
2950087430;144549
2950107839;144550
2950128248;144551
2950148657;144552
2950169066;144553
2950189475;144554
2950209884;144555
2950230297;144556
2950250702;144557
2950271111;144558
2950291520;144559
2950311928;144560
2950332338;144561
2950352747;144562
2950373156;144563
2950393565;144564
2950413977;144565
2950434383;144566
2950454792;144567
2950475200;144568
2950495610;144569
2950516018;144570
2950536428;144571
2950556837;144572
2950577245;144573
2950597655;144574
2950618063;144575
2950638473;144576
2950658881;144577
2950679290;144578
2950699704;144579
2950720108;144580
2950740518;144581
2950760926;144582
2950781335;144583
2950801745;144584
2950822153;144585
2950842563;144586
2950862971;144587
2950883380;144588
2950903789;144589
2950924198;144590
2950944608;144591
2950965016;144592
2950985425;144593
2951005834;144594
2951026243;144595
2951046657;144596
2951067061;144597
2951087474;144598
2951107879;144599
2951128288;144600
2951148701;144601
2951169106;144602
2951189519;144603
2951209924;144604
2951230337;144605
2951250742;144606
2951271151;144607
2951291564;144608
2951311973;144609
2951332378;144610
2951352786;144611
2951373196;144612
2951393605;144613
2951414014;144614
2951434427;144615
2951454831;144616
2951475241;144617
2951495654;144618
2951516059;144619
2951536468;144620
2951556876;144621
2951577286;144622
2951597694;144623
2951618104;144624
2951638513;144625
2951658921;144626
2951679331;144627
2951699739;144628
2951720149;144629
2951740558;144630
2951760966;144631
2951781376;144632
2951801784;144633
2951822194;144634
2951842603;144635
2951863011;144636
2951883421;144637
2951903829;144638
2951924239;144639
2951944647;144640
2951965056;144641
2951985466;144642
2952005874;144643
2952026284;144644
2952046692;144645
2952067105;144646
2952087515;144647
2952107919;144648
2952128328;144649
2952148737;144650
2952169146;144651
2952189556;144652
2952209964;144653
2952230373;144654
2952250782;144655
2952271191;144656
2952291600;144657
2952312009;144658
2952332418;144659
2952352827;144660
2952373236;144661
2952393645;144662
2952414054;144663
2952434463;144664
2952454872;144665
2952475281;144666
2952495690;144667
2952516103;144668
2952536508;144669
2952556917;144670
2952577326;144671
2952597735;144672
2952618148;144673
2952638552;144674
2952658966;144675
2952679371;144676
2952699780;144677
2952720189;144678
2952740597;144679
2952761007;144680
2952781416;144681
2952801824;144682
2952822234;144683
2952842642;144684
2952863052;144685
2952883461;144686
2952903873;144687
2952924279;144688
2952944687;144689
2952965097;144690
2952985505;144691
2953005914;144692
2953026324;144693
2953046732;144694
2953067142;144695
2953087550;144696
2953107959;144697
2953128369;144698
2953148777;144699
2953169187;144700
2953189599;144701
2953210004;144702
2953230413;144703
2953250822;144704
2953271232;144705
2953291644;144706
2953312049;144707
2953332458;144708
2953352867;144709
2953373280;144710
2953393685;144711
2953414094;144712
2953434503;144713
2953454912;144714
2953475321;144715
2953495730;144716
2953516143;144717
2953536551;144718
2953556957;144719
2953577365;144720
2953597779;144721
2953618184;144722
2953638593;144723
2953659002;144724
2953679410;144725
2953699820;144726
2953720229;144727
2953740638;144728
2953761047;144729
2953781455;144730
2953801865;144731
2953822274;144732
2953842683;144733
2953863092;144734
2953883504;144735
2953903910;144736
2953924318;144737
2953944728;144738
2953965137;144739
2953985549;144740
2954005955;144741
2954026363;144742
2954046773;144743
2954067186;144744
2954087590;144745
2954108000;144746
2954128408;144747
2954148817;144748
2954169227;144749
2954189635;144750
2954210045;144751
2954230453;144752
2954250862;144753
2954271271;144754
2954291680;144755
2954312090;144756
2954332498;144757
2954352907;144758
2954373316;144759
2954393725;144760
2954414135;144761
2954434543;144762
2954454952;144763
2954475361;144764
2954495774;144765
2954516180;144766
2954536588;144767
2954556997;144768
2954577406;144769
2954597815;144770
2954618227;144771
2954638633;144772
2954659042;144773
2954679451;144774
2954699864;144775
2954720269;144776
2954740682;144777
2954761087;144778
2954781500;144779
2954801905;144780
2954822313;144781
2954842723;144782
2954863132;144783
2954883541;144784
2954903950;144785
2954924358;144786
2954944768;144787
2954965180;144788
2954985586;144789
2955005995;144790
2955026407;144791
2955046813;144792
2955067221;144793
2955087631;144794
2955108044;144795
2955128448;144796
2955148858;144797
2955169266;144798
2955189676;144799
2955210085;144800
2955230493;144801
2955250903;144802
2955271311;144803
2955291724;144804
2955312133;144805
2955332538;144806
2955352948;144807
2955373356;144808
2955393769;144809
2955414174;144810
2955434587;144811
2955454993;144812
2955475401;144813
2955495810;144814
2955516219;144815
2955536628;144816
2955557038;144817
2955577446;144818
2955597855;144819
2955618264;144820
2955638673;144821
2955659082;144822
2955679491;144823
2955699900;144824
2955720309;144825
2955740718;144826
2955761127;144827
2955781536;144828
2955801945;144829
2955822354;144830
2955842763;144831
2955863172;144832
2955883581;144833
2955903989;144834
2955924399;144835
2955944808;144836
2955965217;144837
2955985626;144838
2956006034;144839
2956026444;144840
2956046853;144841
2956067265;144842
2956087671;144843
2956108079;144844
2956128489;144845
2956148898;144846
2956169307;144847
2956189716;144848
2956210124;144849
2956230534;144850
2956250942;144851
2956271355;144852
2956291761;144853
2956312173;144854
2956332583;144855
2956352987;144856
2956373396;144857
2956393806;144858
2956414214;144859
2956434624;144860
2956455032;144861
2956475441;144862
2956495851;144863
2956516259;144864
2956536669;144865
2956557077;144866
2956577486;144867
2956597895;144868
2956618304;144869
2956638714;144870
2956659126;144871
2956679535;144872
2956699940;144873
2956720353;144874
2956740759;144875
2956761167;144876
2956781580;144877
2956801985;144878
2956822394;144879
2956842804;144880
2956863212;144881
2956883621;144882
2956904034;144883
2956924439;144884
2956944847;144885
2956965257;144886
2956985666;144887
2957006075;144888
2957026484;144889
2957046893;144890
2957067302;144891
2957087711;144892
2957108124;144893
2957128529;144894
2957148937;144895
2957169347;144896
2957189756;144897
2957210165;144898
2957230574;144899
2957250982;144900
2957271396;144901
2957291800;144902
2957312214;144903
2957332625;144904
2957353033;144905
2957373443;144906
2957393851;144907
2957414265;144908
2957434670;144909
2957455082;144910
2957475488;144911
2957495900;144912
2957516306;144913
2957536715;144914
2957557127;144915
2957577533;144916
2957597945;144917
2957618351;144918
2957638760;144919
2957659168;144920
2957679578;144921
2957699986;144922
2957720399;144923
2957740805;144924
2957761213;144925
2957781623;144926
2957802031;144927
2957822441;144928
2957842850;144929
2957863258;144930
2957883672;144931
2957904076;144932
2957924486;144933
2957944895;144934
2957965303;144935
2957985713;144936
2958006121;144937
2958026530;144938
2958046940;144939
2958067348;144940
2958087762;144941
2958108170;144942
2958128579;144943
2958148985;144944
2958169393;144945
2958189803;144946
2958210211;144947
2958230620;144948
2958251030;144949
2958271438;144950
2958291848;144951
2958312256;144952
2958332665;144953
2958353075;144954
2958373483;144955
2958393896;144956
2958414305;144957
2958434710;144958
2958455120;144959
2958475532;144960
2958495941;144961
2958516346;144962
2958536755;144963
2958557165;144964
2958577573;144965
2958597983;144966
2958618391;144967
2958638800;144968
2958659210;144969
2958679622;144970
2958700027;144971
2958720436;144972
2958740845;144973
2958761255;144974
2958781663;144975
2958802072;144976
2958822481;144977
2958842890;144978
2958863300;144979
2958883708;144980
2958904117;144981
2958924526;144982
2958944935;144983
2958965345;144984
2958985753;144985
2959006162;144986
2959026571;144987
2959046980;144988
2959067390;144989
2959087798;144990
2959108207;144991
2959128616;144992
2959149029;144993
2959169438;144994
2959189843;144995
2959210256;144996
2959230661;144997
2959251070;144998
2959271480;144999
2959291888;145000
2959312301;145001
2959332710;145002
2959353115;145003
2959373525;145004
2959393937;145005
2959414342;145006
2959434751;145007
2959455160;145008
2959475573;145009
2959495978;145010
2959516387;145011
2959536800;145012
2959557205;145013
2959577614;145014
2959598023;145015
2959618432;145016
2959638841;145017
2959659250;145018
2959679659;145019
2959700068;145020
2959720477;145021
2959740886;145022
2959761295;145023
2959781704;145024
2959802113;145025
2959822526;145026
2959842931;145027
2959863340;145028
2959883753;145029
2959904162;145030
2959924567;145031
2959944976;145032
2959965385;145033
2959985794;145034
2960006203;145035
2960026612;145036
2960047021;145037
2960067430;145038
2960087839;145039
2960108248;145040
2960128657;145041
2960149065;145042
2960169475;145043
2960189884;145044
2960210293;145045
2960230706;145046
2960251114;145047
2960271524;145048
2960291929;145049
2960312338;145050
2960332747;145051
2960353155;145052
2960373565;145053
2960393974;145054
2960414383;145055
2960434792;145056
2960455204;145057
2960475610;145058
2960496019;145059
2960516428;145060
2960536837;145061
2960557245;145062
2960577655;145063
2960598064;145064
2960618473;145065
2960638882;145066
2960659290;145067
2960679700;145068
2960700109;145069
2960720518;145070
2960740927;145071
2960761335;145072
2960781745;145073
2960802154;145074
2960822563;145075
2960842972;145076
2960863380;145077
2960883790;145078
2960904203;145079
2960924608;145080
2960945017;145081
2960965425;145082
2960985835;145083
2961006244;145084
2961026652;145085
2961047062;145086
2961067470;145087
2961087880;145088
2961108289;145089
2961128697;145090
2961149107;145091
2961169515;145092
2961189929;145093
2961210334;145094
2961230746;145095
2961251152;145096
2961271560;145097
2961291973;145098
2961312379;145099
2961332791;145100
2961353201;145101
2961373605;145102
2961394015;145103
2961414424;145104
2961434836;145105
2961455246;145106
2961475654;145107
2961496060;145108
2961516469;145109
2961536877;145110
2961557291;145111
2961577695;145112
2961598108;145113
2961618514;145114
2961638922;145115
2961659336;145116
2961679740;145117
2961700149;145118
2961720563;145119
2961740967;145120
2961761377;145121
2961781789;145122
2961802195;145123
2961822604;145124
2961843012;145125
2961863422;145126
2961883834;145127
2961904239;145128
2961924649;145129
2961945057;145130
2961965471;145131
2961985875;145132
2962006288;145133
2962026698;145134
2962047102;145135
2962067512;145136
2962087920;145137
2962108329;145138
2962128739;145139
2962149151;145140
2962169557;145141
2962189965;145142
2962210374;145143
2962230784;145144
2962251192;145145
2962271605;145146
2962292014;145147
2962312423;145148
2962332829;145149
2962353237;145150
2962373646;145151
2962394055;145152
2962414464;145153
2962434874;145154
2962455286;145155
2962475691;145156
2962496100;145157
2962516509;145158
2962536923;145159
2962557327;145160
2962577736;145161
2962598145;145162
2962618554;145163
2962638964;145164
2962659372;145165
2962679781;145166
2962700190;145167
2962720599;145168
2962741009;145169
2962761417;145170
2962781826;145171
2962802235;145172
2962822644;145173
2962843058;145174
2962863462;145175
2962883871;145176
2962904280;145177
2962924689;145178
2962945099;145179
2962965507;145180
2962985916;145181
2963006325;145182
2963026738;145183
2963047143;145184
2963067552;145185
2963087965;145186
2963108370;145187
2963128779;145188
2963149188;145189
2963169597;145190
2963190006;145191
2963210415;145192
2963230824;145193
2963251233;145194
2963271642;145195
2963292051;145196
2963312460;145197
2963332869;145198
2963353278;145199
2963373687;145200
2963394096;145201
2963414508;145202
2963434914;145203
2963455323;145204
2963475732;145205
2963496141;145206
2963516549;145207
2963536959;145208
2963557368;145209
2963577777;145210
2963598186;145211
2963618595;145212
2963639004;145213
2963659413;145214
2963679822;145215
2963700235;145216
2963720643;145217
2963741049;145218
2963761458;145219
2963781867;145220
2963802276;145221
2963822684;145222
2963843094;145223
2963863503;145224
2963883912;145225
2963904321;145226
2963924729;145227
2963945139;145228
2963965548;145229
2963985957;145230
2964006366;145231
2964026774;145232
2964047184;145233
2964067593;145234
2964088002;145235
2964108411;145236
2964128819;145237
2964149229;145238
2964169638;145239
2964190047;145240
2964210456;145241
2964230864;145242
2964251274;145243
2964271683;145244
2964292091;145245
2964312505;145246
2964332909;145247
2964353319;145248
2964373728;145249
2964394136;145250
2964414546;145251
2964434954;145252
2964455364;145253
2964475773;145254
2964496185;145255
2964516591;145256
2964536999;145257
2964557409;145258
2964577822;145259
2964598226;145260
2964618636;145261
2964639044;145262
2964659454;145263
2964679863;145264
2964700271;145265
2964720681;145266
2964741089;145267
2964761499;145268
2964781908;145269
2964802316;145270
2964822726;145271
2964843134;145272
2964863544;145273
2964883953;145274
2964904361;145275
2964924771;145276
2964945179;145277
2964965592;145278
2964985998;145279
2965006406;145280
2965026816;145281
2965047224;145282
2965067633;145283
2965088043;145284
2965108451;145285
2965128861;145286
2965149269;145287
2965169678;145288
2965190092;145289
2965210496;145290
2965230910;145291
2965251314;145292
2965271723;145293
2965292133;145294
2965312541;145295
2965332951;145296
2965353359;145297
2965373768;145298
2965394178;145299
2965414586;145300
2965434996;145301
2965455404;145302
2965475813;145303
2965496223;145304
2965516631;145305
2965537041;145306
2965557449;145307
2965577858;145308
2965598268;145309
2965618680;145310
2965639086;145311
2965659498;145312
2965679903;145313
2965700317;145314
2965720721;145315
2965741130;145316
2965761539;145317
2965781948;145318
2965802358;145319
2965822766;145320
2965843179;145321
2965863584;145322
2965883997;145323
2965904403;145324
2965924815;145325
2965945221;145326
2965965629;145327
2965986042;145328
2966006452;145329
2966026856;145330
2966047269;145331
2966067678;145332
2966088083;145333
2966108493;145334
2966128901;145335
2966149310;145336
2966169719;145337
2966190128;145338
2966210538;145339
2966230946;145340
2966251359;145341
2966271768;145342
2966292177;145343
2966312587;145344
2966332991;145345
2966353404;145346
2966373809;145347
2966394218;145348
2966414628;145349
2966435040;145350
2966455445;145351
2966475854;145352
2966496263;145353
2966516677;145354
2966537081;145355
2966557490;145356
2966577899;145357
2966598308;145358
2966618718;145359
2966639126;145360
2966659535;145361
2966679948;145362
2966700353;145363
2966720766;145364
2966741171;145365
2966761584;145366
2966781993;145367
2966802398;145368
2966822808;145369
2966843216;145370
2966863625;145371
2966884038;145372
2966904443;145373
2966924852;145374
2966945265;145375
2966965674;145376
2966986079;145377
2967006488;145378
2967026897;145379
2967047306;145380
2967067715;145381
2967088127;145382
2967108533;145383
2967128942;145384
2967149351;145385
2967169760;145386
2967190169;145387
2967210578;145388
2967230987;145389
2967251396;145390
2967271809;145391
2967292217;145392
2967312623;145393
2967333015;145394
2967353424;145395
2967373833;145396
2967394242;145397
2967414655;145398
2967435059;145399
2967455469;145400
2967475878;145401
2967496286;145402
2967516700;145403
2967537108;145404
2967557514;145405
2967577922;145406
2967598332;145407
2967618741;145408
2967639149;145409
2967659559;145410
2967679967;145411
2967700380;145412
2967720785;145413
2967741198;145414
2967761607;145415
2967782012;145416
2967802425;145417
2967822834;145418
2967843239;145419
2967863652;145420
2967884057;145421
2967904465;145422
2967924875;145423
2967945284;145424
2967965693;145425
2967986102;145426
2968006510;145427
2968026920;145428
2968047328;145429
2968067741;145430
2968088147;145431
2968108555;145432
2968128965;145433
2968149373;145434
2968169786;145435
2968190191;145436
2968210600;145437
2968231009;145438
2968251418;145439
2968271828;145440
2968292236;145441
2968312645;145442
2968333054;145443
2968353463;145444
2968373872;145445
2968394281;145446
2968414690;145447
2968435099;145448
2968455512;145449
2968475916;145450
2968496326;145451
2968516734;145452
2968537144;145453
2968557553;145454
2968577965;145455
2968598371;145456
2968618779;145457
2968639189;145458
2968659597;145459
2968680010;145460
2968700415;145461
2968720824;145462
2968741234;145463
2968761642;145464
2968782051;145465
2968802460;145466
2968822869;145467
2968843282;145468
2968863687;145469
2968884096;145470
2968904505;145471
2968924914;145472
2968945322;145473
2968965732;145474
2968986140;145475
2969006550;145476
2969026959;145477
2969047371;145478
2969067777;145479
2969088185;145480
2969108599;145481
2969129003;145482
2969149416;145483
2969169821;145484
2969190230;145485
2969210644;145486
2969231048;145487
2969251457;145488
2969271866;145489
2969292275;145490
2969312684;145491
2969333093;145492
2969353506;145493
2969373915;145494
2969394320;145495
2969414733;145496
2969435142;145497
2969455546;145498
2969475956;145499
2969496365;145500
2969516774;145501
2969537183;145502
2969557591;145503
2969578001;145504
2969598409;145505
2969618819;145506
2969639228;145507
2969659636;145508
2969680046;145509
2969700454;145510
2969720864;145511
2969741272;145512
2969761681;145513
2969782090;145514
2969802499;145515
2969822909;145516
2969843317;145517
2969863726;145518
2969884135;145519
2969904548;145520
2969924956;145521
2969945366;145522
2969965771;145523
2969986180;145524
2970006589;145525
2970026997;145526
2970047407;145527
2970067815;145528
2970088225;145529
2970108634;145530
2970129043;145531
2970149452;145532
2970169860;145533
2970190270;145534
2970210678;145535
2970231087;145536
2970251496;145537
2970271909;145538
2970292315;145539
2970312723;145540
2970333132;145541
2970353541;145542
2970373950;145543
2970394359;145544
2970414768;145545
2970435177;145546
2970455586;145547
2970475999;145548
2970496404;145549
2970516813;145550
2970537225;145551
2970557635;145552
2970578040;145553
2970598449;145554
2970618858;145555
2970639266;145556
2970659680;145557
2970680084;145558
2970700498;145559
2970720902;145560
2970741311;145561
2970761721;145562
2970782133;145563
2970802538;145564
2970822947;145565
2970843360;145566
2970863765;145567
2970884174;145568
2970904584;145569
2970924996;145570
2970945405;145571
2970965814;145572
2970986219;145573
2971006628;145574
2971027037;145575
2971047446;145576
2971067859;145577
2971088264;145578
2971108676;145579
2971129086;145580
2971149490;145581
2971169900;145582
2971190308;145583
2971210717;145584
2971231127;145585
2971251535;145586
2971271945;145587
2971292353;145588
2971312766;145589
2971333175;145590
2971353580;145591
2971373990;145592
2971394402;145593
2971414807;145594
2971435216;145595
2971455625;145596
2971476034;145597
2971496443;145598
2971516852;145599
2971537261;145600
2971557670;145601
2971578079;145602
2971598488;145603
2971618896;145604
2971639306;145605
2971659714;145606
2971680127;145607
2971700533;145608
2971720945;145609
2971741351;145610
2971761759;145611
2971782168;145612
2971802581;145613
2971822990;145614
2971843396;145615
2971863804;145616
2971884213;145617
2971904626;145618
2971925031;145619
2971945440;145620
2971965849;145621
2971986258;145622
2972006671;145623
2972027076;145624
2972047484;145625
2972067894;145626
2972088302;145627
2972108716;145628
2972129120;145629
2972149529;145630
2972169939;145631
2972190347;145632
2972210757;145633
2972231165;145634
2972251578;145635
2972271983;145636
2972292392;145637
2972312806;145638
2972333210;145639
2972353619;145640
2972374028;145641
2972394437;145642
2972414846;145643
2972435255;145644
2972455668;145645
2972476073;145646
2972496482;145647
2972516895;145648
2972537300;145649
2972557708;145650
2972578122;145651
2972598526;145652
2972618940;145653
2972639345;145654
2972659753;145655
2972680163;145656
2972700575;145657
2972720984;145658
2972741393;145659
2972761802;145660
2972782208;145661
2972802616;145662
2972823025;145663
2972843438;145664
2972863843;145665
2972884252;145666
2972904661;145667
2972925071;145668
2972945479;145669
2972965888;145670
2972986297;145671
2973006710;145672
2973027114;145673
2973047524;145674
2973067932;145675
2973088342;145676
2973108751;145677
2973129163;145678
2973149573;145679
2973169981;145680
2973190387;145681
2973210795;145682
2973231204;145683
2973251614;145684
2973272022;145685
2973292432;145686
2973312844;145687
2973333253;145688
2973353658;145689
2973374067;145690
2973394476;145691
2973414885;145692
2973435294;145693
2973455703;145694
2973476112;145695
2973496521;145696
2973516930;145697
2973537338;145698
2973557748;145699
2973578157;145700
2973598565;145701
2973618975;145702
2973639383;145703
2973659797;145704
2973680201;145705
2973700610;145706
2973721020;145707
2973741428;145708
2973761838;145709
2973782246;145710
2973802655;145711
2973823064;145712
2973843473;145713
2973863887;145714
2973884291;145715
2973904700;145716
2973925113;145717
2973945518;145718
2973965926;145719
2973986336;145720
2974006744;145721
2974027154;145722
2974047563;145723
2974067971;145724
2974088381;145725
2974108789;145726
2974129199;145727
2974149607;145728
2974170016;145729
2974190426;145730
2974210834;145731
2974231244;145732
2974251652;145733
2974272061;145734
2974292470;145735
2974312879;145736
2974333293;145737
2974353697;145738
2974374106;145739
2974394519;145740
2974414924;145741
2974435332;145742
2974455746;145743
2974476150;145744
2974496560;145745
2974516969;145746
2974537378;145747
2974557787;145748
2974578195;145749
2974598605;145750
2974619013;145751
2974639423;145752
2974659832;145753
2974680240;145754
2974700650;145755
2974721062;145756
2974741471;145757
2974761876;145758
2974782285;145759
2974802695;145760
2974823103;145761
2974843512;145762
2974863921;145763
2974884334;145764
2974904739;145765
2974925152;145766
2974945556;145767
2974965966;145768
2974986375;145769
2975006784;145770
2975027193;145771
2975047601;145772
2975068011;145773
2975088419;145774
2975108829;145775
2975129238;145776
2975149646;145777
2975170056;145778
2975190468;145779
2975210873;145780
2975231282;145781
2975251691;145782
2975272105;145783
2975292509;145784
2975312922;145785
2975333327;145786
2975353736;145787
2975374145;145788
2975394558;145789
2975414962;145790
2975435376;145791
2975455781;145792
2975476194;145793
2975496599;145794
2975517007;145795
2975537417;145796
2975557825;145797
2975578235;145798
2975598644;145799
2975619056;145800
2975639462;145801
2975659870;145802
2975680280;145803
2975700688;145804
2975721097;145805
2975741507;145806
2975761915;145807
2975782325;145808
2975802733;145809
2975823142;145810
2975843555;145811
2975863960;145812
2975884368;145813
2975904782;145814
2975925187;145815
2975945600;145816
2975966005;145817
2975986414;145818
2976006823;145819
2976027235;145820
2976047644;145821
2976068050;145822
2976088458;145823
2976108868;145824
2976129280;145825
2976149686;145826
2976170094;145827
2976190503;145828
2976210913;145829
2976231321;145830
2976251731;145831
2976272139;145832
2976292548;145833
2976312961;145834
2976333366;145835
2976353775;145836
2976374184;145837
2976394593;145838
2976415002;145839
2976435411;145840
2976455819;145841
2976476229;145842
2976496637;145843
2976517047;145844
2976537456;145845
2976557868;145846
2976578274;145847
2976598682;145848
2976619092;145849
2976639500;145850
2976659909;145851
2976680319;145852
2976700727;145853
2976721137;145854
2976741545;145855
2976761954;145856
2976782363;145857
2976802772;145858
2976823184;145859
2976843590;145860
2976863999;145861
2976884408;145862
2976904817;145863
2976925226;145864
2976945635;145865
2976966043;145866
2976986453;145867
2977006862;145868
2977027271;145869
2977047680;145870
2977068088;145871
2977088498;145872
2977108910;145873
2977129316;145874
2977149725;145875
2977170133;145876
2977190543;145877
2977210951;145878
2977231364;145879
2977251769;145880
2977272178;145881
2977292587;145882
2977313000;145883
2977333410;145884
2977353818;145885
2977374231;145886
2977394636;145887
2977415045;145888
2977435453;145889
2977455863;145890
2977476276;145891
2977496681;145892
2977517090;145893
2977537498;145894
2977557908;145895
2977578316;145896
2977598726;145897
2977619135;145898
2977639547;145899
2977659957;145900
2977680361;145901
2977700771;145902
2977721180;145903
2977741588;145904
2977761998;145905
2977782410;145906
2977802816;145907
2977823224;145908
2977843633;145909
2977864043;145910
2977884451;145911
2977904861;145912
2977925269;145913
2977945682;145914
2977966091;145915
2977986500;145916
2978006905;145917
2978027314;145918
2978047723;145919
2978068132;145920
2978088541;145921
2978108953;145922
2978129359;145923
2978149772;145924
2978170180;145925
2978190586;145926
2978210994;145927
2978231404;145928
2978251812;145929
2978272222;145930
2978292631;145931
2978313039;145932
2978333453;145933
2978353857;145934
2978374267;145935
2978394675;145936
2978415084;145937
2978435494;145938
2978455902;145939
2978476312;145940
2978496720;145941
2978517133;145942
2978537538;145943
2978557947;145944
2978578356;145945
2978598765;145946
2978619174;145947
2978639583;145948
2978659992;145949
2978680400;145950
2978700810;145951
2978721219;145952
2978741628;145953
2978762037;145954
2978782445;145955
2978802859;145956
2978823263;145957
2978843673;145958
2978864082;145959
2978884490;145960
2978904900;145961
2978925308;145962
2978945718;145963
2978966126;145964
2978986535;145965
2979006945;145966
2979027353;145967
2979047763;145968
2979068171;145969
2979088580;145970
2979108990;145971
2979129402;145972
2979149808;145973
2979170216;145974
2979190629;145975
2979211038;145976
2979231443;145977
2979251853;145978
2979272261;145979
2979292670;145980
2979313079;145981
2979333492;145982
2979353900;145983
2979374306;145984
2979394715;145985
2979415124;145986
2979435533;145987
2979455942;145988
2979476355;145989
2979496759;145990
2979517173;145991
2979537582;145992
2979557987;145993
2979578400;145994
2979598804;145995
2979619214;145996
2979639622;145997
2979660031;145998
2979680441;145999
2979700849;146000
2979721263;146001
2979741667;146002
2979762076;146003
2979782485;146004
2979802898;146005
2979823303;146006
2979843712;146007
2979864121;146008
2979884530;146009
2979904939;146010
2979925348;146011
2979945757;146012
2979966166;146013
2979986575;146014
2980006984;146015
2980027393;146016
2980047802;146017
2980068210;146018
2980088620;146019
2980109029;146020
2980129438;146021
2980149851;146022
2980170255;146023
2980190665;146024
2980211073;146025
2980231483;146026
2980251892;146027
2980272300;146028
2980292710;146029
2980313118;146030
2980333527;146031
2980353936;146032
2980374345;146033
2980394755;146034
2980415163;146035
2980435576;146036
2980455981;146037
2980476390;146038
2980496800;146039
2980517208;146040
2980537621;146041
2980558030;146042
2980578435;146043
2980598844;146044
2980619253;146045
2980639662;146046
2980660071;146047
2980680480;146048
2980700889;146049
2980721298;146050
2980741706;146051
2980762116;146052
2980782525;146053
2980802934;146054
2980823343;146055
2980843751;146056
2980864161;146057
2980884569;146058
2980904979;146059
2980925388;146060
2980945796;146061
2980966206;146062
2980986614;146063
2981007024;146064
2981027432;146065
2981047841;146066
2981068251;146067
2981088659;146068
2981109069;146069
2981129477;146070
2981149886;146071
2981170295;146072
2981190704;146073
2981211113;146074
2981231522;146075
2981251931;146076
2981272340;146077
2981292753;146078
2981313157;146079
2981333567;146080
2981353976;146081
2981374385;146082
2981394794;146083
2981415202;146084
2981435612;146085
2981456020;146086
2981476434;146087
2981496839;146088
2981517247;146089
2981537657;146090
2981558065;146091
2981578475;146092
2981598883;146093
2981619292;146094
2981639702;146095
2981660114;146096
2981680520;146097
2981700928;146098
2981721337;146099
2981741746;146100
2981762155;146101
2981782565;146102
2981802973;146103
2981823382;146104
2981843791;146105
2981864204;146106
2981884609;146107
2981905018;146108
2981925427;146109
2981945836;146110
2981966245;146111
2981986653;146112
2982007063;146113
2982027472;146114
2982047881;146115
2982068290;146116
2982088698;146117
2982109108;146118
2982129516;146119
2982149930;146120
2982170339;146121
2982190744;146122
2982211153;146123
2982231561;146124
2982251974;146125
2982272379;146126
2982292788;146127
2982313198;146128
2982333606;146129
2982354016;146130
2982374428;146131
2982394833;146132
2982415242;146133
2982435651;146134
2982456061;146135
2982476469;146136
2982496878;146137
2982517287;146138
2982537696;146139
2982558105;146140
2982578514;146141
2982598923;146142
2982619336;146143
2982639741;146144
2982660150;146145
2982680559;146146
2982700967;146147
2982721377;146148
2982741786;146149
2982762195;146150
2982782604;146151
2982803012;146152
2982823422;146153
2982843830;146154
2982864239;146155
2982884649;146156
2982905057;146157
2982925471;146158
2982945879;146159
2982966284;146160
2982986693;146161
2983007102;146162
2983027512;146163
2983047920;146164
2983068329;146165
2983088738;146166
2983109147;146167
2983129556;146168
2983149965;146169
2983170374;146170
2983190783;146171
2983211192;146172
2983231601;146173
2983252010;146174
2983272418;146175
2983292828;146176
2983313237;146177
2983333646;146178
2983354055;146179
2983374463;146180
2983394873;146181
2983415282;146182
2983435691;146183
2983456104;146184
2983476508;146185
2983496922;146186
2983517326;146187
2983537736;146188
2983558145;146189
2983578553;146190
2983598963;146191
2983619371;146192
2983639780;146193
2983660189;146194
2983680602;146195
2983701012;146196
2983721416;146197
2983741826;146198
2983762234;146199
2983782647;146200
2983803052;146201
2983823461;146202
2983843874;146203
2983864279;146204
2983884688;146205
2983905097;146206
2983925506;146207
2983945914;146208
2983966324;146209
2983986733;146210
2984007142;146211
2984027555;146212
2984047959;146213
2984068369;146214
2984088777;146215
2984109187;146216
2984129596;146217
2984150004;146218
2984170414;146219
2984190826;146220
2984211232;146221
2984231640;146222
2984252049;146223
2984272459;146224
2984292867;146225
2984313277;146226
2984333685;146227
2984354094;146228
2984374503;146229
2984394912;146230
2984415322;146231
2984435730;146232
2984456139;146233
2984476548;146234
2984496957;146235
2984517365;146236
2984537775;146237
2984558184;146238
2984578593;146239
2984599002;146240
2984619414;146241
2984639824;146242
2984660228;146243
2984680642;146244
2984701047;146245
2984721455;146246
2984741865;146247
2984762273;146248
2984782683;146249
2984803092;146250
2984823500;146251
2984843914;146252
2984864318;146253
2984884728;146254
2984905136;146255
2984925545;146256
2984945955;146257
2984966363;146258
2984986773;146259
2985007181;146260
2985027590;146261
2985047998;146262
2985068412;146263
2985088818;146264
2985109226;146265
2985129639;146266
2985150044;146267
2985170453;146268
2985190862;146269
2985211275;146270
2985231684;146271
2985252089;146272
2985272498;146273
2985292907;146274
2985313316;146275
2985333724;146276
2985354134;146277
2985374543;146278
2985394951;146279
2985415361;146280
2985435769;146281
2985456179;146282
2985476587;146283
2985496996;146284
2985517406;146285
2985537814;146286
2985558224;146287
2985578632;146288
2985599041;146289
2985619450;146290
2985639859;146291
2985660269;146292
2985680677;146293
2985701086;146294
2985721495;146295
2985741904;146296
2985762313;146297
2985782726;146298
2985803131;146299
2985823544;146300
2985843949;146301
2985864358;146302
2985884767;146303
2985905175;146304
2985925585;146305
2985945998;146306
2985966406;146307
2985986812;146308
2986007220;146309
2986027634;146310
2986048038;146311
2986068447;146312
2986088857;146313
2986109265;146314
2986129675;146315
2986150083;146316
2986170492;146317
2986190901;146318
2986211310;146319
2986231724;146320
2986252128;146321
2986272537;146322
2986292946;146323
2986313355;146324
2986333765;146325
2986354173;146326
2986374586;146327
2986394991;146328
2986415404;146329
2986435809;146330
2986456222;146331
2986476627;146332
2986497036;146333
2986517445;146334
2986537853;146335
2986558263;146336
2986578671;146337
2986599081;146338
2986619490;146339
2986639902;146340
2986660308;146341
2986680720;146342
2986701130;146343
2986721534;146344
2986741944;146345
2986762353;146346
2986782761;146347
2986803171;146348
2986823579;146349
2986843992;146350
2986864401;146351
2986884806;146352
2986905216;146353
2986925624;146354
2986946037;146355
2986966442;146356
2986986851;146357
2987007260;146358
2987027669;146359
2987048078;146360
2987068491;146361
2987088896;146362
2987109309;146363
2987129714;146364
2987150126;146365
2987170536;146366
2987190941;146367
2987211349;146368
2987231759;146369
2987252167;146370
2987272577;146371
2987292985;146372
2987313394;146373
2987333800;146374
2987354208;146375
2987374618;146376
2987395026;146377
2987415435;146378
2987435848;146379
2987456253;146380
2987476663;146381
2987497075;146382
2987517484;146383
2987537893;146384
2987558302;146385
2987578707;146386
2987599116;146387
2987619525;146388
2987639938;146389
2987660343;146390
2987680752;146391
2987701165;146392
2987721569;146393
2987741979;146394
2987762387;146395
2987782797;146396
2987803206;146397
2987823614;146398
2987844024;146399
2987864432;146400
2987884842;146401
2987905250;146402
2987925659;146403
2987946069;146404
2987966481;146405
2987986890;146406
2988007295;146407
2988027704;146408
2988048113;146409
2988068522;146410
2988088935;146411
2988109340;146412
2988129749;146413
2988150158;146414
2988170567;146415
2988190975;146416
2988211385;146417
2988231797;146418
2988252203;146419
2988272612;146420
2988293021;146421
2988313430;146422
2988333838;146423
2988354248;146424
2988374656;146425
2988395065;146426
2988415475;146427
2988435883;146428
2988456293;146429
2988476701;146430
2988497110;146431
2988517519;146432
2988537928;146433
2988558338;146434
2988578746;146435
2988599155;146436
2988619564;146437
2988639973;146438
2988660382;146439
2988680791;146440
2988701199;146441
2988721609;146442
2988742018;146443
2988762427;146444
2988782836;146445
2988803244;146446
2988823654;146447
2988844062;146448
2988864471;146449
2988884881;146450
2988905289;146451
2988925699;146452
2988946107;146453
2988966517;146454
2988986925;146455
2989007334;146456
2989027744;146457
2989048152;146458
2989068561;146459
2989088970;146460
2989109379;146461
2989129788;146462
2989150197;146463
2989170605;146464
2989191019;146465
2989211424;146466
2989231833;146467
2989252242;146468
2989272650;146469
2989293060;146470
2989313468;146471
2989333878;146472
2989354287;146473
2989374695;146474
2989395109;146475
2989415517;146476
2989435923;146477
2989456331;146478
2989476740;146479
2989497150;146480
2989517558;146481
2989537971;146482
2989558376;146483
2989578785;146484
2989599194;146485
2989619603;146486
2989640011;146487
2989660421;146488
2989680830;146489
2989701239;146490
2989721648;146491
2989742056;146492
2989762466;146493
2989782874;146494
2989803288;146495
2989823693;146496
2989844105;146497
2989864515;146498
2989884919;146499
2989905332;146500
2989925737;146501
2989946146;146502
2989966556;146503
2989986968;146504
2990007374;146505
2990027782;146506
2990048191;146507
2990068600;146508
2990089009;146509
2990109418;146510
2990129827;146511
2990150236;146512
2990170645;146513
2990191054;146514
2990211462;146515
2990231876;146516
2990252284;146517
2990272690;146518
2990293103;146519
2990313507;146520
2990333917;146521
2990354325;146522
2990374735;146523
2990395143;146524
2990415552;146525
2990435966;146526
2990456370;146527
2990476780;146528
2990497188;146529
2990517597;146530
2990538006;146531
2990558415;146532
2990578824;146533
2990599233;146534
2990619642;146535
2990640051;146536
2990660460;146537
2990680869;146538
2990701278;146539
2990721686;146540
2990742096;146541
2990762505;146542
2990782914;146543
2990803323;146544
2990823731;146545
2990844141;146546
2990864549;146547
2990884958;146548
2990905368;146549
2990925776;146550
2990946186;146551
2990966594;146552
2990987007;146553
2991007412;146554
2991027821;146555
2991048230;146556
2991068639;146557
2991089048;146558
2991109457;146559
2991129866;146560
2991150278;146561
2991170688;146562
2991191092;146563
2991211502;146564
2991231911;146565
2991252320;146566
2991272729;146567
2991293137;146568
2991313547;146569
2991333955;146570
2991354365;146571
2991374774;146572
2991395182;146573
2991415592;146574
2991436000;146575
2991456409;146576
2991476818;146577
2991497227;146578
2991517636;146579
2991538045;146580
2991558455;146581
2991578863;146582
2991599272;146583
2991619681;146584
2991640090;146585
2991660499;146586
2991680908;146587
2991701317;146588
2991721726;146589
2991742135;146590
2991762544;146591
2991782953;146592
2991803361;146593
2991823771;146594
2991844180;146595
2991864588;146596
2991884998;146597
2991905410;146598
2991925820;146599
2991946224;146600
2991966633;146601
2991987042;146602
2992007451;146603
2992027864;146604
2992048273;146605
2992068678;146606
2992089087;146607
2992109496;146608
2992129905;146609
2992150318;146610
2992170727;146611
2992191132;146612
2992211541;146613
2992231950;146614
2992252359;146615
2992272767;146616
2992293177;146617
2992313586;146618
2992333994;146619
2992354404;146620
2992374812;146621
2992395222;146622
2992415630;146623
2992436039;146624
2992456448;146625
2992476861;146626
2992497267;146627
2992517675;146628
2992538084;146629
2992558493;146630
2992578906;146631
2992599311;146632
2992619720;146633
2992640129;146634
2992660538;146635
2992680947;146636
2992701356;146637
2992721765;146638
2992742177;146639
2992762583;146640
2992782992;146641
2992803401;146642
2992823810;146643
2992844218;146644
2992864628;146645
2992885040;146646
2992905446;146647
2992925854;146648
2992946263;146649
2992966673;146650
2992987081;146651
2993007491;146652
2993027899;146653
2993048308;146654
2993068717;146655
2993089126;146656
2993109535;146657
2993129944;146658
2993150353;146659
2993170766;146660
2993191171;146661
2993211579;146662
2993231989;146663
2993252398;146664
2993272807;146665
2993293216;146666
2993313624;146667
2993334034;146668
2993354442;146669
2993374852;146670
2993395261;146671
2993415669;146672
2993436083;146673
2993456487;146674
2993476897;146675
2993497305;146676
2993517718;146677
2993538123;146678
2993558532;146679
2993578946;146680
2993599350;146681
2993619759;146682
2993640168;146683
2993660577;146684
2993680986;146685
2993701395;146686
2993721804;146687
2993742213;146688
2993762622;146689
2993783030;146690
2993803440;146691
2993823848;146692
2993844258;146693
2993864667;146694
2993885075;146695
2993905485;146696
2993925893;146697
2993946307;146698
2993966711;146699
2993987120;146700
2994007529;146701
2994027938;146702
2994048348;146703
2994068756;146704
2994089165;146705
2994109578;146706
2994129987;146707
2994150392;146708
2994170801;146709
2994191210;146710
2994211623;146711
2994232028;146712
2994252437;146713
2994272846;146714
2994293258;146715
2994313668;146716
2994334073;146717
2994354482;146718
2994374891;146719
2994395299;146720
2994415709;146721
2994436117;146722
2994456527;146723
2994476935;146724
2994497344;146725
2994517754;146726
2994538162;146727
2994558571;146728
2994578984;146729
2994599389;146730
2994619798;146731
2994640207;146732
2994660616;146733
2994681029;146734
2994701434;146735
2994721843;146736
2994742256;146737
2994762660;146738
2994783070;146739
2994803483;146740
2994823892;146741
2994844301;146742
2994864705;146743
2994885115;146744
2994905523;146745
2994925933;146746
2994946345;146747
2994966754;146748
2994987160;146749
2995007568;146750
2995027978;146751
2995048386;146752
2995068795;146753
2995089204;146754
2995109613;146755
2995130022;146756
2995150431;146757
2995170840;146758
2995191249;146759
2995211658;146760
2995232067;146761
2995252476;146762
2995272885;146763
2995293298;146764
2995313703;146765
2995334111;146766
2995354521;146767
2995374929;146768
2995395339;146769
2995415747;146770
2995436156;146771
2995456566;146772
2995476978;146773
2995497384;146774
2995517792;146775
2995538201;146776
2995558610;146777
2995579019;146778
2995599429;146779
2995619837;146780
2995640246;146781
2995660659;146782
2995681064;146783
2995701473;146784
2995721882;146785
2995742291;146786
2995762704;146787
2995783109;146788
2995803518;146789
2995823927;146790
2995844335;146791
2995864745;146792
2995885153;146793
2995905563;146794
2995925976;146795
2995946380;146796
2995966794;146797
2995987198;146798
2996007607;146799
2996028016;146800
2996048425;146801
2996068839;146802
2996089243;146803
2996109652;146804
2996130065;146805
2996150474;146806
2996170879;146807
2996191288;146808
2996211697;146809
2996232106;146810
2996252515;146811
2996272924;146812
2996293333;146813
2996313741;146814
2996334151;146815
2996354559;146816
2996374972;146817
2996395378;146818
2996415790;146819
2996436196;146820
2996456604;146821
2996477014;146822
2996497422;146823
2996517835;146824
2996538241;146825
2996558649;146826
2996579058;146827
2996599467;146828
2996619876;146829
2996640285;146830
2996660698;146831
2996681104;146832
2996701512;146833
2996721925;146834
2996742334;146835
2996762739;146836
2996783147;146837
2996803561;146838
2996823969;146839
2996844375;146840
2996864784;146841
2996885192;146842
2996905606;146843
2996926010;146844
2996946424;146845
2996966828;146846
2996987237;146847
2997007647;146848
2997028055;146849
2997048465;146850
2997068873;146851
2997089282;146852
2997109691;146853
2997130100;146854
2997150510;146855
2997170918;146856
2997191327;146857
2997211740;146858
2997232145;146859
2997252553;146860
2997272963;146861
2997293375;146862
2997313781;146863
2997334163;146864
2997354572;146865
2997374981;146866
2997395389;146867
2997415799;146868
2997436207;146869
2997456616;146870
2997477025;146871
2997497434;146872
2997517843;146873
2997538256;146874
2997558660;146875
2997579070;146876
2997599482;146877
2997619888;146878
2997640296;146879
2997660705;146880
2997681114;146881
2997701527;146882
2997721932;146883
2997742341;146884
2997762749;146885
2997783159;146886
2997803571;146887
2997823980;146888
2997844385;146889
2997864794;146890
2997885203;146891
2997905612;146892
2997926024;146893
2997946430;146894
2997966842;146895
2997987248;146896
2998007656;146897
2998028065;146898
2998048474;146899
2998068887;146900
2998089296;146901
2998109701;146902
2998130110;146903
2998150519;146904
2998170932;146905
2998191337;146906
2998211746;146907
2998232158;146908
2998252564;146909
2998272976;146910
2998293382;146911
2998313790;146912
2998334199;146913
2998354608;146914
2998375021;146915
2998395429;146916
2998415835;146917
2998436243;146918
2998456653;146919
2998477061;146920
2998497471;146921
2998517879;146922
2998538288;146923
2998558701;146924
2998579106;146925
2998599515;146926
2998619924;146927
2998640332;146928
2998660746;146929
2998681150;146930
2998701560;146931
2998721972;146932
2998742377;146933
2998762786;146934
2998783195;146935
2998803603;146936
2998824013;146937
2998844421;146938
2998864831;146939
2998885239;146940
2998905652;146941
2998926057;146942
2998946470;146943
2998966875;146944
2998987284;146945
2999007692;146946
2999028102;146947
2999048514;146948
2999068920;146949
2999089328;146950
2999109737;146951
2999130146;146952
2999150555;146953
2999170965;146954
2999191373;146955
2999211782;146956
2999232191;146957
2999252600;146958
2999273008;146959
2999293418;146960
2999313826;146961
2999334236;146962
2999354644;146963
2999375054;146964
2999395462;146965
2999415871;146966
2999436284;146967
2999456689;146968
2999477098;146969
2999497507;146970
2999517915;146971
2999538325;146972
2999558737;146973
2999579142;146974
2999599551;146975
2999619960;146976
2999640369;146977
2999660778;146978
2999681186;146979
2999701596;146980
2999722004;146981
2999742414;146982
2999762822;146983
2999783231;146984
2999803640;146985
2999824049;146986
2999844458;146987
2999864867;146988
2999885275;146989
2999905685;146990
2999926093;146991
2999946502;146992
2999966911;146993
2999987320;146994
3000007733;146995
3000028138;146996
3000048547;146997
3000068956;146998
3000089364;146999
3000109774;147000
3000130182;147001
