652324979;31963
652345388;31964
652365798;31965
652386206;31966
652406615;31967
652427025;31968
652447433;31969
652467842;31970
652488252;31971
652508664;31972
652529070;31973
652549479;31974
652569891;31975
652590297;31976
652610706;31977
652631114;31978
652651524;31979
652671933;31980
652692345;31981
652712751;31982
652733160;31983
652753569;31984
652773978;31985
652794387;31986
652814800;31987
652835205;31988
652855615;31989
652876023;31990
652896432;31991
652916842;31992
652937250;31993
652957663;31994
652978069;31995
652998477;31996
653018887;31997
653039296;31998
653059704;31999
653080114;32000
653100523;32001
653120931;32002
653141341;32003
653161750;32004
653182164;32005
653202568;32006
653222981;32007
653243391;32008
653263795;32009
653284204;32010
653304614;32011
653325026;32012
653345435;32013
653365841;32014
653386249;32015
653406659;32016
653427068;32017
653447477;32018
653467886;32019
653488299;32020
653508704;32021
653529113;32022
653549522;32023
653569931;32024
653590340;32025
653610749;32026
653631158;32027
653651567;32028
653671976;32029
653692385;32030
653712794;32031
653733203;32032
653753612;32033
653774021;32034
653794430;32035
653814839;32036
653835252;32037
653855658;32038
653876066;32039
653896475;32040
653916885;32041
653937293;32042
653957706;32043
653978112;32044
653998520;32045
654018933;32046
654039343;32047
654059747;32048
654080157;32049
654100566;32050
654120974;32051
654141384;32052
654161793;32053
654182205;32054
654202611;32055
654223020;32056
654243428;32057
654263838;32058
654284247;32059
654304659;32060
654325069;32061
654345474;32062
654365886;32063
654386292;32064
654406701;32065
654427110;32066
654447519;32067
654467928;32068
654488337;32069
654508746;32070
654529156;32071
654549568;32072
654569973;32073
654590383;32074
654610791;32075
654631200;32076
654651610;32077
654672018;32078
654692427;32079
654712841;32080
654733249;32081
654753654;32082
654774068;32083
654794472;32084
654814885;32085
654835291;32086
654855699;32087
654876109;32088
654896518;32089
654916930;32090
654937336;32091
654957745;32092
654978154;32093
654998563;32094
655018972;32095
655039381;32096
655059794;32097
655080199;32098
655100608;32099
655121017;32100
655141426;32101
655161839;32102
655182244;32103
655202654;32104
655223062;32105
655243471;32106
655263881;32107
655284289;32108
655304698;32109
655325108;32110
655345516;32111
655365925;32112
655386339;32113
655406743;32114
655427152;32115
655447562;32116
655467970;32117
655488379;32118
655508789;32119
655529197;32120
655549607;32121
655570016;32122
655590428;32123
655610837;32124
655631243;32125
655651651;32126
655672061;32127
655692470;32128
655712879;32129
655733288;32130
655753697;32131
655774106;32132
655794519;32133
655814928;32134
655835333;32135
655855746;32136
655876151;32137
655896561;32138
655916969;32139
655937378;32140
655957791;32141
655978196;32142
655998609;32143
656019015;32144
656039423;32145
656059832;32146
656080246;32147
656100654;32148
656121059;32149
656141469;32150
656161877;32151
656182286;32152
656202696;32153
656223104;32154
656243513;32155
656263923;32156
656284331;32157
656304740;32158
656325150;32159
656345558;32160
656365968;32161
656386377;32162
656406785;32163
656427198;32164
656447604;32165
656468012;32166
656488422;32167
656508831;32168
656529239;32169
656549649;32170
656570058;32171
656590466;32172
656610876;32173
656631285;32174
656651694;32175
656672103;32176
656692512;32177
656712921;32178
656733330;32179
656753739;32180
656774148;32181
656794557;32182
656814966;32183
656835375;32184
656855784;32185
656876193;32186
656896602;32187
656917011;32188
656937421;32189
656957829;32190
656978238;32191
656998648;32192
657019056;32193
657039465;32194
657059875;32195
657080283;32196
657100696;32197
657121102;32198
657141510;32199
657161919;32200
657182329;32201
657202741;32202
657223146;32203
657243556;32204
657263964;32205
657284374;32206
657304787;32207
657325191;32208
657345605;32209
657366010;32210
657386418;32211
657406828;32212
657427241;32213
657447645;32214
657468055;32215
657488464;32216
657508872;32217
657529282;32218
657549691;32219
657570103;32220
657590509;32221
657610918;32222
657631327;32223
657651736;32224
657672145;32225
657692554;32226
657712963;32227
657733372;32228
657753781;32229
657774190;32230
657794600;32231
657815008;32232
657835421;32233
657855827;32234
657876235;32235
657896644;32236
657917054;32237
657937462;32238
657957871;32239
657978281;32240
657998689;32241
658019099;32242
658039508;32243
658059916;32244
658080326;32245
658100735;32246
658121143;32247
658141557;32248
658161966;32249
658182253;32250
658202662;32251
658223074;32252
658243483;32253
658263888;32254
658284301;32255
658304709;32256
658325114;32257
658345527;32258
658365932;32259
658386345;32260
658406749;32261
658427159;32262
658447567;32263
658467975;32264
658488389;32265
658508793;32266
658529203;32267
658549615;32268
658570020;32269
658590429;32270
658610837;32271
658631246;32272
658651655;32273
658672064;32274
658692472;32275
658712886;32276
658733290;32277
658753699;32278
658774108;32279
658794516;32280
658814926;32281
658835334;32282
658855743;32283
658876152;32284
658896560;32285
658916970;32286
658937378;32287
658957791;32288
658978196;32289
658998605;32290
659019013;32291
659039422;32292
659059831;32293
659080239;32294
659100653;32295
659121057;32296
659141467;32297
659161875;32298
659182283;32299
659202693;32300
659223105;32301
659243514;32302
659263919;32303
659284328;32304
659304737;32305
659325145;32306
659345554;32307
659365963;32308
659386372;32309
659406780;32310
659427194;32311
659447598;32312
659468010;32313
659488416;32314
659508824;32315
659529234;32316
659549646;32317
659570051;32318
659590460;32319
659610872;32320
659631278;32321
659651686;32322
659672095;32323
659692504;32324
659712913;32325
659733325;32326
659753730;32327
659774139;32328
659794547;32329
659814957;32330
659835365;32331
659855775;32332
659876183;32333
659896591;32334
659917001;32335
659937409;32336
659957819;32337
659978227;32338
659998636;32339
660019045;32340
660039457;32341
660059866;32342
660080271;32343
660100680;32344
660121089;32345
660141498;32346
660161906;32347
660182318;32348
660202724;32349
660223132;32350
660243542;32351
660263950;32352
660284360;32353
660304772;32354
660325176;32355
660345586;32356
660365994;32357
660386403;32358
660406812;32359
660427221;32360
660447629;32361
660468038;32362
660488447;32363
660508856;32364
660529269;32365
660549673;32366
660570083;32367
660590491;32368
660610899;32369
660631313;32370
660651717;32371
660672131;32372
660692535;32373
660712944;32374
660733353;32375
660753765;32376
660774170;32377
660794579;32378
660814988;32379
660835397;32380
660855806;32381
660876214;32382
660896623;32383
660917032;32384
660937441;32385
660957850;32386
660978258;32387
660998668;32388
661019080;32389
661039488;32390
661059894;32391
661080306;32392
661100716;32393
661121120;32394
661141529;32395
661161938;32396
661182346;32397
661202756;32398
661223164;32399
661243573;32400
661263982;32401
661284391;32402
661304799;32403
661325212;32404
661345617;32405
661366029;32406
661386439;32407
661406843;32408
661427257;32409
661447665;32410
661468069;32411
661488479;32412
661508887;32413
661529297;32414
661549705;32415
661570114;32416
661590523;32417
661610931;32418
661631340;32419
661651749;32420
661672158;32421
661692571;32422
661712980;32423
661733384;32424
661753797;32425
661774202;32426
661794611;32427
661815020;32428
661835428;32429
661855838;32430
661876246;32431
661896654;32432
661917064;32433
661937472;32434
661957882;32435
661978290;32436
661998703;32437
662019112;32438
662039520;32439
662059925;32440
662080334;32441
662100747;32442
662121156;32443
662141561;32444
662161969;32445
662182378;32446
662202787;32447
662223196;32448
662243605;32449
662264017;32450
662284423;32451
662304831;32452
662325239;32453
662345649;32454
662366061;32455
662386467;32456
662406875;32457
662427284;32458
662447693;32459
662468101;32460
662488511;32461
662508919;32462
662529328;32463
662549737;32464
662570146;32465
662590555;32466
662610963;32467
662631376;32468
662651781;32469
662672190;32470
662692598;32471
662713008;32472
662733416;32473
662753825;32474
662774238;32475
662794642;32476
662815052;32477
662835460;32478
662855873;32479
662876282;32480
662896686;32481
662917096;32482
662937504;32483
662957913;32484
662978322;32485
662998735;32486
663019140;32487
663039548;32488
663059957;32489
663080366;32490
663100779;32491
663121184;32492
663141593;32493
663162005;32494
663182414;32495
663202823;32496
663223231;32497
663243637;32498
663264045;32499
663284455;32500
663304863;32501
663325271;32502
663345681;32503
663366089;32504
663386499;32505
663406907;32506
663427316;32507
663447725;32508
663468133;32509
663488542;32510
663508951;32511
663529360;32512
663549769;32513
663570178;32514
663590586;32515
663610995;32516
663631404;32517
663651817;32518
663672226;32519
663692630;32520
663713040;32521
663733448;32522
663753857;32523
663774266;32524
663794678;32525
663815084;32526
663835492;32527
663855901;32528
663876310;32529
663896718;32530
663917128;32531
663937536;32532
663957945;32533
663978358;32534
663998763;32535
664019172;32536
664039580;32537
664059989;32538
664080402;32539
664100807;32540
664121215;32541
664141625;32542
664162033;32543
664182442;32544
664202855;32545
664223259;32546
664243669;32547
664264077;32548
664284487;32549
664304895;32550
664325303;32551
664345713;32552
664366121;32553
664386534;32554
664406939;32555
664427352;32556
664447757;32557
664468165;32558
664488574;32559
664508983;32560
664529392;32561
664549801;32562
664570210;32563
664590618;32564
664611031;32565
664631436;32566
664651845;32567
664672254;32568
664692662;32569
664713072;32570
664733480;32571
664753889;32572
664774298;32573
664794706;32574
664815116;32575
664835528;32576
664855933;32577
664876342;32578
664896750;32579
664917160;32580
664937568;32581
664957977;32582
664978386;32583
664998795;32584
665019204;32585
665039616;32586
665060025;32587
665080430;32588
665100839;32589
665121248;32590
665141657;32591
665162069;32592
665182474;32593
665202883;32594
665223291;32595
665243701;32596
665264109;32597
665284519;32598
665304927;32599
665325335;32600
665345745;32601
665366153;32602
665386563;32603
665406971;32604
665427380;32605
665447793;32606
665468197;32607
665488610;32608
665509019;32609
665529424;32610
665549833;32611
665570246;32612
665590651;32613
665611059;32614
665631468;32615
665651881;32616
665672290;32617
665692698;32618
665713108;32619
665733512;32620
665753921;32621
665774330;32622
665794738;32623
665815148;32624
665835556;32625
665855966;32626
665876374;32627
665896782;32628
665917192;32629
665937604;32630
665958010;32631
665978418;32632
665998827;32633
666019240;32634
666039644;32635
666060054;32636
666080466;32637
666100871;32638
666121280;32639
666141693;32640
666162097;32641
666182506;32642
666202915;32643
666223324;32644
666243733;32645
666264141;32646
666284551;32647
666304963;32648
666325368;32649
666345777;32650
666366185;32651
666386599;32652
666407003;32653
666427412;32654
666447821;32655
666468229;32656
666488639;32657
666509047;32658
666529456;32659
666549869;32660
666570278;32661
666590683;32662
666611091;32663
666631500;32664
666651913;32665
666672318;32666
666692727;32667
666713136;32668
666733544;32669
666753953;32670
666774366;32671
666794774;32672
666815180;32673
666835588;32674
666855998;32675
666876406;32676
666896814;32677
666917228;32678
666937632;32679
666958042;32680
666978450;32681
666998859;32682
667019268;32683
667039676;32684
667060086;32685
667080494;32686
667100903;32687
667121312;32688
667141725;32689
667162130;32690
667182538;32691
667202951;32692
667223360;32693
667243765;32694
667264174;32695
667284583;32696
667304991;32697
667325400;32698
667345813;32699
667366217;32700
667386627;32701
667407035;32702
667427445;32703
667447853;32704
667468261;32705
667488671;32706
667509079;32707
667529489;32708
667549897;32709
667570306;32710
667590715;32711
667611123;32712
667631533;32713
667651941;32714
667672350;32715
667692759;32716
667713172;32717
667733577;32718
667753989;32719
667774394;32720
667794803;32721
667815212;32722
667835620;32723
667856034;32724
667876438;32725
667896847;32726
667917256;32727
667937664;32728
667958074;32729
667978486;32730
667998892;32731
668019300;32732
668039708;32733
668060118;32734
668080530;32735
668100939;32736
668121344;32737
668141757;32738
668162162;32739
668182655;32740
668203064;32741
668223473;32742
668243881;32743
668264291;32744
668284699;32745
668305108;32746
668325518;32747
668345930;32748
668366336;32749
668386744;32750
668407153;32751
668427563;32752
668447971;32753
668468381;32754
668488793;32755
668509198;32756
668529608;32757
668550016;32758
668570426;32759
668590834;32760
668611243;32761
668631657;32762
668652061;32763
668672471;32764
668692879;32765
668713288;32766
668733698;32767
668754106;32768
668774515;32769
668794928;32770
668815333;32771
668835743;32772
668856151;32773
668876561;32774
668896969;32775
668917382;32776
668937788;32777
668958200;32778
668978605;32779
668999014;32780
669019427;32781
669039832;32782
669060241;32783
669080650;32784
669101059;32785
669121468;32786
669141878;32787
669162290;32788
669182699;32789
669203104;32790
669223513;32791
669243923;32792
669264331;32793
669284740;32794
669305149;32795
669325558;32796
669345967;32797
669366376;32798
669386785;32799
669407194;32800
669427603;32801
669448012;32802
669468421;32803
669488830;32804
669509239;32805
669529647;32806
669550057;32807
669570466;32808
669590875;32809
669611284;32810
669631693;32811
669652102;32812
669672511;32813
669692920;32814
669713329;32815
669733738;32816
669754151;32817
669774556;32818
669794965;32819
669815374;32820
669835783;32821
669856192;32822
669876601;32823
669897010;32824
669917418;32825
669937828;32826
669958237;32827
669978646;32828
669999059;32829
670019463;32830
670039873;32831
670060286;32832
670080691;32833
670101100;32834
670121508;32835
670141918;32836
670162327;32837
670182736;32838
670203145;32839
670223553;32840
670243963;32841
670264372;32842
670284781;32843
670305190;32844
670325602;32845
670346008;32846
670366417;32847
670386825;32848
670407239;32849
670427643;32850
670448053;32851
670468462;32852
670488871;32853
670509279;32854
670529688;32855
670550098;32856
670570511;32857
670590915;32858
670611325;32859
670631733;32860
670652143;32861
670672552;32862
670692960;32863
670713370;32864
670733778;32865
670754188;32866
670774597;32867
670795005;32868
670815419;32869
670835823;32870
670856233;32871
670876642;32872
670897050;32873
670917460;32874
670937868;32875
670958277;32876
670978691;32877
670999099;32878
671019505;32879
671039917;32880
671060326;32881
671080736;32882
671101140;32883
671121550;32884
671141958;32885
671162367;32886
671182777;32887
671203185;32888
671223595;32889
671244003;32890
671264412;32891
671284822;32892
671305230;32893
671325640;32894
671346048;32895
671366461;32896
671386871;32897
671407275;32898
671427685;32899
671448093;32900
671468502;32901
671488916;32902
671509320;32903
671529730;32904
671550138;32905
671570547;32906
671590957;32907
671611369;32908
671631775;32909
671652183;32910
671672592;32911
671693002;32912
671713414;32913
671733820;32914
671754228;32915
671774641;32916
671795047;32917
671815455;32918
671835868;32919
671856273;32920
671876682;32921
671897092;32922
671917500;32923
671937909;32924
671958318;32925
671978727;32926
671999141;32927
672019549;32928
672039954;32929
672060363;32930
672080772;32931
672101182;32932
672121590;32933
672142003;32934
672162412;32935
672182817;32936
672203227;32937
672223635;32938
672244044;32939
672264457;32940
672284862;32941
672305275;32942
672325680;32943
672346089;32944
672366502;32945
672386911;32946
672407317;32947
672427729;32948
672448134;32949
672468543;32950
672488952;32951
672509361;32952
672529770;32953
672550179;32954
672570588;32955
672590997;32956
672611406;32957
672631819;32958
672652224;32959
672672633;32960
672693046;32961
672713451;32962
672733864;32963
672754273;32964
672774681;32965
672795087;32966
672815496;32967
672835905;32968
672856314;32969
672876723;32970
672897132;32971
672917541;32972
672937950;32973
672958363;32974
672978768;32975
672999181;32976
673019586;32977
673039995;32978
673060404;32979
673080813;32980
673101222;32981
673121631;32982
673142040;32983
673162449;32984
673182857;32985
673203267;32986
673223676;32987
673244085;32988
673264494;32989
673284902;32990
673305312;32991
673325721;32992
673346130;32993
673366539;32994
673386947;32995
673407357;32996
673427766;32997
673448175;32998
673468584;32999
673488992;33000
673509402;33001
673529811;33002
673550220;33003
673570629;33004
673591041;33005
673611447;33006
673631860;33007
673652265;33008
673672674;33009
673693082;33010
673713492;33011
673733901;33012
673754313;33013
673774719;33014
673795127;33015
673815537;33016
673835950;33017
673856354;33018
673876768;33019
673897172;33020
673917582;33021
673937991;33022
673958399;33023
673978809;33024
673999221;33025
674019627;33026
674040040;33027
674060448;33028
674080854;33029
674101262;33030
674121672;33031
674142085;33032
674162489;33033
674182899;33034
674203307;33035
674223717;33036
674244126;33037
674264534;33038
674284944;33039
674305352;33040
674325766;33041
674346171;33042
674366579;33043
674386989;33044
674407397;33045
674427807;33046
674448216;33047
674468624;33048
674489034;33049
674509442;33050
674529851;33051
674550261;33052
674570669;33053
674591079;33054
674611487;33055
674631897;33056
674652306;33057
674672718;33058
674693124;33059
674713532;33060
674733942;33061
674754351;33062
674774759;33063
674795169;33064
674815581;33065
674835986;33066
674856396;33067
674876808;33068
674897214;33069
674917626;33070
674938031;33071
674958441;33072
674978849;33073
674999263;33074
675019667;33075
675040076;33076
675060486;33077
675080894;33078
675101307;33079
675121712;33080
675142121;33081
675162531;33082
675182939;33083
675203349;33084
675223757;33085
675244170;33086
675264576;33087
675284984;33088
675305393;33089
675325802;33090
675346211;33091
675366625;33092
675387029;33093
675407439;33094
675427851;33095
675448256;33096
675468666;33097
675489074;33098
675509483;33099
675529892;33100
675550301;33101
675570711;33102
675591119;33103
675611528;33104
675631937;33105
675652346;33106
675672756;33107
675693164;33108
675713573;33109
675733982;33110
675754391;33111
675774801;33112
675795209;33113
675815618;33114
675836027;33115
675856436;33116
675876845;33117
675897254;33118
675917663;33119
675938076;33120
675958481;33121
675978890;33122
675999299;33123
676019708;33124
676040117;33125
676060526;33126
676080935;33127
676101344;33128
676121753;33129
676142166;33130
676162575;33131
676182980;33132
676203389;33133
676223798;33134
676244207;33135
676264616;33136
676285029;33137
676305434;33138
676325843;33139
676346252;33140
676366661;33141
676387070;33142
676407479;33143
676427888;33144
676448297;33145
676468706;33146
676489115;33147
676509524;33148
676529933;33149
676550345;33150
676570755;33151
676591160;33152
676611569;33153
676631978;33154
676652387;33155
676672800;33156
676693205;33157
676713614;33158
676734023;33159
676754435;33160
676774841;33161
676795250;33162
676815659;33163
676836068;33164
676856476;33165
676876886;33166
676897295;33167
676917704;33168
676938113;33169
676958521;33170
676978935;33171
676999344;33172
677019753;33173
677040158;33174
677060566;33175
677080976;33176
677101389;33177
677121794;33178
677142203;33179
677162611;33180
677183021;33181
677203434;33182
677223843;33183
677244252;33184
677264660;33185
677285066;33186
677305475;33187
677325884;33188
677346293;33189
677366701;33190
677387111;33191
677407520;33192
677427928;33193
677448338;33194
677468746;33195
677489156;33196
677509565;33197
677529973;33198
677550383;33199
677570795;33200
677591201;33201
677611610;33202
677632022;33203
677652428;33204
677672836;33205
677693246;33206
677713655;33207
677734063;33208
677754473;33209
677774885;33210
677795291;33211
677815704;33212
677836108;33213
677856518;33214
677876926;33215
677897336;33216
677917745;33217
677938153;33218
677958563;33219
677978971;33220
677999381;33221
678019790;33222
678040198;33223
678060608;33224
678081016;33225
678101425;33226
678121839;33227
678142247;33228
678162653;33229
678183034;33230
678203442;33231
678223852;33232
678244260;33233
678264670;33234
678285078;33235
678305487;33236
678325896;33237
678346305;33238
678366718;33239
678387123;33240
678407531;33241
678427941;33242
678448350;33243
678468759;33244
678489168;33245
678509576;33246
678529986;33247
678550394;33248
678570804;33249
678591212;33250
678611621;33251
678632030;33252
678652439;33253
678672848;33254
678693261;33255
678713666;33256
678734075;33257
678754484;33258
678774893;33259
678795302;33260
678815710;33261
678836124;33262
678856532;33263
678876937;33264
678897346;33265
678917755;33266
678938165;33267
678958573;33268
678978982;33269
678999391;33270
679019800;33271
679040212;33272
679060618;33273
679081026;33274
679101440;33275
679121848;33276
679142254;33277
679162663;33278
679183071;33279
679203481;33280
679223889;33281
679244298;33282
679264707;33283
679285116;33284
679305525;33285
679325934;33286
679346342;33287
679366752;33288
679387161;33289
679407570;33290
679427979;33291
679448387;33292
679468797;33293
679489205;33294
679509615;33295
679530027;33296
679550436;33297
679570841;33298
679591250;33299
679611662;33300
679632068;33301
679652477;33302
679672886;33303
679693295;33304
679713703;33305
679734113;33306
679754521;33307
679774931;33308
679795339;33309
679815749;33310
679836157;33311
679856566;33312
679876976;33313
679897388;33314
679917793;33315
679938202;33316
679958611;33317
679979020;33318
679999433;33319
680019841;33320
680040247;33321
680060659;33322
680081069;33323
680101474;33324
680121886;33325
680142292;33326
680162700;33327
680183110;33328
680203518;33329
680223927;33330
680244336;33331
680264745;33332
680285157;33333
680305563;33334
680325971;33335
680346381;33336
680366790;33337
680387198;33338
680407608;33339
680428020;33340
680448426;33341
680468834;33342
680489243;33343
680509656;33344
680530061;33345
680550470;33346
680570883;33347
680591288;33348
680611697;33349
680632106;33350
680652515;33351
680672924;33352
680693336;33353
680713742;33354
680734150;33355
680754560;33356
680774968;33357
680795377;33358
680815787;33359
680836195;33360
680856604;33361
680877013;33362
680897422;33363
680917831;33364
680938244;33365
680958649;33366
680979062;33367
680999466;33368
681019876;33369
681040284;33370
681060693;33371
681081103;33372
681101511;33373
681121921;33374
681142329;33375
681162738;33376
681183147;33377
681203560;33378
681223965;33379
681244374;33380
681264782;33381
681285192;33382
681305601;33383
681326010;33384
681346419;33385
681366827;33386
681387241;33387
681407645;33388
681428055;33389
681448463;33390
681468872;33391
681489285;33392
681509694;33393
681530103;33394
681550508;33395
681570921;33396
681591330;33397
681611735;33398
681632143;33399
681652553;33400
681672961;33401
681693371;33402
681713779;33403
681734188;33404
681754597;33405
681775006;33406
681795416;33407
681815824;33408
681836233;33409
681856642;33410
681877051;33411
681897460;33412
681917869;33413
681938277;33414
681958687;33415
681979095;33416
681999505;33417
682019914;33418
682040322;33419
682060732;33420
682081140;33421
682101553;33422
682121958;33423
682142367;33424
682162776;33425
682183185;33426
682203593;33427
682224003;33428
682244412;33429
682264821;33430
682285234;33431
682305638;33432
682326052;33433
682346456;33434
682366866;33435
682387274;33436
682407683;33437
682428092;33438
682448501;33439
682468910;33440
682489319;33441
682509728;33442
682530137;33443
682550546;33444
682570955;33445
682591364;33446
682611772;33447
682632182;33448
682652594;33449
682673000;33450
682693412;33451
682713817;33452
682734227;33453
682754635;33454
682775044;33455
682795453;33456
682815862;33457
682836275;33458
682856680;33459
682877088;33460
682897502;33461
682917906;33462
682938316;33463
682958725;33464
682979133;33465
682999543;33466
683019951;33467
683040361;33468
683060773;33469
683081178;33470
683101587;33471
683121996;33472
683142405;33473
683162814;33474
683183222;33475
683203632;33476
683224041;33477
683244450;33478
683264859;33479
683285267;33480
683305677;33481
683326085;33482
683346494;33483
683366903;33484
683387316;33485
683407725;33486
683428130;33487
683448539;33488
683468948;33489
683489357;33490
683509766;33491
683530175;33492
683550583;33493
683570993;33494
683591401;33495
683611811;33496
683632223;33497
683652628;33498
683673038;33499
683693446;33500
683713856;33501
683734264;33502
683754673;33503
683775086;33504
683795491;33505
683815900;33506
683836309;33507
683856717;33508
683877127;33509
683897535;33510
683917945;33511
683938354;33512
683958762;33513
683979176;33514
683999584;33515
684019990;33516
684040402;33517
684060807;33518
684081216;33519
684101625;33520
684122033;33521
684142443;33522
684162852;33523
684183261;33524
684203670;33525
684224078;33526
684244488;33527
684264896;33528
684285306;33529
684305714;33530
684326127;33531
684346532;33532
684366945;33533
684387351;33534
684407759;33535
684428168;33536
684448581;33537
684468986;33538
684489395;33539
684509804;33540
684530212;33541
684550626;33542
684571030;33543
684591439;33544
684611848;33545
684632257;33546
684652667;33547
684673075;33548
684693484;33549
684713897;33550
684734302;33551
684754711;33552
684775120;33553
684795528;33554
684815938;33555
684836346;33556
684856756;33557
684877165;33558
684897573;33559
684917983;33560
684938395;33561
684958805;33562
684979209;33563
684999622;33564
685020031;33565
685040440;33566
685060848;33567
685081254;33568
685101667;33569
685122072;33570
685142481;33571
685162889;33572
685183299;33573
685203707;33574
685224117;33575
685244525;33576
685264934;33577
685285347;33578
685305752;33579
685326165;33580
685346574;33581
685366979;33582
685387388;33583
685407797;33584
685428206;33585
685448615;33586
685469023;33587
685489433;33588
685509841;33589
685530251;33590
685550659;33591
685571068;33592
685591478;33593
685611886;33594
685632296;33595
685652704;33596
685673113;33597
685693522;33598
685713931;33599
685734340;33600
685754749;33601
685775157;33602
685795571;33603
685815976;33604
685836385;33605
685856794;33606
685877202;33607
685897612;33608
685918024;33609
685938429;33610
685958838;33611
685979251;33612
685999656;33613
686020065;33614
686040473;33615
686060883;33616
686081296;33617
686101705;33618
686122110;33619
686142518;33620
686162928;33621
686183336;33622
686203746;33623
686224158;33624
686244567;33625
686264972;33626
686285381;33627
686305794;33628
686326199;33629
686346608;33630
686367017;33631
686387426;33632
686407834;33633
686428244;33634
686448656;33635
686469066;33636
686489470;33637
686509879;33638
686530289;33639
686550697;33640
686571107;33641
686591515;33642
686611924;33643
686632333;33644
686652742;33645
686673154;33646
686693560;33647
686713972;33648
686734378;33649
686754790;33650
686775196;33651
686795605;33652
686816013;33653
686836427;33654
686856831;33655
686877244;33656
686897649;33657
686918058;33658
686938467;33659
686958876;33660
686979284;33661
686999694;33662
687020103;33663
687040512;33664
687060925;33665
687081329;33666
687101743;33667
687122147;33668
687142557;33669
687162965;33670
687183374;33671
687203783;33672
687224192;33673
687244602;33674
687265010;33675
687285423;33676
687305832;33677
687326237;33678
687346649;33679
687367059;33680
687387467;33681
687407877;33682
687428281;33683
687448691;33684
687469099;33685
687489508;33686
687509918;33687
687530330;33688
687550739;33689
687571144;33690
687591553;33691
687611962;33692
687632371;33693
687652779;33694
687673189;33695
687693597;33696
687714007;33697
687734416;33698
687754828;33699
687775234;33700
687795642;33701
687816056;33702
687836460;33703
687856873;33704
687877278;33705
687897687;33706
687918096;33707
687938505;33708
687958914;33709
687979323;33710
687999732;33711
688020141;33712
688040550;33713
688060962;33714
688081372;33715
688101776;33716
688122189;33717
688142594;33718
688163007;33719
688183433;33720
688203841;33721
688224250;33722
688244659;33723
688265068;33724
688285477;33725
688305886;33726
688326299;33727
688346704;33728
688367113;33729
688387522;33730
688407931;33731
688428339;33732
688448749;33733
688469158;33734
688489567;33735
688509976;33736
688530384;33737
688550794;33738
688571203;33739
688591612;33740
688612021;33741
688632429;33742
688652839;33743
688673247;33744
688693660;33745
688714066;33746
688734474;33747
688754884;33748
688775296;33749
688795701;33750
688816111;33751
688836519;33752
688856933;33753
688877337;33754
688897746;33755
688918155;33756
688938564;33757
688958974;33758
688979382;33759
688999791;33760
689020200;33761
689040609;33762
689061019;33763
689081427;33764
689101836;33765
689122245;33766
689142654;33767
689163063;33768
689183472;33769
689203881;33770
689224290;33771
689244699;33772
689265108;33773
689285517;33774
689305926;33775
689326335;33776
689346744;33777
689367153;33778
689387562;33779
689407974;33780
689428380;33781
689448793;33782
689469197;33783
689489611;33784
689510019;33785
689530425;33786
689550834;33787
689571242;33788
689591652;33789
689612064;33790
689632470;33791
689652883;33792
689673287;33793
689693697;33794
689714105;33795
689734515;33796
689754923;33797
689775332;33798
689795746;33799
689816150;33800
689836560;33801
689856968;33802
689877377;33803
689897787;33804
689918195;33805
689938605;33806
689959013;33807
689979426;33808
689999831;33809
690020240;33810
690040650;33811
690061058;33812
690081467;33813
690101876;33814
690122289;33815
690142698;33816
690163103;33817
690183512;33818
690203921;33819
690224330;33820
690244738;33821
690265148;33822
690285561;33823
690305966;33824
690326379;33825
690346783;33826
690367197;33827
690387602;33828
690408011;33829
690428420;33830
690448832;33831
690469238;33832
690489646;33833
690510056;33834
690530465;33835
690550873;33836
690571283;33837
690591691;33838
690612101;33839
690632510;33840
690652918;33841
690673328;33842
690693740;33843
690714149;33844
690734554;33845
690754967;33846
690775373;33847
690795785;33848
690816190;33849
690836599;33850
690857008;33851
690877422;33852
690897826;33853
690918239;33854
690938644;33855
690959053;33856
690979462;33857
690999871;33858
691020280;33859
691040689;33860
691061098;33861
691081507;33862
691101916;33863
691122325;33864
691142734;33865
691163143;33866
691183555;33867
691203961;33868
691224369;33869
691244779;33870
691265188;33871
691285600;33872
691306006;33873
691326414;33874
691346824;33875
691367233;33876
691387641;33877
691408051;33878
691428459;33879
691448869;33880
691469277;33881
691489686;33882
691510096;33883
691530508;33884
691550918;33885
691571322;33886
691591731;33887
691612145;33888
691632549;33889
691652959;33890
691673367;33891
691693776;33892
691714185;33893
691734594;33894
691755003;33895
691775412;33896
691795821;33897
691816234;33898
691836639;33899
691857049;33900
691877457;33901
691897866;33902
691918275;33903
691938684;33904
691959092;33905
691979502;33906
691999911;33907
692020320;33908
692040729;33909
692061137;33910
692081547;33911
692101956;33912
692122365;33913
692142774;33914
692163182;33915
692183592;33916
692204000;33917
692224410;33918
692244819;33919
692265227;33920
692285637;33921
692306045;33922
692326455;33923
692346864;33924
692367272;33925
692387686;33926
692408090;33927
692428500;33928
692448908;33929
692469321;33930
692489727;33931
692510135;33932
692530548;33933
692550953;33934
692571362;33935
692591772;33936
692612180;33937
692632589;33938
692652998;33939
692673407;33940
692693816;33941
692714225;33942
692734634;33943
692755043;33944
692775452;33945
692795861;33946
692816274;33947
692836683;33948
692857092;33949
692877501;33950
692897906;33951
692918315;33952
692938727;33953
692959133;33954
692979546;33955
692999951;33956
693020364;33957
693040768;33958
693061178;33959
693081587;33960
693101995;33961
693122409;33962
693142817;33963
693163227;33964
693183631;33965
693204040;33966
693224450;33967
693244858;33968
693265271;33969
693285676;33970
693306085;33971
693326495;33972
693346903;33973
693367313;33974
693387721;33975
693408134;33976
693428539;33977
693448948;33978
693469358;33979
693489766;33980
693510175;33981
693530584;33982
693550993;33983
693571402;33984
693591811;33985
693612220;33986
693632629;33987
693653042;33988
693673450;33989
693693856;33990
693714269;33991
693734674;33992
693755083;33993
693775491;33994
693795901;33995
693816310;33996
693836723;33997
693857128;33998
693877536;33999
693897946;34000
693918358;34001
693938764;34002
693959173;34003
693979581;34004
693999991;34005
694020399;34006
694040809;34007
694061218;34008
694081626;34009
694102036;34010
694122444;34011
694142854;34012
694163262;34013
694183671;34014
694204081;34015
694224489;34016
694244898;34017
694265307;34018
694285716;34019
694306126;34020
694326534;34021
694346943;34022
694367352;34023
694387761;34024
694408170;34025
694428579;34026
694448988;34027
694469397;34028
694489806;34029
694510215;34030
694530624;34031
694551033;34032
694571442;34033
694591851;34034
694612260;34035
694632673;34036
694653077;34037
694673487;34038
694693900;34039
694714305;34040
694734714;34041
694755123;34042
694775532;34043
694795941;34044
694816350;34045
694836759;34046
694857168;34047
694877577;34048
694897990;34049
694918395;34050
694938804;34051
694959213;34052
694979622;34053
695000031;34054
695020440;34055
695040849;34056
695061258;34057
695081671;34058
695102076;34059
695122489;34060
695142894;34061
695163303;34062
695183716;34063
695204121;34064
695224534;34065
695244938;34066
695265348;34067
695285761;34068
695306170;34069
695326575;34070
695346983;34071
695367393;34072
695387802;34073
695408211;34074
695428620;34075
695449029;34076
695469438;34077
695489846;34078
695510256;34079
695530665;34080
695551074;34081
695571483;34082
695591892;34083
695612301;34084
695632710;34085
695653119;34086
695673528;34087
695693937;34088
695714346;34089
695734758;34090
695755164;34091
695775577;34092
695795982;34093
695816391;34094
695836800;34095
695857209;34096
695877622;34097
695898027;34098
695918436;34099
695938845;34100
695959254;34101
695979663;34102
696000072;34103
696020481;34104
696040890;34105
696061299;34106
696081708;34107
696102117;34108
696122527;34109
696142935;34110
696163344;34111
696183753;34112
696204162;34113
696224571;34114
696244980;34115
696265390;34116
696285798;34117
696306207;34118
696326616;34119
696347025;34120
696367439;34121
696387843;34122
696408253;34123
696428661;34124
696449070;34125
696469479;34126
696489888;34127
696510298;34128
696530706;34129
696551116;34130
696571524;34131
696591934;34132
696612347;34133
696632751;34134
696653165;34135
696673569;34136
696693979;34137
696714391;34138
696734797;34139
696755206;34140
696775614;34141
696796024;34142
696816432;34143
696836846;34144
696857251;34145
696877664;34146
696898069;34147
696918478;34148
696938887;34149
696959295;34150
696979705;34151
697000114;34152
697020523;34153
697040932;34154
697061341;34155
697081750;34156
697102160;34157
697122568;34158
697142977;34159
697163386;34160
697183795;34161
697204204;34162
697224613;34163
697245027;34164
697265431;34165
697285840;34166
697306249;34167
697326658;34168
697347068;34169
697367476;34170
697387886;34171
697408294;34172
697428704;34173
697449112;34174
697469522;34175
697489931;34176
697510339;34177
697530749;34178
697551157;34179
697571567;34180
697591976;34181
697612385;34182
697632794;34183
697653202;34184
697673612;34185
697694024;34186
697714430;34187
697734839;34188
697755248;34189
697775657;34190
697796065;34191
697816475;34192
697836884;34193
697857293;34194
697877702;34195
697898111;34196
697918520;34197
697938929;34198
697959338;34199
697979747;34200
698000160;34201
698020565;34202
698040974;34203
698061383;34204
698081793;34205
698102201;34206
698122610;34207
698143019;34208
698163432;34209
698183849;34210
698204257;34211
698224667;34212
698245075;34213
698265485;34214
698285898;34215
698306302;34216
698326712;34217
698347120;34218
698367534;34219
698387939;34220
698408348;34221
698428757;34222
698449166;34223
698469575;34224
698489984;34225
698510397;34226
698530806;34227
698551215;34228
698571620;34229
698592030;34230
698612438;34231
698632847;34232
698653260;34233
698673669;34234
698694079;34235
698714483;34236
698734893;34237
698755305;34238
698775714;34239
698796124;34240
698816528;34241
698836938;34242
698857346;34243
698877755;34244
698898165;34245
698918573;34246
698938983;34247
698959392;34248
698979801;34249
699000210;34250
699020619;34251
699041028;34252
699061437;34253
699081846;34254
699102255;34255
699122664;34256
699143073;34257
699163486;34258
699183891;34259
699204300;34260
699224709;34261
699245118;34262
699265532;34263
699285936;34264
699306345;34265
699326754;34266
699347163;34267
699367573;34268
699387981;34269
699408391;34270
699428799;34271
699449212;34272
699469618;34273
699490026;34274
699510440;34275
699530844;34276
699551254;34277
699571663;34278
699592071;34279
699612485;34280
699632890;34281
699653303;34282
699673708;34283
699694117;34284
699714526;34285
699734935;34286
699755344;34287
699775753;34288
699796162;34289
699816571;34290
699836981;34291
699857389;34292
699877798;34293
699898207;34294
699918616;34295
699939026;34296
699959434;34297
699979843;34298
700000256;34299
700020661;34300
700041075;34301
700061483;34302
700081889;34303
700102297;34304
700122710;34305
700143116;34306
700163524;34307
700183934;34308
700204342;34309
700224756;34310
700245165;34311
700265569;34312
700285983;34313
700306388;34314
700326797;34315
700347206;34316
700367615;34317
700388024;34318
700408437;34319
700428842;34320
700449251;34321
700469660;34322
700490069;34323
700510479;34324
700530887;34325
700551296;34326
700571705;34327
700592114;34328
700612524;34329
700632932;34330
700653341;34331
700673750;34332
700694159;34333
700714569;34334
700734977;34335
700755386;34336
700775795;34337
700796204;34338
700816614;34339
700837022;34340
700857435;34341
700877840;34342
700898249;34343
700918659;34344
700939067;34345
700959477;34346
700979886;34347
701000294;34348
701020708;34349
701041112;34350
701061522;34351
701081931;34352
701102340;34353
701122753;34354
701143157;34355
701163571;34356
701183976;34357
701204388;34358
701224794;34359
701245202;34360
701265612;34361
701286025;34362
701306430;34363
701326839;34364
701347248;34365
701367661;34366
701388066;34367
701408475;34368
701428884;34369
701449293;34370
701469702;34371
701490111;34372
701510520;34373
701530929;34374
701551338;34375
701571747;34376
701592156;34377
701612565;34378
701632974;34379
701653384;34380
701673792;34381
701694202;34382
701714610;34383
701735019;34384
701755429;34385
701775837;34386
701796247;34387
701816655;34388
701837064;34389
701857474;34390
701877882;34391
701898292;34392
701918700;34393
701939109;34394
701959519;34395
701979927;34396
702000337;34397
702020749;34398
702041154;34399
702061564;34400
702081976;34401
702102386;34402
702122790;34403
702143199;34404
702163609;34405
702184017;34406
702204427;34407
702224839;34408
702245244;34409
702265654;34410
702286062;34411
702306472;34412
702326881;34413
702347290;34414
702367703;34415
702388111;34416
702408517;34417
702428926;34418
702449335;34419
702469744;34420
702490152;34421
702510566;34422
702530971;34423
702551380;34424
702571789;34425
702592197;34426
702612611;34427
702633020;34428
702653425;34429
702673834;34430
702694242;34431
702714652;34432
702735061;34433
702755470;34434
702775879;34435
702796288;34436
702816697;34437
702837106;34438
702857515;34439
702877924;34440
702898333;34441
702918742;34442
702939151;34443
702959560;34444
702979969;34445
703000383;34446
703020787;34447
703041196;34448
703061605;34449
703082014;34450
703102424;34451
703122832;34452
703143241;34453
703163654;34454
703184059;34455
703204469;34456
703224877;34457
703245287;34458
703265695;34459
703286104;34460
703306514;34461
703326926;34462
703347332;34463
703367740;34464
703388153;34465
703408559;34466
703428967;34467
703449376;34468
703469785;34469
703490194;34470
703510604;34471
703531012;34472
703551421;34473
703571830;34474
703592239;34475
703612649;34476
703633057;34477
703653467;34478
703673876;34479
703694284;34480
703714694;34481
703735102;34482
703755512;34483
703775921;34484
703796329;34485
703816739;34486
703837147;34487
703857556;34488
703877966;34489
703898374;34490
703918784;34491
703939192;34492
703959602;34493
703980011;34494
704000419;34495
704020829;34496
704041237;34497
704061650;34498
704082056;34499
704102468;34500
704122874;34501
704143282;34502
704163692;34503
704184101;34504
704204509;34505
704224919;34506
704245331;34507
704265737;34508
704286146;34509
704306554;34510
704326964;34511
704347377;34512
704367781;34513
704388191;34514
704408599;34515
704429009;34516
704449422;34517
704469827;34518
704490240;34519
704510644;34520
704531054;34521
704551463;34522
704571871;34523
704592281;34524
704612689;34525
704633099;34526
704653508;34527
704673917;34528
704694326;34529
704714734;34530
704735144;34531
704755557;34532
704775962;34533
704796371;34534
704816779;34535
704837189;34536
704857602;34537
704878006;34538
704898416;34539
704918824;34540
704939234;34541
704959643;34542
704980052;34543
705000461;34544
705020870;34545
705041279;34546
705061692;34547
705082097;34548
705102506;34549
705122915;34550
705143324;34551
705163733;34552
705184145;34553
705204551;34554
705224960;34555
705245369;34556
705265778;34557
705286186;34558
705306600;34559
705327005;34560
705347414;34561
705367823;34562
705388231;34563
705408645;34564
705429050;34565
705449459;34566
705469868;34567
705490276;34568
705510686;34569
705531095;34570
705551508;34571
705571913;34572
705592321;34573
705612730;34574
705633140;34575
705653549;34576
705673958;34577
705694367;34578
705714776;34579
705735185;34580
705755594;34581
705776003;34582
705796412;34583
705816821;34584
705837234;34585
705857639;34586
705878052;34587
705898457;34588
705918866;34589
705939275;34590
705959684;34591
705980097;34592
706000502;34593
706020911;34594
706041320;34595
706061729;34596
706082138;34597
706102551;34598
706122956;34599
706143369;34600
706163773;34601
706184183;34602
706204592;34603
706225001;34604
706245410;34605
706265819;34606
706286228;34607
706306637;34608
706327046;34609
706347455;34610
706367865;34611
706388273;34612
706408682;34613
706429091;34614
706449500;34615
706469913;34616
706490322;34617
706510727;34618
706531136;34619
706551545;34620
706571954;34621
706592363;34622
706612772;34623
706633181;34624
706653594;34625
706673999;34626
706694408;34627
706714817;34628
706735226;34629
706755635;34630
706776044;34631
706796453;34632
706816862;34633
706837271;34634
706857680;34635
706878093;34636
706898502;34637
706918907;34638
706939316;34639
706959725;34640
706980134;34641
707000543;34642
707020952;34643
707041365;34644
707061770;34645
707082179;34646
707102588;34647
707122997;34648
707143410;34649
707163815;34650
707184224;34651
707204633;34652
707225042;34653
707245451;34654
707265860;34655
707286273;34656
707306678;34657
707327087;34658
707347496;34659
707367905;34660
707388318;34661
707408723;34662
707429132;34663
707449541;34664
707469950;34665
707490359;34666
707510768;34667
707531177;34668
707551586;34669
707571999;34670
707592408;34671
707612813;34672
707633222;34673
707653631;34674
707674040;34675
707694449;34676
707714859;34677
707735267;34678
707755676;34679
707776085;34680
707796494;34681
707816904;34682
707837312;34683
707857725;34684
707878134;34685
707898539;34686
707918948;34687
707939357;34688
707959766;34689
707980175;34690
708000584;34691
708020997;34692
708041402;34693
708061815;34694
708082224;34695
708102633;34696
708123038;34697
708143447;34698
708163856;34699
708184264;34700
708204672;34701
708225081;34702
708245490;34703
708265899;34704
708286308;34705
708306717;34706
708327126;34707
708347535;34708
708367944;34709
708388352;34710
708408762;34711
708429171;34712
708449580;34713
708469993;34714
708490401;34715
708510807;34716
708531216;34717
708551625;34718
708572034;34719
708592443;34720
708612852;34721
708633261;34722
708653673;34723
708674079;34724
708694488;34725
708714897;34726
708735310;34727
708755715;34728
708776124;34729
708796533;34730
708816942;34731
708837355;34732
708857759;34733
708878169;34734
708898578;34735
708918987;34736
708939396;34737
708959808;34738
708980214;34739
709000623;34740
709021036;34741
709041445;34742
709061849;34743
709082263;34744
709102672;34745
709123077;34746
709143486;34747
709163894;34748
709184308;34749
709204713;34750
709225122;34751
709245531;34752
709265939;34753
709286349;34754
709306758;34755
709327167;34756
709347576;34757
709367984;34758
709388394;34759
709408803;34760
709429212;34761
709449621;34762
709470029;34763
709490439;34764
709510848;34765
709531257;34766
709551666;34767
709572074;34768
709592488;34769
709612893;34770
709633302;34771
709653711;34772
709674123;34773
709694529;34774
709714938;34775
709735346;34776
709755760;34777
709776164;34778
709796574;34779
709816983;34780
709837391;34781
709857801;34782
709878213;34783
709898622;34784
709919032;34785
709939436;34786
709959846;34787
709980254;34788
710000664;34789
710021073;34790
710041481;34791
