2398943405;117541
2398963819;117542
2398984225;117543
2399004634;117544
2399025044;117545
2399045453;117546
2399065863;117547
2399086273;117548
2399106682;117549
2399127091;117550
2399147500;117551
2399167910;117552
2399188320;117553
2399208729;117554
2399229139;117555
2399249548;117556
2399269958;117557
2399290367;117558
2399310777;117559
2399331187;117560
2399351595;117561
2399372005;117562
2399392414;117563
2399412824;117564
2399433234;117565
2399453643;117566
2399474053;117567
2399494462;117568
2399514872;117569
2399535281;117570
2399555691;117571
2399576100;117572
2399596509;117573
2399616919;117574
2399637328;117575
2399657742;117576
2399678148;117577
2399698557;117578
2399718967;117579
2399739376;117580
2399759786;117581
2399780195;117582
2399800604;117583
2399821014;117584
2399841423;117585
2399861833;117586
2399882242;117587
2399902652;117588
2399923066;117589
2399943471;117590
2399963885;117591
2399984290;117592
2400004699;117593
2400025109;117594
2400045518;117595
2400065928;117596
2400086337;117597
2400106747;117598
2400127156;117599
2400147566;117600
2400167976;117601
2400188385;117602
2400208799;117603
2400229204;117604
2400249613;117605
2400270023;117606
2400290432;117607
2400310842;117608
2400331251;117609
2400351661;117610
2400372070;117611
2400392484;117612
2400412890;117613
2400433299;117614
2400453712;117615
2400474117;117616
2400494527;117617
2400514937;117618
2400535346;117619
2400555756;117620
2400576165;117621
2400596579;117622
2400616985;117623
2400637394;117624
2400657804;117625
2400678212;117626
2400698622;117627
2400719035;117628
2400739445;117629
2400759851;117630
2400780260;117631
2400800674;117632
2400821083;117633
2400841489;117634
2400861903;117635
2400882311;117636
2400902717;117637
2400923126;117638
2400943536;117639
2400963949;117640
2400984355;117641
2401004765;117642
2401025174;117643
2401045584;117644
2401065993;117645
2401086403;117646
2401106813;117647
2401127221;117648
2401147631;117649
2401168040;117650
2401188450;117651
2401208859;117652
2401229269;117653
2401249679;117654
2401270088;117655
2401290498;117656
2401310907;117657
2401331320;117658
2401351726;117659
2401372135;117660
2401392545;117661
2401412954;117662
2401433364;117663
2401453774;117664
2401474183;117665
2401494593;117666
2401515002;117667
2401535412;117668
2401555821;117669
2401576230;117670
2401596640;117671
2401617049;117672
2401637459;117673
2401657868;117674
2401678278;117675
2401698688;117676
2401719097;117677
2401739511;117678
2401759916;117679
2401780326;117680
2401800735;117681
2401821144;117682
2401841554;117683
2401861963;117684
2401882373;117685
2401902782;117686
2401923192;117687
2401943606;117688
2401964011;117689
2401984421;117690
2402004830;117691
2402025239;117692
2402045649;117693
2402066058;117694
2402086468;117695
2402106877;117696
2402127287;117697
2402147696;117698
2402168106;117699
2402188516;117700
2402208925;117701
2402229335;117702
2402249747;117703
2402270153;117704
2402290563;117705
2402310972;117706
2402331382;117707
2402351791;117708
2402372201;117709
2402392610;117710
2402413020;117711
2402433430;117712
2402453839;117713
2402474248;117714
2402494661;117715
2402515067;117716
2402535477;117717
2402555886;117718
2402576296;117719
2402596705;117720
2402617115;117721
2402637528;117722
2402657934;117723
2402678344;117724
2402698752;117725
2402719162;117726
2402739571;117727
2402759981;117728
2402780395;117729
2402800800;117730
2402821210;117731
2402841619;117732
2402862029;117733
2402882439;117734
2402902852;117735
2402923258;117736
2402943666;117737
2402964076;117738
2402984485;117739
2403004895;117740
2403025305;117741
2403045714;117742
2403066124;117743
2403086533;117744
2403106943;117745
2403127353;117746
2403147761;117747
2403168172;117748
2403188580;117749
2403208990;117750
2403229399;117751
2403249809;117752
2403270219;117753
2403290628;117754
2403311038;117755
2403331451;117756
2403351857;117757
2403372267;117758
2403392675;117759
2403413085;117760
2403433494;117761
2403453904;117762
2403474314;117763
2403494723;117764
2403515133;117765
2403535542;117766
2403555952;117767
2403576361;117768
2403596771;117769
2403617180;117770
2403637589;117771
2403657999;117772
2403678408;117773
2403698818;117774
2403719232;117775
2403739637;117776
2403760047;117777
2403780456;117778
2403800866;117779
2403821275;117780
2403841684;117781
2403862094;117782
2403882503;117783
2403902913;117784
2403923322;117785
2403943732;117786
2403964142;117787
2403984551;117788
2404004961;117789
2404025370;117790
2404045783;117791
2404066189;117792
2404086598;117793
2404107008;117794
2404127417;117795
2404147827;117796
2404168236;117797
2404188599;117798
2404209008;117799
2404229418;117800
2404249827;117801
2404270237;117802
2404290645;117803
2404311055;117804
2404331464;117805
2404351874;117806
2404372283;117807
2404392693;117808
2404413102;117809
2404433516;117810
2404453921;117811
2404474331;117812
2404494740;117813
2404515149;117814
2404535558;117815
2404555968;117816
2404576377;117817
2404596787;117818
2404617196;117819
2404637606;117820
2404658015;117821
2404678425;117822
2404698834;117823
2404719244;117824
2404739652;117825
2404760062;117826
2404780471;117827
2404800885;117828
2404821290;117829
2404841700;117830
2404862109;117831
2404882519;117832
2404902932;117833
2404923338;117834
2404943747;117835
2404964157;117836
2404984565;117837
2405004975;117838
2405025384;117839
2405045794;117840
2405066207;117841
2405086612;117842
2405107022;117843
2405127435;117844
2405147841;117845
2405168250;117846
2405188659;117847
2405209068;117848
2405229478;117849
2405249887;117850
2405270297;117851
2405290706;117852
2405311116;117853
2405331525;117854
2405351935;117855
2405372344;117856
2405392754;117857
2405413162;117858
2405433572;117859
2405453981;117860
2405474391;117861
2405494800;117862
2405515210;117863
2405535619;117864
2405556029;117865
2405576442;117866
2405596848;117867
2405617256;117868
2405637666;117869
2405658075;117870
2405678485;117871
2405698894;117872
2405719308;117873
2405739713;117874
2405760123;117875
2405780532;117876
2405800942;117877
2405821351;117878
2405841761;117879
2405862173;117880
2405882579;117881
2405902988;117882
2405923398;117883
2405943807;117884
2405964217;117885
2405984630;117886
2406005036;117887
2406025445;117888
2406045855;117889
2406066264;117890
2406086673;117891
2406107082;117892
2406127491;117893
2406147901;117894
2406168310;117895
2406188720;117896
2406209129;117897
2406229539;117898
2406249948;117899
2406270358;117900
2406290767;117901
2406311180;117902
2406331585;117903
2406351995;117904
2406372404;117905
2406392814;117906
2406413223;117907
2406433633;117908
2406454042;117909
2406474452;117910
2406494861;117911
2406515271;117912
2406535680;117913
2406556089;117914
2406576498;117915
2406596908;117916
2406617317;117917
2406637731;117918
2406658140;117919
2406678550;117920
2406698955;117921
2406719365;117922
2406739774;117923
2406760184;117924
2406780592;117925
2406801006;117926
2406821411;117927
2406841821;117928
2406862230;117929
2406882640;117930
2406903049;117931
2406923459;117932
2406943872;117933
2406964281;117934
2406984690;117935
2407005096;117936
2407025505;117937
2407045915;117938
2407066324;117939
2407086733;117940
2407107143;117941
2407127552;117942
2407147962;117943
2407168371;117944
2407188781;117945
2407209190;117946
2407229599;117947
2407250008;117948
2407270418;117949
2407290827;117950
2407311237;117951
2407331646;117952
2407352056;117953
2407372465;117954
2407392875;117955
2407413284;117956
2407433694;117957
2407454102;117958
2407474512;117959
2407494921;117960
2407515331;117961
2407535740;117962
2407556150;117963
2407576559;117964
2407596969;117965
2407617378;117966
2407637788;117967
2407658197;117968
2407678606;117969
2407699015;117970
2407719425;117971
2407739834;117972
2407760244;117973
2407780653;117974
2407801063;117975
2407821472;117976
2407841886;117977
2407862291;117978
2407882704;117979
2407903109;117980
2407923519;117981
2407943928;117982
2407964338;117983
2407984747;117984
2408005157;117985
2408025566;117986
2408045976;117987
2408066385;117988
2408086798;117989
2408107204;117990
2408127613;117991
2408148022;117992
2408168431;117993
2408188841;117994
2408209250;117995
2408229664;117996
2408250069;117997
2408270479;117998
2408290888;117999
2408311298;118000
2408331707;118001
2408352116;118002
2408372525;118003
2408392935;118004
2408413344;118005
2408433754;118006
2408454163;118007
2408474573;118008
2408494982;118009
2408515396;118010
2408535801;118011
2408556211;118012
2408576619;118013
2408597029;118014
2408617438;118015
2408637848;118016
2408658261;118017
2408678667;118018
2408699076;118019
2408719490;118020
2408739895;118021
2408760305;118022
2408780714;118023
2408801123;118024
2408821532;118025
2408841942;118026
2408862351;118027
2408882761;118028
2408903170;118029
2408923580;118030
2408943989;118031
2408964399;118032
2408984808;118033
2409005218;118034
2409025626;118035
2409046036;118036
2409066445;118037
2409086854;118038
2409107264;118039
2409127673;118040
2409148083;118041
2409168496;118042
2409188902;118043
2409209311;118044
2409229721;118045
2409250133;118046
2409270539;118047
2409290948;118048
2409311358;118049
2409331767;118050
2409352177;118051
2409372586;118052
2409392996;118053
2409413405;118054
2409433819;118055
2409454224;118056
2409474634;118057
2409495042;118058
2409515456;118059
2409535861;118060
2409556271;118061
2409576680;118062
2409597090;118063
2409617499;118064
2409637909;118065
2409658318;118066
2409678728;118067
2409699137;118068
2409719546;118069
2409739955;118070
2409760365;118071
2409780774;118072
2409801184;118073
2409821593;118074
2409842003;118075
2409862412;118076
2409882822;118077
2409903231;118078
2409923641;118079
2409944049;118080
2409964459;118081
2409984868;118082
2410005278;118083
2410025687;118084
2410046097;118085
2410066506;118086
2410086915;118087
2410107325;118088
2410127734;118089
2410148144;118090
2410168553;118091
2410188962;118092
2410209371;118093
2410229781;118094
2410250194;118095
2410270600;118096
2410291009;118097
2410311419;118098
2410331828;118099
2410352238;118100
2410372647;118101
2410393056;118102
2410413469;118103
2410433875;118104
2410454284;118105
2410474694;118106
2410495103;118107
2410515513;118108
2410535922;118109
2410556332;118110
2410576741;118111
2410597151;118112
2410617560;118113
2410637969;118114
2410658382;118115
2410678788;118116
2410699197;118117
2410719607;118118
2410740016;118119
2410760426;118120
2410780835;118121
2410801245;118122
2410821654;118123
2410842063;118124
2410862472;118125
2410882882;118126
2410903291;118127
2410923705;118128
2410944110;118129
2410964520;118130
2410984933;118131
2411005339;118132
2411025748;118133
2411046158;118134
2411066566;118135
2411086975;118136
2411107385;118137
2411127794;118138
2411148204;118139
2411168613;118140
2411189023;118141
2411209432;118142
2411229842;118143
2411250251;118144
2411270661;118145
2411291069;118146
2411311479;118147
2411331888;118148
2411352298;118149
2411372707;118150
2411393117;118151
2411413526;118152
2411433936;118153
2411454345;118154
2411474755;118155
2411495164;118156
2411515574;118157
2411535982;118158
2411556392;118159
2411576801;118160
2411597215;118161
2411617620;118162
2411638030;118163
2411658439;118164
2411678849;118165
2411699258;118166
2411719668;118167
2411740076;118168
2411760486;118169
2411780895;118170
2411801309;118171
2411821718;118172
2411842124;118173
2411862533;118174
2411882943;118175
2411903352;118176
2411923762;118177
2411944171;118178
2411964581;118179
2411984989;118180
2412005399;118181
2412025808;118182
2412046218;118183
2412066627;118184
2412087036;118185
2412107446;118186
2412127859;118187
2412148265;118188
2412168674;118189
2412189084;118190
2412209492;118191
2412229902;118192
2412250311;118193
2412270721;118194
2412291130;118195
2412311540;118196
2412331949;118197
2412352359;118198
2412372768;118199
2412393178;118200
2412413587;118201
2412433996;118202
2412454405;118203
2412474815;118204
2412495224;118205
2412515634;118206
2412536043;118207
2412556453;118208
2412576866;118209
2412597272;118210
2412617681;118211
2412638091;118212
2412658503;118213
2412678909;118214
2412699318;118215
2412719728;118216
2412740137;118217
2412760547;118218
2412780956;118219
2412801366;118220
2412821779;118221
2412842185;118222
2412862597;118223
2412883003;118224
2412903412;118225
2412923822;118226
2412944231;118227
2412964641;118228
2412985050;118229
2413005460;118230
2413025869;118231
2413046279;118232
2413066688;118233
2413087096;118234
2413107506;118235
2413127915;118236
2413148325;118237
2413168734;118238
2413189144;118239
2413209553;118240
2413229963;118241
2413250372;118242
2413270782;118243
2413291191;118244
2413311601;118245
2413332009;118246
2413352419;118247
2413372828;118248
2413393238;118249
2413413647;118250
2413434057;118251
2413454466;118252
2413474876;118253
2413495285;118254
2413515695;118255
2413536103;118256
2413556513;118257
2413576922;118258
2413597332;118259
2413617741;118260
2413638151;118261
2413658560;118262
2413678970;118263
