2398947216;117544
2398967624;117545
2398988034;117546
2399008442;117547
2399028852;117548
2399049261;117549
2399069673;117550
2399090079;117551
2399110487;117552
2399130897;117553
2399151305;117554
2399171715;117555
2399192124;117556
2399212532;117557
2399232942;117558
2399253350;117559
2399273760;117560
2399294169;117561
2399314578;117562
2399334987;117563
2399355395;117564
2399375805;117565
2399396213;117566
2399416623;117567
2399437032;117568
2399457441;117569
2399477850;117570
2399498258;117571
2399518668;117572
2399539077;117573
2399559486;117574
2399579895;117575
2399600303;117576
2399620713;117577
2399641122;117578
2399661531;117579
2399681940;117580
2399702349;117581
2399722758;117582
2399743166;117583
2399763576;117584
2399783985;117585
2399804394;117586
2399824803;117587
2399845211;117588
2399865621;117589
2399886030;117590
2399906439;117591
2399926848;117592
2399947257;117593
2399967666;117594
2399988074;117595
2400008484;117596
2400028897;117597
2400049302;117598
2400069711;117599
2400090119;117600
2400110529;117601
2400130938;117602
2400151347;117603
2400171756;117604
2400192165;117605
2400212578;117606
2400232983;117607
2400253396;117608
2400273801;117609
2400294210;117610
2400314619;117611
2400335028;117612
2400355437;117613
2400375846;117614
2400396255;117615
2400416664;117616
2400437073;117617
2400457482;117618
2400477892;117619
2400498300;117620
2400518709;117621
2400539118;117622
2400559527;117623
2400579936;117624
2400600345;117625
2400620754;117626
2400641163;117627
2400661572;117628
2400681981;117629
2400702390;117630
2400722799;117631
2400743208;117632
2400763617;117633
2400784026;117634
2400804435;117635
2400824844;117636
2400845253;117637
2400865662;117638
2400886071;117639
2400906480;117640
2400926889;117641
2400947298;117642
2400967708;117643
2400988116;117644
2401008525;117645
2401028934;117646
2401049343;117647
2401069753;117648
2401090161;117649
2401110570;117650
2401130979;117651
2401151388;117652
2401171797;117653
2401192206;117654
2401212616;117655
2401233024;117656
2401253433;117657
2401273842;117658
2401294251;117659
2401314665;117660
2401335069;117661
2401355478;117662
2401375887;117663
2401396296;117664
2401416705;117665
2401437118;117666
2401457524;117667
2401477932;117668
2401498345;117669
2401518754;117670
2401539159;117671
2401559569;117672
2401579977;117673
2401600387;117674
2401620795;117675
2401641204;117676
2401661613;117677
2401682022;117678
2401702432;117679
2401722840;117680
2401743249;117681
2401763658;117682
2401784067;117683
2401804477;117684
2401824885;117685
2401845295;117686
2401865707;117687
2401886112;117688
2401906522;117689
2401926930;117690
2401947340;117691
2401967748;117692
2401988158;117693
2402008566;117694
2402028975;117695
2402049385;117696
2402069793;117697
2402090203;117698
2402110611;117699
2402131020;117700
2402151430;117701
2402171838;117702
2402192248;117703
2402212656;117704
2402233066;117705
2402253474;117706
2402273884;117707
2402294293;117708
2402314701;117709
2402335111;117710
2402355519;117711
2402375929;117712
2402396338;117713
2402416746;117714
2402437156;117715
2402457564;117716
2402477974;117717
2402498383;117718
2402518791;117719
2402539201;117720
2402559609;117721
2402580019;117722
2402600427;117723
2402620837;117724
2402641246;117725
2402661654;117726
2402682064;117727
2402702472;117728
2402722882;117729
2402743291;117730
2402763700;117731
2402784109;117732
2402804517;117733
2402824927;117734
2402845335;117735
2402865745;117736
2402886154;117737
2402906562;117738
2402926976;117739
2402947380;117740
2402967790;117741
2402988199;117742
2403008608;117743
2403029017;117744
2403049425;117745
2403069835;117746
2403090243;117747
2403110653;117748
2403131062;117749
2403151474;117750
2403171880;117751
2403192288;117752
2403212698;117753
2403233107;117754
2403253516;117755
2403273925;117756
2403294333;117757
2403314743;117758
2403335152;117759
2403355561;117760
2403375970;117761
2403396379;117762
2403416788;117763
2403437196;117764
2403457606;117765
2403478015;117766
2403498424;117767
2403518833;117768
2403539242;117769
2403559651;117770
2403580060;117771
2403600469;117772
2403620878;117773
2403641287;117774
2403661696;117775
2403682104;117776
2403702514;117777
2403722923;117778
2403743332;117779
2403763741;117780
2403784150;117781
2403804559;117782
2403824968;117783
2403845377;117784
2403865786;117785
2403886195;117786
2403906604;117787
2403927013;117788
2403947422;117789
2403967835;117790
2403988240;117791
2404008649;117792
2404029058;117793
2404049467;117794
2404069876;117795
2404090289;117796
2404110694;117797
2404131103;117798
2404151516;117799
2404171874;117800
2404192283;117801
2404212692;117802
2404233101;117803
2404253509;117804
2404273919;117805
2404294327;117806
2404314736;117807
2404335145;117808
2404355554;117809
2404375963;117810
2404396372;117811
2404416781;117812
2404437190;117813
2404457598;117814
2404478008;117815
2404498416;117816
2404518830;117817
2404539234;117818
2404559644;117819
2404580052;117820
2404600461;117821
2404620870;117822
2404641279;117823
2404661688;117824
2404682097;117825
2404702505;117826
2404722915;117827
2404743323;117828
2404763733;117829
2404784141;117830
2404804551;117831
2404824959;117832
2404845368;117833
2404865777;117834
2404886186;117835
2404906595;117836
2404927004;117837
2404947412;117838
2404967822;117839
2404988230;117840
2405008640;117841
2405029052;117842
2405049458;117843
2405069866;117844
2405090275;117845
2405110684;117846
2405131093;117847
2405151502;117848
2405171911;117849
2405192320;117850
2405212729;117851
2405233137;117852
2405253546;117853
2405273955;117854
2405294364;117855
2405314773;117856
2405335182;117857
2405355591;117858
2405375999;117859
2405396409;117860
2405416817;117861
2405437227;117862
2405457635;117863
2405478044;117864
2405498453;117865
2405518862;117866
2405539271;117867
2405559680;117868
2405580089;117869
2405600498;117870
2405620906;117871
2405641320;117872
2405661724;117873
2405682134;117874
2405702542;117875
2405722952;117876
2405743360;117877
2405763769;117878
2405784178;117879
2405804591;117880
2405824996;117881
2405845405;117882
2405865813;117883
2405886223;117884
2405906635;117885
2405927041;117886
2405947449;117887
2405967859;117888
2405988267;117889
2406008676;117890
2406029085;117891
2406049494;117892
2406069903;117893
2406090316;117894
2406110724;117895
2406131130;117896
2406151538;117897
2406171948;117898
2406192356;117899
2406212769;117900
2406233174;117901
2406253586;117902
2406273992;117903
2406294400;117904
2406314810;117905
2406335218;117906
2406355628;117907
2406376036;117908
2406396445;117909
2406416854;117910
2406437263;117911
2406457672;117912
2406478081;117913
2406498489;117914
2406518899;117915
2406539307;117916
2406559717;117917
2406580125;117918
2406600535;117919
2406620943;117920
2406641352;117921
2406661765;117922
2406682170;117923
2406702579;117924
2406722988;117925
2406743396;117926
2406763806;117927
2406784214;117928
2406804624;117929
2406825036;117930
2406845442;117931
2406865850;117932
2406886259;117933
2406906668;117934
2406927077;117935
2406947486;117936
2406967895;117937
2406988304;117938
2407008713;117939
2407029121;117940
2407049531;117941
2407069939;117942
2407090349;117943
2407110757;117944
2407131166;117945
2407151575;117946
2407171984;117947
2407192393;117948
2407212802;117949
2407233211;117950
2407253619;117951
2407274028;117952
2407294437;117953
2407314846;117954
2407335255;117955
2407355664;117956
2407376076;117957
2407396482;117958
2407416894;117959
2407437300;117960
2407457708;117961
2407478118;117962
2407498526;117963
2407518935;117964
2407539344;117965
2407559753;117966
2407580162;117967
2407600571;117968
2407620980;117969
2407641389;117970
2407661797;117971
2407682207;117972
2407702615;117973
2407723025;117974
2407743433;117975
2407763843;117976
2407784251;117977
2407804664;117978
2407825073;117979
2407845478;117980
2407865887;117981
2407886296;117982
2407906704;117983
2407927114;117984
2407947522;117985
2407967932;117986
2407988340;117987
2408008750;117988
2408029158;117989
2408049567;117990
2408069976;117991
2408090385;117992
2408110794;117993
2408131203;117994
2408151612;117995
2408172021;117996
2408192429;117997
2408212839;117998
2408233247;117999
2408253656;118000
2408274065;118001
2408294474;118002
2408314883;118003
2408335291;118004
2408355701;118005
2408376109;118006
2408396522;118007
2408416927;118008
2408437336;118009
2408457745;118010
2408478154;118011
2408498563;118012
2408518972;118013
2408539380;118014
2408559790;118015
2408580198;118016
2408600608;118017
2408621016;118018
2408641430;118019
2408661834;118020
2408682243;118021
2408702652;118022
2408723061;118023
2408743470;118024
2408763879;118025
2408784288;118026
2408804697;118027
2408825105;118028
2408845515;118029
2408865923;118030
2408886333;118031
2408906741;118032
2408927150;118033
2408947559;118034
2408967968;118035
2408988381;118036
2409008786;118037
2409029195;118038
2409049604;118039
2409070012;118040
2409090422;118041
2409110830;118042
2409131244;118043
2409151648;118044
2409172058;118045
2409192466;118046
2409212875;118047
2409233284;118048
2409253692;118049
2409274102;118050
2409294510;118051
2409314920;118052
2409335328;118053
2409355737;118054
2409376150;118055
2409396555;118056
2409416964;118057
2409437373;118058
2409457781;118059
2409478191;118060
2409498599;118061
2409519009;118062
2409539417;118063
2409559827;118064
2409580235;118065
2409600644;118066
2409621053;118067
2409641462;118068
2409661871;118069
2409682280;118070
2409702689;118071
2409723098;118072
2409743506;118073
2409763916;118074
2409784324;118075
2409804734;118076
2409825142;118077
2409845551;118078
2409865960;118079
2409886369;118080
2409906778;118081
2409927187;118082
2409947600;118083
2409968005;118084
2409988413;118085
2410008823;118086
2410029231;118087
2410049641;118088
2410070049;118089
2410090462;118090
2410110867;118091
2410131276;118092
2410151685;118093
2410172094;118094
2410192503;118095
2410212916;118096
2410233320;118097
2410253729;118098
2410274138;118099
2410294547;118100
2410314956;118101
2410335364;118102
2410355774;118103
2410376182;118104
2410396592;118105
2410417000;118106
2410437410;118107
2410457818;118108
2410478231;118109
2410498636;118110
2410519045;118111
2410539454;118112
2410559863;118113
2410580272;118114
2410600681;118115
2410621093;118116
2410641499;118117
2410661907;118118
2410682317;118119
2410702729;118120
2410723134;118121
2410743543;118122
2410763952;118123
2410784361;118124
2410804770;118125
2410825179;118126
2410845588;118127
2410865996;118128
2410886406;118129
2410906814;118130
2410927224;118131
2410947632;118132
2410968042;118133
2410988450;118134
2411008863;118135
2411029272;118136
2411049677;118137
2411070086;118138
2411090499;118139
2411110904;118140
2411131317;118141
2411151721;118142
2411172131;118143
2411192539;118144
2411212949;118145
2411233357;118146
2411253769;118147
2411274179;118148
2411294583;118149
2411314993;118150
2411335401;118151
2411355811;118152
2411376219;118153
2411396628;118154
2411417041;118155
2411437450;118156
2411457855;118157
2411478264;118158
2411498673;118159
2411519082;118160
2411539490;118161
2411559900;118162
2411580308;118163
2411600722;118164
2411621126;118165
2411641535;118166
2411661944;118167
2411682353;118168
2411702762;118169
2411723171;118170
2411743580;118171
2411763989;118172
2411784397;118173
2411804807;118174
2411825215;118175
2411845625;118176
2411866033;118177
2411886443;118178
2411906851;118179
2411927260;118180
2411947669;118181
2411968078;118182
2411988487;118183
2412008896;118184
2412029304;118185
2412049714;118186
2412070122;118187
2412090532;118188
2412110940;118189
2412131350;118190
2412151758;118191
2412172167;118192
2412192576;118193
2412212985;118194
2412233394;118195
2412253802;118196
2412274211;118197
2412294620;118198
2412315029;118199
2412335438;118200
2412355847;118201
2412376256;118202
2412396665;118203
2412417073;118204
2412437483;118205
2412457891;118206
2412478301;118207
2412498709;118208
2412519119;118209
2412539527;118210
2412559940;118211
2412580345;118212
2412600754;118213
2412621163;118214
2412641572;118215
2412661981;118216
2412682390;118217
2412702798;118218
2412723208;118219
2412743616;118220
2412764026;118221
2412784434;118222
2412804843;118223
2412825252;118224
2412845661;118225
2412866070;118226
2412886479;118227
2412906888;118228
2412927297;118229
2412947705;118230
2412968115;118231
2412988523;118232
2413008933;118233
2413029341;118234
2413049750;118235
2413070159;118236
2413090568;118237
2413110977;118238
2413131386;118239
2413151794;118240
2413172204;118241
2413192612;118242
2413213022;118243
2413233430;118244
2413253839;118245
2413274248;118246
2413294657;118247
2413315066;118248
2413335474;118249
2413355884;118250
2413376292;118251
2413396702;118252
2413417110;118253
2413437519;118254
2413457928;118255
2413478337;118256
2413498746;118257
2413519155;118258
2413539564;118259
2413559973;118260
2413580381;118261
2413600791;118262
2413621203;118263
2413641609;118264
2413662017;118265
