2398958458;117542
2398978871;117543
2398999280;117544
2399019686;117545
2399040095;117546
2399060505;117547
2399080914;117548
2399101324;117549
2399121738;117550
2399142143;117551
2399162556;117552
2399182961;117553
2399203371;117554
2399223781;117555
2399244190;117556
2399264600;117557
2399285008;117558
2399305418;117559
2399325827;117560
2399346237;117561
2399366647;117562
2399387056;117563
2399407466;117564
2399427878;117565
2399448288;117566
2399468694;117567
2399489103;117568
2399509517;117569
2399529926;117570
2399550332;117571
2399570741;117572
2399591150;117573
2399611560;117574
2399631969;117575
2399652379;117576
2399672788;117577
2399693198;117578
2399713608;117579
2399734016;117580
2399754426;117581
2399774835;117582
2399795245;117583
2399815655;117584
2399836068;117585
2399856478;117586
2399876882;117587
2399897292;117588
2399917705;117589
2399938111;117590
2399958525;117591
2399978930;117592
2399999340;117593
2400019749;117594
2400040158;117595
2400060568;117596
2400080981;117597
2400101391;117598
2400121796;117599
2400142206;117600
2400162615;117601
2400183024;117602
2400203434;117603
2400223843;117604
2400244253;117605
2400264662;117606
2400285072;117607
2400305482;117608
2400325890;117609
2400346300;117610
2400366713;117611
2400387119;117612
2400407533;117613
2400427938;117614
2400448348;117615
2400468756;117616
2400489170;117617
2400509575;117618
2400529989;117619
2400550395;117620
2400570804;117621
2400591214;117622
2400611623;117623
2400632036;117624
2400652442;117625
2400672851;117626
2400693265;117627
2400713670;117628
2400734080;117629
2400754492;117630
2400774898;117631
2400795308;117632
2400815717;117633
2400836127;117634
2400856536;117635
2400876946;117636
2400897360;117637
2400917764;117638
2400938174;117639
2400958583;117640
2400978993;117641
2400999402;117642
2401019812;117643
2401040222;117644
2401060634;117645
2401081040;117646
2401101449;117647
2401121859;117648
2401142269;117649
2401162682;117650
2401183092;117651
2401203497;117652
2401223906;117653
2401244316;117654
2401264725;117655
2401285135;117656
2401305544;117657
2401325954;117658
2401346362;117659
2401366772;117660
2401387182;117661
2401407591;117662
2401428001;117663
2401448410;117664
2401468820;117665
2401489230;117666
2401509638;117667
2401530048;117668
2401550457;117669
2401570867;117670
2401591276;117671
2401611686;117672
2401632096;117673
2401652504;117674
2401672914;117675
2401693323;117676
2401713733;117677
2401734143;117678
2401754552;117679
2401774962;117680
2401795370;117681
2401815784;117682
2401836190;117683
2401856599;117684
2401877009;117685
2401897418;117686
2401917828;117687
2401938240;117688
2401958646;117689
2401979056;117690
2401999465;117691
2402019875;117692
2402040284;117693
2402060694;117694
2402081104;117695
2402101512;117696
2402121922;117697
2402142331;117698
2402162741;117699
2402183150;117700
2402203560;117701
2402223969;117702
2402244378;117703
2402264788;117704
2402285197;117705
2402305607;117706
2402326017;117707
2402346426;117708
2402366836;117709
2402387244;117710
2402407654;117711
2402428063;117712
2402448473;117713
2402468883;117714
2402489292;117715
2402509702;117716
2402530114;117717
2402550520;117718
2402570930;117719
2402591339;117720
2402611749;117721
2402632162;117722
2402652572;117723
2402672978;117724
2402693386;117725
2402713796;117726
2402734205;117727
2402754615;117728
2402775024;117729
2402795434;117730
2402815844;117731
2402836252;117732
2402856662;117733
2402877071;117734
2402897481;117735
2402917891;117736
2402938300;117737
2402958710;117738
2402979118;117739
2402999528;117740
2403019937;117741
2403040351;117742
2403060757;117743
2403081166;117744
2403101576;117745
2403121985;117746
2403142394;117747
2403162804;117748
2403183217;117749
2403203623;117750
2403224032;117751
2403244442;117752
2403264852;117753
2403285260;117754
2403305670;117755
2403326079;117756
2403346489;117757
2403366898;117758
2403387308;117759
2403407718;117760
2403428126;117761
2403448540;117762
2403468949;117763
2403489359;117764
2403509769;117765
2403530178;117766
2403550584;117767
2403570992;117768
2403591402;117769
2403611811;117770
2403632221;117771
2403652631;117772
2403673040;117773
2403693450;117774
2403713859;117775
2403734268;117776
2403754678;117777
2403775087;117778
2403795497;117779
2403815906;117780
2403836316;117781
2403856725;117782
2403877134;117783
2403897544;117784
2403917953;117785
2403938363;117786
2403958776;117787
2403979182;117788
2403999592;117789
2404020000;117790
2404040410;117791
2404060819;117792
2404081233;117793
2404101639;117794
2404122048;117795
2404142458;117796
2404162870;117797
2404183229;117798
2404203642;117799
2404224048;117800
2404244461;117801
2404264871;117802
2404285276;117803
2404305685;117804
2404326094;117805
2404346504;117806
2404366913;117807
2404387323;117808
2404407736;117809
2404428142;117810
2404448551;117811
2404468960;117812
2404489369;117813
2404509779;117814
2404530188;117815
2404550598;117816
2404571007;117817
2404591417;117818
2404611829;117819
2404632239;117820
2404652644;117821
2404673054;117822
2404693463;117823
2404713873;117824
2404734286;117825
2404754691;117826
2404775100;117827
2404795509;117828
2404815919;117829
2404836328;117830
2404856738;117831
2404877147;117832
2404897560;117833
2404917965;117834
2404938379;117835
2404958788;117836
2404979198;117837
2404999607;117838
2405020013;117839
2405040422;117840
2405060831;117841
2405081240;117842
2405101654;117843
2405122059;117844
2405142469;117845
2405162877;117846
2405183288;117847
2405203696;117848
2405224106;117849
2405244515;117850
2405264925;117851
2405285338;117852
2405305744;117853
2405326153;117854
2405346566;117855
2405366971;117856
2405387381;117857
2405407790;117858
2405428200;117859
2405448609;117860
2405469019;117861
2405489431;117862
2405509837;117863
2405530246;117864
2405550656;117865
2405571065;117866
2405591475;117867
2405611884;117868
2405632294;117869
2405652706;117870
2405673112;117871
2405693521;117872
2405713931;117873
2405734344;117874
2405754750;117875
2405775159;117876
2405795567;117877
2405815977;117878
2405836390;117879
2405856796;117880
2405877205;117881
2405897615;117882
2405918024;117883
2405938433;117884
2405958842;117885
2405979252;117886
2405999661;117887
2406020071;117888
2406040480;117889
2406060894;117890
2406081299;117891
2406101712;117892
2406122117;117893
2406142527;117894
2406162936;117895
2406183346;117896
2406203755;117897
2406224165;117898
2406244577;117899
2406264983;117900
2406285392;117901
2406305802;117902
2406326211;117903
2406346625;117904
2406367030;117905
2406387439;117906
2406407852;117907
2406428258;117908
2406448667;117909
2406469077;117910
2406489486;117911
2406509896;117912
2406530304;117913
2406550714;117914
2406571127;117915
2406591537;117916
2406611942;117917
2406632356;117918
2406652765;117919
2406673170;117920
2406693579;117921
2406713993;117922
2406734398;117923
2406754808;117924
2406775217;117925
2406795626;117926
2406816036;117927
2406836448;117928
2406856854;117929
2406877263;117930
2406897673;117931
2406918086;117932
2406938492;117933
2406958901;117934
2406979310;117935
2406999719;117936
2407020129;117937
2407040542;117938
2407060948;117939
2407081357;117940
2407101767;117941
2407122175;117942
2407142585;117943
2407162994;117944
2407183404;117945
2407203813;117946
2407224223;117947
2407244632;117948
2407265042;117949
2407285450;117950
2407305860;117951
2407326269;117952
2407346679;117953
2407367088;117954
2407387498;117955
2407407907;117956
2407428316;117957
2407448725;117958
2407469135;117959
2407489544;117960
2407509958;117961
2407530363;117962
2407550773;117963
2407571182;117964
2407591591;117965
2407612000;117966
2407632410;117967
2407652819;117968
2407673229;117969
2407693642;117970
2407714048;117971
2407734460;117972
2407754866;117973
2407775275;117974
2407795688;117975
2407816094;117976
2407836503;117977
2407856916;117978
2407877321;117979
2407897731;117980
2407918140;117981
2407938550;117982
2407958959;117983
2407979369;117984
2407999778;117985
2408020188;117986
2408040596;117987
2408061006;117988
2408081415;117989
2408101825;117990
2408122234;117991
2408142644;117992
2408163053;117993
2408183462;117994
2408203871;117995
2408224281;117996
2408244690;117997
2408265100;117998
2408285509;117999
2408305919;118000
2408326327;118001
2408346737;118002
2408367146;118003
2408387556;118004
2408407965;118005
2408428379;118006
2408448784;118007
2408469193;118008
2408489602;118009
2408510012;118010
2408530425;118011
2408550831;118012
2408571240;118013
2408591650;118014
2408612059;118015
2408632468;118016
2408652881;118017
2408673291;118018
2408693696;118019
2408714110;118020
2408734515;118021
2408754924;118022
2408775333;118023
2408795742;118024
2408816152;118025
2408836561;118026
2408856971;118027
2408877380;118028
2408897793;118029
2408918198;118030
2408938608;118031
2408959017;118032
2408979427;118033
2408999840;118034
2409020246;118035
2409040655;118036
2409061064;118037
2409081473;118038
2409101887;118039
2409122296;118040
2409142702;118041
2409163111;118042
2409183521;118043
2409203929;118044
2409224339;118045
2409244748;118046
2409265158;118047
2409285567;118048
2409305981;118049
2409326386;118050
2409346795;118051
2409367204;118052
2409387614;118053
2409408023;118054
2409428433;118055
2409448842;118056
2409469252;118057
2409489661;118058
2409510074;118059
2409530479;118060
2409550889;118061
2409571298;118062
2409591708;118063
2409612117;118064
2409632527;118065
2409652935;118066
2409673345;118067
2409693754;118068
2409714164;118069
2409734573;118070
2409754983;118071
2409775392;118072
2409795801;118073
2409816210;118074
2409836619;118075
2409857033;118076
2409877442;118077
2409897848;118078
2409918257;118079
2409938666;118080
2409959075;118081
2409979485;118082
2409999894;118083
2410020304;118084
2410040713;118085
2410061123;118086
2410081532;118087
2410101941;118088
2410122350;118089
2410142764;118090
2410163169;118091
2410183579;118092
2410203988;118093
2410224402;118094
2410244806;118095
2410265216;118096
2410285625;118097
2410306035;118098
2410326444;118099
2410346854;118100
2410367263;118101
2410387676;118102
2410408081;118103
2410428491;118104
2410448900;118105
2410469314;118106
2410489719;118107
2410510133;118108
2410530538;118109
2410550947;118110
2410571360;118111
2410591766;118112
2410612175;118113
2410632589;118114
2410652994;118115
2410673404;118116
2410693812;118117
2410714222;118118
2410734631;118119
2410755045;118120
2410775450;118121
2410795859;118122
2410816272;118123
2410836677;118124
2410857087;118125
2410877496;118126
2410897910;118127
2410918315;118128
2410938725;118129
2410959134;118130
2410979544;118131
2410999952;118132
2411020362;118133
2411040771;118134
2411061181;118135
2411081590;118136
2411102004;118137
2411122409;118138
2411142818;118139
2411163227;118140
2411183637;118141
2411204050;118142
2411224456;118143
2411244865;118144
2411265275;118145
2411285683;118146
2411306093;118147
2411326502;118148
2411346912;118149
2411367321;118150
2411387731;118151
2411408140;118152
2411428553;118153
2411448958;118154
2411469372;118155
2411489777;118156
2411510187;118157
2411530596;118158
2411551006;118159
2411571415;118160
2411591824;118161
2411612233;118162
2411632643;118163
2411653052;118164
2411673462;118165
2411693875;118166
2411714284;118167
2411734693;118168
2411755099;118169
2411775508;118170
2411795917;118171
2411816327;118172
2411836736;118173
2411857150;118174
2411877558;118175
2411897964;118176
2411918373;118177
2411938783;118178
2411959196;118179
2411979606;118180
2412000011;118181
2412020420;118182
2412040829;118183
2412061239;118184
2412081648;118185
2412102058;118186
2412122467;118187
2412142877;118188
2412163286;118189
2412183695;118190
2412204104;118191
2412224514;118192
2412244923;118193
2412265337;118194
2412285742;118195
2412306152;118196
2412326560;118197
2412346970;118198
2412367379;118199
2412387793;118200
2412408198;118201
2412428608;118202
2412449017;118203
2412469427;118204
2412489835;118205
2412510245;118206
2412530654;118207
2412551064;118208
2412571473;118209
2412591883;118210
2412612291;118211
2412632701;118212
2412653110;118213
2412673520;118214
2412693929;118215
2412714339;118216
2412734748;118217
2412755158;118218
2412775570;118219
2412795979;118220
2412816385;118221
2412836794;118222
2412857208;118223
2412877613;118224
2412898023;118225
2412918435;118226
2412938841;118227
2412959250;118228
2412979660;118229
2413000069;118230
2413020479;118231
2413040888;118232
2413061298;118233
2413081706;118234
2413102116;118235
2413122525;118236
2413142935;118237
2413163344;118238
2413183758;118239
2413204163;118240
2413224572;118241
2413244981;118242
2413265391;118243
2413285800;118244
2413306214;118245
2413326619;118246
2413347029;118247
2413367437;118248
2413387847;118249
2413408256;118250
2413428666;118251
2413449075;118252
2413469485;118253
2413489894;118254
2413510303;118255
2413530716;118256
2413551122;118257
2413571531;118258
2413591941;118259
2413612350;118260
2413632760;118261
2413653168;118262
2413673578;118263
