2398943285;117544
2398963694;117545
2398984104;117546
2399004512;117547
2399024921;117548
2399045330;117549
2399065739;117550
2399086149;117551
2399106557;117552
2399126966;117553
2399147379;117554
2399167784;117555
2399188194;117556
2399208602;117557
2399229011;117558
2399249420;117559
2399269833;117560
2399290237;117561
2399310647;117562
2399331060;117563
2399351469;117564
2399371874;117565
2399392282;117566
2399412692;117567
2399433101;117568
2399453510;117569
2399473919;117570
2399494331;117571
2399514737;117572
2399535149;117573
2399555555;117574
2399575964;117575
2399596372;117576
2399616782;117577
2399637190;117578
2399657599;117579
2399678009;117580
2399698417;117581
2399718827;117582
2399739235;117583
2399759644;117584
2399780053;117585
2399800462;117586
2399820871;117587
2399841284;117588
2399861693;117589
2399882098;117590
2399902507;117591
2399922916;117592
2399943325;117593
2399963734;117594
2399984147;117595
2400004552;117596
2400024965;117597
2400045370;117598
2400065779;117599
2400086188;117600
2400106597;117601
2400127005;117602
2400147415;117603
2400167824;117604
2400188233;117605
2400208642;117606
2400229050;117607
2400249460;117608
2400269869;117609
2400290277;117610
2400310687;117611
2400331095;117612
2400351505;117613
2400371913;117614
2400392322;117615
2400412732;117616
2400433144;117617
2400453553;117618
2400473958;117619
2400494371;117620
2400514777;117621
2400535185;117622
2400555594;117623
2400576003;117624
2400596412;117625
2400616822;117626
2400637230;117627
2400657643;117628
2400678052;117629
2400698457;117630
2400718866;117631
2400739275;117632
2400759684;117633
2400780093;117634
2400800502;117635
2400820910;117636
2400841320;117637
2400861729;117638
2400882142;117639
2400902547;117640
2400922955;117641
2400943369;117642
2400963773;117643
2400984183;117644
2401004592;117645
2401025004;117646
2401045414;117647
2401065822;117648
2401086228;117649
2401106637;117650
2401127045;117651
2401147455;117652
2401167863;117653
2401188272;117654
2401208681;117655
2401229090;117656
2401249500;117657
2401269908;117658
2401290317;117659
2401310726;117660
2401331135;117661
2401351548;117662
2401371953;117663
2401392362;117664
2401412771;117665
2401433180;117666
2401453589;117667
2401474002;117668
2401494411;117669
2401514816;117670
2401535225;117671
2401555633;117672
2401576043;117673
2401596452;117674
2401616861;117675
2401637274;117676
2401657678;117677
2401678088;117678
2401698497;117679
2401718906;117680
2401739315;117681
2401759723;117682
2401780133;117683
2401800541;117684
2401820950;117685
2401841360;117686
2401861768;117687
2401882178;117688
2401902586;117689
2401922995;117690
2401943405;117691
2401963813;117692
2401984223;117693
2402004631;117694
2402025040;117695
2402045450;117696
2402065858;117697
2402086267;117698
2402106676;117699
2402127085;117700
2402147494;117701
2402167903;117702
2402188312;117703
2402208721;117704
2402229134;117705
2402249542;117706
2402269948;117707
2402290361;117708
2402310766;117709
2402331175;117710
2402351587;117711
2402371997;117712
2402392401;117713
2402412811;117714
2402433220;117715
2402453628;117716
2402474038;117717
2402494446;117718
2402514860;117719
2402535265;117720
2402555673;117721
2402576083;117722
2402596491;117723
2402616900;117724
2402637309;117725
2402657722;117726
2402678128;117727
2402698536;117728
2402718949;117729
2402739358;117730
2402759763;117731
2402780173;117732
2402800585;117733
2402820990;117734
2402841403;117735
2402861812;117736
2402882218;117737
2402902626;117738
2402923035;117739
2402943444;117740
2402963853;117741
2402984262;117742
2403004675;117743
2403025080;117744
2403045489;117745
2403065898;117746
2403086306;117747
2403106720;117748
2403127125;117749
2403147534;117750
2403167943;117751
2403188351;117752
2403208761;117753
2403229169;117754
2403249579;117755
2403269988;117756
2403290396;117757
2403310806;117758
2403331214;117759
2403351623;117760
2403372037;117761
2403392441;117762
2403412851;117763
2403433263;117764
2403453668;117765
2403474078;117766
2403494486;117767
2403514896;117768
2403535304;117769
2403555713;117770
2403576122;117771
2403596531;117772
2403616941;117773
2403637349;117774
2403657758;117775
2403678167;117776
2403698576;117777
2403718985;117778
2403739394;117779
2403759803;117780
2403780216;117781
2403800625;117782
2403821029;117783
2403841439;117784
2403861848;117785
2403882257;117786
2403902666;117787
2403923074;117788
2403943484;117789
2403963893;117790
2403984302;117791
2404004711;117792
2404025119;117793
2404045533;117794
2404065937;117795
2404086346;117796
2404106756;117797
2404127164;117798
2404147574;117799
2404167982;117800
2404188344;117801
2404208753;117802
2404229162;117803
2404249571;117804
2404269984;117805
2404290392;117806
2404310798;117807
2404331210;117808
2404351615;117809
2404372024;117810
2404392433;117811
2404412842;117812
2404433251;117813
2404453659;117814
2404474069;117815
2404494477;117816
2404514887;117817
2404535295;117818
2404555704;117819
2404576113;117820
2404596522;117821
2404616930;117822
2404637340;117823
2404657748;117824
2404678162;117825
2404698566;117826
2404718975;117827
2404739384;117828
2404759793;117829
2404780202;117830
2404800611;117831
2404821019;117832
2404841429;117833
2404861837;117834
2404882247;117835
2404902655;117836
2404923064;117837
2404943477;117838
2404963882;117839
2404984294;117840
2405004700;117841
2405025108;117842
2405045517;117843
2405065926;117844
2405086334;117845
2405106744;117846
2405127156;117847
2405147566;117848
2405167974;117849
2405188379;117850
2405208788;117851
2405229197;117852
2405249609;117853
2405270019;117854
2405290423;117855
2405310833;117856
2405331241;117857
2405351650;117858
2405372059;117859
2405392468;117860
2405412877;117861
2405433286;117862
2405453694;117863
2405474104;117864
2405494512;117865
2405514922;117866
2405535334;117867
2405555739;117868
2405576148;117869
2405596561;117870
2405616966;117871
2405637379;117872
2405657783;117873
2405678193;117874
2405698605;117875
2405719010;117876
2405739419;117877
2405759828;117878
2405780237;117879
2405800650;117880
2405821054;117881
2405841464;117882
2405861876;117883
2405882281;117884
2405902690;117885
2405923099;117886
2405943508;117887
2405963917;117888
2405984325;117889
2406004735;117890
2406025143;117891
2406045552;117892
2406065961;117893
2406086369;117894
2406106779;117895
2406127187;117896
2406147597;117897
2406168005;117898
2406188418;117899
2406208823;117900
2406229232;117901
2406249644;117902
2406270050;117903
2406290458;117904
2406310868;117905
2406331276;117906
2406351685;117907
2406372094;117908
2406392503;117909
2406412915;117910
2406433321;117911
2406453729;117912
2406474139;117913
2406494547;117914
2406514957;117915
2406535365;117916
2406555774;117917
2406576183;117918
2406596592;117919
2406617000;117920
2406637410;117921
2406657818;117922
2406678232;117923
2406698636;117924
2406719045;117925
2406739454;117926
2406759863;117927
2406780272;117928
2406800681;117929
2406821089;117930
2406841499;117931
2406861907;117932
2406882316;117933
2406902725;117934
2406923134;117935
2406943543;117936
2406963956;117937
2406984360;117938
2407004774;117939
2407025178;117940
2407045587;117941
2407065996;117942
2407086404;117943
2407106814;117944
2407127222;117945
2407147635;117946
2407168040;117947
2407188449;117948
2407208858;117949
2407229267;117950
2407249675;117951
2407270085;117952
2407290493;117953
2407310903;117954
2407331311;117955
2407351720;117956
2407372129;117957
2407392542;117958
2407412947;117959
2407433356;117960
2407453764;117961
2407474178;117962
2407494582;117963
2407514991;117964
2407535400;117965
2407555809;117966
2407576218;117967
2407596627;117968
2407617035;117969
2407637445;117970
2407657853;117971
2407678263;117972
2407698671;117973
2407719084;117974
2407739489;117975
2407759898;117976
2407780307;117977
2407800716;117978
2407821128;117979
2407841534;117980
2407861942;117981
2407882355;117982
2407902764;117983
2407923169;117984
2407943578;117985
2407963987;117986
2407984395;117987
2408004805;117988
2408025213;117989
2408045626;117990
2408066035;117991
2408086439;117992
2408106849;117993
2408127257;117994
2408147667;117995
2408168075;117996
2408188484;117997
2408208893;117998
2408229302;117999
2408249711;118000
2408270120;118001
2408290528;118002
2408310938;118003
2408331346;118004
2408351755;118005
2408372164;118006
2408392573;118007
2408412982;118008
2408433395;118009
2408453799;118010
2408474209;118011
2408494617;118012
2408515030;118013
2408535435;118014
2408555848;118015
2408576253;118016
2408596662;118017
2408617071;118018
2408637480;118019
2408657888;118020
2408678298;118021
2408698706;118022
2408719115;118023
2408739524;118024
2408759933;118025
2408780342;118026
2408800751;118027
2408821159;118028
2408841569;118029
2408861977;118030
2408882390;118031
2408902795;118032
2408923204;118033
2408943613;118034
2408964022;118035
2408984430;118036
2409004840;118037
2409025248;118038
2409045657;118039
2409066066;118040
2409086474;118041
2409106884;118042
2409127292;118043
2409147702;118044
2409168110;118045
2409188519;118046
2409208932;118047
2409229337;118048
2409249746;118049
2409270155;118050
2409290563;118051
2409310973;118052
2409331385;118053
2409351794;118054
2409372199;118055
2409392608;118056
2409413017;118057
2409433426;118058
2409453834;118059
2409474244;118060
2409494652;118061
2409515062;118062
2409535470;118063
2409555879;118064
2409576288;118065
2409596697;118066
2409617105;118067
2409637515;118068
2409657923;118069
2409678337;118070
2409698741;118071
2409719150;118072
2409739559;118073
2409759968;118074
2409780377;118075
2409800786;118076
2409821194;118077
2409841604;118078
2409862016;118079
2409882422;118080
2409902830;118081
2409923239;118082
2409943648;118083
2409964057;118084
2409984465;118085
2410004879;118086
2410025283;118087
2410045692;118088
2410066101;118089
2410086509;118090
2410106919;118091
2410127327;118092
2410147737;118093
2410168149;118094
2410188554;118095
2410208963;118096
2410229372;118097
2410249780;118098
2410270190;118099
2410290602;118100
2410311008;118101
2410331416;118102
2410351825;118103
2410372234;118104
2410392643;118105
2410413052;118106
2410433461;118107
2410453869;118108
2410474279;118109
2410494687;118110
2410515097;118111
2410535505;118112
2410555914;118113
2410576323;118114
2410596732;118115
2410617141;118116
2410637554;118117
2410657958;118118
2410678371;118119
2410698776;118120
2410719185;118121
2410739594;118122
2410760007;118123
2410780412;118124
2410800821;118125
2410821229;118126
2410841639;118127
2410862047;118128
2410882456;118129
2410902865;118130
2410923274;118131
2410943683;118132
2410964092;118133
2410984500;118134
2411004910;118135
2411025318;118136
2411045727;118137
2411066136;118138
2411086544;118139
2411106954;118140
2411127362;118141
2411147772;118142
2411168180;118143
2411188589;118144
2411208998;118145
2411229407;118146
2411249819;118147
2411270225;118148
2411290633;118149
2411311043;118150
2411331455;118151
2411351860;118152
2411372269;118153
2411392682;118154
2411413087;118155
2411433496;118156
2411453904;118157
2411474314;118158
2411494726;118159
2411515132;118160
2411535540;118161
2411555953;118162
2411576358;118163
2411596767;118164
2411617175;118165
2411637585;118166
2411657993;118167
2411678403;118168
2411698811;118169
2411719220;118170
2411739629;118171
2411760038;118172
2411780447;118173
2411800856;118174
2411821268;118175
2411841674;118176
2411862082;118177
2411882495;118178
2411902900;118179
2411923309;118180
2411943718;118181
2411964127;118182
2411984535;118183
2412004945;118184
2412025357;118185
2412045762;118186
2412066171;118187
2412086579;118188
2412106989;118189
2412127397;118190
2412147807;118191
2412168215;118192
2412188624;118193
2412209033;118194
2412229442;118195
2412249850;118196
2412270264;118197
2412290668;118198
2412311078;118199
2412331486;118200
2412351895;118201
2412372308;118202
2412392713;118203
2412413125;118204
2412433531;118205
2412453943;118206
2412474353;118207
2412494757;118208
2412515167;118209
2412535575;118210
2412555984;118211
2412576393;118212
2412596802;118213
2412617210;118214
2412637624;118215
2412658028;118216
2412678438;118217
2412698846;118218
2412719255;118219
2412739664;118220
2412760077;118221
2412780482;118222
2412800891;118223
2412821303;118224
2412841709;118225
2412862121;118226
2412882526;118227
2412902935;118228
2412923344;118229
2412943753;118230
2412964166;118231
2412984571;118232
2413004980;118233
2413025392;118234
2413045797;118235
2413066206;118236
2413086618;118237
2413107028;118238
2413127432;118239
2413147842;118240
2413168250;118241
2413188659;118242
2413209068;118243
2413229477;118244
2413249885;118245
2413270295;118246
2413290703;118247
2413311113;118248
2413331521;118249
2413351930;118250
2413372339;118251
2413392752;118252
2413413157;118253
2413433570;118254
2413453978;118255
2413474384;118256
2413494792;118257
2413515205;118258
2413535610;118259
2413556023;118260
2413576428;118261
2413596837;118262
2413617245;118263
2413637655;118264
2413658063;118265
2413678473;118266
