3894879587;190842
3894899997;190843
3894920406;190844
3894940814;190845
3894961224;190846
3894981632;190847
3895002042;190848
3895022450;190849
3895042859;190850
3895063269;190851
3895083677;190852
3895104087;190853
3895124495;190854
3895144908;190855
3895165317;190856
3895185722;190857
3895206132;190858
3895226540;190859
3895246949;190860
3895267358;190861
3895287771;190862
3895308175;190863
3895328585;190864
3895348994;190865
3895369407;190866
3895389812;190867
3895410220;190868
3895430630;190869
3895451038;190870
3895471448;190871
3895491856;190872
3895512265;190873
3895532675;190874
3895553083;190875
3895573493;190876
3895593901;190877
3895614310;190878
3895634723;190879
3895655128;190880
3895675538;190881
3895695946;190882
3895716355;190883
3895736764;190884
3895757173;190885
3895777585;190886
3895797991;190887
3895818400;190888
3895838809;190889
3895859218;190890
3895879626;190891
3895900040;190892
3895920448;190893
3895940858;190894
3895961262;190895
3895981671;190896
3896002081;190897
3896022489;190898
3896042899;190899
3896063307;190900
3896083716;190901
3896104125;190902
3896124534;190903
3896144944;190904
3896165352;190905
3896185765;190906
3896206170;190907
3896226579;190908
3896246987;190909
3896267397;190910
3896287806;190911
3896308218;190912
3896328624;190913
3896349032;190914
3896369442;190915
3896389850;190916
3896410260;190917
3896430672;190918
3896451077;190919
3896471491;190920
3896491895;190921
3896512304;190922
3896532713;190923
3896553122;190924
3896573535;190925
3896593944;190926
3896614350;190927
3896634762;190928
3896655167;190929
3896675576;190930
3896695985;190931
3896716393;190932
3896736803;190933
3896757212;190934
3896777621;190935
3896798030;190936
3896818438;190937
3896838848;190938
3896859256;190939
3896879666;190940
3896900078;190941
3896920483;190942
3896940893;190943
3896961301;190944
3896981711;190945
3897002119;190946
3897022528;190947
3897042937;190948
3897063350;190949
3897083756;190950
3897104168;190951
3897124573;190952
3897144982;190953
3897165391;190954
3897185799;190955
3897206213;190956
3897226618;190957
3897247027;190958
3897267436;190959
3897287844;190960
3897308258;190961
3897328662;190962
3897349072;190963
3897369480;190964
3897389893;190965
3897410299;190966
3897430707;190967
3897451116;190968
3897471525;190969
3897491934;190970
3897512343;190971
3897532752;190972
3897553161;190973
3897573574;190974
3897593979;190975
3897614388;190976
3897634797;190977
3897655209;190978
3897675615;190979
3897696024;190980
3897716433;190981
3897736842;190982
3897757250;190983
3897777660;190984
3897798068;190985
3897818477;190986
3897838890;190987
3897859295;190988
3897879705;190989
3897900113;190990
3897920523;190991
3897940931;190992
3897961344;190993
3897981749;190994
3898002162;190995
3898022567;190996
3898042976;190997
3898063385;190998
3898083797;190999
3898104203;191000
3898124611;191001
3898145025;191002
3898165430;191003
3898185839;191004
3898206248;191005
3898226660;191006
3898247070;191007
3898267478;191008
3898287883;191009
3898308292;191010
3898328701;191011
3898349111;191012
3898369519;191013
3898389928;191014
3898410337;191015
3898430750;191016
3898451155;191017
3898471564;191018
3898491973;191019
3898512382;191020
3898532791;191021
3898553200;191022
3898573613;191023
3898594017;191024
3898614427;191025
3898634836;191026
3898655245;191027
3898675658;191028
3898696062;191029
3898716472;191030
3898736880;191031
3898757289;191032
3898777698;191033
3898798107;191034
3898818521;191035
3898838925;191036
3898859338;191037
3898879743;191038
3898900156;191039
3898920561;191040
3898940970;191041
3898961383;191042
3898981788;191043
3899002197;191044
3899022606;191045
3899043015;191046
3899063423;191047
3899083833;191048
3899104246;191049
3899124650;191050
3899145060;191051
3899165468;191052
3899185878;191053
3899206286;191054
3899226695;191055
3899247104;191056
3899267517;191057
3899287923;191058
3899308331;191059
3899328740;191060
3899349153;191061
3899369562;191062
3899389966;191063
3899410380;191064
3899430785;191065
3899451198;191066
3899471603;191067
3899492012;191068
3899512421;191069
3899532829;191070
3899553239;191071
3899573648;191072
3899594056;191073
3899614466;191074
3899634878;191075
3899655284;191076
3899675692;191077
3899696101;191078
3899716510;191079
3899736919;191080
3899757329;191081
3899777737;191082
3899798146;191083
3899818555;191084
3899838964;191085
3899859376;191086
3899879782;191087
3899900191;191088
3899920604;191089
3899941009;191090
3899961417;191091
3899981827;191092
3900002235;191093
3900022645;191094
3900043058;191095
3900063462;191096
3900083872;191097
3900104284;191098
3900124690;191099
3900145098;191100
3900165507;191101
3900185916;191102
3900206329;191103
3900226735;191104
3900247143;191105
3900267552;191106
3900287961;191107
3900308370;191108
3900328778;191109
3900349192;191110
3900369601;191111
3900390006;191112
3900410415;191113
3900430823;191114
3900451233;191115
3900471641;191116
3900492055;191117
3900512460;191118
3900532868;191119
3900553282;191120
3900573686;191121
3900594096;191122
3900614504;191123
3900634913;191124
3900655322;191125
3900675731;191126
3900696141;191127
3900716549;191128
3900736958;191129
3900757367;191130
3900777780;191131
3900798184;191132
3900818594;191133
3900839003;191134
3900859416;191135
3900879821;191136
3900900229;191137
3900920639;191138
3900941047;191139
3900961457;191140
3900981866;191141
3901002274;191142
3901022688;191143
3901043092;191144
3901063505;191145
3901083914;191146
3901104319;191147
3901124728;191148
3901145137;191149
3901165547;191150
3901185955;191151
3901206364;191152
3901226776;191153
3901247182;191154
3901267590;191155
3901288000;191156
3901308413;191157
3901328818;191158
3901349227;191159
3901369635;191160
3901390045;191161
3901410453;191162
3901430863;191163
3901451272;191164
3901471680;191165
3901492090;191166
3901512498;191167
3901532908;191168
3901553316;191169
3901573725;191170
3901594134;191171
3901614543;191172
3901634952;191173
3901655361;191174
3901675774;191175
3901696179;191176
3901716588;191177
3901736996;191178
3901757406;191179
3901777815;191180
3901798224;191181
3901818637;191182
3901839045;191183
3901859451;191184
3901879859;191185
3901900268;191186
3901920678;191187
3901941086;191188
3901961496;191189
3901981908;191190
3902002314;191191
3902022722;191192
3902043131;191193
3902063540;191194
3902083949;191195
3902104358;191196
3902124767;191197
3902145176;191198
3902165585;191199
3902185994;191200
3902206402;191201
3902226812;191202
3902247221;191203
3902267629;191204
3902288043;191205
3902308447;191206
3902328857;191207
3902349265;191208
3902369674;191209
3902390084;191210
3902410492;191211
3902430902;191212
3902451310;191213
3902471719;191214
3902492128;191215
3902512537;191216
3902532946;191217
3902553355;191218
3902573764;191219
3902594173;191220
3902614586;191221
3902634994;191222
3902655400;191223
3902675808;191224
3902696218;191225
3902716627;191226
3902737035;191227
3902757445;191228
3902777853;191229
3902798263;191230
3902818671;191231
3902839084;191232
3902859494;191233
3902879898;191234
3902900308;191235
3902920716;191236
3902941125;191237
3902961534;191238
3902981947;191239
3903002352;191240
3903022761;191241
3903043170;191242
3903063583;191243
3903083988;191244
3903104400;191245
3903124810;191246
3903145214;191247
3903165624;191248
3903186033;191249
3903206441;191250
3903226855;191251
3903247259;191252
3903267669;191253
3903288077;191254
3903308486;191255
3903328900;191256
3903349304;191257
3903369714;191258
3903390122;191259
3903410531;191260
3903430940;191261
3903451349;191262
3903471757;191263
3903492167;191264
3903512576;191265
3903532985;191266
3903553394;191267
3903573802;191268
3903594212;191269
3903614624;191270
3903635034;191271
3903655439;191272
3903675847;191273
3903696257;191274
3903716665;191275
3903737075;191276
3903757483;191277
3903777892;191278
3903798306;191279
3903818710;191280
3903839119;191281
3903859528;191282
3903879937;191283
3903900346;191284
3903920755;191285
3903941164;191286
3903961573;191287
3903981986;191288
3904002391;191289
3904022800;191290
3904043208;191291
3904063618;191292
3904084026;191293
3904104436;191294
3904124845;191295
3904145253;191296
3904165667;191297
3904186071;191298
3904206480;191299
3904226889;191300
3904247298;191301
3904267720;191302
3904288124;191303
3904308533;191304
3904328942;191305
3904349351;191306
3904369760;191307
3904390169;191308
3904410578;191309
3904430987;191310
3904451400;191311
3904471809;191312
3904492218;191313
3904512623;191314
3904533032;191315
3904553441;191316
3904573853;191317
3904594259;191318
3904614667;191319
3904635081;191320
3904655486;191321
3904675895;191322
3904696304;191323
3904716712;191324
3904737122;191325
3904757530;191326
3904777939;191327
3904798349;191328
3904818757;191329
3904839171;191330
3904859575;191331
3904879984;191332
3904900394;191333
3904920802;191334
3904941212;191335
3904961620;191336
3904982029;191337
3905002438;191338
3905022851;191339
3905043256;191340
3905063665;191341
3905084078;191342
3905104483;191343
3905124892;191344
3905145301;191345
3905165710;191346
3905186119;191347
3905206528;191348
3905226941;191349
3905247345;191350
3905267759;191351
3905288164;191352
3905308576;191353
3905328982;191354
3905349390;191355
3905369800;191356
3905390209;191357
3905410617;191358
3905431027;191359
3905451435;191360
3905471845;191361
3905492253;191362
3905512662;191363
3905533072;191364
3905553480;191365
3905573890;191366
3905594298;191367
3905614707;191368
3905635117;191369
3905655525;191370
3905675939;191371
3905696343;191372
3905716752;191373
3905737161;191374
3905757574;191375
3905777980;191376
3905798388;191377
3905818797;191378
3905839206;191379
3905859615;191380
3905880023;191381
3905900433;191382
3905920842;191383
3905941251;191384
3905961660;191385
3905982068;191386
3906002482;191387
3906022887;191388
3906043296;191389
3906063705;191390
3906084117;191391
3906104523;191392
3906124935;191393
3906145341;191394
3906165750;191395
3906186158;191396
3906206568;191397
3906226976;191398
3906247386;191399
3906267795;191400
3906288203;191401
3906308613;191402
3906329021;191403
3906349431;191404
3906369839;191405
3906390248;191406
3906410658;191407
3906431066;191408
3906451475;191409
3906471884;191410
3906492297;191411
3906512703;191412
3906533111;191413
3906553520;191414
3906573929;191415
3906594338;191416
3906614750;191417
3906635160;191418
3906655565;191419
3906675974;191420
3906696383;191421
3906716792;191422
3906737201;191423
3906757609;191424
3906778023;191425
3906798432;191426
3906818836;191427
3906839246;191428
3906859654;191429
3906880064;191430
3906900473;191431
3906920881;191432
3906941291;191433
3906961699;191434
3906982109;191435
3907002521;191436
3907022926;191437
3907043336;191438
3907063744;191439
3907084153;191440
3907104562;191441
3907124971;191442
3907145381;191443
3907165789;191444
3907186198;191445
3907206607;191446
3907227020;191447
3907247425;191448
3907267834;191449
3907288243;191450
3907308656;191451
3907329061;191452
3907349470;191453
3907369879;191454
3907390288;191455
3907410697;191456
3907431106;191457
3907451515;191458
3907471924;191459
3907492332;191460
3907512742;191461
3907533151;191462
3907553559;191463
3907573969;191464
3907594377;191465
3907614787;191466
3907635196;191467
3907655604;191468
3907676018;191469
3907696422;191470
3907716832;191471
3907737240;191472
3907757649;191473
3907778059;191474
3907798467;191475
3907818877;191476
3907839289;191477
3907859694;191478
3907880103;191479
3907900516;191480
3907920921;191481
3907941334;191482
3907961739;191483
3907982151;191484
3908002557;191485
3908022966;191486
3908043375;191487
3908063784;191488
3908084192;191489
3908104602;191490
3908125010;191491
3908145420;191492
3908165829;191493
3908186237;191494
3908206647;191495
3908227055;191496
3908247465;191497
3908267874;191498
3908288282;191499
3908308692;191500
3908329100;191501
3908349510;191502
3908369918;191503
3908390327;191504
3908410737;191505
3908431145;191506
3908451558;191507
3908471967;191508
3908492372;191509
3908512782;191510
3908533190;191511
3908553599;191512
3908574012;191513
3908594417;191514
3908614826;191515
3908635235;191516
3908655644;191517
3908676053;191518
3908696462;191519
3908716871;191520
3908737280;191521
3908757688;191522
3908778098;191523
3908798507;191524
3908818916;191525
3908839325;191526
3908859733;191527
3908880143;191528
3908900552;191529
3908920960;191530
3908941370;191531
3908961778;191532
3908982188;191533
3909002596;191534
3909023009;191535
3909043415;191536
3909063823;191537
3909084233;191538
3909104641;191539
3909125050;191540
3909145464;191541
3909165872;191542
3909186278;191543
3909206686;191544
3909227099;191545
3909247504;191546
3909267913;191547
3909288322;191548
3909308731;191549
3909329140;191550
3909349549;191551
3909369958;191552
3909390367;191553
3909410776;191554
3909431185;191555
3909451594;191556
3909472003;191557
3909492411;191558
3909512821;191559
3909533230;191560
3909553639;191561
3909574048;191562
3909594456;191563
3909614866;191564
3909635275;191565
3909655684;191566
3909676093;191567
3909696501;191568
3909716911;191569
3909737319;191570
3909757728;191571
3909778138;191572
3909798546;191573
3909818956;191574
3909839364;191575
3909859773;191576
3909880186;191577
3909900595;191578
3909921005;191579
3909941409;191580
3909961818;191581
3909982227;191582
3910002636;191583
3910023045;191584
3910043454;191585
3910063863;191586
3910084272;191587
3910104681;191588
3910125089;191589
3910145499;191590
3910165908;191591
3910186317;191592
3910206726;191593
3910227138;191594
3910247544;191595
3910267953;191596
3910288362;191597
3910308775;191598
3910329179;191599
3910349593;191600
3910369997;191601
3910390407;191602
3910410816;191603
3910431224;191604
3910451634;191605
3910472042;191606
3910492451;191607
3910512861;191608
3910533269;191609
3910553679;191610
3910574087;191611
3910594496;191612
3910614905;191613
3910635318;191614
3910655724;191615
3910676132;191616
3910696541;191617
3910716950;191618
3910737359;191619
3910757768;191620
3910778177;191621
3910798586;191622
3910818995;191623
3910839404;191624
3910859816;191625
3910880222;191626
3910900631;191627
3910921040;191628
3910941449;191629
3910961857;191630
3910982271;191631
3911002675;191632
3911023085;191633
3911043498;191634
3911063902;191635
3911084312;191636
3911104724;191637
3911125130;191638
3911145539;191639
3911165947;191640
3911186357;191641
3911206765;191642
3911227175;191643
3911247587;191644
3911267996;191645
3911288402;191646
3911308810;191647
3911329219;191648
3911349628;191649
3911370037;191650
3911390447;191651
3911410855;191652
3911431264;191653
3911451673;191654
3911472082;191655
3911492490;191656
3911512904;191657
3911533309;191658
3911553718;191659
3911574127;191660
3911594536;191661
3911614945;191662
3911635353;191663
3911655763;191664
3911676172;191665
3911696581;191666
3911716990;191667
3911737398;191668
3911757808;191669
3911778217;191670
3911798625;191671
3911819035;191672
3911839443;191673
3911859853;191674
3911880261;191675
3911900670;191676
3911921080;191677
3911941488;191678
3911961898;191679
3911982306;191680
3912002715;191681
3912023125;191682
3912043533;191683
3912063943;191684
3912084355;191685
3912104760;191686
3912125169;191687
3912145578;191688
3912165987;191689
3912186396;191690
3912206805;191691
3912227214;191692
3912247623;191693
3912268032;191694
3912288441;191695
3912308850;191696
3912329262;191697
3912349668;191698
3912370076;191699
3912390486;191700
3912410895;191701
3912431304;191702
3912451713;191703
3912472125;191704
3912492535;191705
3912512940;191706
3912533348;191707
3912553762;191708
3912574170;191709
3912594576;191710
3912614984;191711
3912635393;191712
3912655803;191713
3912676211;191714
3912696621;191715
3912717033;191716
3912737438;191717
3912757847;191718
3912778260;191719
3912798666;191720
3912819074;191721
3912839483;191722
3912859892;191723
3912880305;191724
3912900710;191725
3912921119;191726
3912941528;191727
3912961941;191728
3912982346;191729
3913002754;191730
3913023164;191731
3913043573;191732
3913063982;191733
3913084391;191734
3913104799;191735
3913125209;191736
3913145618;191737
3913166031;191738
3913186436;191739
3913206844;191740
3913227258;191741
3913247666;191742
3913268075;191743
3913288481;191744
3913308889;191745
3913329299;191746
3913349707;191747
3913370116;191748
3913390530;191749
3913410938;191750
3913431348;191751
3913451752;191752
3913472165;191753
3913492574;191754
3913512979;191755
3913533393;191756
3913553801;191757
3913574206;191758
3913594615;191759
3913615028;191760
3913635436;191761
3913655842;191762
3913676251;191763
3913696660;191764
3913717069;191765
3913737478;191766
3913757887;191767
3913778296;191768
3913798709;191769
3913819114;191770
3913839523;191771
3913859932;191772
3913880340;191773
3913900750;191774
3913921159;191775
3913941567;191776
3913961977;191777
3913982385;191778
3914002795;191779
3914023204;191780
3914043612;191781
3914064022;191782
3914084430;191783
3914104840;191784
3914125248;191785
3914145657;191786
3914166067;191787
3914186475;191788
3914206884;191789
3914227293;191790
3914247702;191791
3914268116;191792
3914288524;191793
3914308933;191794
3914329342;191795
3914349751;191796
3914370160;191797
3914390569;191798
3914410978;191799
3914431387;191800
3914451796;191801
3914472205;191802
3914492614;191803
3914513023;191804
3914533432;191805
3914553841;191806
3914574249;191807
3914594663;191808
3914615068;191809
3914635477;191810
3914655886;191811
3914676294;191812
3914696704;191813
3914717113;191814
3914737526;191815
3914757931;191816
3914778343;191817
3914798749;191818
3914819157;191819
3914839567;191820
3914859976;191821
3914880384;191822
3914900794;191823
3914921202;191824
3914941611;191825
3914962021;191826
3914982433;191827
3915002839;191828
3915023247;191829
3915043657;191830
3915064066;191831
3915084474;191832
3915104884;191833
3915125292;191834
3915145701;191835
3915166110;191836
3915186519;191837
3915206929;191838
3915227337;191839
3915247746;191840
3915268159;191841
3915288564;191842
3915308974;191843
3915329382;191844
3915349791;191845
3915370200;191846
3915390613;191847
3915411022;191848
3915431427;191849
3915451836;191850
3915472249;191851
3915492654;191852
3915513063;191853
3915533472;191854
3915553881;191855
3915574290;191856
3915594699;191857
3915615107;191858
3915635521;191859
3915655926;191860
3915676335;191861
3915696744;191862
3915717152;191863
3915737562;191864
3915757971;191865
3915778380;191866
3915798789;191867
3915819197;191868
3915839607;191869
3915860016;191870
3915880425;191871
3915900834;191872
3915921246;191873
3915941652;191874
3915962060;191875
3915982470;191876
3916002879;191877
3916023291;191878
3916043697;191879
3916064105;191880
3916084514;191881
3916104924;191882
3916125332;191883
3916145742;191884
3916166150;191885
3916186559;191886
3916206969;191887
3916227381;191888
3916247787;191889
3916268195;191890
3916288604;191891
3916309014;191892
3916329422;191893
3916349832;191894
3916370244;191895
3916390653;191896
3916411058;191897
3916431467;191898
3916451876;191899
3916472289;191900
3916492694;191901
3916513103;191902
3916533512;191903
3916553921;191904
3916574330;191905
3916594739;191906
3916615148;191907
3916635557;191908
3916655966;191909
3916676375;191910
3916696784;191911
3916717192;191912
3916737606;191913
3916758010;191914
3916778420;191915
3916798829;191916
3916819238;191917
3916839647;191918
3916860055;191919
3916880465;191920
3916900878;191921
3916921286;191922
3916941696;191923
3916962100;191924
3916982510;191925
3917002919;191926
3917023327;191927
3917043741;191928
3917064145;191929
3917084555;191930
3917104968;191931
3917125372;191932
3917145782;191933
3917166190;191934
3917186600;191935
3917207008;191936
3917227417;191937
3917247827;191938
3917268235;191939
3917288644;191940
3917309053;191941
3917329462;191942
3917349872;191943
3917370280;191944
3917390689;191945
3917411098;191946
3917431507;191947
3917451917;191948
3917472325;191949
3917492734;191950
3917513143;191951
3917533552;191952
3917553961;191953
3917574374;191954
3917594779;191955
3917615192;191956
3917635597;191957
3917656005;191958
3917676415;191959
3917696824;191960
3917717233;191961
3917737646;191962
3917758051;191963
3917778460;191964
3917798869;191965
3917819278;191966
3917839687;191967
3917860095;191968
3917880505;191969
3917900914;191970
3917921327;191971
3917941736;191972
3917962140;191973
3917982550;191974
3918002958;191975
3918023368;191976
3918043777;191977
3918064185;191978
3918084595;191979
3918105003;191980
3918125413;191981
3918145822;191982
3918166230;191983
3918186640;191984
3918207048;191985
3918227457;191986
3918247867;191987
3918268279;191988
3918288685;191989
3918309093;191990
3918329502;191991
3918349911;191992
3918370320;191993
3918390730;191994
3918411138;191995
3918431547;191996
3918451956;191997
3918472365;191998
3918492774;191999
3918513187;192000
3918533592;192001
3918554001;192002
3918574414;192003
3918594820;192004
3918615228;192005
3918635637;192006
3918656050;192007
3918676455;192008
3918696864;192009
3918717277;192010
3918737682;192011
3918758091;192012
3918778500;192013
3918798908;192014
3918819322;192015
3918839727;192016
3918860136;192017
3918880545;192018
3918900953;192019
3918921363;192020
3918941772;192021
3918962184;192022
3918982590;192023
3919002998;192024
3919023408;192025
3919043817;192026
3919064225;192027
3919084635;192028
3919105043;192029
3919125453;192030
3919145861;192031
3919166270;192032
3919186680;192033
3919207088;192034
3919227502;192035
3919247906;192036
3919268315;192037
3919288725;192038
3919309133;192039
3919329543;192040
3919349955;192041
3919370364;192042
3919390774;192043
3919411178;192044
3919431587;192045
3919451996;192046
3919472405;192047
3919492815;192048
3919513223;192049
3919533632;192050
3919554041;192051
3919574450;192052
3919594863;192053
3919615272;192054
3919635681;192055
3919656086;192056
3919676495;192057
3919696908;192058
3919717313;192059
3919737722;192060
3919758131;192061
3919778540;192062
3919798948;192063
3919819358;192064
3919839767;192065
3919860176;192066
3919880589;192067
3919900997;192068
3919921403;192069
3919941815;192070
3919962221;192071
3919982630;192072
3920003038;192073
3920023448;192074
3920043860;192075
3920064266;192076
3920084679;192077
3920105083;192078
3920125493;192079
3920145901;192080
3920166311;192081
3920186720;192082
3920207128;192083
3920227538;192084
3920247946;192085
3920268355;192086
3920288765;192087
3920309173;192088
3920329583;192089
3920349995;192090
3920370404;192091
3920390809;192092
3920411218;192093
3920431632;192094
3920452036;192095
3920472445;192096
3920492858;192097
3920513263;192098
3920533676;192099
3920554081;192100
3920574490;192101
3920594899;192102
3920615308;192103
3920635718;192104
3920656130;192105
3920676539;192106
3920696948;192107
3920717353;192108
3920737762;192109
3920758171;192110
3920778580;192111
3920798989;192112
3920819398;192113
3920839806;192114
3920860216;192115
3920880625;192116
3920901034;192117
3920921447;192118
3920941851;192119
3920962261;192120
3920982670;192121
3921003079;192122
3921023487;192123
3921043896;192124
3921064306;192125
3921084715;192126
3921105123;192127
3921125533;192128
3921145941;192129
3921166351;192130
3921186759;192131
3921207168;192132
3921227578;192133
3921247990;192134
3921268396;192135
3921288804;192136
3921309213;192137
3921329623;192138
3921350031;192139
3921370444;192140
3921390849;192141
3921411258;192142
3921431672;192143
3921452076;192144
3921472486;192145
3921492894;192146
3921513307;192147
3921533712;192148
3921554125;192149
3921574531;192150
3921594939;192151
3921615348;192152
3921635757;192153
3921656166;192154
3921676575;192155
3921696984;192156
3921717393;192157
3921737802;192158
3921758211;192159
3921778620;192160
3921799029;192161
3921819442;192162
3921839847;192163
3921860256;192164
3921880665;192165
3921901074;192166
3921921483;192167
3921941892;192168
3921962301;192169
3921982709;192170
3922003119;192171
3922023528;192172
3922043936;192173
3922064346;192174
3922084754;192175
3922105164;192176
3922125573;192177
3922145981;192178
3922166391;192179
3922186799;192180
3922207209;192181
3922227618;192182
3922248026;192183
3922268436;192184
3922288844;192185
3922309254;192186
3922329662;192187
3922350071;192188
3922370481;192189
3922390889;192190
3922411299;192191
3922431707;192192
3922452120;192193
3922472526;192194
3922492934;192195
3922513347;192196
3922533752;192197
3922554161;192198
3922574571;192199
3922594979;192200
3922615388;192201
3922635797;192202
3922656210;192203
3922676616;192204
3922697028;192205
3922717433;192206
3922737842;192207
3922758255;192208
3922778659;192209
3922799069;192210
3922819478;192211
3922839891;192212
3922860296;192213
3922880705;192214
3922901118;192215
3922921527;192216
3922941932;192217
3922962345;192218
3922982753;192219
3923003159;192220
3923023568;192221
3923043977;192222
3923064386;192223
3923084794;192224
3923105204;192225
3923125612;192226
3923146021;192227
3923166431;192228
3923186839;192229
3923207249;192230
3923227657;192231
3923248070;192232
3923268476;192233
3923288884;192234
3923309294;192235
3923329702;192236
3923350111;192237
3923370521;192238
3923390929;192239
3923411343;192240
3923431747;192241
3923452156;192242
3923472566;192243
3923492974;192244
3923513384;192245
3923533792;192246
3923554201;192247
3923574614;192248
3923595019;192249
3923615429;192250
3923635837;192251
3923656246;192252
3923676655;192253
3923697064;192254
3923717473;192255
3923737882;192256
3923758291;192257
3923778704;192258
3923799109;192259
3923819518;192260
3923839927;192261
3923860336;192262
3923880749;192263
3923901154;192264
3923921562;192265
3923941972;192266
3923962381;192267
3923982790;192268
3924003199;192269
3924023607;192270
3924044017;192271
3924064426;192272
3924084834;192273
3924105244;192274
3924125652;192275
3924146062;192276
3924166471;192277
3924186879;192278
3924207289;192279
3924227697;192280
3924248111;192281
3924268516;192282
3924288924;192283
3924309334;192284
3924329746;192285
3924350155;192286
3924370560;192287
3924390969;192288
3924411379;192289
3924431791;192290
3924452197;192291
3924472609;192292
3924493018;192293
3924513424;192294
3924533832;192295
3924554241;192296
3924574650;192297
3924595059;192298
3924615469;192299
3924635877;192300
3924656290;192301
3924676695;192302
3924697104;192303
3924717513;192304
3924737922;192305
3924758331;192306
3924778740;192307
3924799149;192308
3924819558;192309
3924839967;192310
3924860376;192311
3924880785;192312
3924901198;192313
3924921602;192314
3924942012;192315
3924962421;192316
3924982830;192317
3925003239;192318
3925023647;192319
3925044057;192320
3925064466;192321
3925084875;192322
3925105284;192323
3925125692;192324
3925146102;192325
3925166510;192326
3925186920;192327
3925207333;192328
3925227737;192329
3925248147;192330
3925268555;192331
3925288964;192332
3925309378;192333
3925329782;192334
3925350192;192335
3925370600;192336
3925391009;192337
3925411419;192338
3925431827;192339
3925452237;192340
3925472645;192341
3925493054;192342
3925513463;192343
3925533872;192344
3925554281;192345
3925574690;192346
3925595103;192347
3925615508;192348
3925635917;192349
3925656327;192350
3925676735;192351
3925697144;192352
3925717553;192353
3925737966;192354
3925758371;192355
3925778780;192356
3925799193;192357
3925819598;192358
3925840007;192359
3925860416;192360
3925880825;192361
3925901234;192362
3925921643;192363
3925942052;192364
3925962460;192365
3925982874;192366
3926003279;192367
3926023687;192368
3926044097;192369
3926064505;192370
3926084915;192371
3926105324;192372
3926125733;192373
3926146146;192374
3926166554;192375
3926186960;192376
3926207369;192377
3926227777;192378
3926248187;192379
3926268595;192380
3926289005;192381
3926309413;192382
3926329822;192383
3926350232;192384
3926370640;192385
3926391050;192386
3926411458;192387
3926431867;192388
3926452277;192389
3926472689;192390
3926493095;192391
3926513503;192392
3926533912;192393
3926554322;192394
3926574730;192395
3926595139;192396
3926615548;192397
3926635957;192398
3926656371;192399
3926676775;192400
3926697184;192401
3926717593;192402
3926738002;192403
3926758411;192404
3926778820;192405
3926799229;192406
3926819638;192407
3926840047;192408
3926860459;192409
3926880865;192410
3926901274;192411
3926921683;192412
3926942092;192413
3926962500;192414
3926982910;192415
3927003319;192416
3927023728;192417
3927044137;192418
3927064545;192419
3927084955;192420
3927105368;192421
3927125773;192422
3927146182;192423
3927166594;192424
3927187004;192425
3927207412;192426
3927227818;192427
3927248227;192428
3927268639;192429
3927289049;192430
3927309453;192431
3927329862;192432
3927350272;192433
3927370680;192434
3927391090;192435
3927411498;192436
3927431907;192437
3927452317;192438
3927472725;192439
3927493135;192440
3927513543;192441
3927533952;192442
3927554365;192443
3927574770;192444
3927595180;192445
3927615588;192446
3927635997;192447
3927656410;192448
3927676819;192449
3927697228;192450
3927717637;192451
3927738042;192452
3927758451;192453
3927778860;192454
3927799269;192455
3927819682;192456
3927840087;192457
3927860496;192458
3927880909;192459
3927901314;192460
3927921723;192461
3927942132;192462
3927962541;192463
3927982950;192464
3928003358;192465
3928023768;192466
3928044177;192467
3928064585;192468
3928084995;192469
3928105403;192470
3928125813;192471
3928146222;192472
3928166630;192473
3928187040;192474
3928207448;192475
3928227858;192476
3928248267;192477
3928268679;192478
3928289089;192479
3928309493;192480
3928329907;192481
3928350311;192482
3928370720;192483
3928391134;192484
3928411538;192485
3928431948;192486
3928452356;192487
3928472765;192488
3928493179;192489
3928513583;192490
3928533996;192491
3928554401;192492
3928574810;192493
3928595220;192494
3928615628;192495
3928636037;192496
3928656450;192497
3928676855;192498
3928697265;192499
3928717673;192500
3928738082;192501
3928758491;192502
3928778904;192503
3928799309;192504
3928819718;192505
3928840127;192506
3928860536;192507
3928880945;192508
3928901353;192509
3928921767;192510
3928942172;192511
3928962585;192512
3928982994;192513
3929003402;192514
3929023812;192515
3929044217;192516
3929064626;192517
3929085035;192518
3929105443;192519
3929125857;192520
3929146261;192521
3929166674;192522
3929187080;192523
3929207488;192524
3929227898;192525
3929248306;192526
3929268715;192527
3929289125;192528
3929309537;192529
3929329943;192530
3929350351;192531
3929370760;192532
3929391170;192533
3929411578;192534
3929431992;192535
3929452400;192536
3929472805;192537
3929493215;192538
3929513623;192539
3929534036;192540
3929554441;192541
3929574850;192542
3929595259;192543
3929615668;192544
3929636077;192545
3929656486;192546
3929676895;192547
3929697304;192548
3929717717;192549
3929738122;192550
3929758531;192551
3929778940;192552
3929799349;192553
3929819758;192554
3929840167;192555
3929860576;192556
3929880985;192557
3929901397;192558
3929921803;192559
3929942211;192560
3929962621;192561
3929983030;192562
3930003439;192563
3930023848;192564
3930044256;192565
3930064666;192566
3930085075;192567
3930105484;192568
3930125893;192569
3930146301;192570
3930166711;192571
3930187120;192572
3930207528;192573
3930227938;192574
3930248346;192575
3930268756;192576
3930289165;192577
3930309573;192578
3930329987;192579
3930350391;192580
3930370801;192581
3930391209;192582
3930411622;192583
3930432032;192584
3930452436;192585
3930472846;192586
3930493254;192587
3930513663;192588
3930534073;192589
3930554485;192590
3930574890;192591
3930595299;192592
3930615708;192593
3930636118;192594
3930656526;192595
3930676935;192596
3930697344;192597
3930717753;192598
3930738162;192599
3930758571;192600
3930778984;192601
3930799389;192602
3930819798;192603
3930840207;192604
3930860616;192605
3930881025;192606
3930901434;192607
3930921847;192608
3930942252;192609
3930962661;192610
3930983070;192611
3931003479;192612
3931023888;192613
3931044296;192614
3931064706;192615
3931085115;192616
3931105524;192617
3931125933;192618
3931146341;192619
3931166751;192620
3931187159;192621
3931207569;192622
3931227978;192623
3931248390;192624
3931268796;192625
3931289208;192626
3931309613;192627
3931330023;192628
3931350431;192629
3931370841;192630
3931391253;192631
3931411662;192632
3931432068;192633
3931452476;192634
3931472890;192635
3931493294;192636
3931513703;192637
3931534112;192638
3931554521;192639
3931574931;192640
3931595339;192641
3931615748;192642
3931636157;192643
3931656566;192644
3931676976;192645
3931697384;192646
3931717797;192647
3931738202;192648
3931758615;192649
3931779020;192650
3931799429;192651
3931819838;192652
3931840251;192653
3931860656;192654
3931881065;192655
3931901478;192656
3931921887;192657
3931942292;192658
3931962701;192659
3931983109;192660
3932003523;192661
3932023928;192662
3932044336;192663
3932064746;192664
3932085154;192665
3932105568;192666
3932125977;192667
3932146385;192668
3932166791;192669
3932187199;192670
3932207609;192671
3932228018;192672
3932248426;192673
3932268840;192674
3932289244;192675
3932309657;192676
3932330062;192677
3932350471;192678
3932370881;192679
3932391289;192680
3932411699;192681
3932432111;192682
3932452516;192683
3932472926;192684
3932493334;192685
3932513747;192686
3932534152;192687
3932554561;192688
3932574971;192689
3932595383;192690
3932615789;192691
3932636197;192692
3932656606;192693
3932677016;192694
3932697424;192695
3932717833;192696
3932738242;192697
3932758651;192698
3932779064;192699
3932799473;192700
3932819882;192701
3932840287;192702
3932860696;192703
3932881108;192704
3932901514;192705
3932921923;192706
3932942332;192707
3932962745;192708
3932983149;192709
3933003559;192710
3933023968;192711
3933044377;192712
3933064786;192713
3933085194;192714
3933105604;192715
3933126016;192716
3933146422;192717
3933166835;192718
3933187243;192719
3933207649;192720
3933228057;192721
3933248471;192722
3933268876;192723
3933289284;192724
3933309694;192725
3933330106;192726
3933350516;192727
3933370921;192728
3933391329;192729
3933411743;192730
3933432151;192731
3933452556;192732
3933472966;192733
3933493374;192734
3933513784;192735
3933534192;192736
3933554601;192737
3933575010;192738
3933595419;192739
3933615829;192740
3933636237;192741
3933656646;192742
3933677055;192743
3933697464;192744
3933717874;192745
3933738282;192746
3933758691;192747
3933779100;192748
3933799509;192749
3933819919;192750
3933840327;192751
3933860736;192752
