3894881075;190842
3894901487;190843
3894921892;190844
3894942301;190845
3894962710;190846
3894983119;190847
3895003528;190848
3895023937;190849
3895044346;190850
3895064755;190851
3895085164;190852
3895105573;190853
3895125982;190854
3895146391;190855
3895166799;190856
3895187209;190857
3895207618;190858
3895228027;190859
3895248436;190860
3895268844;190861
3895289254;190862
3895309662;190863
3895330071;190864
3895350481;190865
3895370889;190866
3895391299;190867
3895411707;190868
3895432116;190869
3895452525;190870
3895472934;190871
3895493343;190872
3895513752;190873
3895534161;190874
3895554574;190875
3895574979;190876
3895595388;190877
3895615797;190878
3895636206;190879
3895656615;190880
3895677024;190881
3895697433;190882
3895717842;190883
3895738250;190884
3895758660;190885
3895779068;190886
3895799478;190887
3895819887;190888
3895840296;190889
3895860709;190890
3895881113;190891
3895901523;190892
3895921930;190893
3895942340;190894
3895962750;190895
3895983158;190896
3896003572;190897
3896023976;190898
3896044385;190899
3896064794;190900
3896085203;190901
3896105612;190902
3896126021;190903
3896146430;190904
3896166839;190905
3896187248;190906
3896207657;190907
3896228066;190908
3896248474;190909
3896268884;190910
3896289293;190911
3896309702;190912
3896330111;190913
3896350519;190914
3896370929;190915
3896391341;190916
3896411746;190917
3896432156;190918
3896452564;190919
3896472974;190920
3896493382;190921
3896513792;190922
3896534200;190923
3896554609;190924
3896575018;190925
3896595427;190926
3896615837;190927
3896636245;190928
3896656654;190929
3896677063;190930
3896697472;190931
3896717881;190932
3896738290;190933
3896758699;190934
3896779108;190935
3896799517;190936
3896819926;190937
3896840335;190938
3896860743;190939
3896881153;190940
3896901562;190941
3896921971;190942
3896942380;190943
3896962792;190944
3896983198;190945
3897003606;190946
3897024016;190947
3897044424;190948
3897064833;190949
3897085243;190950
3897105651;190951
3897126061;190952
3897146469;190953
3897166878;190954
3897187287;190955
3897207696;190956
3897228106;190957
3897248514;190958
3897268923;190959
3897289332;190960
3897309741;190961
3897330149;190962
3897350559;190963
3897370972;190964
3897391381;190965
3897411786;190966
3897432195;190967
3897452604;190968
3897473012;190969
3897493422;190970
3897513830;190971
3897534240;190972
3897554649;190973
3897575057;190974
3897595467;190975
3897615875;190976
3897636284;190977
3897656693;190978
3897677102;190979
3897697516;190980
3897717924;190981
3897738329;190982
3897758738;190983
3897779147;190984
3897799556;190985
3897819965;190986
3897840374;190987
3897860783;190988
3897881192;190989
3897901601;190990
3897922010;190991
3897942418;190992
3897962828;190993
3897983236;190994
3898003646;190995
3898024055;190996
3898044463;190997
3898064873;190998
3898085281;190999
3898105691;191000
3898126099;191001
3898146509;191002
3898166922;191003
3898187326;191004
3898207736;191005
3898228144;191006
3898248553;191007
3898268962;191008
3898289371;191009
3898309781;191010
3898330189;191011
3898350599;191012
3898371007;191013
3898391416;191014
3898411825;191015
3898432234;191016
3898452642;191017
3898473052;191018
3898493461;191019
3898513870;191020
3898534279;191021
3898554687;191022
3898575097;191023
3898595505;191024
3898615915;191025
3898636324;191026
3898656732;191027
3898677142;191028
3898697550;191029
3898717960;191030
3898738372;191031
3898758777;191032
3898779187;191033
3898799599;191034
3898820009;191035
3898840413;191036
3898860822;191037
3898881231;191038
3898901640;191039
3898922049;191040
3898942458;191041
3898962867;191042
3898983280;191043
3899003685;191044
3899024094;191045
3899044503;191046
3899064911;191047
3899085321;191048
3899105730;191049
3899126139;191050
3899146548;191051
3899166956;191052
3899187366;191053
3899207774;191054
3899228184;191055
3899248593;191056
3899269001;191057
3899289411;191058
3899309819;191059
3899330229;191060
3899350636;191061
3899371046;191062
3899391455;191063
3899411868;191064
3899432274;191065
3899452682;191066
3899473091;191067
3899493500;191068
3899513909;191069
3899534318;191070
3899554731;191071
3899575136;191072
3899595549;191073
3899615954;191074
3899636362;191075
3899656772;191076
3899677180;191077
3899697590;191078
3899717999;191079
3899738408;191080
3899758821;191081
3899779225;191082
3899799635;191083
3899820043;191084
3899840453;191085
3899860861;191086
3899881270;191087
3899901680;191088
3899922088;191089
3899942498;191090
3899962906;191091
3899983315;191092
3900003724;191093
3900024133;191094
3900044542;191095
3900064951;191096
3900085360;191097
3900105769;191098
3900126178;191099
3900146586;191100
3900166996;191101
3900187409;191102
3900207818;191103
3900228223;191104
3900248631;191105
3900269041;191106
3900289449;191107
3900309859;191108
3900330271;191109
3900350677;191110
3900371086;191111
3900391494;191112
3900411904;191113
3900432312;191114
3900452721;191115
3900473130;191116
3900493539;191117
3900513949;191118
3900534357;191119
3900554767;191120
3900575175;191121
3900595584;191122
3900615993;191123
3900636402;191124
3900656811;191125
3900677220;191126
3900697629;191127
3900718038;191128
3900738447;191129
3900758855;191130
3900779265;191131
3900799673;191132
3900820083;191133
3900840492;191134
3900860900;191135
3900881310;191136
3900901718;191137
3900922128;191138
3900942536;191139
3900962945;191140
3900983355;191141
3901003763;191142
3901024173;191143
3901044581;191144
3901064990;191145
3901085399;191146
3901105808;191147
3901126218;191148
3901146626;191149
3901167035;191150
3901187444;191151
3901207857;191152
3901228262;191153
3901248671;191154
3901269083;191155
3901289489;191156
3901309898;191157
3901330307;191158
3901350716;191159
3901371124;191160
3901391534;191161
3901411942;191162
3901432352;191163
3901452761;191164
3901473173;191165
3901493579;191166
3901513991;191167
3901534397;191168
3901554809;191169
3901575214;191170
3901595624;191171
3901616032;191172
3901636442;191173
3901656850;191174
3901677259;191175
3901697668;191176
3901718077;191177
3901738486;191178
3901758895;191179
3901779304;191180
3901799713;191181
3901820122;191182
3901840531;191183
3901860940;191184
3901881348;191185
3901901758;191186
3901922167;191187
3901942575;191188
3901962985;191189
3901983393;191190
3902003803;191191
3902024211;191192
3902044621;191193
3902065030;191194
3902085438;191195
3902105848;191196
3902126256;191197
3902146666;191198
3902167074;191199
3902187483;191200
3902207892;191201
3902228301;191202
3902248711;191203
3902269119;191204
3902289528;191205
3902309937;191206
3902330346;191207
3902350758;191208
3902371164;191209
3902391573;191210
3902411982;191211
3902432391;191212
3902452799;191213
3902473209;191214
3902493617;191215
3902514027;191216
3902534436;191217
3902554844;191218
3902575254;191219
3902595662;191220
3902616072;191221
3902636480;191222
3902656890;191223
3902677298;191224
3902697707;191225
3902718117;191226
3902738525;191227
3902758934;191228
3902779343;191229
3902799752;191230
3902820161;191231
3902840570;191232
3902860979;191233
3902881388;191234
3902901797;191235
3902922206;191236
3902942615;191237
3902963023;191238
3902983433;191239
3903003842;191240
3903024251;191241
3903044660;191242
3903065068;191243
3903085478;191244
3903105886;191245
3903126296;191246
3903146704;191247
3903167113;191248
3903187523;191249
3903207931;191250
3903228341;191251
3903248749;191252
3903269158;191253
3903289567;191254
3903309976;191255
3903330386;191256
3903350794;191257
3903371203;191258
3903391612;191259
3903412021;191260
3903432430;191261
3903452839;191262
3903473252;191263
3903493657;191264
3903514066;191265
3903534475;191266
3903554884;191267
3903575292;191268
3903595706;191269
3903616110;191270
3903636520;191271
3903656929;191272
3903677337;191273
3903697747;191274
3903718155;191275
3903738565;191276
3903758973;191277
3903779382;191278
3903799792;191279
3903820200;191280
3903840610;191281
3903861018;191282
3903881427;191283
3903901836;191284
3903922245;191285
3903942655;191286
3903963063;191287
3903983472;191288
3904003881;191289
3904024290;191290
3904044698;191291
3904065108;191292
3904085516;191293
3904105926;191294
3904126335;191295
3904146743;191296
3904167157;191297
3904187561;191298
3904207971;191299
3904228379;191300
3904248789;191301
3904269206;191302
3904289614;191303
3904310024;191304
3904330432;191305
3904350841;191306
3904371250;191307
3904391659;191308
3904412069;191309
3904432477;191310
3904452887;191311
3904473295;191312
3904493704;191313
3904514114;191314
3904534522;191315
3904554931;191316
3904575340;191317
3904595749;191318
3904616158;191319
3904636567;191320
3904656976;191321
3904677385;191322
3904697794;191323
3904718203;191324
3904738612;191325
3904759025;191326
3904779430;191327
3904799839;191328
3904820248;191329
3904840657;191330
3904861065;191331
3904881475;191332
3904901884;191333
3904922293;191334
3904942702;191335
3904963110;191336
3904983520;191337
3905003929;191338
3905024338;191339
3905044747;191340
3905065155;191341
3905085565;191342
3905105977;191343
3905126383;191344
3905146792;191345
3905167200;191346
3905187610;191347
3905208018;191348
3905228428;191349
3905248836;191350
3905269245;191351
3905289655;191352
3905310063;191353
3905330473;191354
3905350881;191355
3905371290;191356
3905391704;191357
3905412108;191358
3905432518;191359
3905452926;191360
3905473335;191361
3905493744;191362
3905514153;191363
3905534563;191364
3905554971;191365
3905575380;191366
3905595789;191367
3905616198;191368
3905636608;191369
3905657016;191370
3905677425;191371
3905697834;191372
3905718243;191373
3905738652;191374
3905759061;191375
3905779470;191376
3905799879;191377
3905820288;191378
3905840697;191379
3905861106;191380
3905881515;191381
3905901924;191382
3905922333;191383
3905942742;191384
3905963151;191385
3905983559;191386
3906003969;191387
3906024378;191388
3906044786;191389
3906065196;191390
3906085604;191391
3906106014;191392
3906126423;191393
3906146832;191394
3906167241;191395
3906187649;191396
3906208059;191397
3906228467;191398
3906248877;191399
3906269286;191400
3906289694;191401
3906310104;191402
3906330512;191403
3906350921;191404
3906371330;191405
3906391739;191406
3906412149;191407
3906432557;191408
3906452966;191409
3906473379;191410
3906493784;191411
3906514194;191412
3906534602;191413
3906555011;191414
3906575420;191415
3906595829;191416
3906616238;191417
3906636647;191418
3906657056;191419
3906677465;191420
3906697874;191421
3906718283;191422
3906738692;191423
3906759101;191424
3906779514;191425
3906799919;191426
3906820328;191427
3906840737;191428
3906861149;191429
3906881555;191430
3906901968;191431
3906922373;191432
3906942782;191433
3906963190;191434
3906983600;191435
3907004009;191436
3907024418;191437
3907044827;191438
3907065235;191439
3907085645;191440
3907106053;191441
3907126463;191442
3907146872;191443
3907167280;191444
3907187690;191445
3907208098;191446
3907228508;191447
3907248916;191448
3907269325;191449
3907289735;191450
3907310143;191451
3907330557;191452
3907350965;191453
3907371370;191454
3907391784;191455
3907412188;191456
3907432598;191457
3907453006;191458
3907473415;191459
3907493824;191460
3907514233;191461
3907534643;191462
3907555051;191463
3907575460;191464
3907595869;191465
3907616282;191466
3907636688;191467
3907657096;191468
3907677505;191469
3907697914;191470
3907718323;191471
3907738732;191472
3907759141;191473
3907779550;191474
3907799959;191475
3907820372;191476
3907840777;191477
3907861186;191478
3907881595;191479
3907902004;191480
3907922413;191481
3907942821;191482
3907963231;191483
3907983639;191484
3908004049;191485
3908024458;191486
3908044866;191487
3908065276;191488
3908085684;191489
3908106094;191490
3908126503;191491
3908146911;191492
3908167321;191493
3908187733;191494
3908208139;191495
3908228547;191496
3908248956;191497
3908269366;191498
3908289774;191499
3908310184;191500
3908330592;191501
3908351001;191502
3908371410;191503
3908391819;191504
3908412229;191505
3908432637;191506
3908453046;191507
3908473455;191508
3908493864;191509
3908514274;191510
3908534682;191511
3908555091;191512
3908575500;191513
3908595909;191514
3908616318;191515
3908636727;191516
3908657136;191517
3908677545;191518
3908697954;191519
3908718363;191520
3908738772;191521
3908759181;191522
3908779590;191523
3908799999;191524
3908820407;191525
3908840817;191526
3908861225;191527
3908881635;191528
3908902044;191529
3908922453;191530
3908942862;191531
3908963270;191532
3908983680;191533
3909004089;191534
3909024498;191535
3909044907;191536
3909065315;191537
3909085725;191538
3909106137;191539
3909126542;191540
3909146952;191541
3909167360;191542
3909187770;191543
3909208178;191544
3909228588;191545
3909248996;191546
3909269405;191547
3909289815;191548
3909310223;191549
3909330632;191550
3909351041;191551
3909371450;191552
3909391860;191553
3909412272;191554
3909432677;191555
3909453086;191556
3909473499;191557
3909493904;191558
3909514313;191559
3909534726;191560
3909555131;191561
3909575540;191562
3909595949;191563
3909616358;191564
3909636767;191565
3909657176;191566
3909677585;191567
3909697994;191568
3909718403;191569
3909738815;191570
3909759221;191571
3909779630;191572
3909800039;191573
3909820448;191574
3909840856;191575
3909861266;191576
3909881675;191577
3909902084;191578
3909922493;191579
3909942901;191580
3909963311;191581
3909983719;191582
3910004129;191583
3910024538;191584
3910044946;191585
3910065356;191586
3910085764;191587
3910106174;191588
3910126583;191589
3910146991;191590
3910167401;191591
3910187809;191592
3910208219;191593
3910228627;191594
3910249036;191595
3910269446;191596
3910289854;191597
3910310264;191598
3910330672;191599
3910351081;191600
3910371490;191601
3910391899;191602
3910412309;191603
3910432717;191604
3910453126;191605
3910473535;191606
3910493944;191607
3910514354;191608
3910534762;191609
3910555171;191610
3910575580;191611
3910595989;191612
3910616397;191613
3910636807;191614
3910657216;191615
3910677625;191616
3910698034;191617
3910718443;191618
3910738852;191619
3910759261;191620
3910779670;191621
3910800079;191622
3910820488;191623
3910840897;191624
3910861305;191625
3910881715;191626
3910902124;191627
3910922533;191628
3910942942;191629
3910963350;191630
3910983760;191631
3911004169;191632
3911024577;191633
3911044987;191634
3911065395;191635
3911085809;191636
3911106213;191637
3911126623;191638
3911147032;191639
3911167440;191640
3911187850;191641
3911208258;191642
3911228668;191643
3911249076;191644
3911269485;191645
3911289895;191646
3911310303;191647
3911330712;191648
3911351121;191649
3911371530;191650
3911391944;191651
3911412348;191652
3911432757;191653
3911453166;191654
3911473575;191655
3911493984;191656
3911514393;191657
3911534802;191658
3911555211;191659
3911575620;191660
3911596029;191661
3911616438;191662
3911636851;191663
3911657256;191664
3911677665;191665
3911698078;191666
3911718483;191667
3911738891;191668
3911759301;191669
3911779710;191670
3911800119;191671
3911820528;191672
3911840936;191673
3911861346;191674
3911881755;191675
3911902164;191676
3911922573;191677
3911942981;191678
3911963391;191679
3911983799;191680
3912004209;191681
3912024618;191682
3912045026;191683
3912065436;191684
3912085844;191685
3912106254;191686
3912126667;191687
3912147071;191688
3912167481;191689
3912187889;191690
3912208302;191691
3912228707;191692
3912249116;191693
3912269526;191694
3912289934;191695
3912310344;191696
3912330752;191697
3912351161;191698
3912371570;191699
3912391979;191700
3912412389;191701
3912432797;191702
3912453206;191703
3912473615;191704
3912494024;191705
3912514434;191706
3912534842;191707
3912555251;191708
3912575660;191709
3912596069;191710
3912616478;191711
3912636887;191712
3912657296;191713
3912677705;191714
3912698114;191715
3912718523;191716
3912738932;191717
3912759341;191718
3912779750;191719
3912800159;191720
3912820568;191721
3912840977;191722
3912861385;191723
3912881799;191724
3912902204;191725
3912922613;191726
3912943022;191727
3912963430;191728
3912983844;191729
3913004249;191730
3913024658;191731
3913045067;191732
3913065475;191733
3913085885;191734
3913106293;191735
3913126702;191736
3913147112;191737
3913167520;191738
3913187930;191739
3913208338;191740
3913228748;191741
3913249156;191742
3913269565;191743
3913289975;191744
3913310383;191745
3913330796;191746
3913351201;191747
3913371610;191748
3913392020;191749
3913412428;191750
3913432838;191751
3913453246;191752
3913473655;191753
3913494064;191754
3913514473;191755
3913534883;191756
3913555291;191757
3913575700;191758
3913596109;191759
3913616518;191760
3913636928;191761
3913657336;191762
3913677749;191763
3913698154;191764
3913718563;191765
3913738971;191766
3913759381;191767
3913779790;191768
3913800203;191769
3913820608;191770
3913841016;191771
3913861426;191772
3913881835;191773
3913902244;191774
3913922653;191775
3913943061;191776
3913963471;191777
3913983879;191778
3914004289;191779
3914024698;191780
3914045106;191781
3914065516;191782
3914085924;191783
3914106334;191784
3914126742;191785
3914147151;191786
3914167561;191787
3914187969;191788
3914208379;191789
3914228787;191790
3914249196;191791
3914269610;191792
3914290018;191793
3914310428;191794
3914330836;191795
3914351245;191796
3914371655;191797
3914392063;191798
3914412473;191799
3914432881;191800
3914453290;191801
3914473703;191802
3914494108;191803
3914514518;191804
3914534926;191805
3914555335;191806
3914575744;191807
3914596153;191808
3914616563;191809
3914636971;191810
3914657380;191811
3914677789;191812
3914698198;191813
3914718608;191814
3914739016;191815
3914759425;191816
3914779834;191817
3914800243;191818
3914820652;191819
3914841061;191820
3914861470;191821
3914881879;191822
3914902288;191823
3914922697;191824
3914943106;191825
3914963515;191826
3914983924;191827
3915004337;191828
3915024742;191829
3915045151;191830
3915065560;191831
3915085973;191832
3915106378;191833
3915126787;191834
3915147196;191835
3915167605;191836
3915188014;191837
3915208423;191838
3915228832;191839
3915249241;191840
3915269649;191841
3915290059;191842
3915310468;191843
3915330877;191844
3915351286;191845
3915371694;191846
3915392104;191847
3915412517;191848
3915432922;191849
3915453331;191850
3915473739;191851
3915494149;191852
3915514558;191853
3915534967;191854
3915555380;191855
3915575784;191856
3915596194;191857
3915616606;191858
3915637012;191859
3915657425;191860
3915677829;191861
3915698239;191862
3915718647;191863
3915739057;191864
3915759466;191865
3915779878;191866
3915800284;191867
3915820692;191868
3915841101;191869
3915861511;191870
3915881919;191871
3915902329;191872
3915922737;191873
3915943147;191874
3915963556;191875
3915983964;191876
3916004378;191877
3916024782;191878
3916045192;191879
3916065600;191880
3916086009;191881
3916106419;191882
3916126827;191883
3916147237;191884
3916167645;191885
3916188054;191886
3916208464;191887
3916228872;191888
3916249282;191889
3916269690;191890
3916290099;191891
3916310509;191892
3916330917;191893
3916351327;191894
3916371735;191895
3916392148;191896
3916412553;191897
3916432962;191898
3916453372;191899
3916473780;191900
3916494189;191901
3916514598;191902
3916535007;191903
3916555417;191904
3916575825;191905
3916596234;191906
3916616643;191907
3916637052;191908
3916657462;191909
3916677870;191910
3916698279;191911
3916718688;191912
3916739097;191913
3916759507;191914
3916779915;191915
3916800324;191916
3916820733;191917
3916841142;191918
3916861551;191919
3916881964;191920
3916902369;191921
3916922778;191922
3916943187;191923
3916963595;191924
3916984005;191925
3917004414;191926
3917024823;191927
3917045232;191928
3917065644;191929
3917086050;191930
3917106463;191931
3917126868;191932
3917147277;191933
3917167686;191934
3917188095;191935
3917208503;191936
3917228917;191937
3917249322;191938
3917269730;191939
3917290140;191940
3917310548;191941
3917330958;191942
3917351367;191943
3917371775;191944
3917392185;191945
3917412593;191946
3917433003;191947
3917453412;191948
3917473820;191949
3917494230;191950
3917514638;191951
3917535048;191952
3917555457;191953
3917575865;191954
3917596275;191955
3917616683;191956
3917637093;191957
3917657501;191958
3917677910;191959
3917698320;191960
3917718728;191961
3917739138;191962
3917759546;191963
3917779955;191964
3917800365;191965
3917820773;191966
3917841183;191967
3917861591;191968
3917882000;191969
3917902410;191970
3917922818;191971
3917943228;191972
3917963636;191973
3917984045;191974
3918004455;191975
3918024863;191976
3918045276;191977
3918065681;191978
3918086090;191979
3918106499;191980
3918126908;191981
3918147318;191982
3918167726;191983
3918188135;191984
3918208544;191985
3918228953;191986
3918249363;191987
3918269771;191988
3918290180;191989
3918310589;191990
3918330998;191991
3918351408;191992
3918371816;191993
3918392229;191994
3918412634;191995
3918433043;191996
3918453452;191997
3918473861;191998
3918494270;191999
3918514679;192000
3918535088;192001
3918555497;192002
3918575910;192003
3918596315;192004
3918616724;192005
3918637133;192006
3918657542;192007
3918677951;192008
3918698360;192009
3918718769;192010
3918739178;192011
3918759587;192012
3918779996;192013
3918800405;192014
3918820814;192015
3918841223;192016
3918861632;192017
3918882045;192018
3918902449;192019
3918922859;192020
3918943268;192021
3918963677;192022
3918984086;192023
3919004494;192024
3919024904;192025
3919045313;192026
3919065722;192027
3919086131;192028
3919106543;192029
3919126949;192030
3919147358;192031
3919167767;192032
3919188176;192033
3919208584;192034
3919228994;192035
3919249402;192036
3919269811;192037
3919290221;192038
3919310629;192039
3919331039;192040
3919351447;192041
3919371857;192042
3919392266;192043
3919412674;192044
3919433084;192045
3919453492;192046
3919473902;192047
3919494311;192048
3919514723;192049
3919535129;192050
3919555541;192051
3919575947;192052
3919596356;192053
3919616764;192054
3919637174;192055
3919657582;192056
3919677992;192057
3919698400;192058
3919718809;192059
3919739219;192060
3919759627;192061
3919780036;192062
3919800445;192063
3919820854;192064
3919841264;192065
3919861672;192066
3919882082;192067
3919902490;192068
3919922899;192069
3919943309;192070
3919963717;192071
3919984126;192072
3920004539;192073
3920024944;192074
3920045353;192075
3920065762;192076
3920086171;192077
3920106580;192078
3920126989;192079
3920147398;192080
3920167807;192081
3920188217;192082
3920208625;192083
3920229034;192084
3920249443;192085
3920269852;192086
3920290262;192087
3920310670;192088
3920331079;192089
3920351488;192090
3920371897;192091
3920392307;192092
3920412715;192093
3920433124;192094
3920453533;192095
3920473942;192096
3920494351;192097
3920514760;192098
3920535169;192099
3920555578;192100
3920575987;192101
3920596395;192102
3920616805;192103
3920637214;192104
3920657627;192105
3920678036;192106
3920698440;192107
3920718850;192108
3920739259;192109
3920759668;192110
3920780077;192111
3920800485;192112
3920820895;192113
3920841303;192114
3920861717;192115
3920882122;192116
3920902530;192117
3920922940;192118
3920943348;192119
3920963758;192120
3920984167;192121
3921004575;192122
3921024985;192123
3921045393;192124
3921065803;192125
3921086212;192126
3921106620;192127
3921127034;192128
3921147438;192129
3921167848;192130
3921188257;192131
3921208665;192132
3921229075;192133
3921249483;192134
3921269893;192135
3921290301;192136
3921310710;192137
3921331120;192138
3921351528;192139
3921371938;192140
3921392346;192141
3921412755;192142
3921433165;192143
3921453573;192144
3921473983;192145
3921494391;192146
3921514804;192147
3921535210;192148
3921555618;192149
3921576028;192150
3921596436;192151
3921616845;192152
3921637254;192153
3921657663;192154
3921678073;192155
3921698481;192156
3921718890;192157
3921739299;192158
3921759708;192159
3921780118;192160
3921800526;192161
3921820935;192162
3921841344;192163
3921861753;192164
3921882163;192165
3921902571;192166
3921922980;192167
3921943389;192168
3921963798;192169
3921984208;192170
3922004616;192171
3922025025;192172
3922045434;192173
3922065843;192174
3922086252;192175
3922106661;192176
3922127070;192177
3922147479;192178
3922167888;192179
3922188297;192180
3922208706;192181
3922229115;192182
3922249524;192183
3922269933;192184
3922290342;192185
3922310751;192186
3922331160;192187
3922351569;192188
3922371978;192189
3922392390;192190
3922412796;192191
3922433204;192192
3922453614;192193
3922474023;192194
3922494432;192195
3922514841;192196
3922535249;192197
3922555659;192198
3922576068;192199
3922596476;192200
3922616886;192201
3922637294;192202
3922657704;192203
3922678113;192204
3922698522;192205
3922718935;192206
3922739339;192207
3922759753;192208
3922780158;192209
3922800566;192210
3922820976;192211
3922841384;192212
3922861794;192213
3922882202;192214
3922902611;192215
3922923021;192216
3922943433;192217
3922963839;192218
3922984247;192219
3923004656;192220
3923025066;192221
3923045474;192222
3923065884;192223
3923086292;192224
3923106701;192225
3923127115;192226
3923147519;192227
3923167929;192228
3923188337;192229
3923208746;192230
3923229155;192231
3923249564;192232
3923269974;192233
3923290382;192234
3923310791;192235
3923331200;192236
3923351613;192237
3923372019;192238
3923392427;192239
3923412836;192240
3923433245;192241
3923453654;192242
3923474064;192243
3923494472;192244
3923514881;192245
3923535290;192246
3923555699;192247
3923576109;192248
3923596517;192249
3923616926;192250
3923637339;192251
3923657744;192252
3923678153;192253
3923698562;192254
3923718971;192255
3923739380;192256
3923759789;192257
3923780198;192258
3923800607;192259
3923821020;192260
3923841425;192261
3923861834;192262
3923882243;192263
3923902652;192264
3923923061;192265
3923943474;192266
3923963879;192267
3923984288;192268
3924004697;192269
3924025105;192270
3924045515;192271
3924065924;192272
3924086337;192273
3924106742;192274
3924127150;192275
3924147560;192276
3924167969;192277
3924188378;192278
3924208791;192279
3924229195;192280
3924249605;192281
3924270014;192282
3924290423;192283
3924310832;192284
3924331240;192285
3924351650;192286
3924372059;192287
3924392468;192288
3924412881;192289
3924433285;192290
3924453695;192291
3924474103;192292
3924494513;192293
3924514922;192294
3924535330;192295
3924555740;192296
3924576148;192297
3924596557;192298
3924616967;192299
3924637375;192300
3924657789;192301
3924678193;192302
3924698603;192303
3924719012;192304
3924739420;192305
3924759830;192306
3924780238;192307
3924800647;192308
3924821056;192309
3924841465;192310
3924861875;192311
3924882283;192312
3924902692;192313
3924923101;192314
3924943514;192315
3924963920;192316
3924984328;192317
3925004737;192318
3925025146;192319
3925045555;192320
3925065965;192321
3925086373;192322
3925106782;192323
3925127191;192324
3925147600;192325
3925168010;192326
3925188418;192327
3925208827;192328
3925229236;192329
3925249645;192330
3925270054;192331
3925290463;192332
3925310872;192333
3925331285;192334
3925351690;192335
3925372099;192336
3925392508;192337
3925412917;192338
3925433326;192339
3925453739;192340
3925474144;192341
3925494553;192342
3925514966;192343
3925535371;192344
3925555784;192345
3925576189;192346
3925596598;192347
3925617006;192348
3925637416;192349
3925657829;192350
3925678234;192351
3925698643;192352
3925719051;192353
3925739461;192354
3925759870;192355
3925780279;192356
3925800692;192357
3925821096;192358
3925841506;192359
3925861915;192360
3925882327;192361
3925902733;192362
3925923141;192363
3925943551;192364
3925963960;192365
3925984373;192366
3926004778;192367
3926025186;192368
3926045596;192369
3926066004;192370
3926086413;192371
3926106823;192372
3926127231;192373
3926147641;192374
3926168049;192375
3926188459;192376
3926208868;192377
3926229276;192378
3926249686;192379
3926270094;192380
3926290504;192381
3926310913;192382
3926331321;192383
3926351731;192384
3926372139;192385
3926392549;192386
3926412957;192387
3926433366;192388
3926453776;192389
3926474184;192390
3926494594;192391
3926515002;192392
3926535411;192393
3926555821;192394
3926576229;192395
3926596639;192396
3926617047;192397
3926637456;192398
3926657866;192399
3926678274;192400
3926698683;192401
3926719092;192402
3926739501;192403
3926759911;192404
3926780319;192405
3926800729;192406
3926821137;192407
3926841546;192408
3926861955;192409
3926882364;192410
3926902773;192411
3926923182;192412
3926943591;192413
3926964000;192414
3926984409;192415
3927004819;192416
3927025227;192417
3927045636;192418
3927066045;192419
3927086454;192420
3927106863;192421
3927127272;192422
3927147681;192423
3927168090;192424
3927188499;192425
3927208911;192426
3927229321;192427
3927249726;192428
3927270135;192429
3927290544;192430
3927310953;192431
3927331366;192432
3927351771;192433
3927372180;192434
3927392589;192435
3927412997;192436
3927433411;192437
3927453816;192438
3927474225;192439
3927494638;192440
3927515042;192441
3927535452;192442
3927555861;192443
3927576270;192444
3927596679;192445
3927617087;192446
3927637497;192447
3927657905;192448
3927678315;192449
3927698724;192450
3927719132;192451
3927739546;192452
3927759950;192453
3927780360;192454
3927800769;192455
3927821177;192456
3927841587;192457
3927861995;192458
3927882405;192459
3927902814;192460
3927923222;192461
3927943632;192462
3927964040;192463
3927984450;192464
3928004858;192465
3928025267;192466
3928045677;192467
3928066085;192468
3928086495;192469
3928106903;192470
3928127312;192471
3928147722;192472
3928168130;192473
3928188540;192474
3928208952;192475
3928229357;192476
3928249767;192477
3928270175;192478
3928290585;192479
3928310997;192480
3928331402;192481
3928351812;192482
3928372220;192483
3928392629;192484
3928413037;192485
3928433447;192486
3928453856;192487
3928474265;192488
3928494674;192489
3928515083;192490
3928535492;192491
3928555905;192492
3928576310;192493
3928596720;192494
3928617128;192495
3928637537;192496
3928657946;192497
3928678355;192498
3928698765;192499
3928719173;192500
3928739582;192501
3928759991;192502
3928780400;192503
3928800812;192504
3928821218;192505
3928841627;192506
3928862036;192507
3928882445;192508
3928902853;192509
3928923263;192510
3928943672;192511
3928964085;192512
3928984490;192513
3929004898;192514
3929025308;192515
3929045717;192516
3929066126;192517
3929086535;192518
3929106943;192519
3929127353;192520
3929147762;192521
3929168171;192522
3929188580;192523
3929208988;192524
3929229402;192525
3929249806;192526
3929270216;192527
3929290625;192528
3929311033;192529
3929331443;192530
3929351851;192531
3929372261;192532
3929392674;192533
3929413078;192534
3929433488;192535
3929453896;192536
3929474306;192537
3929494715;192538
3929515123;192539
3929535533;192540
3929555941;192541
3929576351;192542
3929596759;192543
3929617168;192544
3929637582;192545
3929657990;192546
3929678396;192547
3929698804;192548
3929719213;192549
3929739623;192550
3929760031;192551
3929780441;192552
3929800849;192553
3929821258;192554
3929841672;192555
3929862076;192556
3929882486;192557
3929902894;192558
3929923303;192559
3929943713;192560
3929964121;192561
3929984531;192562
3930004943;192563
3930025348;192564
3930045761;192565
3930066170;192566
3930086576;192567
3930106984;192568
3930127393;192569
3930147802;192570
3930168211;192571
3930188621;192572
3930209029;192573
3930229438;192574
3930249847;192575
3930270256;192576
3930290666;192577
3930311074;192578
3930331483;192579
3930351892;192580
3930372301;192581
3930392710;192582
3930413119;192583
3930433528;192584
3930453937;192585
3930474346;192586
3930494755;192587
3930515164;192588
3930535573;192589
3930555982;192590
3930576391;192591
3930596800;192592
3930617209;192593
3930637618;192594
3930658027;192595
3930678436;192596
3930698845;192597
3930719254;192598
3930739667;192599
3930760072;192600
3930780481;192601
3930800890;192602
3930821303;192603
3930841707;192604
3930862117;192605
3930882526;192606
3930902934;192607
3930923344;192608
3930943752;192609
3930964166;192610
3930984571;192611
3931004980;192612
3931025389;192613
3931045797;192614
3931066207;192615
3931086616;192616
3931107024;192617
3931127434;192618
3931147842;192619
3931168252;192620
3931188661;192621
3931209069;192622
3931229479;192623
3931249887;192624
3931270297;192625
3931290705;192626
3931311114;192627
3931331524;192628
3931351932;192629
3931372342;192630
3931392750;192631
3931413160;192632
3931433569;192633
3931453977;192634
3931474387;192635
3931494795;192636
3931515204;192637
3931535614;192638
3931556022;192639
3931576432;192640
3931596840;192641
3931617249;192642
3931637658;192643
3931658067;192644
3931678477;192645
3931698885;192646
3931719294;192647
3931739707;192648
3931760112;192649
3931780522;192650
3931800930;192651
3931821339;192652
3931841748;192653
3931862161;192654
3931882567;192655
3931902979;192656
3931923384;192657
3931943793;192658
3931964202;192659
3931984612;192660
3932005020;192661
3932025429;192662
3932045838;192663
3932066247;192664
3932086656;192665
3932107065;192666
3932127474;192667
3932147883;192668
3932168292;192669
3932188701;192670
3932209110;192671
3932229519;192672
3932249928;192673
3932270337;192674
3932290746;192675
3932311155;192676
3932331564;192677
3932351973;192678
3932372382;192679
3932392791;192680
3932413200;192681
3932433608;192682
3932454018;192683
3932474427;192684
3932494836;192685
3932515245;192686
3932535657;192687
3932556063;192688
3932576472;192689
3932596881;192690
3932617290;192691
3932637698;192692
3932658108;192693
3932678517;192694
3932698926;192695
3932719335;192696
3932739743;192697
3932760153;192698
3932780562;192699
3932800971;192700
3932821380;192701
3932841792;192702
3932862198;192703
3932882606;192704
3932903019;192705
3932923425;192706
3932943833;192707
3932964243;192708
3932984651;192709
3933005060;192710
3933025474;192711
3933045878;192712
3933066288;192713
3933086696;192714
3933107105;192715
3933127515;192716
3933147923;192717
3933168333;192718
3933188741;192719
3933209151;192720
3933229559;192721
3933249968;192722
3933270378;192723
3933290786;192724
3933311195;192725
3933331604;192726
3933352013;192727
3933372423;192728
3933392835;192729
3933413240;192730
3933433649;192731
3933454058;192732
3933474468;192733
3933494876;192734
3933515285;192735
3933535694;192736
3933556103;192737
3933576513;192738
3933596921;192739
3933617330;192740
3933637739;192741
3933658148;192742
3933678557;192743
3933698966;192744
3933719375;192745
3933739784;192746
3933760193;192747
3933780602;192748
3933801011;192749
3933821420;192750
3933841829;192751
3933862238;192752
