3894885453;190842
3894905862;190843
3894926271;190844
3894946679;190845
3894967089;190846
3894987497;190847
3895007907;190848
3895028316;190849
3895048724;190850
3895069134;190851
3895089542;190852
3895109952;190853
3895130360;190854
3895150770;190855
3895171179;190856
3895191587;190857
3895211997;190858
3895232405;190859
3895252815;190860
3895273223;190861
3895293632;190862
3895314042;190863
3895334450;190864
3895354860;190865
3895375268;190866
3895395678;190867
3895416086;190868
3895436499;190869
3895456904;190870
3895477313;190871
3895497723;190872
3895518131;190873
3895538541;190874
3895558949;190875
3895579358;190876
3895599767;190877
3895620176;190878
3895640586;190879
3895660994;190880
3895681404;190881
3895701812;190882
3895722221;190883
3895742630;190884
3895763039;190885
3895783449;190886
3895803857;190887
3895824267;190888
3895844679;190889
3895865084;190890
3895885493;190891
3895905902;190892
3895926311;190893
3895946720;190894
3895967129;190895
3895987542;190896
3896007947;190897
3896028356;190898
3896048765;190899
3896069173;190900
3896089583;190901
3896109992;190902
3896130401;190903
3896150810;190904
3896171219;190905
3896191628;190906
3896212037;190907
3896232446;190908
3896252855;190909
3896273264;190910
3896293673;190911
3896314082;190912
3896334491;190913
3896354899;190914
3896375309;190915
3896395717;190916
3896416127;190917
3896436536;190918
3896456944;190919
3896477354;190920
3896497762;190921
3896518176;190922
3896538580;190923
3896558990;190924
3896579399;190925
3896599807;190926
3896620217;190927
3896640625;190928
3896661035;190929
3896681443;190930
3896701853;190931
3896722262;190932
3896742670;190933
3896763080;190934
3896783488;190935
3896803898;190936
3896824306;190937
3896844716;190938
3896865124;190939
3896885533;190940
3896905943;190941
3896926351;190942
3896946761;190943
3896967169;190944
3896987579;190945
3897007987;190946
3897028396;190947
3897048806;190948
3897069214;190949
3897089624;190950
3897110032;190951
3897130441;190952
3897150850;190953
3897171259;190954
3897191669;190955
3897212077;190956
3897232487;190957
3897252895;190958
3897273304;190959
3897293713;190960
3897314122;190961
3897334531;190962
3897354940;190963
3897375349;190964
3897395758;190965
3897416167;190966
3897436576;190967
3897456985;190968
3897477394;190969
3897497803;190970
3897518212;190971
3897538621;190972
3897559030;190973
3897579439;190974
3897599848;190975
3897620257;190976
3897640666;190977
3897661075;190978
3897681484;190979
3897701893;190980
3897722302;190981
3897742711;190982
3897763120;190983
3897783529;190984
3897803937;190985
3897824347;190986
3897844756;190987
3897865165;190988
3897885578;190989
3897905986;190990
3897926392;190991
3897946800;190992
3897967210;190993
3897987619;190994
3898008028;190995
3898028437;190996
3898048845;190997
3898069255;190998
3898089663;190999
3898110073;191000
3898130482;191001
3898150891;191002
3898171300;191003
3898191708;191004
3898212118;191005
3898232530;191006
3898252936;191007
3898273345;191008
3898293757;191009
3898314163;191010
3898334571;191011
3898354981;191012
3898375389;191013
3898395799;191014
3898416207;191015
3898436616;191016
3898457026;191017
3898477438;191018
3898497844;191019
3898518252;191020
3898538662;191021
3898559070;191022
3898579479;191023
3898599889;191024
3898620297;191025
3898640707;191026
3898661115;191027
3898681524;191028
3898701933;191029
3898722342;191030
3898742752;191031
3898763160;191032
3898783570;191033
3898803982;191034
3898824387;191035
3898844796;191036
3898865205;191037
3898885614;191038
3898906023;191039
3898926433;191040
3898946841;191041
3898967250;191042
3898987659;191043
3899008068;191044
3899028477;191045
3899048886;191046
3899069295;191047
3899089708;191048
3899110117;191049
3899130522;191050
3899150935;191051
3899171340;191052
3899191749;191053
3899212162;191054
3899232567;191055
3899252976;191056
3899273385;191057
3899293794;191058
3899314203;191059
3899334612;191060
3899355020;191061
3899375430;191062
3899395839;191063
3899416248;191064
3899436657;191065
3899457065;191066
3899477475;191067
3899497883;191068
3899518293;191069
3899538702;191070
3899559111;191071
3899579520;191072
3899599928;191073
3899620338;191074
3899640746;191075
3899661156;191076
3899681565;191077
3899701974;191078
3899722383;191079
3899742791;191080
3899763201;191081
3899783609;191082
3899804019;191083
3899824427;191084
3899844840;191085
3899865246;191086
3899885654;191087
3899906064;191088
3899926476;191089
3899946882;191090
3899967290;191091
3899987699;191092
3900008109;191093
3900028517;191094
3900048927;191095
3900069335;191096
3900089744;191097
3900110153;191098
3900130562;191099
3900150972;191100
3900171380;191101
3900191790;191102
3900212198;191103
3900232607;191104
3900253016;191105
3900273425;191106
3900293838;191107
3900314247;191108
3900334653;191109
3900355061;191110
3900375470;191111
3900395883;191112
3900416288;191113
3900436697;191114
3900457106;191115
3900477515;191116
3900497924;191117
3900518333;191118
3900538742;191119
3900559151;191120
3900579564;191121
3900599969;191122
3900620379;191123
3900640787;191124
3900661196;191125
3900681605;191126
3900702014;191127
3900722423;191128
3900742832;191129
3900763240;191130
3900783650;191131
3900804059;191132
3900824468;191133
3900844877;191134
3900865286;191135
3900885695;191136
3900906103;191137
3900926513;191138
3900946922;191139
3900967331;191140
3900987740;191141
3901008148;191142
3901028558;191143
3901048966;191144
3901069376;191145
3901089785;191146
3901110194;191147
3901130603;191148
3901151011;191149
3901171421;191150
3901191833;191151
3901212239;191152
3901232647;191153
3901253057;191154
3901273466;191155
3901293874;191156
3901314284;191157
3901334692;191158
3901355102;191159
3901375514;191160
3901395919;191161
3901416333;191162
3901436737;191163
3901457147;191164
3901477555;191165
3901497969;191166
3901518377;191167
3901538782;191168
3901559192;191169
3901579600;191170
3901600010;191171
3901620418;191172
3901640828;191173
3901661236;191174
3901681645;191175
3901702054;191176
3901722463;191177
3901742873;191178
3901763281;191179
3901783690;191180
3901804099;191181
3901824508;191182
3901844917;191183
3901865326;191184
3901885736;191185
3901906144;191186
3901926553;191187
3901946962;191188
3901967371;191189
3901987780;191190
3902008189;191191
3902028602;191192
3902049007;191193
3902069416;191194
3902089825;191195
3902110234;191196
3902130643;191197
3902151052;191198
3902171460;191199
3902191870;191200
3902212279;191201
3902232688;191202
3902253097;191203
3902273506;191204
3902293919;191205
3902314323;191206
3902334733;191207
3902355142;191208
3902375551;191209
3902395960;191210
3902416368;191211
3902436782;191212
3902457186;191213
3902477596;191214
3902498005;191215
3902518414;191216
3902538823;191217
3902559232;191218
3902579641;191219
3902600049;191220
3902620459;191221
3902640867;191222
3902661277;191223
3902681686;191224
3902702094;191225
3902722504;191226
3902742916;191227
3902763322;191228
3902783730;191229
3902804140;191230
3902824549;191231
3902844957;191232
3902865367;191233
3902885779;191234
3902906185;191235
3902926593;191236
3902947002;191237
3902967412;191238
3902987820;191239
3903008230;191240
3903028638;191241
3903049048;191242
3903069456;191243
3903089865;191244
3903110274;191245
3903130683;191246
3903151093;191247
3903171501;191248
3903191910;191249
3903212323;191250
3903232728;191251
3903253137;191252
3903273546;191253
3903293959;191254
3903314364;191255
3903334773;191256
3903355182;191257
3903375591;191258
3903396000;191259
3903416409;191260
3903436819;191261
3903457227;191262
3903477636;191263
3903498045;191264
3903518454;191265
3903538863;191266
3903559276;191267
3903579681;191268
3903600090;191269
3903620499;191270
3903640908;191271
3903661317;191272
3903681726;191273
3903702135;191274
3903722543;191275
3903742953;191276
3903763362;191277
3903783771;191278
3903804180;191279
3903824593;191280
3903844998;191281
3903865406;191282
3903885816;191283
3903906225;191284
3903926634;191285
3903947043;191286
3903967452;191287
3903987861;191288
3904008269;191289
3904028679;191290
3904049087;191291
3904069497;191292
3904089906;191293
3904110314;191294
3904130724;191295
3904151132;191296
3904171542;191297
3904191950;191298
3904212359;191299
3904232769;191300
3904253181;191301
3904273599;191302
3904294007;191303
3904314413;191304
3904334825;191305
3904355230;191306
3904375640;191307
3904396048;191308
3904416458;191309
3904436866;191310
3904457276;191311
3904477685;191312
3904498093;191313
3904518503;191314
3904538911;191315
3904559321;191316
3904579733;191317
3904600138;191318
3904620548;191319
3904640956;191320
3904661366;191321
3904681774;191322
3904702184;191323
3904722592;191324
3904743001;191325
3904763411;191326
3904783819;191327
3904804229;191328
3904824637;191329
3904845047;191330
3904865456;191331
3904885864;191332
3904906274;191333
3904926686;191334
3904947092;191335
3904967500;191336
3904987909;191337
3905008319;191338
3905028727;191339
3905049137;191340
3905069545;191341
3905089955;191342
3905110368;191343
3905130772;191344
3905151182;191345
3905171590;191346
3905192000;191347
3905212408;191348
3905232818;191349
3905253227;191350
3905273635;191351
3905294045;191352
3905314453;191353
3905334863;191354
3905355272;191355
3905375681;191356
3905396090;191357
3905416498;191358
3905436908;191359
3905457316;191360
3905477726;191361
3905498135;191362
3905518543;191363
3905538953;191364
3905559361;191365
3905579771;191366
3905600180;191367
3905620589;191368
3905640998;191369
3905661406;191370
3905681816;191371
3905702224;191372
3905722638;191373
3905743043;191374
3905763452;191375
3905783861;191376
3905804269;191377
3905824679;191378
3905845087;191379
3905865497;191380
3905885910;191381
3905906314;191382
3905926724;191383
3905947132;191384
3905967542;191385
3905987951;191386
3906008360;191387
3906028769;191388
3906049177;191389
3906069587;191390
3906089995;191391
3906110405;191392
3906130814;191393
3906151223;191394
3906171632;191395
3906192040;191396
3906212450;191397
3906232859;191398
3906253268;191399
3906273677;191400
3906294085;191401
3906314495;191402
3906334903;191403
3906355313;191404
3906375722;191405
3906396131;191406
3906416540;191407
3906436948;191408
3906457358;191409
3906477767;191410
3906498176;191411
3906518585;191412
3906538993;191413
3906559403;191414
3906579811;191415
3906600221;191416
3906620630;191417
3906641039;191418
3906661448;191419
3906681856;191420
3906702266;191421
3906722674;191422
3906743084;191423
3906763493;191424
3906783902;191425
3906804311;191426
3906824719;191427
3906845129;191428
3906865538;191429
3906885947;191430
3906906360;191431
3906926764;191432
3906947174;191433
3906967582;191434
3906987992;191435
3907008401;191436
3907028810;191437
3907049219;191438
3907069627;191439
3907090037;191440
3907110446;191441
3907130859;191442
3907151264;191443
3907171673;191444
3907192082;191445
3907212494;191446
3907232900;191447
3907253309;191448
3907273718;191449
3907294131;191450
3907314535;191451
3907334949;191452
3907355354;191453
3907375767;191454
3907396172;191455
3907416581;191456
3907436990;191457
3907457398;191458
3907477808;191459
3907498217;191460
3907518626;191461
3907539035;191462
3907559443;191463
3907579853;191464
3907600262;191465
3907620671;191466
3907641080;191467
3907661489;191468
3907681898;191469
3907702307;191470
3907722716;191471
3907743125;191472
3907763534;191473
3907783943;191474
3907804352;191475
3907824765;191476
3907845169;191477
3907865579;191478
3907885988;191479
3907906397;191480
3907926806;191481
3907947215;191482
3907967624;191483
3907988033;191484
3908008442;191485
3908028851;191486
3908049260;191487
3908069669;191488
3908090077;191489
3908110487;191490
3908130896;191491
3908151305;191492
3908171714;191493
3908192123;191494
3908212532;191495
3908232941;191496
3908253350;191497
3908273759;191498
3908294168;191499
3908314577;191500
3908334986;191501
3908355395;191502
3908375804;191503
3908396213;191504
3908416622;191505
3908437031;191506
3908457440;191507
3908477849;191508
3908498258;191509
3908518667;191510
3908539076;191511
3908559485;191512
3908579894;191513
3908600303;191514
3908620712;191515
3908641121;191516
3908661530;191517
3908681939;191518
3908702348;191519
3908722756;191520
3908743166;191521
3908763579;191522
3908783984;191523
3908804393;191524
3908824802;191525
3908845215;191526
3908865620;191527
3908886033;191528
3908906438;191529
3908926847;191530
3908947256;191531
3908967664;191532
3908988074;191533
3909008483;191534
3909028896;191535
3909049301;191536
3909069710;191537
3909090119;191538
3909110532;191539
3909130937;191540
3909151346;191541
3909171759;191542
3909192168;191543
3909212573;191544
3909232986;191545
3909253391;191546
3909273800;191547
3909294209;191548
3909314618;191549
3909335027;191550
3909355436;191551
3909375849;191552
3909396254;191553
3909416663;191554
3909437072;191555
3909457481;191556
3909477890;191557
3909498299;191558
3909518708;191559
3909539117;191560
3909559526;191561
3909579935;191562
3909600345;191563
3909620753;191564
3909641162;191565
3909661571;191566
3909681980;191567
3909702389;191568
3909722798;191569
3909743207;191570
3909763620;191571
3909784025;191572
3909804434;191573
3909824843;191574
3909845252;191575
3909865665;191576
3909886070;191577
3909906479;191578
3909926888;191579
3909947297;191580
3909967706;191581
3909988115;191582
3910008524;191583
3910028933;191584
3910049342;191585
3910069751;191586
3910090160;191587
3910110569;191588
3910130978;191589
3910151387;191590
3910171796;191591
3910192205;191592
3910212614;191593
3910233024;191594
3910253432;191595
3910273841;191596
3910294250;191597
3910314659;191598
3910335068;191599
3910355477;191600
3910375887;191601
3910396295;191602
3910416704;191603
3910437113;191604
3910457522;191605
3910477932;191606
3910498340;191607
3910518749;191608
3910539162;191609
3910559571;191610
3910579976;191611
3910600385;191612
3910620795;191613
3910641203;191614
3910661612;191615
3910682021;191616
3910702430;191617
3910722839;191618
3910743252;191619
3910763658;191620
3910784066;191621
3910804475;191622
3910824884;191623
3910845293;191624
3910865703;191625
3910886115;191626
3910906520;191627
3910926929;191628
3910947338;191629
3910967751;191630
3910988156;191631
3911008566;191632
3911028974;191633
3911049383;191634
3911069796;191635
3911090201;191636
3911110611;191637
3911131019;191638
3911151428;191639
3911171837;191640
3911192246;191641
3911212655;191642
3911233064;191643
3911253474;191644
3911273882;191645
3911294291;191646
3911314700;191647
3911335109;191648
3911355519;191649
3911375927;191650
3911396340;191651
3911416745;191652
3911437154;191653
3911457563;191654
3911477972;191655
3911498382;191656
3911518790;191657
3911539200;191658
3911559608;191659
3911580017;191660
3911600427;191661
3911620835;191662
3911641245;191663
3911661653;191664
3911682062;191665
3911702471;191666
3911722880;191667
3911743294;191668
3911763698;191669
3911784108;191670
3911804516;191671
3911824925;191672
3911845334;191673
3911865743;191674
3911886153;191675
3911906561;191676
3911926970;191677
3911947379;191678
3911967788;191679
3911988198;191680
3912008606;191681
3912029016;191682
3912049424;191683
3912069833;191684
3912090242;191685
3912110651;191686
3912131061;191687
3912151469;191688
3912171879;191689
3912192287;191690
3912212696;191691
3912233106;191692
3912253514;191693
3912273928;191694
3912294332;191695
3912314741;191696
3912335150;191697
3912355559;191698
3912375969;191699
3912396377;191700
3912416787;191701
3912437195;191702
3912457604;191703
3912478014;191704
3912498422;191705
3912518832;191706
3912539240;191707
3912559650;191708
3912580058;191709
3912600467;191710
3912620877;191711
3912641285;191712
3912661695;191713
3912682103;191714
3912702512;191715
3912722921;191716
3912743330;191717
3912763740;191718
3912784148;191719
3912804558;191720
3912824966;191721
3912845376;191722
3912865785;191723
3912886193;191724
3912906603;191725
3912927011;191726
3912947421;191727
3912967829;191728
3912988238;191729
3913008648;191730
3913029056;191731
3913049466;191732
3913069874;191733
3913090283;191734
3913110693;191735
3913131101;191736
3913151511;191737
3913171919;191738
3913192329;191739
3913212737;191740
3913233146;191741
3913253556;191742
3913273964;191743
3913294378;191744
3913314786;191745
3913335192;191746
3913355601;191747
3913376009;191748
3913396419;191749
3913416827;191750
3913437237;191751
3913457645;191752
3913478055;191753
3913498464;191754
3913518872;191755
3913539282;191756
3913559690;191757
3913580100;191758
3913600509;191759
3913620917;191760
3913641327;191761
3913661735;191762
3913682149;191763
3913702553;191764
3913722963;191765
3913743372;191766
3913763784;191767
3913784190;191768
3913804598;191769
3913825008;191770
3913845416;191771
3913865826;191772
3913886235;191773
3913906643;191774
3913927053;191775
3913947461;191776
3913967875;191777
3913988280;191778
3914008688;191779
3914029098;191780
3914049506;191781
3914069916;191782
3914090324;191783
3914110734;191784
3914131143;191785
3914151551;191786
3914171961;191787
3914192373;191788
3914212779;191789
3914233188;191790
3914253597;191791
3914274010;191792
3914294418;191793
3914314828;191794
3914335236;191795
3914355646;191796
3914376055;191797
3914396464;191798
3914416873;191799
3914437281;191800
3914457695;191801
3914478100;191802
3914498509;191803
3914518918;191804
3914539326;191805
3914559736;191806
3914580145;191807
3914600554;191808
3914620963;191809
3914641376;191810
3914661785;191811
3914682189;191812
3914702599;191813
3914723012;191814
3914743417;191815
3914763826;191816
3914784234;191817
3914804644;191818
3914825053;191819
3914845462;191820
3914865871;191821
3914886280;191822
3914906689;191823
3914927099;191824
3914947507;191825
3914967920;191826
3914988325;191827
3915008734;191828
3915029144;191829
3915049552;191830
3915069961;191831
3915090370;191832
3915110779;191833
3915131188;191834
3915151597;191835
3915172007;191836
3915192415;191837
3915212824;191838
3915233233;191839
3915253642;191840
3915274052;191841
3915294460;191842
3915314870;191843
3915335278;191844
3915355687;191845
3915376097;191846
3915396505;191847
3915416915;191848
3915437323;191849
3915457732;191850
3915478141;191851
3915498550;191852
3915518960;191853
3915539368;191854
3915559778;191855
3915580190;191856
3915600595;191857
3915621005;191858
3915641413;191859
3915661823;191860
3915682231;191861
3915702644;191862
3915723054;191863
3915743458;191864
3915763868;191865
3915784276;191866
3915804686;191867
3915825095;191868
3915845503;191869
3915865913;191870
3915886321;191871
3915906731;191872
3915927139;191873
3915947548;191874
3915967958;191875
3915988366;191876
3916008776;191877
3916029184;191878
3916049594;191879
3916070003;191880
3916090411;191881
3916110821;191882
3916131229;191883
3916151639;191884
3916172048;191885
3916192457;191886
3916212866;191887
3916233275;191888
3916253684;191889
3916274092;191890
3916294502;191891
3916314911;191892
3916335320;191893
3916355729;191894
3916376137;191895
3916396547;191896
3916416956;191897
3916437365;191898
3916457774;191899
3916478182;191900
3916498592;191901
3916519001;191902
3916539410;191903
3916559819;191904
3916580228;191905
3916600637;191906
3916621050;191907
3916641455;191908
3916661864;191909
3916682273;191910
3916702682;191911
3916723091;191912
3916743500;191913
3916763909;191914
3916784318;191915
3916804727;191916
3916825136;191917
3916845545;191918
3916865954;191919
3916886363;191920
3916906772;191921
3916927181;191922
3916947590;191923
3916968000;191924
3916988408;191925
3917008817;191926
3917029226;191927
3917049635;191928
3917070044;191929
3917090453;191930
3917110863;191931
3917131271;191932
3917151680;191933
3917172089;191934
3917192498;191935
3917212908;191936
3917233316;191937
3917253726;191938
3917274134;191939
3917294543;191940
3917314953;191941
3917335361;191942
3917355771;191943
3917376179;191944
3917396589;191945
3917416998;191946
3917437406;191947
3917457816;191948
3917478224;191949
3917498638;191950
3917519042;191951
3917539451;191952
3917559861;191953
3917580269;191954
3917600679;191955
3917621087;191956
3917641497;191957
3917661906;191958
3917682314;191959
3917702724;191960
3917723132;191961
3917743542;191962
3917763955;191963
3917784360;191964
3917804769;191965
3917825177;191966
3917845587;191967
3917865995;191968
3917886409;191969
3917906814;191970
3917927222;191971
3917947632;191972
3917968040;191973
3917988450;191974
3918008859;191975
3918029268;191976
3918049677;191977
3918070085;191978
3918090495;191979
3918110904;191980
3918131313;191981
3918151722;191982
3918172131;191983
3918192544;191984
3918212949;191985
3918233358;191986
3918253767;191987
3918274176;191988
3918294585;191989
3918314994;191990
3918335403;191991
3918355812;191992
3918376221;191993
3918396630;191994
3918417043;191995
3918437448;191996
3918457861;191997
3918478270;191998
3918498675;191999
3918519084;192000
3918539493;192001
3918559903;192002
3918580311;192003
3918600720;192004
3918621129;192005
3918641542;192006
3918661952;192007
3918682356;192008
3918702766;192009
3918723174;192010
3918743583;192011
3918763992;192012
3918784401;192013
3918804811;192014
3918825219;192015
3918845628;192016
3918866037;192017
3918886446;192018
3918906856;192019
3918927264;192020
3918947674;192021
3918968082;192022
3918988491;192023
3919008901;192024
3919029309;192025
3919049719;192026
3919070127;192027
3919090537;192028
3919110945;192029
3919131354;192030
3919151764;192031
3919172172;192032
3919192582;192033
3919212990;192034
3919233403;192035
3919253809;192036
3919274217;192037
3919294627;192038
3919315035;192039
3919335445;192040
3919355854;192041
3919376262;192042
3919396672;192043
3919417080;192044
3919437490;192045
3919457899;192046
3919478307;192047
3919498717;192048
3919519125;192049
3919539535;192050
3919559943;192051
3919580353;192052
3919600762;192053
3919621170;192054
3919641580;192055
3919661988;192056
3919682398;192057
3919702807;192058
3919723216;192059
3919743625;192060
3919764033;192061
3919784443;192062
3919804852;192063
3919825261;192064
3919845674;192065
3919866079;192066
3919886488;192067
3919906896;192068
3919927306;192069
3919947715;192070
3919968124;192071
3919988533;192072
3920008941;192073
3920029351;192074
3920049760;192075
3920070169;192076
3920090578;192077
3920110987;192078
3920131396;192079
3920151805;192080
3920172214;192081
3920192623;192082
3920213036;192083
3920233441;192084
3920253851;192085
3920274259;192086
3920294668;192087
3920315077;192088
3920335486;192089
3920355895;192090
3920376304;192091
3920396714;192092
3920417126;192093
3920437531;192094
3920457940;192095
3920478349;192096
3920498759;192097
3920519167;192098
3920539576;192099
3920559989;192100
3920580394;192101
3920600808;192102
3920621212;192103
3920641621;192104
3920662030;192105
3920682439;192106
3920702848;192107
3920723257;192108
3920743667;192109
3920764075;192110
3920784484;192111
3920804893;192112
3920825302;192113
3920845712;192114
3920866120;192115
3920886530;192116
3920906938;192117
3920927347;192118
3920947757;192119
3920968165;192120
3920988575;192121
3921008983;192122
3921029393;192123
3921049802;192124
3921070210;192125
3921090620;192126
3921111032;192127
3921131438;192128
3921151846;192129
3921172255;192130
3921192665;192131
3921213073;192132
3921233487;192133
3921253891;192134
3921274301;192135
3921294710;192136
3921315118;192137
3921335528;192138
3921355936;192139
3921376346;192140
3921396755;192141
3921417164;192142
3921437573;192143
3921457981;192144
3921478391;192145
3921498799;192146
3921519209;192147
3921539618;192148
3921560026;192149
3921580436;192150
3921600844;192151
3921621254;192152
3921641663;192153
3921662072;192154
3921682481;192155
3921702889;192156
3921723299;192157
3921743708;192158
3921764117;192159
3921784526;192160
3921804935;192161
3921825344;192162
3921845753;192163
3921866162;192164
3921886571;192165
3921906980;192166
3921927389;192167
3921947798;192168
3921968211;192169
3921988616;192170
3922009025;192171
3922029434;192172
3922049843;192173
3922070252;192174
3922090661;192175
3922111070;192176
3922131479;192177
3922151888;192178
3922172297;192179
3922192707;192180
3922213115;192181
3922233524;192182
3922253933;192183
3922274342;192184
3922294751;192185
3922315160;192186
3922335570;192187
3922355978;192188
3922376391;192189
3922396796;192190
3922417205;192191
3922437615;192192
3922458023;192193
3922478432;192194
3922498841;192195
3922519254;192196
3922539664;192197
3922560068;192198
3922580477;192199
3922600886;192200
3922621295;192201
3922641705;192202
3922662113;192203
3922682527;192204
3922702931;192205
3922723341;192206
3922743749;192207
3922764158;192208
3922784568;192209
3922804976;192210
3922825386;192211
3922845794;192212
3922866207;192213
3922886613;192214
3922907021;192215
3922927431;192216
3922947839;192217
3922968249;192218
3922988658;192219
3923009066;192220
3923029476;192221
3923049884;192222
3923070294;192223
3923090702;192224
3923111111;192225
3923131521;192226
3923151929;192227
3923172339;192228
3923192747;192229
3923213157;192230
3923233570;192231
3923253974;192232
3923274388;192233
3923294792;192234
3923315202;192235
3923335611;192236
3923356020;192237
3923376433;192238
3923396837;192239
3923417247;192240
3923437656;192241
3923458065;192242
3923478474;192243
3923498882;192244
3923519292;192245
3923539700;192246
3923560110;192247
3923580519;192248
3923600928;192249
3923621337;192250
3923641745;192251
3923662155;192252
3923682564;192253
3923702973;192254
3923723386;192255
3923743791;192256
3923764200;192257
3923784609;192258
3923805018;192259
3923825427;192260
3923845836;192261
3923866245;192262
3923886653;192263
3923907063;192264
3923927472;192265
3923947881;192266
3923968294;192267
3923988699;192268
3924009108;192269
3924029517;192270
3924049926;192271
3924070335;192272
3924090744;192273
3924111153;192274
3924131563;192275
3924151971;192276
3924172380;192277
3924192789;192278
3924213198;192279
3924233608;192280
3924254016;192281
3924274426;192282
3924294834;192283
3924315243;192284
3924335652;192285
3924356061;192286
3924376471;192287
3924396883;192288
3924417288;192289
3924437697;192290
3924458106;192291
3924478516;192292
3924498924;192293
3924519334;192294
3924539742;192295
3924560151;192296
3924580561;192297
3924600969;192298
3924621383;192299
3924641787;192300
3924662196;192301
3924682609;192302
3924703014;192303
3924723424;192304
3924743832;192305
3924764242;192306
3924784650;192307
3924805059;192308
3924825469;192309
3924845877;192310
3924866287;192311
3924886695;192312
3924907104;192313
3924927514;192314
3924947922;192315
3924968332;192316
3924988740;192317
3925009150;192318
3925029559;192319
3925049967;192320
3925070377;192321
3925090785;192322
3925111195;192323
3925131603;192324
3925152013;192325
3925172422;192326
3925192830;192327
3925213244;192328
3925233648;192329
3925254058;192330
3925274467;192331
3925294876;192332
3925315285;192333
3925335693;192334
3925356103;192335
3925376512;192336
3925396921;192337
3925417330;192338
3925437739;192339
3925458148;192340
3925478556;192341
3925498966;192342
3925519375;192343
3925539784;192344
3925560193;192345
3925580602;192346
3925601011;192347
3925621420;192348
3925641829;192349
3925662238;192350
3925682650;192351
3925703056;192352
3925723465;192353
3925743874;192354
3925764283;192355
3925784692;192356
3925805101;192357
3925825511;192358
3925845919;192359
3925866328;192360
3925886737;192361
3925907146;192362
3925927559;192363
3925947964;192364
3925968373;192365
3925988786;192366
3926009191;192367
3926029600;192368
3926050009;192369
3926070419;192370
3926090827;192371
3926111236;192372
3926131645;192373
3926152058;192374
3926172464;192375
3926192872;192376
3926213282;192377
3926233690;192378
3926254103;192379
3926274508;192380
3926294917;192381
3926315327;192382
3926335735;192383
3926356144;192384
3926376553;192385
3926396962;192386
3926417372;192387
3926437780;192388
3926458190;192389
3926478598;192390
3926499007;192391
3926519417;192392
3926539825;192393
3926560235;192394
3926580643;192395
3926601053;192396
3926621462;192397
3926641870;192398
3926662280;192399
3926682688;192400
3926703101;192401
3926723506;192402
3926743915;192403
3926764325;192404
3926784733;192405
3926805143;192406
3926825551;192407
3926845961;192408
3926866370;192409
3926886782;192410
3926907188;192411
3926927596;192412
3926948006;192413
3926968415;192414
3926988823;192415
3927009233;192416
3927029641;192417
3927050051;192418
3927070459;192419
3927090869;192420
3927111278;192421
3927131686;192422
3927152096;192423
3927172504;192424
3927192914;192425
3927213323;192426
3927233732;192427
3927254141;192428
3927274549;192429
3927294959;192430
3927315368;192431
3927335781;192432
3927356186;192433
3927376595;192434
3927397004;192435
3927417413;192436
3927437822;192437
3927458231;192438
3927478640;192439
3927499049;192440
3927519461;192441
3927539867;192442
3927560276;192443
3927580685;192444
3927601094;192445
3927621503;192446
3927641912;192447
3927662325;192448
3927682730;192449
3927703139;192450
3927723548;192451
3927743957;192452
3927764366;192453
3927784775;192454
3927805184;192455
3927825593;192456
3927846002;192457
3927866411;192458
3927886820;192459
3927907229;192460
3927927638;192461
3927948047;192462
3927968456;192463
3927988865;192464
3928009274;192465
3928029683;192466
3928050092;192467
3928070501;192468
3928090910;192469
3928111320;192470
3928131728;192471
3928152137;192472
3928172546;192473
3928192955;192474
3928213365;192475
3928233773;192476
3928254183;192477
3928274591;192478
3928295000;192479
3928315409;192480
3928335818;192481
3928356228;192482
3928376636;192483
3928397046;192484
3928417454;192485
3928437863;192486
3928458273;192487
3928478685;192488
3928499091;192489
3928519499;192490
3928539908;192491
3928560318;192492
3928580726;192493
3928601140;192494
3928621544;192495
3928641954;192496
3928662362;192497
3928682775;192498
3928703181;192499
3928723593;192500
3928743999;192501
3928764407;192502
3928784817;192503
3928805226;192504
3928825634;192505
3928846044;192506
3928866452;192507
3928886862;192508
3928907271;192509
3928927679;192510
3928948089;192511
3928968497;192512
3928988907;192513
3929009316;192514
3929029725;192515
3929050134;192516
3929070542;192517
3929090952;192518
3929111360;192519
3929131770;192520
3929152179;192521
3929172591;192522
3929192997;192523
3929213405;192524
3929233815;192525
3929254224;192526
3929274637;192527
3929295042;192528
3929315450;192529
3929335864;192530
3929356269;192531
3929376678;192532
3929397087;192533
3929417496;192534
3929437905;192535
3929458313;192536
3929478723;192537
3929499132;192538
3929519541;192539
3929539950;192540
3929560359;192541
3929580771;192542
3929601181;192543
3929621590;192544
3929641995;192545
3929662404;192546
3929682813;192547
3929703222;192548
3929723631;192549
3929744040;192550
3929764449;192551
3929784858;192552
3929805268;192553
3929825676;192554
3929846085;192555
3929866494;192556
3929886903;192557
3929907312;192558
3929927721;192559
3929948131;192560
3929968539;192561
3929988948;192562
3930009357;192563
3930029766;192564
3930050176;192565
3930070584;192566
3930090997;192567
3930111402;192568
3930131811;192569
3930152221;192570
3930172633;192571
3930193039;192572
3930213447;192573
3930233856;192574
3930254265;192575
3930274674;192576
3930295084;192577
3930315492;192578
3930335901;192579
3930356310;192580
3930376719;192581
3930397129;192582
3930417537;192583
3930437947;192584
3930458359;192585
3930478765;192586
3930499174;192587
3930519586;192588
3930539992;192589
3930560400;192590
3930580810;192591
3930601219;192592
3930621627;192593
3930642037;192594
3930662445;192595
3930682855;192596
3930703263;192597
3930723676;192598
3930744082;192599
3930764490;192600
3930784904;192601
3930805308;192602
3930825718;192603
3930846127;192604
3930866535;192605
3930886945;192606
3930907353;192607
3930927763;192608
3930948176;192609
3930968581;192610
3930988990;192611
3931009398;192612
3931029808;192613
3931050216;192614
3931070626;192615
3931091035;192616
3931111444;192617
3931131853;192618
3931152261;192619
3931172671;192620
3931193080;192621
3931213489;192622
3931233898;192623
3931254306;192624
3931274716;192625
3931295125;192626
3931315534;192627
3931335943;192628
3931356352;192629
3931376761;192630
3931397170;192631
3931417579;192632
3931437988;192633
3931458397;192634
3931478806;192635
3931499215;192636
3931519628;192637
3931540033;192638
3931560442;192639
3931580851;192640
3931601260;192641
3931621669;192642
3931642082;192643
3931662487;192644
3931682896;192645
3931703305;192646
3931723714;192647
3931744124;192648
3931764532;192649
3931784941;192650
3931805350;192651
3931825759;192652
3931846169;192653
3931866581;192654
3931886987;192655
3931907395;192656
3931927804;192657
3931948217;192658
3931968622;192659
3931989032;192660
3932009440;192661
3932029849;192662
3932050258;192663
3932070667;192664
3932091081;192665
3932111485;192666
3932131895;192667
3932152303;192668
3932172712;192669
3932193122;192670
3932213534;192671
3932233940;192672
3932254348;192673
3932274758;192674
3932295166;192675
3932315575;192676
3932335985;192677
3932356393;192678
3932376803;192679
3932397211;192680
3932417620;192681
3932438030;192682
3932458442;192683
3932478848;192684
3932499256;192685
3932519666;192686
3932540075;192687
3932560483;192688
3932580893;192689
3932601301;192690
3932621711;192691
3932642120;192692
3932662529;192693
3932682938;192694
3932703350;192695
3932723756;192696
3932744164;192697
3932764574;192698
3932784983;192699
3932805391;192700
3932825801;192701
3932846209;192702
3932866623;192703
3932887028;192704
3932907437;192705
3932927850;192706
3932948254;192707
3932968664;192708
3932989073;192709
3933009486;192710
3933029891;192711
3933050300;192712
3933070709;192713
3933091121;192714
3933111527;192715
3933131940;192716
3933152345;192717
3933172754;192718
3933193163;192719
3933213572;192720
3933233981;192721
3933254390;192722
3933274799;192723
3933295208;192724
3933315617;192725
3933336026;192726
3933356435;192727
3933376844;192728
3933397253;192729
3933417662;192730
3933438072;192731
3933458480;192732
3933478889;192733
3933499298;192734
3933519707;192735
3933540116;192736
3933560525;192737
3933580934;192738
3933601343;192739
3933621752;192740
3933642161;192741
3933662570;192742
3933682980;192743
3933703388;192744
3933723797;192745
3933744206;192746
3933764615;192747
3933785025;192748
3933805433;192749
3933825843;192750
3933846251;192751
