3894883023;190842
3894903431;190843
3894923844;190844
3894944249;190845
3894964658;190846
3894985067;190847
3895005476;190848
3895025886;190849
3895046298;190850
3895066703;190851
3895087116;190852
3895107521;190853
3895127930;190854
3895148339;190855
3895168748;190856
3895189157;190857
3895209566;190858
3895229975;190859
3895250384;190860
3895270792;190861
3895291202;190862
3895311610;190863
3895332020;190864
3895352429;190865
3895372838;190866
3895393247;190867
3895413655;190868
3895434065;190869
3895454473;190870
3895474883;190871
3895495292;190872
3895515700;190873
3895536110;190874
3895556518;190875
3895576928;190876
3895597336;190877
3895617745;190878
3895638159;190879
3895658563;190880
3895678973;190881
3895699381;190882
3895719790;190883
3895740199;190884
3895760608;190885
3895781017;190886
3895801430;190887
3895821836;190888
3895842244;190889
3895862653;190890
3895883062;190891
3895903471;190892
3895923880;190893
3895944289;190894
3895964698;190895
3895985107;190896
3896005516;190897
3896025925;190898
3896046334;190899
3896066742;190900
3896087152;190901
3896107565;190902
3896127970;190903
3896148379;190904
3896168787;190905
3896189197;190906
3896209605;190907
3896230015;190908
3896250423;190909
3896270833;190910
3896291242;190911
3896311650;190912
3896332060;190913
3896352468;190914
3896372877;190915
3896393286;190916
3896413695;190917
3896434105;190918
3896454513;190919
3896474923;190920
3896495331;190921
3896515740;190922
3896536149;190923
3896556558;190924
3896576968;190925
3896597376;190926
3896617785;190927
3896638194;190928
3896658603;190929
3896679012;190930
3896699421;190931
3896719829;190932
3896740243;190933
3896760648;190934
3896781057;190935
3896801466;190936
3896821875;190937
3896842284;190938
3896862692;190939
3896883102;190940
3896903511;190941
3896923920;190942
3896944329;190943
3896964737;190944
3896985147;190945
3897005559;190946
3897025965;190947
3897046374;190948
3897066786;190949
3897087192;190950
3897107600;190951
3897128010;190952
3897148418;190953
3897168827;190954
3897189236;190955
3897209645;190956
3897230055;190957
3897250463;190958
3897270872;190959
3897291281;190960
3897311690;190961
3897332099;190962
3897352508;190963
3897372921;190964
3897393326;190965
3897413735;190966
3897434144;190967
3897454553;190968
3897474962;190969
3897495371;190970
3897515780;190971
3897536189;190972
3897556598;190973
3897577011;190974
3897597416;190975
3897617824;190976
3897638234;190977
3897658642;190978
3897679052;190979
3897699465;190980
3897719869;190981
3897740279;190982
3897760687;190983
3897781097;190984
3897801505;190985
3897821914;190986
3897842324;190987
3897862732;190988
3897883142;190989
3897903554;190990
3897923960;190991
3897944368;190992
3897964777;190993
3897985187;190994
3898005595;190995
3898026005;190996
3898046413;190997
3898066822;190998
3898087231;190999
3898107640;191000
3898128049;191001
3898148458;191002
3898168867;191003
3898189276;191004
3898209685;191005
3898230094;191006
3898250503;191007
3898270912;191008
3898291321;191009
3898311730;191010
3898332139;191011
3898352548;191012
3898372957;191013
3898393366;191014
3898413774;191015
3898434188;191016
3898454593;191017
3898475002;191018
3898495411;191019
3898515819;191020
3898536229;191021
3898556637;191022
3898577047;191023
3898597455;191024
3898617864;191025
3898638274;191026
3898658682;191027
3898679092;191028
3898699500;191029
3898719909;191030
3898740322;191031
3898760727;191032
3898781137;191033
3898801545;191034
3898821955;191035
3898842363;191036
3898862772;191037
3898883181;191038
3898903590;191039
3898924000;191040
3898944408;191041
3898964817;191042
3898985226;191043
3899005639;191044
3899026044;191045
3899046453;191046
3899066865;191047
3899087271;191048
3899107680;191049
3899128089;191050
3899148498;191051
3899168906;191052
3899189316;191053
3899209724;191054
3899230134;191055
3899250543;191056
3899270952;191057
3899291361;191058
3899311769;191059
3899332179;191060
3899352587;191061
3899372997;191062
3899393406;191063
3899413814;191064
3899434224;191065
3899454632;191066
3899475041;191067
3899495450;191068
3899515859;191069
3899536268;191070
3899556677;191071
3899577087;191072
3899597499;191073
3899617904;191074
3899638313;191075
3899658722;191076
3899679131;191077
3899699540;191078
3899719949;191079
3899740358;191080
3899760767;191081
3899781176;191082
3899801585;191083
3899821994;191084
3899842403;191085
3899862812;191086
3899883221;191087
3899903630;191088
3899924039;191089
3899944452;191090
3899964856;191091
3899985266;191092
3900005674;191093
3900026084;191094
3900046493;191095
3900066901;191096
3900087311;191097
3900107719;191098
3900128129;191099
3900148537;191100
3900168946;191101
3900189356;191102
3900209764;191103
3900230174;191104
3900250582;191105
3900270991;191106
3900291400;191107
3900311809;191108
3900332219;191109
3900352627;191110
3900373037;191111
3900393445;191112
3900413854;191113
3900434263;191114
3900454672;191115
3900475081;191116
3900495490;191117
3900515899;191118
3900536308;191119
3900556717;191120
3900577126;191121
3900597535;191122
3900617943;191123
3900638353;191124
3900658762;191125
3900679171;191126
3900699580;191127
3900719988;191128
3900740398;191129
3900760810;191130
3900781216;191131
3900801625;191132
3900822034;191133
3900842443;191134
3900862851;191135
3900883261;191136
3900903673;191137
3900924079;191138
3900944487;191139
3900964896;191140
3900985306;191141
3901005714;191142
3901026124;191143
3901046532;191144
3901066941;191145
3901087350;191146
3901107763;191147
3901128169;191148
3901148577;191149
3901168986;191150
3901189395;191151
3901209804;191152
3901230213;191153
3901250622;191154
3901271031;191155
3901291440;191156
3901311853;191157
3901332258;191158
3901352667;191159
3901373076;191160
3901393485;191161
3901413893;191162
3901434303;191163
3901454712;191164
3901475121;191165
3901495530;191166
3901515942;191167
3901536348;191168
3901556756;191169
3901577166;191170
3901597575;191171
3901617983;191172
3901638393;191173
3901658801;191174
3901679211;191175
3901699619;191176
3901720029;191177
3901740438;191178
3901760850;191179
3901781256;191180
3901801664;191181
3901822073;191182
3901842482;191183
3901862891;191184
3901883300;191185
3901903709;191186
3901924119;191187
3901944527;191188
3901964936;191189
3901985345;191190
3902005754;191191
3902026163;191192
3902046572;191193
3902066981;191194
3902087390;191195
3902107799;191196
3902128212;191197
3902148617;191198
3902169025;191199
3902189435;191200
3902209844;191201
3902230253;191202
3902250666;191203
3902271071;191204
3902291480;191205
3902311888;191206
3902332298;191207
3902352706;191208
3902373116;191209
3902393525;191210
3902413933;191211
3902434343;191212
3902454751;191213
3902475161;191214
3902495569;191215
3902515982;191216
3902536388;191217
3902556796;191218
3902577206;191219
3902597614;191220
3902618023;191221
3902638436;191222
3902658841;191223
3902679251;191224
3902699659;191225
3902720068;191226
3902740477;191227
3902760886;191228
3902781295;191229
3902801704;191230
3902822113;191231
3902842522;191232
3902862931;191233
3902883340;191234
3902903749;191235
3902924161;191236
3902944567;191237
3902964975;191238
3902985385;191239
3903005794;191240
3903026203;191241
3903046612;191242
3903067020;191243
3903087430;191244
3903107838;191245
3903128248;191246
3903148657;191247
3903169065;191248
3903189475;191249
3903209883;191250
3903230293;191251
3903250701;191252
3903271111;191253
3903291523;191254
3903311928;191255
3903332338;191256
3903352746;191257
3903373156;191258
3903393564;191259
3903413973;191260
3903434382;191261
3903454791;191262
3903475201;191263
3903495609;191264
3903516018;191265
3903536427;191266
3903556836;191267
3903577249;191268
3903597654;191269
3903618063;191270
3903638472;191271
3903658881;191272
3903679290;191273
3903699699;191274
3903720111;191275
3903740517;191276
3903760925;191277
3903781335;191278
3903801744;191279
3903822153;191280
3903842562;191281
3903862970;191282
3903883380;191283
3903903788;191284
3903924198;191285
3903944607;191286
3903965015;191287
3903985425;191288
3904005833;191289
3904026243;191290
3904046651;191291
3904067060;191292
3904087470;191293
3904107878;191294
3904128288;191295
3904148696;191296
3904169105;191297
3904189514;191298
3904209923;191299
3904230332;191300
3904250741;191301
3904271158;191302
3904291567;191303
3904311976;191304
3904332389;191305
3904352794;191306
3904373203;191307
3904393612;191308
3904414021;191309
3904434430;191310
3904454839;191311
3904475248;191312
3904495657;191313
3904516066;191314
3904536475;191315
3904556884;191316
3904577293;191317
3904597702;191318
3904618111;191319
3904638520;191320
3904658929;191321
3904679338;191322
3904699747;191323
3904720159;191324
3904740565;191325
3904760974;191326
3904781383;191327
3904801792;191328
3904822201;191329
3904842610;191330
3904863018;191331
3904883428;191332
3904903837;191333
3904924246;191334
3904944655;191335
3904965063;191336
3904985473;191337
3905005882;191338
3905026291;191339
3905046700;191340
3905067108;191341
3905087518;191342
3905107926;191343
3905128336;191344
3905148745;191345
3905169153;191346
3905189563;191347
3905209971;191348
3905230381;191349
3905250790;191350
3905271198;191351
3905291608;191352
3905312016;191353
3905332426;191354
3905352834;191355
3905373243;191356
3905393653;191357
3905414061;191358
3905434471;191359
3905454879;191360
3905475289;191361
3905495698;191362
3905516106;191363
3905536516;191364
3905556924;191365
3905577334;191366
3905597742;191367
3905618151;191368
3905638561;191369
3905658969;191370
3905679379;191371
3905699787;191372
3905720196;191373
3905740606;191374
3905761014;191375
3905781424;191376
3905801832;191377
3905822241;191378
3905842650;191379
3905863059;191380
3905883473;191381
3905903877;191382
3905924287;191383
3905944695;191384
3905965104;191385
3905985513;191386
3906005922;191387
3906026332;191388
3906046740;191389
3906067153;191390
3906087558;191391
3906107967;191392
3906128377;191393
3906148785;191394
3906169194;191395
3906189603;191396
3906210012;191397
3906230421;191398
3906250830;191399
3906271240;191400
3906291648;191401
3906312057;191402
3906332466;191403
3906352875;191404
3906373285;191405
3906393693;191406
3906414102;191407
3906434511;191408
3906454920;191409
3906475329;191410
3906495738;191411
3906516147;191412
3906536556;191413
3906556965;191414
3906577374;191415
3906597783;191416
3906618192;191417
3906638601;191418
3906659010;191419
3906679419;191420
3906699828;191421
3906720236;191422
3906740650;191423
3906761055;191424
3906781464;191425
3906801873;191426
3906822285;191427
3906842691;191428
3906863099;191429
3906883509;191430
3906903918;191431
3906924326;191432
3906944736;191433
3906965144;191434
3906985554;191435
3907005963;191436
3907026372;191437
3907046781;191438
3907067189;191439
3907087599;191440
3907108007;191441
3907128416;191442
3907148826;191443
3907169234;191444
3907189644;191445
3907210052;191446
3907230462;191447
3907250871;191448
3907271279;191449
3907291689;191450
3907312097;191451
3907332507;191452
3907352915;191453
3907373324;191454
3907393734;191455
3907414142;191456
3907434552;191457
3907454960;191458
3907475370;191459
3907495779;191460
3907516187;191461
3907536597;191462
3907557005;191463
3907577414;191464
3907597823;191465
3907618232;191466
3907638642;191467
3907659050;191468
3907679460;191469
3907699868;191470
3907720277;191471
3907740687;191472
3907761095;191473
3907781508;191474
3907801913;191475
3907822322;191476
3907842731;191477
3907863144;191478
3907883550;191479
3907903958;191480
3907924368;191481
3907944776;191482
3907965185;191483
3907985594;191484
3908006007;191485
3908026412;191486
3908046825;191487
3908067230;191488
3908087639;191489
3908108048;191490
3908128458;191491
3908148866;191492
3908169275;191493
3908189684;191494
3908210093;191495
3908230502;191496
3908250911;191497
3908271324;191498
3908291729;191499
3908312142;191500
3908332547;191501
3908352956;191502
3908373365;191503
3908393774;191504
3908414183;191505
3908434592;191506
3908455005;191507
3908475409;191508
3908495819;191509
3908516228;191510
3908536641;191511
3908557046;191512
3908577455;191513
3908597864;191514
3908618273;191515
3908638682;191516
3908659091;191517
3908679499;191518
3908699909;191519
3908720317;191520
3908740727;191521
3908761136;191522
3908781545;191523
3908801958;191524
3908822366;191525
3908842772;191526
3908863180;191527
3908883590;191528
3908903999;191529
3908924407;191530
3908944817;191531
3908965225;191532
3908985635;191533
3909006044;191534
3909026452;191535
3909046862;191536
3909067270;191537
3909087680;191538
3909108088;191539
3909128501;191540
3909148907;191541
3909169315;191542
3909189725;191543
3909210133;191544
3909230542;191545
3909250952;191546
3909271360;191547
3909291770;191548
3909312178;191549
3909332587;191550
3909352996;191551
3909373405;191552
3909393815;191553
3909414223;191554
3909434633;191555
3909455041;191556
3909475454;191557
3909495860;191558
3909516268;191559
3909536678;191560
3909557086;191561
3909577499;191562
3909597904;191563
3909618313;191564
3909638723;191565
3909659131;191566
3909679541;191567
3909699949;191568
3909720358;191569
3909740768;191570
3909761176;191571
3909781585;191572
3909801994;191573
3909822403;191574
3909842812;191575
3909863221;191576
3909883630;191577
3909904039;191578
3909924448;191579
3909944857;191580
3909965266;191581
3909985675;191582
3910006084;191583
3910026493;191584
3910046902;191585
3910067311;191586
3910087720;191587
3910108129;191588
3910128538;191589
3910148947;191590
3910169356;191591
3910189765;191592
3910210174;191593
3910230583;191594
3910250992;191595
3910271401;191596
3910291810;191597
3910312219;191598
3910332628;191599
3910353037;191600
3910373450;191601
3910393855;191602
3910414264;191603
3910434673;191604
3910455082;191605
3910475490;191606
3910495900;191607
3910516309;191608
3910536718;191609
3910557127;191610
3910577539;191611
3910597949;191612
3910618354;191613
3910638763;191614
3910659172;191615
3910679581;191616
3910699990;191617
3910720398;191618
3910740808;191619
3910761217;191620
3910781625;191621
3910802035;191622
3910822443;191623
3910842853;191624
3910863261;191625
3910883670;191626
3910904080;191627
3910924488;191628
3910944898;191629
3910965306;191630
3910985716;191631
3911006125;191632
3911026533;191633
3911046943;191634
3911067351;191635
3911087761;191636
3911108169;191637
3911128578;191638
3911148988;191639
3911169396;191640
3911189806;191641
3911210214;191642
3911230623;191643
3911251033;191644
3911271441;191645
3911291851;191646
3911312259;191647
3911332672;191648
3911353077;191649
3911373486;191650
3911393896;191651
3911414304;191652
3911434714;191653
3911455122;191654
3911475531;191655
3911495941;191656
3911516349;191657
3911536759;191658
3911557167;191659
3911577576;191660
3911597985;191661
3911618394;191662
3911638804;191663
3911659212;191664
3911679621;191665
3911700030;191666
3911720439;191667
3911740849;191668
3911761257;191669
3911781667;191670
3911802075;191671
3911822484;191672
3911842893;191673
3911863302;191674
3911883712;191675
3911904120;191676
3911924529;191677
3911944938;191678
3911965347;191679
3911985756;191680
3912006165;191681
3912026578;191682
3912046983;191683
3912067392;191684
3912087801;191685
3912108210;191686
3912128619;191687
3912149028;191688
3912169437;191689
3912189846;191690
3912210255;191691
3912230663;191692
3912251077;191693
3912271482;191694
3912291891;191695
3912312304;191696
3912332708;191697
3912353118;191698
3912373527;191699
3912393936;191700
3912414345;191701
3912434754;191702
3912455163;191703
3912475571;191704
3912495981;191705
3912516390;191706
3912536799;191707
3912557208;191708
3912577616;191709
3912598026;191710
3912618435;191711
3912638844;191712
3912659253;191713
3912679662;191714
3912700071;191715
3912720479;191716
3912740889;191717
3912761298;191718
3912781707;191719
3912802116;191720
3912822524;191721
3912842934;191722
3912863342;191723
3912883752;191724
3912904161;191725
3912924569;191726
3912944979;191727
3912965387;191728
3912985797;191729
3913006206;191730
3913026614;191731
3913047024;191732
3913067436;191733
3913087842;191734
3913108250;191735
3913128660;191736
3913149069;191737
3913169477;191738
3913189887;191739
3913210295;191740
3913230704;191741
3913251114;191742
3913271522;191743
3913291932;191744
3913312340;191745
3913332750;191746
3913353158;191747
3913373571;191748
3913393977;191749
3913414385;191750
3913434795;191751
3913455203;191752
3913475612;191753
3913496022;191754
3913516430;191755
3913536840;191756
3913557248;191757
3913577657;191758
3913598066;191759
3913618475;191760
3913638885;191761
3913659293;191762
3913679703;191763
3913700111;191764
3913720520;191765
3913740930;191766
3913761342;191767
3913781751;191768
3913802156;191769
3913822565;191770
3913842974;191771
3913863383;191772
3913883793;191773
3913904205;191774
3913924614;191775
3913945019;191776
3913965428;191777
3913985837;191778
3914006246;191779
3914026655;191780
3914047064;191781
3914067473;191782
3914087886;191783
3914108291;191784
3914128700;191785
3914149109;191786
3914169518;191787
3914189927;191788
3914210336;191789
3914230745;191790
3914251154;191791
3914271567;191792
3914291976;191793
3914312385;191794
3914332794;191795
3914353203;191796
3914373612;191797
3914394021;191798
3914414430;191799
3914434839;191800
3914455248;191801
3914475657;191802
3914496066;191803
3914516475;191804
3914536884;191805
3914557293;191806
3914577702;191807
3914598111;191808
3914618520;191809
3914638929;191810
3914659338;191811
3914679750;191812
3914700156;191813
3914720565;191814
3914740974;191815
3914761383;191816
3914781792;191817
3914802201;191818
3914822610;191819
3914843019;191820
3914863428;191821
3914883837;191822
3914904246;191823
3914924655;191824
3914945068;191825
3914965473;191826
3914985882;191827
3915006291;191828
3915026700;191829
3915047109;191830
3915067518;191831
3915087927;191832
3915108336;191833
3915128745;191834
3915149154;191835
3915169563;191836
3915189972;191837
3915210381;191838
3915230790;191839
3915251199;191840
3915271608;191841
3915292017;191842
3915312426;191843
3915332835;191844
3915353244;191845
3915373652;191846
3915394062;191847
3915414471;191848
3915434880;191849
3915455289;191850
3915475697;191851
3915496107;191852
3915516520;191853
3915536925;191854
3915557334;191855
3915577743;191856
3915598152;191857
3915618561;191858
3915638974;191859
3915659379;191860
3915679788;191861
3915700197;191862
3915720610;191863
3915741015;191864
3915761424;191865
3915781833;191866
3915802242;191867
3915822650;191868
3915843060;191869
3915863469;191870
3915883878;191871
3915904287;191872
3915924696;191873
3915945105;191874
3915965514;191875
3915985923;191876
3916006332;191877
3916026740;191878
3916047150;191879
3916067559;191880
3916087968;191881
3916108377;191882
3916128789;191883
3916149195;191884
3916169603;191885
3916190013;191886
3916210422;191887
3916230831;191888
3916251244;191889
3916271648;191890
3916292058;191891
3916312467;191892
3916332876;191893
3916353285;191894
3916373693;191895
3916394103;191896
3916414512;191897
3916434921;191898
3916455330;191899
3916475739;191900
3916496148;191901
3916516557;191902
3916536966;191903
3916557375;191904
3916577784;191905
3916598193;191906
3916618601;191907
3916639011;191908
3916659420;191909
3916679829;191910
3916700238;191911
3916720646;191912
3916741056;191913
3916761465;191914
3916781874;191915
3916802283;191916
3916822691;191917
3916843101;191918
3916863510;191919
3916883919;191920
3916904332;191921
3916924737;191922
3916945150;191923
3916965558;191924
3916985964;191925
3917006373;191926
3917026782;191927
3917047191;191928
3917067599;191929
3917088009;191930
3917108422;191931
3917128827;191932
3917149236;191933
3917169644;191934
3917190054;191935
3917210463;191936
3917230872;191937
3917251281;191938
3917271690;191939
3917292099;191940
3917312508;191941
3917332917;191942
3917353326;191943
3917373735;191944
3917394144;191945
3917414552;191946
3917434962;191947
3917455371;191948
3917475780;191949
3917496189;191950
3917516601;191951
3917537007;191952
3917557416;191953
3917577825;191954
3917598234;191955
3917618642;191956
3917639052;191957
3917659461;191958
3917679870;191959
3917700279;191960
3917720687;191961
3917741097;191962
3917761505;191963
3917781915;191964
3917802324;191965
3917822733;191966
3917843142;191967
3917863550;191968
3917883960;191969
3917904369;191970
3917924778;191971
3917945187;191972
3917965595;191973
3917986005;191974
3918006414;191975
3918026823;191976
3918047232;191977
3918067640;191978
3918088050;191979
3918108459;191980
3918128868;191981
3918149277;191982
3918169685;191983
3918190095;191984
3918210503;191985
3918230913;191986
3918251322;191987
3918271730;191988
3918292140;191989
3918312548;191990
3918332962;191991
3918353367;191992
3918373776;191993
3918394185;191994
3918414593;191995
3918435003;191996
3918455412;191997
3918475821;191998
3918496230;191999
3918516638;192000
3918537048;192001
3918557456;192002
3918577866;192003
3918598275;192004
3918618687;192005
3918639093;192006
3918659505;192007
3918679911;192008
3918700320;192009
3918720732;192010
3918741138;192011
3918761546;192012
3918781956;192013
3918802365;192014
3918822777;192015
3918843183;192016
3918863595;192017
3918884001;192018
3918904414;192019
3918924819;192020
3918945228;192021
3918965636;192022
3918986046;192023
3919006454;192024
3919026864;192025
3919047273;192026
3919067682;192027
3919088091;192028
3919108499;192029
3919128909;192030
3919149318;192031
3919169726;192032
3919190136;192033
3919210544;192034
3919230954;192035
3919251367;192036
3919271772;192037
3919292181;192038
3919312589;192039
3919332999;192040
3919353407;192041
3919373820;192042
3919394226;192043
3919414634;192044
3919435044;192045
3919455452;192046
3919475862;192047
3919496271;192048
3919516679;192049
3919537089;192050
3919557497;192051
3919577907;192052
3919598316;192053
3919618725;192054
3919639134;192055
3919659546;192056
3919679952;192057
3919700361;192058
3919720770;192059
3919741179;192060
3919761587;192061
3919781997;192062
3919802405;192063
3919822815;192064
3919843224;192065
3919863632;192066
3919884042;192067
3919904454;192068
3919924860;192069
3919945269;192070
3919965677;192071
3919986087;192072
3920006495;192073
3920026905;192074
3920047314;192075
3920067723;192076
3920088132;192077
3920108540;192078
3920128950;192079
3920149358;192080
3920169768;192081
3920190177;192082
3920210585;192083
3920230995;192084
3920251403;192085
3920271816;192086
3920292222;192087
3920312630;192088
3920333040;192089
3920353448;192090
3920373858;192091
3920394267;192092
3920414676;192093
3920435085;192094
3920455497;192095
3920475903;192096
3920496312;192097
3920516720;192098
3920537130;192099
3920557538;192100
3920577948;192101
3920598356;192102
3920618770;192103
3920639179;192104
3920659583;192105
3920679993;192106
3920700401;192107
3920720811;192108
3920741220;192109
3920761628;192110
3920782038;192111
3920802446;192112
3920822856;192113
3920843265;192114
3920863673;192115
3920884083;192116
3920904491;192117
3920924901;192118
3920945309;192119
3920965718;192120
3920986132;192121
3921006536;192122
3921026946;192123
3921047354;192124
3921067764;192125
3921088173;192126
3921108581;192127
3921128991;192128
3921149399;192129
3921169809;192130
3921190218;192131
3921210626;192132
3921231036;192133
3921251444;192134
3921271854;192135
3921292267;192136
3921312671;192137
3921333081;192138
3921353489;192139
3921373899;192140
3921394307;192141
3921414716;192142
3921435126;192143
3921455534;192144
3921475948;192145
3921496352;192146
3921516762;192147
3921537171;192148
3921557579;192149
3921577989;192150
3921598401;192151
3921618807;192152
3921639220;192153
3921659628;192154
3921680034;192155
3921700442;192156
3921720852;192157
3921741260;192158
3921761669;192159
3921782079;192160
3921802487;192161
3921822897;192162
3921843305;192163
3921863714;192164
3921884124;192165
3921904532;192166
3921924942;192167
3921945350;192168
3921965763;192169
3921986169;192170
3922006577;192171
3922026991;192172
3922047395;192173
3922067804;192174
3922088214;192175
3922108622;192176
3922129032;192177
3922149440;192178
3922169850;192179
3922190258;192180
3922210667;192181
3922231077;192182
3922251485;192183
3922271895;192184
3922292303;192185
3922312712;192186
3922333122;192187
3922353530;192188
3922373940;192189
3922394348;192190
3922414758;192191
3922435167;192192
3922455575;192193
3922475985;192194
3922496393;192195
3922516803;192196
3922537211;192197
3922557620;192198
3922578030;192199
3922598438;192200
3922618848;192201
3922639256;192202
3922659669;192203
3922680075;192204
3922700483;192205
3922720893;192206
3922741305;192207
3922761714;192208
3922782120;192209
3922802532;192210
3922822942;192211
3922843346;192212
3922863755;192213
3922884165;192214
3922904573;192215
3922924983;192216
3922945391;192217
3922965800;192218
3922986209;192219
3923006618;192220
3923027028;192221
3923047436;192222
3923067846;192223
3923088254;192224
3923108663;192225
3923129073;192226
3923149481;192227
3923169891;192228
3923190299;192229
3923210708;192230
3923231118;192231
3923251526;192232
3923271936;192233
3923292344;192234
3923312753;192235
3923333162;192236
3923353571;192237
3923373981;192238
3923394389;192239
3923414799;192240
3923435207;192241
3923455616;192242
3923476026;192243
3923496434;192244
3923516844;192245
3923537252;192246
3923557661;192247
3923578071;192248
3923598479;192249
3923618889;192250
3923639297;192251
3923659706;192252
3923680116;192253
3923700524;192254
3923720934;192255
3923741342;192256
3923761751;192257
3923782160;192258
3923802569;192259
3923822979;192260
3923843387;192261
3923863797;192262
3923884205;192263
3923904614;192264
3923925024;192265
3923945432;192266
3923965841;192267
3923986250;192268
3924006659;192269
3924027069;192270
3924047481;192271
3924067887;192272
3924088299;192273
3924108704;192274
3924129113;192275
3924149522;192276
3924169932;192277
3924190340;192278
3924210749;192279
3924231162;192280
3924251567;192281
3924271977;192282
3924292385;192283
3924312794;192284
3924333203;192285
3924353616;192286
3924374022;192287
3924394430;192288
3924414839;192289
3924435248;192290
3924455657;192291
3924476071;192292
3924496479;192293
3924516885;192294
3924537293;192295
3924557702;192296
3924578111;192297
3924598520;192298
3924618930;192299
3924639342;192300
3924659747;192301
3924680156;192302
3924700565;192303
3924720978;192304
3924741383;192305
3924761792;192306
3924782201;192307
3924802610;192308
3924823020;192309
3924843432;192310
3924863837;192311
3924884246;192312
3924904655;192313
3924925068;192314
3924945473;192315
3924965883;192316
3924986291;192317
3925006700;192318
3925027109;192319
3925047518;192320
3925067928;192321
3925088336;192322
3925108745;192323
3925129154;192324
3925149563;192325
3925169973;192326
3925190381;192327
3925210790;192328
3925231199;192329
3925251608;192330
3925272018;192331
3925292426;192332
3925312835;192333
3925333244;192334
3925353653;192335
3925374062;192336
3925394471;192337
3925414880;192338
3925435289;192339
3925455698;192340
3925476107;192341
3925496516;192342
3925516929;192343
3925537334;192344
3925557743;192345
3925578152;192346
3925598565;192347
3925618974;192348
3925639379;192349
3925659788;192350
3925680197;192351
3925700606;192352
3925721015;192353
3925741424;192354
3925761833;192355
3925782242;192356
3925802651;192357
3925823060;192358
3925843469;192359
3925863882;192360
3925884287;192361
3925904696;192362
3925925109;192363
3925945514;192364
3925965924;192365
3925986332;192366
3926006741;192367
3926027150;192368
3926047559;192369
3926067969;192370
3926088377;192371
3926108786;192372
3926129195;192373
3926149604;192374
3926170013;192375
3926190422;192376
3926210831;192377
3926231240;192378
3926251653;192379
3926272058;192380
3926292467;192381
3926312876;192382
3926333285;192383
3926353698;192384
3926374103;192385
3926394512;192386
3926414922;192387
3926435330;192388
3926455739;192389
3926476152;192390
3926496557;192391
3926516965;192392
3926537375;192393
3926557784;192394
3926578193;192395
3926598602;192396
3926619011;192397
3926639420;192398
3926659829;192399
3926680238;192400
3926700647;192401
3926721056;192402
3926741465;192403
3926761874;192404
3926782283;192405
3926802696;192406
3926823101;192407
3926843510;192408
3926863919;192409
3926884328;192410
3926904737;192411
3926925146;192412
3926945555;192413
3926965964;192414
3926986373;192415
3927006782;192416
3927027191;192417
3927047600;192418
3927068012;192419
3927088418;192420
3927108827;192421
3927129236;192422
3927149645;192423
3927170054;192424
3927190463;192425
3927210872;192426
3927231281;192427
3927251690;192428
3927272099;192429
3927292508;192430
3927312916;192431
3927333326;192432
3927353735;192433
3927374144;192434
3927394553;192435
3927414961;192436
3927435371;192437
3927455780;192438
3927476189;192439
3927496598;192440
3927517006;192441
3927537416;192442
3927557825;192443
3927578234;192444
3927598643;192445
3927619052;192446
3927639461;192447
3927659870;192448
3927680279;192449
3927700688;192450
3927721097;192451
3927741510;192452
3927761914;192453
3927782324;192454
3927802733;192455
3927823142;192456
3927843551;192457
3927863959;192458
3927884369;192459
3927904778;192460
3927925187;192461
3927945596;192462
3927966005;192463
3927986414;192464
3928006823;192465
3928027232;192466
3928047641;192467
3928068050;192468
3928088459;192469
3928108867;192470
3928129277;192471
3928149686;192472
3928170095;192473
3928190504;192474
3928210916;192475
3928231322;192476
3928251731;192477
3928272140;192478
3928292549;192479
3928312957;192480
3928333367;192481
3928353776;192482
3928374185;192483
3928394594;192484
3928415002;192485
3928435412;192486
3928455821;192487
3928476230;192488
3928496639;192489
3928517047;192490
3928537457;192491
3928557865;192492
3928578275;192493
3928598684;192494
3928619092;192495
3928639502;192496
3928659914;192497
3928680320;192498
3928700729;192499
3928721138;192500
3928741547;192501
3928761955;192502
3928782365;192503
3928802778;192504
3928823183;192505
3928843592;192506
3928864000;192507
3928884410;192508
3928904819;192509
3928925228;192510
3928945637;192511
3928966045;192512
3928986455;192513
3929006863;192514
3929027273;192515
3929047682;192516
3929068091;192517
3929088500;192518
3929108908;192519
3929129318;192520
3929149727;192521
3929170136;192522
3929190545;192523
3929210953;192524
3929231363;192525
3929251772;192526
3929272181;192527
3929292590;192528
3929312998;192529
3929333408;192530
3929353816;192531
3929374226;192532
3929394635;192533
3929415047;192534
3929435453;192535
3929455861;192536
3929476271;192537
3929496680;192538
3929517092;192539
3929537498;192540
3929557906;192541
3929578316;192542
3929598725;192543
3929619134;192544
3929639543;192545
3929659951;192546
3929680361;192547
3929700770;192548
3929721179;192549
3929741588;192550
3929761996;192551
3929782406;192552
3929802814;192553
3929823224;192554
3929843633;192555
3929864041;192556
3929884451;192557
3929904859;192558
3929925273;192559
3929945678;192560
3929966087;192561
3929986500;192562
3930006904;192563
3930027314;192564
3930047723;192565
3930068132;192566
3930088541;192567
3930108949;192568
3930129359;192569
3930149767;192570
3930170177;192571
3930190586;192572
3930210994;192573
3930231404;192574
3930251812;192575
3930272222;192576
3930292631;192577
3930313039;192578
3930333453;192579
3930353857;192580
3930374267;192581
3930394676;192582
3930415085;192583
3930435494;192584
3930455902;192585
3930476312;192586
3930496721;192587
3930517133;192588
3930537539;192589
3930557947;192590
3930578357;192591
3930598765;192592
3930619175;192593
3930639584;192594
3930659992;192595
3930680402;192596
3930700810;192597
3930721220;192598
3930741629;192599
3930762037;192600
3930782447;192601
3930802859;192602
3930823265;192603
3930843674;192604
3930864082;192605
3930884492;192606
3930904904;192607
3930925314;192608
3930945718;192609
3930966128;192610
3930986537;192611
3931006949;192612
3931027355;192613
3931047763;192614
3931068172;192615
3931088582;192616
3931108994;192617
3931129400;192618
3931149808;192619
3931170218;192620
3931190631;192621
3931211035;192622
3931231445;192623
3931251853;192624
3931272263;192625
3931292672;192626
3931313080;192627
3931333490;192628
3931353898;192629
3931374312;192630
3931394716;192631
3931415125;192632
3931435535;192633
3931455943;192634
3931476353;192635
3931496761;192636
3931517170;192637
3931537584;192638
3931557988;192639
3931578398;192640
3931598806;192641
3931619216;192642
3931639625;192643
3931660033;192644
3931680447;192645
3931700855;192646
3931721261;192647
3931741669;192648
3931762078;192649
3931782488;192650
3931802896;192651
3931823306;192652
3931843714;192653
3931864123;192654
3931884533;192655
3931904941;192656
3931925351;192657
3931945759;192658
3931966168;192659
3931986578;192660
3932006986;192661
3932027396;192662
3932047808;192663
3932068214;192664
3932088623;192665
3932109031;192666
3932129441;192667
3932149849;192668
3932170259;192669
3932190667;192670
3932211076;192671
3932231486;192672
3932251894;192673
3932272304;192674
3932292712;192675
3932313121;192676
3932333531;192677
3932353939;192678
3932374349;192679
3932394757;192680
3932415166;192681
3932435576;192682
3932455984;192683
3932476394;192684
3932496802;192685
3932517215;192686
3932537620;192687
3932558029;192688
3932578439;192689
3932598847;192690
3932619257;192691
3932639665;192692
3932660074;192693
3932680484;192694
3932700892;192695
3932721306;192696
3932741710;192697
3932762119;192698
3932782529;192699
3932802937;192700
3932823347;192701
3932843755;192702
3932864164;192703
3932884574;192704
3932904982;192705
3932925396;192706
3932945800;192707
3932966210;192708
3932986618;192709
3933007031;192710
3933027437;192711
3933047845;192712
3933068255;192713
3933088663;192714
3933109072;192715
3933129482;192716
3933149890;192717
3933170300;192718
3933190708;192719
3933211117;192720
3933231531;192721
3933251935;192722
3933272345;192723
3933292753;192724
3933313162;192725
3933333571;192726
3933353984;192727
3933374390;192728
3933394798;192729
3933415207;192730
3933435620;192731
3933456025;192732
3933476435;192733
3933496843;192734
3933517252;192735
3933537661;192736
3933558070;192737
3933578480;192738
3933598892;192739
3933619298;192740
3933639706;192741
3933660115;192742
3933680525;192743
3933700933;192744
3933721343;192745
3933741751;192746
3933762160;192747
3933782569;192748
3933802982;192749
3933823388;192750
3933843796;192751
3933864205;192752
