3863300349;189290
3863320758;189291
3863341168;189292
3863361577;189293
3863381987;189294
3863402396;189295
3863422806;189296
3863443216;189297
3863463625;189298
3863484039;189299
3863504445;189300
3863524853;189301
3863545263;189302
3863565672;189303
3863586082;189304
3863606492;189305
3863626901;189306
3863647311;189307
3863667720;189308
3863688130;189309
3863708539;189310
3863728952;189311
3863749358;189312
3863769768;189313
3863790177;189314
3863810587;189315
3863830996;189316
3863851410;189317
3863871816;189318
3863892225;189319
3863912634;189320
3863933044;189321
3863953453;189322
3863973867;189323
3863994272;189324
3864014682;189325
3864035096;189326
3864055501;189327
3864075911;189328
3864096319;189329
3864116729;189330
3864137139;189331
3864157548;189332
3864177958;189333
3864198372;189334
3864218777;189335
3864239187;189336
3864259596;189337
3864280002;189338
3864300412;189339
3864320821;189340
3864341231;189341
3864361640;189342
3864382050;189343
3864402460;189344
3864422869;189345
3864443279;189346
3864463691;189347
3864484097;189348
3864504507;189349
3864524916;189350
3864545330;189351
3864565736;189352
3864586145;189353
3864606555;189354
3864626964;189355
3864647378;189356
3864667784;189357
3864688192;189358
3864708602;189359
3864729011;189360
3864749421;189361
3864769831;189362
3864790244;189363
3864810650;189364
3864831059;189365
3864851469;189366
3864871878;189367
3864892287;189368
3864912701;189369
3864933107;189370
3864953516;189371
3864973926;189372
3864994335;189373
3865014745;189374
3865035155;189375
3865055564;189376
3865075973;189377
3865096386;189378
3865116796;189379
3865137202;189380
3865157615;189381
3865178021;189382
3865198430;189383
3865218840;189384
3865239250;189385
3865259662;189386
3865280072;189387
3865300477;189388
3865320887;189389
3865341297;189390
3865361706;189391
3865382116;189392
3865402526;189393
3865422935;189394
3865443345;189395
3865463753;189396
3865484163;189397
3865504573;189398
3865524982;189399
3865545392;189400
3865565801;189401
3865586211;189402
3865606621;189403
3865627030;189404
3865647439;189405
3865667848;189406
3865688258;189407
3865708668;189408
3865729077;189409
3865749487;189410
3865769897;189411
3865790310;189412
3865810716;189413
3865831125;189414
3865851534;189415
3865871944;189416
3865892353;189417
3865912763;189418
3865933172;189419
3865953582;189420
3865973992;189421
3865994401;189422
3866014811;189423
3866035219;189424
3866055629;189425
3866076039;189426
3866096448;189427
3866116858;189428
3866137268;189429
3866157677;189430
3866178087;189431
3866198496;189432
3866218906;189433
3866239315;189434
3866259724;189435
3866280134;189436
3866300543;189437
3866320953;189438
3866341363;189439
3866361772;189440
3866382182;189441
3866402591;189442
3866423004;189443
3866443410;189444
3866463819;189445
3866484229;189446
3866504642;189447
3866525048;189448
3866545458;189449
3866565867;189450
3866586280;189451
3866606687;189452
3866627095;189453
3866647505;189454
3866667914;189455
3866688324;189456
3866708738;189457
3866729143;189458
3866749553;189459
3866769962;189460
3866790372;189461
3866810781;189462
3866831190;189463
3866851600;189464
3866872009;189465
3866892419;189466
3866912833;189467
3866933242;189468
3866953648;189469
3866974058;189470
3866994466;189471
3867014876;189472
3867035285;189473
3867055695;189474
3867076105;189475
3867096514;189476
3867116928;189477
3867137333;189478
3867157747;189479
3867178153;189480
3867198561;189481
3867218975;189482
3867239380;189483
3867259794;189484
3867280200;189485
3867300609;189486
3867321019;189487
3867341429;189488
3867361842;189489
3867382248;189490
3867402656;189491
3867423066;189492
3867443476;189493
3867463885;189494
3867484295;189495
3867504708;189496
3867525114;189497
3867545524;189498
3867565933;189499
3867586343;189500
3867606751;189501
3867627161;189502
3867647571;189503
3867667980;189504
3867688390;189505
3867708799;189506
3867729209;189507
3867749619;189508
3867770028;189509
3867790437;189510
3867810847;189511
3867831260;189512
3867851670;189513
3867872075;189514
3867892485;189515
3867912895;189516
3867933304;189517
3867953714;189518
3867974123;189519
3867994536;189520
3868014942;189521
3868035351;189522
3868055765;189523
3868076170;189524
3868096580;189525
3868116990;189526
3868137399;189527
3868157809;189528
3868178218;189529
3868198627;189530
3868219037;189531
3868239450;189532
3868259856;189533
3868280266;189534
3868300675;189535
3868321085;189536
3868341494;189537
3868361904;189538
3868382313;189539
3868402722;189540
3868423132;189541
3868443545;189542
3868463951;189543
3868484361;189544
3868504770;189545
3868525180;189546
3868545590;189547
3868565998;189548
3868586408;189549
3868606817;189550
3868627227;189551
3868647637;189552
3868668046;189553
