3863294174;189290
3863314587;189291
3863334996;189292
3863355406;189293
3863375816;189294
3863396225;189295
3863416631;189296
3863437041;189297
3863457450;189298
3863477859;189299
3863498268;189300
3863518678;189301
3863539088;189302
3863559501;189303
3863579907;189304
3863600315;189305
3863620729;189306
3863641139;189307
3863661544;189308
3863681954;189309
3863702364;189310
3863722773;189311
3863743183;189312
3863763591;189313
3863784001;189314
3863804411;189315
3863824820;189316
3863845230;189317
3863865639;189318
3863886048;189319
3863906458;189320
3863926867;189321
3863947277;189322
3863967691;189323
3863988096;189324
3864008506;189325
3864028918;189326
3864049324;189327
3864069734;189328
3864090143;189329
3864110553;189330
3864130962;189331
3864151372;189332
3864171781;189333
3864192190;189334
3864212600;189335
3864233010;189336
3864253419;189337
3864273826;189338
3864294239;189339
3864314648;189340
3864335054;189341
3864355467;189342
3864375873;189343
3864396282;189344
3864416692;189345
3864437102;189346
3864457514;189347
3864477920;189348
3864498330;189349
3864518739;189350
3864539153;189351
3864559558;189352
3864579968;189353
3864600377;189354
3864620790;189355
3864641200;189356
3864661609;189357
3864682019;189358
3864702425;189359
3864722834;189360
3864743244;189361
3864763652;189362
3864784062;189363
3864804472;189364
3864824881;189365
3864845291;189366
3864865700;189367
3864886109;189368
3864906519;189369
3864926928;189370
3864947342;189371
3864967748;189372
3864988157;189373
3865008567;189374
3865028975;189375
3865049385;189376
3865069795;189377
3865090204;189378
3865110614;189379
3865131027;189380
3865151437;189381
3865171846;189382
3865192251;189383
3865212661;189384
3865233070;189385
3865253480;189386
3865273890;189387
3865294302;189388
3865314712;189389
3865335118;189390
3865355527;189391
3865375941;189392
3865396346;189393
3865416756;189394
3865437166;189395
3865457578;189396
3865477984;189397
3865498393;189398
3865518803;189399
3865539213;189400
3865559622;189401
3865580032;189402
3865600444;189403
3865620850;189404
3865641260;189405
3865661669;189406
3865682079;189407
3865702489;189408
3865722898;189409
3865743311;189410
3865763716;189411
3865784126;189412
3865804536;189413
3865824945;189414
3865845355;189415
3865865764;189416
3865886173;189417
3865906583;189418
3865926996;189419
3865947406;189420
3865967811;189421
3865988221;189422
3866008631;189423
3866029039;189424
3866049449;189425
3866069858;189426
3866090268;189427
3866110678;189428
3866131087;189429
3866151497;189430
3866171906;189431
3866192315;189432
3866212729;189433
3866233134;189434
3866253544;189435
3866273958;189436
3866294363;189437
3866314772;189438
3866335181;189439
3866355595;189440
3866376001;189441
3866396410;189442
3866416820;189443
3866437229;189444
3866457638;189445
3866478048;189446
3866498457;189447
3866518871;189448
3866539277;189449
3866559686;189450
3866580096;189451
3866600504;189452
3866620914;189453
3866641324;189454
3866661733;189455
3866682143;189456
3866702552;189457
3866722962;189458
3866743371;189459
3866763784;189460
3866784194;189461
3866804599;189462
3866825013;189463
3866845419;189464
3866865827;189465
3866886237;189466
3866906647;189467
3866927056;189468
3866947466;189469
3866967875;189470
3866988285;189471
3867008694;189472
3867029107;189473
3867049513;189474
3867069922;189475
3867090332;189476
3867110742;189477
3867131151;189478
3867151561;189479
3867171973;189480
3867192383;189481
3867212789;189482
3867233198;189483
3867253608;189484
3867274017;189485
3867294427;189486
3867314836;189487
3867335245;189488
3867355655;189489
3867376065;189490
3867396474;189491
3867416884;189492
3867437292;189493
3867457706;189494
3867478112;189495
3867498521;189496
3867518931;189497
3867539340;189498
3867559750;189499
3867580159;189500
3867600568;189501
3867620978;189502
3867641387;189503
3867661801;189504
3867682207;189505
3867702616;189506
3867723026;189507
3867743435;189508
3867763844;189509
3867784254;189510
3867804667;189511
3867825073;189512
3867845487;189513
3867865892;189514
3867886301;189515
3867906710;189516
3867927120;189517
3867947530;189518
3867967943;189519
3867988349;189520
3868008757;189521
3868029167;189522
3868049577;189523
3868069986;189524
3868090396;189525
3868110806;189526
3868131218;189527
3868151624;189528
3868172033;189529
3868192443;189530
3868212853;189531
3868233262;189532
3868253672;189533
3868274081;189534
3868294490;189535
3868314900;189536
3868335309;189537
3868355723;189538
3868376128;189539
3868396538;189540
3868416948;189541
3868437360;189542
3868457766;189543
3868478175;189544
3868498585;189545
3868518995;189546
3868539404;189547
3868559814;189548
3868580224;189549
3868600632;189550
3868621042;189551
3868641451;189552
3868661861;189553
