3863292341;189294
3863312747;189295
3863333155;189296
3863353564;189297
3863373974;189298
3863394382;189299
3863414792;189300
3863435200;189301
3863455610;189302
3863476019;189303
3863496427;189304
3863516837;189305
3863537246;189306
3863557655;189307
3863578064;189308
3863598473;189309
3863618882;189310
3863639291;189311
3863659700;189312
3863680109;189313
3863700518;189314
3863720927;189315
3863741336;189316
3863761745;189317
3863782154;189318
3863802564;189319
3863822972;189320
3863843382;189321
3863863790;189322
3863884199;189323
3863904609;189324
3863925017;189325
3863945431;189326
3863965835;189327
3863986245;189328
3864006654;189329
3864027062;189330
3864047472;189331
3864067885;189332
3864088290;189333
3864108699;189334
3864129108;189335
3864149517;189336
3864169926;189337
3864190335;189338
3864210744;189339
3864231154;189340
3864251562;189341
3864271968;189342
3864292377;189343
3864312786;189344
3864333196;189345
3864353604;189346
3864374014;189347
3864394422;189348
3864414831;189349
3864435241;189350
3864455649;189351
3864476059;189352
3864496467;189353
3864516877;189354
3864537286;189355
3864557694;189356
3864578104;189357
3864598513;189358
3864618922;189359
3864639331;189360
3864659743;189361
3864680149;189362
3864700562;189363
3864720971;189364
3864741376;189365
3864761785;189366
3864782194;189367
3864802603;189368
3864823016;189369
3864843421;189370
3864863830;189371
3864884239;189372
3864904649;189373
3864925057;189374
3864945470;189375
3864965875;189376
3864986284;189377
3865006694;189378
3865027102;189379
3865047512;189380
3865067921;189381
3865088329;189382
3865108739;189383
3865129147;189384
3865149557;189385
3865169966;189386
3865190374;189387
3865210784;189388
3865231192;189389
3865251602;189390
3865272011;189391
3865292419;189392
3865312829;189393
3865333237;189394
3865353647;189395
3865374056;189396
3865394465;189397
3865414874;189398
3865435283;189399
3865455692;189400
3865476101;189401
3865496510;189402
3865516919;189403
3865537329;189404
3865557737;189405
3865578146;189406
3865598555;189407
3865618964;189408
3865639374;189409
3865659782;189410
3865680195;189411
3865700600;189412
3865721009;189413
3865741419;189414
3865761827;189415
3865782237;189416
3865802646;189417
3865823058;189418
3865843464;189419
3865863872;189420
3865884282;189421
3865904691;189422
3865925100;189423
3865945509;189424
3865965921;189425
3865986327;189426
3866006736;189427
3866027145;189428
3866047554;189429
3866067966;189430
3866088372;189431
3866108781;189432
3866129190;189433
3866149599;189434
3866170008;189435
3866190417;189436
3866210827;189437
3866231235;189438
3866251644;189439
3866272054;189440
3866292462;189441
3866312872;189442
3866333280;189443
3866353689;189444
3866374099;189445
3866394507;189446
3866414917;189447
3866435325;189448
3866455735;189449
3866476144;189450
3866496552;189451
3866516962;189452
3866537370;189453
3866557780;189454
3866578193;189455
3866598597;189456
3866619007;189457
3866639416;189458
3866659825;189459
3866680238;189460
3866700643;189461
3866721052;189462
3866741461;189463
3866761870;189464
3866782279;189465
3866802688;189466
3866823097;189467
3866843506;189468
3866863915;189469
3866884324;189470
3866904733;189471
3866925142;189472
3866945552;189473
3866965960;189474
3866986369;189475
3867006779;189476
3867027187;189477
3867047597;189478
3867068005;189479
3867088415;189480
3867108824;189481
3867129232;189482
3867149642;189483
3867170050;189484
3867190460;189485
3867210869;189486
3867231278;189487
3867251687;189488
3867272095;189489
3867292505;189490
3867312914;189491
3867333323;189492
3867353732;189493
3867374140;189494
3867394550;189495
3867414959;189496
3867435368;189497
3867455781;189498
3867476187;189499
3867496595;189500
3867517004;189501
3867537413;189502
3867557822;189503
3867578232;189504
3867598644;189505
3867619049;189506
3867639458;189507
3867659867;189508
3867680277;189509
3867700685;189510
3867721095;189511
3867741503;189512
3867761912;189513
3867782322;189514
3867802730;189515
3867823140;189516
3867843549;189517
3867863958;189518
3867884367;189519
3867904775;189520
3867925185;189521
3867945594;189522
3867966003;189523
3867986412;189524
3868006821;189525
3868027230;189526
3868047639;189527
3868068048;189528
3868088457;189529
3868108866;189530
3868129275;189531
3868149685;189532
3868170093;189533
3868190502;189534
3868210912;189535
3868231320;189536
3868251730;189537
3868272138;189538
3868292547;189539
3868312957;189540
3868333365;189541
3868353775;189542
3868374183;189543
3868394593;189544
3868415002;189545
3868435410;189546
3868455820;189547
3868476228;189548
3868496638;189549
3868517047;189550
3868537455;189551
3868557865;189552
3868578273;189553
3868598683;189554
3868619092;189555
3868639501;189556
3868659910;189557
