3863287994;189294
3863308404;189295
3863328816;189296
3863349221;189297
3863369630;189298
3863390039;189299
3863410449;189300
3863430857;189301
3863451266;189302
3863471680;189303
3863492084;189304
3863512494;189305
3863532902;189306
3863553311;189307
3863573721;189308
3863594129;189309
3863614539;189310
3863634948;189311
3863655356;189312
3863675770;189313
3863696174;189314
3863716584;189315
3863736993;189316
3863757401;189317
3863777811;189318
3863798219;189319
3863818629;189320
3863839038;189321
3863859446;189322
3863879856;189323
3863900265;189324
3863920673;189325
3863941083;189326
3863961491;189327
3863981901;189328
3864002310;189329
3864022719;189330
3864043128;189331
3864063536;189332
3864083950;189333
3864104359;189334
3864124764;189335
3864145173;189336
3864165582;189337
3864185991;189338
3864206400;189339
3864226809;189340
3864247218;189341
3864267628;189342
3864288033;189343
3864308442;189344
3864328851;189345
3864349264;189346
3864369669;189347
3864390078;189348
3864410487;189349
3864430899;189350
3864451305;189351
3864471714;189352
3864492127;189353
3864512532;189354
3864532942;189355
3864553350;189356
3864573759;189357
3864594168;189358
3864614581;189359
3864634990;189360
3864655395;189361
3864675804;189362
3864696213;189363
3864716622;189364
3864737032;189365
3864757440;189366
3864777849;189367
3864798258;189368
3864818667;189369
3864839077;189370
3864859485;189371
3864879894;189372
3864900304;189373
3864920712;189374
3864941121;189375
3864961530;189376
3864981939;189377
3865002349;189378
3865022757;189379
3865043167;189380
3865063575;189381
3865083988;189382
3865104394;189383
3865124802;189384
3865145212;189385
3865165620;189386
3865186029;189387
3865206439;189388
3865226847;189389
3865247256;189390
3865267666;189391
3865288074;189392
3865308484;189393
3865328892;189394
3865349301;189395
3865369711;189396
3865390119;189397
3865410529;189398
3865430937;189399
3865451346;189400
3865471756;189401
3865492164;189402
3865512574;189403
3865532982;189404
3865553395;189405
3865573801;189406
3865594209;189407
3865614619;189408
3865635027;189409
3865655436;189410
3865675846;189411
3865696254;189412
3865716664;189413
3865737073;189414
3865757481;189415
3865777891;189416
3865798299;189417
3865818709;189418
3865839118;189419
3865859526;189420
3865879936;189421
3865900344;189422
3865920754;189423
3865941163;189424
3865961575;189425
3865981981;189426
3866002389;189427
3866022799;189428
3866043207;189429
3866063616;189430
3866084026;189431
3866104439;189432
3866124844;189433
3866145253;189434
3866165661;189435
3866186071;189436
3866206480;189437
3866226889;189438
3866247298;189439
3866267706;189440
3866288116;189441
3866308525;189442
3866328934;189443
3866349343;189444
3866369751;189445
3866390161;189446
3866410570;189447
3866430979;189448
3866451388;189449
3866471797;189450
3866492206;189451
3866512615;189452
3866533024;189453
3866553433;189454
3866573842;189455
3866594251;189456
3866614660;189457
3866635069;189458
3866655478;189459
3866675887;189460
3866696296;189461
3866716705;189462
3866737114;189463
3866757523;189464
3866777932;189465
3866798341;189466
3866818750;189467
3866839159;189468
3866859568;189469
3866879977;189470
3866900386;189471
3866920795;189472
3866941205;189473
3866961613;189474
3866982022;189475
3867002431;189476
3867022840;189477
3867043250;189478
3867063658;189479
3867084067;189480
3867104476;189481
3867124885;189482
3867145294;189483
3867165703;189484
3867186112;189485
3867206521;189486
3867226930;189487
3867247339;189488
3867267748;189489
3867288157;189490
3867308567;189491
3867328975;189492
3867349384;189493
3867369793;189494
3867390202;189495
3867410612;189496
3867431024;189497
3867451430;189498
3867471838;189499
3867492247;189500
3867512657;189501
3867533065;189502
3867553474;189503
3867573883;189504
3867594292;189505
3867614702;189506
3867635110;189507
3867655519;189508
3867675929;189509
3867696337;189510
3867716751;189511
3867737155;189512
3867757565;189513
3867777974;189514
3867798382;189515
3867818792;189516
3867839200;189517
3867859609;189518
3867880019;189519
3867900431;189520
3867920837;189521
3867941245;189522
3867961654;189523
3867982064;189524
3868002472;189525
3868022882;189526
3868043290;189527
3868063699;189528
3868084109;189529
3868104517;189530
3868124930;189531
3868145336;189532
3868165744;189533
3868186154;189534
3868206562;189535
3868226972;189536
3868247381;189537
3868267789;189538
3868288199;189539
3868308607;189540
3868329017;189541
3868349426;189542
3868369834;189543
3868390244;189544
3868410652;189545
3868431062;189546
3868451471;189547
3868471879;189548
3868492289;189549
3868512698;189550
3868533107;189551
3868553516;189552
3868573924;189553
3868594334;189554
3868614743;189555
3868635152;189556
3868655561;189557
3868675969;189558
