8094451841;396613
8094472253;396614
8094492658;396615
8094513067;396616
8094533480;396617
8094553924;396618
8094574332;396619
8094594745;396620
8094615150;396621
8094635559;396622
8094655968;396623
8094676377;396624
8094696786;396625
8094717195;396626
8094737604;396627
8094758014;396628
8094778422;396629
8094798831;396630
8094819241;396631
8094839649;396632
8094860058;396633
8094880471;396634
8094900876;396635
8094921286;396636
8094941694;396637
8094962103;396638
8094982512;396639
8095002921;396640
8095023331;396641
8095043743;396642
8095064148;396643
8095084558;396644
8095104966;396645
8095125376;396646
8095145784;396647
8095166193;396648
8095186603;396649
8095207011;396650
8095227421;396651
8095247830;396652
8095268238;396653
8095288648;396654
8095309056;396655
8095329465;396656
8095349879;396657
8095370283;396658
8095390697;396659
8095411101;396660
8095431510;396661
8095451920;396662
8095472328;396663
8095492742;396664
8095513147;396665
8095533555;396666
8095553965;396667
8095574373;396668
8095594783;396669
8095615192;396670
8095635600;396671
8095656010;396672
8095676419;396673
8095696828;396674
8095717237;396675
8095737645;396676
8095758055;396677
8095778464;396678
8095798873;396679
8095819282;396680
8095839690;396681
8095860100;396682
8095880509;396683
8095900918;396684
8095921327;396685
8095941736;396686
8095962145;396687
8095982554;396688
8096002963;396689
8096023372;396690
8096043781;396691
8096064190;396692
8096084599;396693
8096105009;396694
8096125417;396695
8096145830;396696
8096166235;396697
8096186644;396698
8096207057;396699
8096227462;396700
8096247871;396701
8096268280;396702
8096288693;396703
8096309102;396704
8096329511;396705
8096349920;396706
8096370326;396707
8096390734;396708
8096411143;396709
8096431552;396710
8096451961;396711
8096472374;396712
8096492779;396713
8096513188;396714
8096533597;396715
8096554006;396716
8096574416;396717
8096594824;396718
8096615237;396719
8096635643;396720
8096656051;396721
8096676461;396722
8096696869;396723
8096717278;396724
8096737692;396725
8096758096;396726
8096778506;396727
8096798915;396728
8096819323;396729
8096839733;396730
8096860145;396731
8096880550;396732
8096900960;396733
8096921368;396734
8096941782;396735
8096962186;396736
8096982595;396737
8097003009;396738
8097023413;396739
8097043827;396740
8097064232;396741
8097084644;396742
8097105050;396743
8097125458;396744
8097145868;396745
8097166277;396746
8097186685;396747
8097207095;396748
8097227508;396749
8097247913;396750
8097268322;396751
8097288730;396752
8097309140;396753
8097329553;396754
8097349961;396755
8097370367;396756
8097390775;396757
8097411189;396758
8097431594;396759
8097452003;396760
8097472412;396761
8097492821;396762
8097513234;396763
8097533639;396764
8097554048;396765
8097574461;396766
8097594866;396767
8097615275;396768
8097635684;396769
8097656092;396770
8097676502;396771
8097696911;396772
8097717320;396773
8097737729;396774
8097758138;396775
8097778551;396776
8097798956;396777
8097819369;396778
8097839774;396779
8097860183;396780
8097880592;396781
8097901005;396782
8097921415;396783
8097941819;396784
8097962228;396785
8097982637;396786
8098003046;396787
8098023456;396788
8098043864;396789
8098064277;396790
8098084682;396791
8098105091;396792
8098125501;396793
8098145909;396794
8098166322;396795
8098186732;396796
8098207136;396797
8098227546;396798
8098247954;396799
8098268363;396800
8098288773;396801
8098309181;396802
8098329590;396803
8098350000;396804
8098370412;396805
8098390818;396806
8098411226;396807
8098431639;396808
8098452045;396809
8098472453;396810
8098492863;396811
8098513271;396812
8098533684;396813
8098554090;396814
8098574498;396815
8098594908;396816
8098615321;396817
8098635725;396818
8098656135;396819
8098676543;396820
8098696953;396821
8098717362;396822
8098737770;396823
8098758180;396824
8098778589;396825
8098798998;396826
8098819407;396827
8098839815;396828
8098860225;396829
8098880634;396830
8098901046;396831
8098921456;396832
8098941860;396833
8098962270;396834
8098982679;396835
8099003087;396836
8099023497;396837
8099043906;396838
8099064315;396839
8099084724;396840
8099105132;396841
8099125542;396842
8099145951;396843
8099166360;396844
8099186769;396845
8099207177;396846
8099227587;396847
8099247996;396848
8099268405;396849
8099288814;396850
8099309223;396851
8099329632;396852
8099350041;396853
8099370450;396854
8099390859;396855
8099411268;396856
8099431677;396857
8099452086;396858
8099472496;396859
8099492904;396860
8099513313;396861
8099533722;396862
8099554135;396863
8099574540;396864
8099594949;396865
8099615358;396866
8099635767;396867
8099656180;396868
8099676589;396869
8099696994;396870
8099717403;396871
8099737813;396872
8099758221;396873
8099778630;396874
8099799043;396875
8099819448;396876
8099839858;396877
8099860266;396878
8099880675;396879
8099901085;396880
8099921493;396881
8099941903;396882
8099962311;396883
8099982720;396884
8100003130;396885
8100023538;396886
8100043948;396887
8100064356;396888
8100084765;396889
8100105175;396890
8100125583;396891
8100145997;396892
8100166402;396893
8100186814;396894
8100207220;396895
8100227628;396896
8100248038;396897
8100268447;396898
8100288855;396899
8100309265;396900
8100329674;396901
8100350083;396902
8100370492;396903
8100390900;396904
8100411310;396905
8100431719;396906
8100452127;396907
8100472537;396908
8100492945;396909
8100513355;396910
8100533768;396911
8100554172;396912
8100574586;396913
8100594991;396914
8100615404;396915
8100635809;396916
8100656221;396917
8100676627;396918
8100697036;396919
8100717445;396920
8100737854;396921
8100758266;396922
8100778672;396923
8100799081;396924
8100819490;396925
8100839899;396926
8100860312;396927
8100880717;396928
8100901126;396929
8100921534;396930
8100941944;396931
8100962353;396932
8100982762;396933
8101003171;396934
8101023581;396935
8101043989;396936
8101064398;396937
8101084811;396938
8101105216;396939
8101125629;396940
8101146034;396941
8101166443;396942
8101186856;396943
8101207265;396944
8101227670;396945
8101248079;396946
8101268488;396947
8101288898;396948
8101309306;396949
8101329715;396950
8101350124;396951
8101370533;396952
8101390947;396953
8101411351;396954
8101431760;396955
8101452170;396956
8101472578;396957
8101492988;396958
8101513396;396959
8101533805;396960
8101554219;396961
8101574627;396962
8101595032;396963
8101615441;396964
8101635850;396965
8101656260;396966
8101676672;396967
8101697078;396968
8101717487;396969
8101737895;396970
8101758305;396971
8101778713;396972
8101799122;396973
8101819532;396974
8101839940;396975
8101860350;396976
8101880758;396977
8101901167;396978
8101921581;396979
8101941985;396980
8101962395;396981
8101982804;396982
8102003216;396983
8102023622;396984
8102044034;396985
8102064440;396986
8102084849;396987
8102105257;396988
8102125667;396989
8102146076;396990
8102166485;396991
8102186898;396992
8102207306;396993
8102227716;396994
8102248121;396995
8102268530;396996
8102288939;396997
8102309347;396998
8102329757;396999
8102350166;397000
8102370574;397001
8102390984;397002
8102411397;397003
8102431802;397004
8102452211;397005
8102472619;397006
8102493029;397007
8102513438;397008
8102533847;397009
8102554256;397010
8102574665;397011
8102595074;397012
8102615483;397013
8102635892;397014
8102656301;397015
8102676710;397016
8102697123;397017
8102717528;397018
8102737937;397019
8102758346;397020
8102778755;397021
8102799164;397022
8102819573;397023
8102839986;397024
8102860391;397025
8102880800;397026
8102901209;397027
8102921618;397028
8102942028;397029
8102962436;397030
8102982845;397031
8103003255;397032
8103023663;397033
8103044073;397034
8103064485;397035
8103084894;397036
8103105300;397037
8103125708;397038
8103146117;397039
8103166526;397040
8103186935;397041
8103207345;397042
8103227753;397043
8103248162;397044
8103268572;397045
8103288980;397046
8103309390;397047
8103329798;397048
8103350207;397049
8103370617;397050
8103391029;397051
8103411435;397052
8103431843;397053
8103452252;397054
8103472662;397055
8103493070;397056
8103513484;397057
8103533889;397058
8103554297;397059
8103574707;397060
8103595115;397061
8103615525;397062
8103635934;397063
8103656346;397064
8103676752;397065
8103697165;397066
8103717569;397067
8103737979;397068
8103758387;397069
8103778797;397070
8103799206;397071
8103819614;397072
8103840024;397073
8103860432;397074
8103880842;397075
8103901251;397076
8103921659;397077
8103942069;397078
8103962478;397079
8103982887;397080
8104003296;397081
8104023704;397082
8104044114;397083
8104064523;397084
8104084935;397085
8104105345;397086
8104125750;397087
8104146159;397088
8104166568;397089
8104186977;397090
8104207386;397091
8104227795;397092
8104248204;397093
8104268613;397094
8104289022;397095
8104309431;397096
8104329840;397097
8104350249;397098
8104370662;397099
8104391072;397100
8104411480;397101
8104431889;397102
8104452298;397103
8104472703;397104
8104493113;397105
8104513521;397106
8104533934;397107
8104554314;397108
8104574722;397109
8104595127;397110
8104615540;397111
8104635949;397112
8104656354;397113
8104676763;397114
8104697171;397115
8104717581;397116
8104737994;397117
8104758399;397118
8104778808;397119
8104799216;397120
8104819626;397121
8104840034;397122
8104860444;397123
8104880852;397124
8104901261;397125
8104921671;397126
8104942083;397127
8104962489;397128
8104982897;397129
8105003306;397130
8105023715;397131
8105044124;397132
8105064533;397133
8105084942;397134
8105105355;397135
8105125760;397136
8105146169;397137
8105166577;397138
8105186987;397139
8105207395;397140
8105227809;397141
8105248213;397142
8105268626;397143
8105289032;397144
8105309440;397145
8105329850;397146
8105350258;397147
8105370667;397148
8105391076;397149
8105411485;397150
8105431894;397151
8105452303;397152
8105472712;397153
8105493121;397154
8105513530;397155
8105533939;397156
8105554348;397157
8105574760;397158
8105595166;397159
8105615574;397160
8105635984;397161
8105656393;397162
8105676801;397163
8105697211;397164
8105717619;397165
8105738029;397166
8105758437;397167
8105778846;397168
8105799255;397169
8105819668;397170
8105840073;397171
8105860482;397172
8105880891;397173
8105901300;397174
8105921709;397175
8105942117;397176
8105962531;397177
8105982935;397178
8106003345;397179
8106023754;397180
8106044166;397181
8106064572;397182
8106084980;397183
8106105390;397184
8106125798;397185
8106146207;397186
8106166617;397187
8106187025;397188
8106207435;397189
8106227847;397190
8106248252;397191
8106268665;397192
8106289070;397193
8106309482;397194
8106329888;397195
8106350301;397196
8106370706;397197
8106391115;397198
8106411524;397199
8106431937;397200
8106452345;397201
8106472751;397202
8106493159;397203
8106513568;397204
8106533978;397205
8106554386;397206
8106574796;397207
8106595204;397208
8106615613;397209
8106636022;397210
8106656431;397211
8106676844;397212
8106697249;397213
8106717658;397214
8106738067;397215
8106758476;397216
8106778885;397217
8106799294;397218
8106819702;397219
8106840112;397220
8106860520;397221
8106880934;397222
8106901339;397223
8106921747;397224
8106942157;397225
8106962569;397226
8106982975;397227
8107003383;397228
8107023792;397229
8107044201;397230
8107064610;397231
8107085020;397232
8107105428;397233
8107125841;397234
8107146246;397235
8107166655;397236
8107187063;397237
8107207473;397238
8107227881;397239
8107248291;397240
8107268700;397241
8107289108;397242
8107309518;397243
8107329926;397244
8107350336;397245
8107370748;397246
8107391153;397247
8107411566;397248
8107431975;397249
8107452381;397250
8107472793;397251
8107493198;397252
8107513607;397253
8107534016;397254
8107554425;397255
8107574834;397256
8107595243;397257
8107615652;397258
8107636061;397259
8107656469;397260
8107676879;397261
8107697287;397262
8107717697;397263
8107738105;397264
8107758515;397265
8107778928;397266
8107799332;397267
8107819746;397268
8107840154;397269
8107860559;397270
8107880968;397271
8107901377;397272
8107921786;397273
8107942195;397274
8107962604;397275
8107983013;397276
8108003422;397277
8108023831;397278
8108044244;397279
8108064648;397280
8108085062;397281
8108105466;397282
8108125875;397283
8108146289;397284
8108166697;397285
8108187103;397286
8108207515;397287
8108227920;397288
8108248329;397289
8108268738;397290
8108289147;397291
8108309560;397292
8108329965;397293
8108350374;397294
8108370783;397295
8108391192;397296
8108411601;397297
8108432009;397298
8108452419;397299
8108472827;397300
8108493237;397301
8108513646;397302
8108534054;397303
8108554464;397304
8108574872;397305
8108595282;397306
8108615690;397307
8108636099;397308
8108656512;397309
8108676921;397310
8108697327;397311
8108717735;397312
8108738148;397313
8108758553;397314
8108778962;397315
8108799374;397316
8108819784;397317
8108840188;397318
8108860598;397319
8108881007;397320
8108901416;397321
8108921825;397322
8108942233;397323
8108962647;397324
8108983051;397325
8109003460;397326
8109023870;397327
8109044278;397328
8109064688;397329
8109085096;397330
8109105505;397331
8109125918;397332
8109146323;397333
8109166732;397334
8109187141;397335
8109207554;397336
8109227959;397337
8109248368;397338
8109268777;397339
8109289186;397340
8109309594;397341
8109330004;397342
8109350412;397343
8109370822;397344
8109391231;397345
8109411639;397346
8109432053;397347
8109452457;397348
8109472866;397349
8109493275;397350
8109513688;397351
8109534093;397352
8109554502;397353
8109574912;397354
8109595320;397355
8109615729;397356
8109636138;397357
8109656547;397358
8109676956;397359
8109697365;397360
8109717773;397361
8109738183;397362
8109758592;397363
8109779000;397364
8109799414;397365
8109819818;397366
8109840228;397367
8109860636;397368
8109881045;397369
8109901454;397370
8109921863;397371
8109942273;397372
8109962681;397373
8109983094;397374
8110003499;397375
8110023908;397376
8110044317;397377
8110064726;397378
8110085134;397379
8110105544;397380
8110125953;397381
8110146362;397382
8110166771;397383
8110187183;397384
8110207593;397385
8110227997;397386
8110248407;397387
8110268815;397388
8110289224;397389
8110309634;397390
8110330042;397391
8110350452;397392
8110370860;397393
8110391273;397394
8110411678;397395
8110432087;397396
8110452497;397397
8110472909;397398
8110493314;397399
8110513723;397400
8110534132;397401
8110554541;397402
8110574950;397403
8110595362;397404
8110615768;397405
8110636177;397406
8110656585;397407
8110676995;397408
8110697403;397409
8110717813;397410
8110738221;397411
8110758630;397412
8110779039;397413
8110799448;397414
8110819858;397415
8110840266;397416
8110860679;397417
8110881088;397418
8110901493;397419
8110921902;397420
8110942311;397421
8110962719;397422
8110983129;397423
8111003538;397424
8111023947;397425
8111044356;397426
8111064764;397427
8111085174;397428
8111105582;397429
8111125992;397430
8111146400;397431
8111166809;397432
8111187223;397433
8111207627;397434
8111228036;397435
8111248445;397436
8111268854;397437
8111289263;397438
8111309672;397439
8111330080;397440
8111350490;397441
8111370899;397442
8111391312;397443
8111411717;397444
8111432125;397445
8111452535;397446
8111472943;397447
8111493353;397448
8111513761;397449
8111534170;397450
8111554580;397451
8111574992;397452
8111595398;397453
8111615806;397454
8111636215;397455
8111656624;397456
8111677033;397457
8111697442;397458
8111717851;397459
8111738260;397460
8111758669;397461
8111779078;397462
8111799487;397463
8111819896;397464
8111840308;397465
8111860714;397466
8111881123;397467
8111901531;397468
8111921941;397469
8111942349;397470
8111962763;397471
8111983171;397472
8112003577;397473
8112023985;397474
8112044394;397475
8112064804;397476
8112085212;397477
8112105622;397478
8112126034;397479
8112146439;397480
8112166848;397481
8112187257;397482
8112207665;397483
8112228079;397484
8112248484;397485
8112268893;397486
8112289302;397487
8112309710;397488
8112330120;397489
8112350528;397490
8112370942;397491
8112391346;397492
8112411755;397493
8112432165;397494
8112452573;397495
8112472983;397496
8112493391;397497
8112513800;397498
8112534209;397499
8112554618;397500
8112575027;397501
8112595440;397502
8112615849;397503
8112636254;397504
8112656663;397505
8112677072;397506
8112697481;397507
8112717889;397508
8112738299;397509
8112758707;397510
8112779117;397511
8112799526;397512
8112819934;397513
8112840344;397514
8112860752;397515
8112881161;397516
8112901570;397517
8112921979;397518
8112942392;397519
8112962801;397520
8112983206;397521
8113003615;397522
8113024024;397523
8113044433;397524
8113064846;397525
8113085250;397526
8113105660;397527
8113126068;397528
8113146478;397529
8113166887;397530
8113187295;397531
8113207705;397532
8113228117;397533
8113248523;397534
8113268935;397535
8113289340;397536
8113309750;397537
8113330158;397538
8113350568;397539
8113370976;397540
8113391389;397541
8113411798;397542
8113432203;397543
8113452612;397544
8113473025;397545
8113493434;397546
8113513839;397547
8113534248;397548
8113554657;397549
8113575066;397550
8113595474;397551
8113615884;397552
8113636292;397553
8113656701;397554
8113677111;397555
8113697519;397556
8113717929;397557
8113738337;397558
8113758746;397559
8113779155;397560
8113799564;397561
8113819976;397562
8113840386;397563
8113860791;397564
8113881200;397565
8113901609;397566
8113922018;397567
8113942427;397568
8113962835;397569
8113983249;397570
8114003653;397571
8114024063;397572
8114044472;397573
8114064880;397574
8114085290;397575
8114105698;397576
8114126111;397577
8114146516;397578
8114166925;397579
8114187334;397580
8114207743;397581
8114228152;397582
8114248561;397583
8114268974;397584
8114289379;397585
8114309788;397586
8114330196;397587
8114350606;397588
8114371014;397589
8114391423;397590
8114411837;397591
8114432241;397592
8114452651;397593
8114473063;397594
8114493472;397595
8114513877;397596
8114534286;397597
8114554681;397598
8114575086;397599
8114595495;397600
8114615904;397601
8114636313;397602
8114656721;397603
8114677131;397604
8114697539;397605
8114717948;397606
8114738357;397607
8114758766;397608
8114779175;397609
8114799584;397610
8114819992;397611
8114840406;397612
8114860810;397613
8114881219;397614
8114901628;397615
8114922037;397616
8114942450;397617
8114962855;397618
8114983263;397619
8115003673;397620
8115024081;397621
8115044494;397622
8115064900;397623
8115085312;397624
8115105718;397625
8115126126;397626
8115146535;397627
8115166944;397628
8115187357;397629
8115207765;397630
8115228171;397631
8115248579;397632
8115268988;397633
8115289397;397634
8115309810;397635
8115330215;397636
8115350624;397637
8115371032;397638
8115391442;397639
8115411854;397640
8115432259;397641
8115452668;397642
8115473077;397643
8115493485;397644
8115513895;397645
8115534303;397646
8115554713;397647
8115575122;397648
8115595530;397649
8115615940;397650
8115636348;397651
8115656761;397652
8115677166;397653
8115697575;397654
8115717983;397655
8115738397;397656
8115758801;397657
8115779211;397658
8115799623;397659
8115820028;397660
8115840441;397661
8115860846;397662
8115881254;397663
8115901664;397664
8115922072;397665
8115942481;397666
8115962890;397667
8115983299;397668
8116003707;397669
8116024121;397670
8116044525;397671
8116064935;397672
8116085348;397673
8116105752;397674
8116126162;397675
8116146574;397676
8116166979;397677
8116187388;397678
8116207797;397679
8116228205;397680
8116248619;397681
8116269023;397682
8116289432;397683
8116309841;397684
8116330250;397685
8116350658;397686
8116371068;397687
8116391476;397688
8116411885;397689
8116432294;397690
8116452703;397691
8116473115;397692
8116493521;397693
8116513929;397694
8116534338;397695
8116554747;397696
8116575156;397697
8116595566;397698
8116615974;397699
8116636383;397700
8116656792;397701
8116677205;397702
8116697613;397703
8116718023;397704
8116738427;397705
8116758836;397706
8116779245;397707
8116799654;397708
8116820062;397709
8116840472;397710
8116860884;397711
8116881289;397712
8116901698;397713
8116922107;397714
8116942515;397715
8116962925;397716
8116983337;397717
8117003742;397718
8117024151;397719
8117044560;397720
8117064970;397721
8117085378;397722
8117105787;397723
8117126195;397724
8117146609;397725
8117167013;397726
8117187423;397727
8117207831;397728
8117228240;397729
8117248649;397730
8117269058;397731
8117289466;397732
8117309876;397733
8117330284;397734
8117350693;397735
8117371102;397736
8117391511;397737
8117411919;397738
8117432329;397739
8117452741;397740
8117473146;397741
8117493555;397742
8117513964;397743
8117534373;397744
8117554782;397745
8117575191;397746
8117595600;397747
8117616013;397748
8117636417;397749
8117656827;397750
8117677239;397751
8117697644;397752
8117718053;397753
8117738462;397754
8117758870;397755
8117779280;397756
8117799688;397757
8117820097;397758
8117840506;397759
8117860915;397760
8117881323;397761
8117901733;397762
8117922141;397763
8117942550;397764
8117962959;397765
8117983368;397766
8118003777;397767
8118024186;397768
8118044594;397769
8118065004;397770
8118085413;397771
8118105821;397772
8118126231;397773
8118146639;397774
8118167048;397775
8118187457;397776
8118207866;397777
8118228274;397778
8118248688;397779
8118269092;397780
8118289501;397781
8118309910;397782
8118330319;397783
8118350731;397784
8118371137;397785
8118391545;397786
8118411955;397787
8118432363;397788
8118452772;397789
8118473181;397790
8118493590;397791
8118513998;397792
8118534408;397793
8118554816;397794
8118575229;397795
8118595635;397796
8118616043;397797
8118636456;397798
8118656865;397799
8118677270;397800
8118697679;397801
8118718088;397802
8118738496;397803
8118758906;397804
8118779314;397805
8118799723;397806
8118820132;397807
8118840541;397808
8118860949;397809
8118881359;397810
8118901767;397811
8118922177;397812
8118942585;397813
8118962998;397814
8118983403;397815
8119003812;397816
8119024220;397817
8119044634;397818
8119065039;397819
8119085447;397820
8119105857;397821
8119126265;397822
8119146675;397823
8119167083;397824
8119187492;397825
8119207901;397826
8119228310;397827
8119248718;397828
8119269128;397829
8119289540;397830
8119309945;397831
8119330358;397832
8119350763;397833
8119371172;397834
8119391585;397835
8119411989;397836
8119432399;397837
8119452807;397838
8119473216;397839
8119493625;397840
8119514034;397841
8119534442;397842
8119554856;397843
8119575261;397844
8119595669;397845
8119616079;397846
8119636487;397847
8119656897;397848
8119677309;397849
8119697714;397850
8119718123;397851
8119738532;397852
8119758940;397853
8119779354;397854
8119799758;397855
8119820168;397856
8119840576;397857
8119860985;397858
8119881398;397859
8119901807;397860
8119922211;397861
8119942621;397862
8119963029;397863
8119983438;397864
8120003847;397865
8120024256;397866
8120044668;397867
8120065074;397868
8120085483;397869
8120105892;397870
8120126301;397871
8120146709;397872
8120167119;397873
8120187527;397874
8120207937;397875
8120228345;397876
8120248754;397877
8120269163;397878
8120289572;397879
8120309980;397880
8120330390;397881
8120350798;397882
8120371207;397883
8120391616;397884
8120412025;397885
8120432434;397886
8120452843;397887
8120473255;397888
8120493665;397889
8120514069;397890
8120534478;397891
8120554887;397892
8120575296;397893
8120595709;397894
8120616114;397895
8120636527;397896
8120656932;397897
8120677341;397898
8120697753;397899
8120718159;397900
8120738567;397901
8120758976;397902
8120779385;397903
8120799794;397904
8120820203;397905
8120840612;397906
8120861020;397907
8120881434;397908
8120901842;397909
8120922247;397910
8120942656;397911
8120963065;397912
8120983474;397913
8121003883;397914
8121024291;397915
8121044701;397916
8121065110;397917
8121085518;397918
8121105928;397919
8121126336;397920
8121146746;397921
8121167154;397922
8121187563;397923
8121207972;397924
8121228381;397925
8121248789;397926
8121269199;397927
8121289607;397928
8121310017;397929
8121330425;397930
8121350834;397931
8121371243;397932
8121391652;397933
8121412061;397934
8121432470;397935
8121452878;397936
8121473288;397937
8121493696;397938
8121514105;397939
8121534514;397940
8121554927;397941
8121575333;397942
8121595741;397943
8121616150;397944
8121636559;397945
8121656968;397946
8121677376;397947
8121697786;397948
8121718194;397949
8121738604;397950
8121759012;397951
8121779421;397952
8121799833;397953
8121820239;397954
8121840651;397955
8121861061;397956
8121881465;397957
8121901875;397958
8121922283;397959
8121942692;397960
8121963101;397961
8121983510;397962
8122003918;397963
8122024328;397964
8122044736;397965
8122065149;397966
8122085555;397967
8122105963;397968
8122126373;397969
8122146781;397970
8122167190;397971
8122187599;397972
8122208008;397973
8122228417;397974
8122248826;397975
8122269234;397976
8122289644;397977
8122310052;397978
8122330462;397979
8122350870;397980
8122371279;397981
8122391688;397982
8122412097;397983
8122432505;397984
8122452915;397985
8122473323;397986
8122493736;397987
8122514141;397988
8122534550;397989
8122554959;397990
8122575368;397991
8122595777;397992
8122616186;397993
8122636599;397994
8122657004;397995
8122677413;397996
8122697821;397997
8122718231;397998
8122738639;397999
8122759048;398000
8122779457;398001
8122799866;398002
8122820275;398003
8122840684;398004
8122861092;398005
8122881506;398006
8122901910;398007
8122922320;398008
8122942728;398009
8122963137;398010
8122983546;398011
8123003955;398012
8123024363;398013
8123044777;398014
8123065185;398015
8123085591;398016
8123106000;398017
8123126412;398018
8123146818;398019
8123167230;398020
8123187636;398021
8123208044;398022
8123228453;398023
8123248866;398024
8123269271;398025
8123289679;398026
8123310089;398027
8123330497;398028
8123350907;398029
8123371315;398030
8123391724;398031
8123412133;398032
8123432542;398033
8123452951;398034
8123473360;398035
8123493768;398036
8123514178;398037
8123534586;398038
8123554995;398039
8123575405;398040
8123595813;398041
8123616223;398042
8123636631;398043
8123657040;398044
8123677449;398045
8123697858;398046
8123718271;398047
8123738676;398048
8123759084;398049
8123779494;398050
8123799902;398051
8123820311;398052
8123840720;398053
8123861129;398054
8123881542;398055
8123901951;398056
8123922355;398057
8123942765;398058
8123963177;398059
8123983583;398060
8124003991;398061
8124024404;398062
8124044809;398063
8124065218;398064
8124085631;398065
8124106036;398066
8124126445;398067
8124146854;398068
8124167267;398069
8124187671;398070
8124208081;398071
8124228489;398072
8124248899;398073
8124269311;398074
8124289716;398075
8124310125;398076
8124330534;398077
8124350946;398078
8124371352;398079
8124391760;398080
8124412170;398081
8124432578;398082
8124452988;398083
8124473396;398084
8124493809;398085
8124514214;398086
8124534623;398087
8124555062;398088
8124575471;398089
8124595880;398090
8124616289;398091
8124636698;398092
8124657106;398093
8124677516;398094
8124697925;398095
8124718337;398096
8124738743;398097
8124759151;398098
8124779561;398099
8124799969;398100
8124820378;398101
8124840788;398102
8124861196;398103
8124881606;398104
8124902014;398105
8124922423;398106
8124942833;398107
8124963241;398108
8124983651;398109
8125004059;398110
8125024468;398111
8125044877;398112
8125065286;398113
8125085696;398114
8125106104;398115
8125126513;398116
8125146922;398117
8125167331;398118
8125187740;398119
8125208149;398120
8125228562;398121
8125248967;398122
8125269376;398123
8125289784;398124
8125310194;398125
8125330603;398126
8125351015;398127
8125371421;398128
8125391829;398129
8125412243;398130
8125432651;398131
8125453056;398132
8125473466;398133
8125493874;398134
8125514288;398135
8125534692;398136
8125555101;398137
8125575515;398138
8125595919;398139
8125616329;398140
8125636737;398141
8125657146;398142
8125677555;398143
8125697964;398144
8125718377;398145
8125738782;398146
8125759195;398147
8125779600;398148
8125800009;398149
8125820419;398150
8125840831;398151
8125861236;398152
8125881645;398153
8125902054;398154
8125922462;398155
8125942872;398156
8125963281;398157
8125983690;398158
8126004099;398159
8126024507;398160
8126044917;398161
8126065330;398162
8126085735;398163
8126106144;398164
8126126552;398165
8126146962;398166
8126167370;398167
8126187780;398168
8126208189;398169
8126228601;398170
8126249007;398171
8126269415;398172
8126289825;398173
8126310234;398174
8126330642;398175
8126351052;398176
8126371460;398177
8126391870;398178
8126412278;398179
8126432687;398180
8126453097;398181
8126473505;398182
8126493914;398183
8126514323;398184
8126534736;398185
8126555141;398186
8126575550;398187
8126595959;398188
8126616368;398189
8126636777;398190
8126657186;398191
8126677595;398192
8126698004;398193
8126718413;398194
8126738822;398195
8126759234;398196
8126779640;398197
8126800048;398198
8126820458;398199
8126840867;398200
8126861275;398201
8126881685;398202
8126902093;398203
8126922507;398204
8126942912;398205
8126963324;398206
8126983730;398207
8127004138;398208
8127024548;398209
8127044956;398210
8127065365;398211
8127085775;398212
8127106183;398213
8127126593;398214
8127147001;398215
8127167414;398216
8127187820;398217
8127208228;398218
8127228638;398219
8127249046;398220
8127269459;398221
8127289864;398222
8127310273;398223
8127330683;398224
8127351095;398225
8127371500;398226
8127391913;398227
8127412318;398228
8127432730;398229
8127453136;398230
8127473545;398231
8127493954;398232
8127514363;398233
8127534771;398234
8127555181;398235
8127575590;398236
8127596003;398237
8127616408;398238
8127636816;398239
8127657226;398240
8127677634;398241
8127698044;398242
8127718453;398243
8127738861;398244
8127759271;398245
8127779679;398246
8127800089;398247
8127820498;398248
8127840906;398249
8127861316;398250
8127881724;398251
8127902134;398252
8127922542;398253
8127942951;398254
8127963361;398255
8127983769;398256
8128004179;398257
8128024587;398258
8128044996;398259
8128065406;398260
8128085814;398261
8128106223;398262
8128126632;398263
8128147041;398264
8128167450;398265
8128187859;398266
8128208268;398267
8128228681;398268
8128249086;398269
8128269495;398270
8128289904;398271
8128310313;398272
8128330722;398273
8128351131;398274
8128371540;398275
8128391949;398276
8128412357;398277
8128432767;398278
8128453176;398279
8128473584;398280
8128493994;398281
8128514402;398282
8128534812;398283
8128555224;398284
8128575629;398285
8128596039;398286
8128616447;398287
8128636857;398288
8128657269;398289
8128677674;398290
8128698084;398291
8128718492;398292
8128738902;398293
8128759310;398294
8128779719;398295
8128800128;398296
8128820537;398297
8128840947;398298
8128861355;398299
8128881764;398300
8128902177;398301
8128922586;398302
8128942992;398303
8128963400;398304
8128983809;398305
8129004218;398306
8129024627;398307
8129045039;398308
8129065445;398309
8129085858;398310
8129106263;398311
8129126676;398312
8129147080;398313
8129167490;398314
8129187899;398315
8129208308;398316
8129228717;398317
8129249125;398318
8129269535;398319
8129289943;398320
8129310353;398321
8129330766;398322
8129351174;398323
8129371580;398324
8129391992;398325
8129412398;398326
8129432806;398327
8129453219;398328
8129473625;398329
8129494033;398330
8129514443;398331
8129534851;398332
8129555260;398333
8129575674;398334
8129596078;398335
8129616491;398336
8129636900;398337
8129657309;398338
8129677714;398339
8129698123;398340
8129718533;398341
8129738941;398342
8129759350;398343
8129779759;398344
8129800172;398345
8129820578;398346
8129840990;398347
8129861399;398348
8129881804;398349
8129902213;398350
8129922622;398351
8129943031;398352
8129963440;398353
8129983849;398354
8130004258;398355
8130024666;398356
8130045076;398357
8130065485;398358
8130085894;398359
8130106303;398360
8130126715;398361
8130147121;398362
8130167533;398363
8130187939;398364
8130208348;398365
8130228756;398366
8130249166;398367
8130269574;398368
8130289984;398369
8130310393;398370
8130330801;398371
8130351211;398372
8130371623;398373
8130392029;398374
8130412437;398375
8130432846;398376
8130453260;398377
8130473664;398378
8130494074;398379
8130514482;398380
8130534895;398381
8130555304;398382
8130575713;398383
8130596119;398384
8130616527;398385
8130636936;398386
8130657349;398387
8130677754;398388
8130698163;398389
8130718572;398390
8130738981;398391
8130759390;398392
8130779799;398393
8130800207;398394
8130820617;398395
8130841026;398396
8130861439;398397
8130881844;398398
8130902256;398399
8130922662;398400
8130943071;398401
8130963480;398402
8130983889;398403
8131004297;398404
8131024707;398405
8131045115;398406
8131065525;398407
8131085938;398408
8131106342;398409
8131126752;398410
8131147160;398411
8131167570;398412
8131187979;398413
8131208387;398414
8131228797;398415
8131249209;398416
8131269615;398417
8131290023;398418
8131310432;398419
8131330842;398420
8131351254;398421
8131371663;398422
8131392068;398423
8131412477;398424
8131432886;398425
8131453299;398426
8131473705;398427
8131494113;398428
8131514526;398429
8131534931;398430
8131555340;398431
8131575749;398432
8131596158;398433
8131616567;398434
8131636976;398435
8131657385;398436
8131677797;398437
8131698203;398438
8131718612;398439
8131739021;398440
8131759430;398441
8131779839;398442
8131800248;398443
8131820661;398444
8131841070;398445
8131861479;398446
8131881887;398447
8131902293;398448
8131922705;398449
8131943111;398450
8131963520;398451
8131983928;398452
8132004338;398453
8132024746;398454
8132045156;398455
8132065565;398456
8132085973;398457
8132106383;398458
8132126791;398459
8132147201;398460
8132167609;398461
8132188018;398462
8132208428;398463
8132228840;398464
8132249250;398465
8132269654;398466
8132290063;398467
8132310473;398468
8132330881;398469
8132351294;398470
8132371703;398471
8132392108;398472
8132412517;398473
8132432926;398474
8132453336;398475
8132473744;398476
8132494153;398477
8132514562;398478
8132534971;398479
8132555383;398480
8132575789;398481
8132596198;398482
8132616607;398483
8132637016;398484
8132657425;398485
8132677834;398486
8132698243;398487
8132718652;398488
8132739065;398489
8132759473;398490
8132779879;398491
8132800291;398492
8132820697;398493
8132841106;398494
8132861515;398495
8132881924;398496
8132902332;398497
8132922746;398498
8132943155;398499
8132963559;398500
8132983969;398501
8133004377;398502
8133024787;398503
8133045195;398504
8133065604;398505
8133086014;398506
8133106422;398507
8133126832;398508
8133147240;398509
8133167649;398510
8133188059;398511
8133208467;398512
8133228877;398513
8133249285;398514
8133269694;398515
8133290103;398516
8133310512;398517
8133330925;398518
8133351330;398519
8133371739;398520
8133392148;398521
8133412557;398522
8133432966;398523
8133453379;398524
8133473788;398525
8133494193;398526
8133514602;398527
8133535011;398528
8133555420;398529
8133575829;398530
8133596238;398531
8133616647;398532
8133637055;398533
8133657465;398534
8133677873;398535
8133698283;398536
8133718696;398537
8133739101;398538
8133759510;398539
8133779918;398540
8133800328;398541
8133820737;398542
8133841145;398543
8133861555;398544
8133881967;398545
8133902373;398546
8133922781;398547
8133943190;398548
8133963600;398549
8133984008;398550
8134004418;398551
8134024826;398552
8134045235;398553
8134065645;398554
8134086053;398555
8134106466;398556
8134126871;398557
8134147284;398558
8134167689;398559
8134188098;398560
8134208508;398561
8134228916;398562
8134249325;398563
8134269734;398564
8134290143;398565
8134310553;398566
8134330961;398567
8134351370;398568
8134371779;398569
8134392192;398570
8134412597;398571
8134433006;398572
8134453415;398573
8134473824;398574
8134494233;398575
8134514645;398576
8134535051;398577
8134555450;398578
8134575859;398579
8134596272;398580
8134616676;398581
8134637086;398582
8134657494;398583
8134677904;398584
8134698316;398585
8134718725;398586
8134739131;398587
8134759539;398588
8134779949;398589
8134800361;398590
8134820766;398591
8134841175;398592
8134861584;398593
8134881997;398594
8134902406;398595
8134922815;398596
8134943220;398597
8134963633;398598
8134984038;398599
8135004447;398600
8135024855;398601
8135045265;398602
8135065674;398603
8135086083;398604
8135106492;398605
8135126900;398606
8135147310;398607
8135167718;398608
8135188128;398609
8135208536;398610
8135228945;398611
8135249355;398612
8135269763;398613
8135290173;398614
8135310581;398615
8135330994;398616
8135351403;398617
8135371808;398618
8135392217;398619
8135412626;398620
8135433035;398621
8135453444;398622
8135473853;398623
8135494262;398624
8135514671;398625
8135535079;398626
8135555489;398627
8135575902;398628
8135596306;398629
8135616716;398630
8135637124;398631
8135657538;398632
8135677942;398633
8135698352;398634
8135718760;398635
8135739169;398636
8135759579;398637
8135779987;398638
8135800396;398639
8135820809;398640
8135841214;398641
8135861623;398642
8135882032;398643
8135902445;398644
8135922850;398645
8135943259;398646
8135963668;398647
8135984077;398648
8136004485;398649
8136024899;398650
8136045307;398651
8136065717;398652
8136086122;398653
8136106530;398654
8136126940;398655
8136147348;398656
8136167758;398657
8136188166;398658
8136208575;398659
8136228984;398660
8136249393;398661
8136269806;398662
8136290215;398663
8136310620;398664
8136331029;398665
8136351442;398666
8136371847;398667
8136392256;398668
8136412665;398669
8136433074;398670
8136453483;398671
8136473892;398672
8136494301;398673
8136514709;398674
8136535119;398675
8136555527;398676
8136575937;398677
8136596346;398678
8136616754;398679
8136637164;398680
8136657572;398681
8136677982;398682
8136698390;398683
8136718799;398684
8136739209;398685
8136759617;398686
8136780027;398687
8136800435;398688
8136820844;398689
8136841253;398690
8136861662;398691
8136882074;398692
8136902480;398693
8136922889;398694
8136943298;398695
8136963707;398696
8136984116;398697
8137004525;398698
8137024933;398699
8137045343;398700
8137065752;398701
8137086160;398702
8137106570;398703
8137126978;398704
8137147388;398705
8137167800;398706
8137188205;398707
8137208614;398708
8137229023;398709
8137249433;398710
8137269845;398711
8137290254;398712
8137310659;398713
8137331068;398714
8137351477;398715
8137371886;398716
8137392294;398717
8137412704;398718
8137433113;398719
8137453522;398720
8137473935;398721
8137494339;398722
8137514749;398723
8137535157;398724
8137555567;398725
8137575976;398726
8137596384;398727
8137616794;398728
8137637202;398729
8137657612;398730
8137678020;398731
8137698429;398732
8137718838;398733
8137739247;398734
8137759657;398735
8137780065;398736
8137800474;398737
8137820887;398738
8137841292;398739
8137861700;398740
8137882114;398741
8137902519;398742
8137922928;398743
8137943337;398744
8137963745;398745
8137984155;398746
8138004563;398747
8138024973;398748
8138045381;398749
8138065790;398750
8138086200;398751
8138106608;398752
8138127018;398753
8138147430;398754
8138167835;398755
8138188244;398756
8138208653;398757
8138229062;398758
8138249475;398759
8138269880;398760
8138290289;398761
8138310698;398762
8138331107;398763
8138351516;398764
8138371924;398765
8138392334;398766
8138412743;398767
8138433155;398768
8138453561;398769
8138473973;398770
8138494379;398771
8138514787;398772
8138535200;398773
8138555609;398774
8138576018;398775
8138596424;398776
8138616836;398777
8138637246;398778
8138657650;398779
8138678063;398780
8138698468;398781
8138718877;398782
8138739287;398783
8138759695;398784
8138780104;398785
8138800513;398786
8138820922;398787
8138841331;398788
8138861740;398789
8138882148;398790
8138902558;398791
8138922971;398792
8138943379;398793
8138963789;398794
8138984193;398795
8139004603;398796
8139025011;398797
8139045424;398798
8139065830;398799
8139086238;398800
8139106648;398801
8139127056;398802
8139147465;398803
8139167874;398804
8139188283;398805
8139208692;398806
8139229101;398807
8139249510;398808
8139269919;398809
8139290328;398810
8139310737;398811
8139331146;398812
8139351554;398813
8139371964;398814
8139392372;398815
8139412782;398816
8139433195;398817
8139453599;398818
8139474013;398819
8139494417;398820
8139514827;398821
8139535235;398822
8139555644;398823
8139576054;398824
8139596466;398825
8139616872;398826
8139637280;398827
8139657689;398828
8139678102;398829
8139698507;398830
8139718919;398831
8139739329;398832
8139759734;398833
8139780143;398834
8139800552;398835
8139820961;398836
8139841370;398837
8139861778;398838
8139882188;398839
8139902597;398840
8139923006;398841
8139943415;398842
8139963823;398843
8139984233;398844
8140004641;398845
8140025050;398846
8140045459;398847
8140065868;398848
8140086278;398849
8140106686;398850
8140127095;398851
8140147508;398852
8140167917;398853
8140188322;398854
8140208731;398855
8140229140;398856
8140249549;398857
8140269958;398858
8140290367;398859
8140310776;398860
8140331184;398861
8140351594;398862
8140372002;398863
8140392412;398864
8140412821;398865
8140433229;398866
8140453639;398867
8140474047;398868
8140494457;398869
8140514865;398870
8140535278;398871
8140555683;398872
8140576096;398873
8140596506;398874
8140616910;398875
8140637319;398876
8140657728;398877
8140678141;398878
8140698546;398879
8140718955;398880
8140739364;398881
8140759773;398882
8140780182;398883
8140800590;398884
8140821000;398885
8140841408;398886
8140861818;398887
8140882230;398888
8140902636;398889
8140923049;398890
8140943453;398891
8140963867;398892
8140984271;398893
8141004681;398894
8141025089;398895
8141045498;398896
8141065908;398897
8141086316;398898
8141106725;398899
8141127134;398900
8141147543;398901
8141167952;398902
8141188361;398903
8141208769;398904
8141229179;398905
8141249588;398906
8141269997;398907
8141290406;398908
8141310814;398909
8141331224;398910
8141351636;398911
8141372042;398912
8141392450;398913
8141412863;398914
8141433273;398915
8141453677;398916
8141474087;398917
8141494499;398918
8141514904;398919
8141535313;398920
8141555722;398921
8141576132;398922
8141596540;398923
8141616949;398924
8141637358;398925
8141657767;398926
8141678176;398927
8141698585;398928
8141718993;398929
8141739403;398930
8141759816;398931
8141780221;398932
8141800630;398933
8141821038;398934
8141841452;398935
8141861860;398936
8141882266;398937
8141902675;398938
8141923083;398939
8141943493;398940
8141963901;398941
8141984311;398942
8142004719;398943
8142025128;398944
8142045537;398945
8142065946;398946
8142086355;398947
8142106764;398948
8142127173;398949
8142147582;398950
8142167991;398951
8142188400;398952
8142208809;398953
8142229217;398954
8142249627;398955
8142270036;398956
8142290444;398957
8142310854;398958
8142331262;398959
8142351672;398960
8142372080;398961
8142392490;398962
8142412899;398963
8142433307;398964
8142453717;398965
8142474129;398966
8142494534;398967
8142514943;398968
8142535352;398969
8142555761;398970
8142576170;398971
8142596579;398972
8142616988;398973
8142637397;398974
8142657806;398975
8142678219;398976
8142698623;398977
8142719033;398978
8142739442;398979
8142759855;398980
8142780260;398981
8142800668;398982
8142821078;398983
8142841486;398984
8142861896;398985
8142882304;398986
8142902713;398987
8142923123;398988
8142943535;398989
8142963944;398990
8142984349;398991
8143004762;398992
8143025167;398993
8143045576;398994
8143065989;398995
8143086394;398996
8143106803;398997
8143127212;398998
8143147621;398999
8143168029;399000
8143188443;399001
8143208847;399002
8143229257;399003
8143249666;399004
8143270078;399005
8143290488;399006
8143310892;399007
8143331302;399008
8143351714;399009
8143372119;399010
8143392528;399011
8143412937;399012
8143433351;399013
8143453755;399014
8143474165;399015
8143494573;399016
8143514982;399017
8143535391;399018
8143555800;399019
8143576209;399020
8143596618;399021
8143617027;399022
8143637436;399023
8143657845;399024
8143678253;399025
8143698663;399026
8143719071;399027
8143739481;399028
8143759890;399029
8143780298;399030
8143800712;399031
8143821116;399032
8143841526;399033
8143861934;399034
8143882347;399035
8143902757;399036
8143923161;399037
8143943571;399038
8143963979;399039
8143984388;399040
8144004797;399041
8144025210;399042
8144045615;399043
8144066024;399044
8144086433;399045
8144106842;399046
8144127251;399047
8144147660;399048
8144168069;399049
8144188477;399050
8144208887;399051
8144229295;399052
8144249705;399053
8144270114;399054
8144290522;399055
8144310932;399056
8144331340;399057
8144351750;399058
8144372158;399059
8144392567;399060
8144412977;399061
8144433385;399062
8144453798;399063
8144474203;399064
8144494612;399065
8144515021;399066
8144535430;399067
8144555837;399068
8144576246;399069
8144596655;399070
8144617064;399071
8144637473;399072
8144657885;399073
8144678295;399074
8144698699;399075
8144719109;399076
8144739517;399077
8144759926;399078
8144780336;399079
8144800744;399080
8144821154;399081
8144841562;399082
8144861971;399083
8144882380;399084
8144902789;399085
8144923199;399086
8144943607;399087
8144964016;399088
8144984429;399089
8145004834;399090
8145025243;399091
8145045652;399092
8145066060;399093
8145086470;399094
8145106879;399095
8145127288;399096
8145147697;399097
8145168109;399098
8145188515;399099
8145208923;399100
8145229333;399101
8145249741;399102
8145270150;399103
8145290560;399104
8145310972;399105
8145331377;399106
8145351786;399107
8145372199;399108
8145392608;399109
8145413013;399110
8145433421;399111
8145453831;399112
8145474244;399113
8145494653;399114
8145515058;399115
8145535466;399116
8145555876;399117
8145576284;399118
8145596694;399119
8145617102;399120
8145637511;399121
8145657921;399122
8145678329;399123
8145698739;399124
8145719147;399125
8145739556;399126
8145759965;399127
8145780374;399128
8145800786;399129
8145821196;399130
8145841601;399131
8145862010;399132
8145882419;399133
8145902828;399134
8145923237;399135
8145943645;399136
8145964055;399137
8145984467;399138
8146004872;399139
8146025286;399140
8146045690;399141
8146066100;399142
8146086508;399143
8146106918;399144
8146127326;399145
8146147735;399146
8146168144;399147
8146188553;399148
8146208963;399149
8146229371;399150
8146249780;399151
8146270193;399152
8146290602;399153
8146311010;399154
8146331416;399155
8146351824;399156
8146372234;399157
8146392643;399158
8146413051;399159
8146433461;399160
8146453869;399161
8146474279;399162
8146494687;399163
8146515096;399164
8146535506;399165
8146555914;399166
8146576324;399167
8146596732;399168
8146617141;399169
8146637550;399170
8146657959;399171
8146678368;399172
8146698777;399173
8146719186;399174
8146739595;399175
8146760004;399176
8146780413;399177
8146800822;399178
8146821230;399179
8146841640;399180
8146862052;399181
8146882461;399182
8146902867;399183
8146923275;399184
8146943685;399185
8146964093;399186
8146984502;399187
8147004911;399188
8147025320;399189
8147045729;399190
8147066138;399191
8147086551;399192
8147106960;399193
8147127369;399194
8147147774;399195
8147168183;399196
8147188592;399197
8147209001;399198
8147229409;399199
8147249819;399200
8147270228;399201
8147290636;399202
8147311046;399203
8147331454;399204
8147351864;399205
8147372272;399206
8147392681;399207
8147413090;399208
8147433499;399209
8147453909;399210
8147474317;399211
8147494726;399212
8147515135;399213
8147535544;399214
8147555953;399215
8147576366;399216
8147596770;399217
8147617184;399218
8147637593;399219
8147657998;399220
8147678407;399221
8147698819;399222
8147719229;399223
8147739633;399224
8147760043;399225
8147780451;399226
8147800860;399227
8147821270;399228
8147841678;399229
8147862091;399230
8147882496;399231
8147902905;399232
8147923314;399233
8147943723;399234
8147964132;399235
8147984541;399236
8148004950;399237
8148025359;399238
8148045768;399239
8148066176;399240
8148086586;399241
8148106994;399242
8148127404;399243
8148147813;399244
8148168221;399245
8148188631;399246
8148209039;399247
8148229449;399248
8148249861;399249
8148270266;399250
8148290675;399251
8148311084;399252
8148331494;399253
8148351902;399254
8148372311;399255
8148392724;399256
8148413133;399257
8148433538;399258
8148453947;399259
8148474355;399260
8148494765;399261
8148515174;399262
8148535583;399263
8148555992;399264
8148576404;399265
8148596810;399266
8148617218;399267
8148637628;399268
8148658040;399269
8148678445;399270
8148698855;399271
8148719263;399272
8148739673;399273
8148760081;399274
8148780490;399275
8148800899;399276
8148821308;399277
8148841716;399278
8148862126;399279
8148882535;399280
8148902944;399281
8148923353;399282
8148943761;399283
8148964171;399284
8148984579;399285
8149004989;399286
8149025397;399287
8149045806;399288
8149066216;399289
8149086624;399290
8149107034;399291
8149127442;399292
8149147851;399293
8149168260;399294
8149188673;399295
8149209078;399296
8149229487;399297
8149249896;399298
8149270305;399299
8149290714;399300
8149311123;399301
8149331532;399302
8149351941;399303
8149372350;399304
8149392759;399305
8149413168;399306
8149433577;399307
8149453986;399308
8149474395;399309
8149494807;399310
8149515213;399311
8149535621;399312
8149556031;399313
8149576440;399314
8149596849;399315
8149617258;399316
8149637666;399317
8149658076;399318
8149678484;399319
8149698893;399320
8149719302;399321
8149739715;399322
8149760121;399323
8149780529;399324
8149800943;399325
8149821347;399326
8149841756;399327
8149862165;399328
8149882574;399329
8149902983;399330
8149923396;399331
8149943801;399332
8149964210;399333
8149984619;399334
8150005032;399335
8150025437;399336
8150045846;399337
8150066255;399338
8150086663;399339
8150107073;399340
8150127486;399341
8150147891;399342
8150168300;399343
8150188708;399344
8150209118;399345
8150229530;399346
8150249936;399347
8150270348;399348
8150290754;399349
8150311163;399350
8150331572;399351
8150351981;399352
8150372393;399353
8150392803;399354
8150413207;399355
8150433617;399356
8150454025;399357
8150474438;399358
8150494844;399359
8150515252;399360
8150535662;399361
8150556070;399362
8150576480;399363
8150596888;399364
8150617297;399365
8150637706;399366
8150658115;399367
8150678525;399368
8150698933;399369
8150719343;399370
8150739755;399371
8150760160;399372
8150780569;399373
8150800978;399374
8150821388;399375
8150841796;399376
8150862210;399377
8150882614;399378
8150903024;399379
8150923432;399380
8150943841;399381
8150964250;399382
8150984659;399383
8151005069;399384
8151025477;399385
8151045887;399386
8151066295;399387
8151086704;399388
8151107113;399389
8151127522;399390
8151147931;399391
8151168340;399392
8151188750;399393
8151209158;399394
8151229567;399395
8151249976;399396
8151270385;399397
8151290794;399398
8151311203;399399
8151331612;399400
8151352021;399401
8151372431;399402
8151392839;399403
8151413249;399404
8151433661;399405
8151454066;399406
8151474475;399407
8151494884;399408
8151515293;399409
8151535702;399410
8151556112;399411
8151576520;399412
8151596929;399413
8151617338;399414
8151637747;399415
8151658156;399416
8151678565;399417
8151698974;399418
8151719383;399419
8151739793;399420
8151760201;399421
8151780611;399422
8151801019;399423
8151821428;399424
8151841837;399425
8151862246;399426
8151882655;399427
8151903064;399428
8151923478;399429
8151943886;399430
8151964291;399431
8151984700;399432
8152005109;399433
8152025518;399434
8152045927;399435
8152066336;399436
8152086745;399437
8152107155;399438
8152127563;399439
8152147973;399440
8152168381;399441
8152188790;399442
8152209203;399443
8152229608;399444
8152250018;399445
8152270426;399446
8152290836;399447
8152311248;399448
8152331657;399449
8152352062;399450
8152372471;399451
8152392880;399452
8152413289;399453
8152433703;399454
8152454107;399455
8152474517;399456
8152494925;399457
8152515334;399458
8152535743;399459
8152556152;399460
8152576561;399461
8152596970;399462
8152617380;399463
8152637788;399464
8152658201;399465
8152678606;399466
8152699015;399467
8152719424;399468
8152739837;399469
8152760242;399470
8152780651;399471
8152801061;399472
8152821469;399473
8152841879;399474
8152862287;399475
8152882700;399476
8152903105;399477
8152923514;399478
8152943923;399479
8152964332;399480
8152984742;399481
8153005150;399482
8153025559;399483
8153045968;399484
8153066377;399485
8153086786;399486
8153107195;399487
8153127604;399488
8153148013;399489
8153168426;399490
8153188835;399491
8153209240;399492
8153229649;399493
8153250058;399494
8153270467;399495
8153290880;399496
8153311284;399497
8153331694;399498
8153352103;399499
8153372512;399500
8153392921;399501
8153413334;399502
8153433739;399503
8153454148;399504
8153474561;399505
8153494965;399506
8153515375;399507
8153535784;399508
8153556193;399509
8153576602;399510
8153597011;399511
8153617420;399512
