8094459371;396613
8094479780;396614
8094500188;396615
8094520598;396616
8094541006;396617
8094561454;396618
8094581862;396619
8094602271;396620
8094622681;396621
8094643089;396622
8094663499;396623
8094683907;396624
8094704317;396625
8094724726;396626
8094745134;396627
8094765544;396628
8094785953;396629
8094806362;396630
8094826771;396631
8094847179;396632
8094867589;396633
8094887998;396634
8094908407;396635
8094928816;396636
8094949224;396637
8094969634;396638
8094990043;396639
8095010452;396640
8095030861;396641
8095051271;396642
8095071683;396643
8095092088;396644
8095112497;396645
8095132910;396646
8095153316;396647
8095173724;396648
8095194133;396649
8095214543;396650
8095234951;396651
8095255361;396652
8095275769;396653
8095296179;396654
8095316588;396655
8095336996;396656
8095357406;396657
8095377814;396658
8095398224;396659
8095418633;396660
8095439041;396661
8095459451;396662
8095479860;396663
8095500269;396664
8095520678;396665
8095541086;396666
8095561496;396667
8095581909;396668
8095602314;396669
8095622723;396670
8095643133;396671
8095663541;396672
8095683950;396673
8095704359;396674
8095724772;396675
8095745181;396676
8095765586;396677
8095785995;396678
8095806404;396679
8095826813;396680
8095847223;396681
8095867631;396682
8095888044;396683
8095908450;396684
8095928858;396685
8095949268;396686
8095969676;396687
8095990089;396688
8096010495;396689
8096030903;396690
8096051317;396691
8096071725;396692
8096092131;396693
8096112540;396694
8096132948;396695
8096153358;396696
8096173767;396697
8096194176;396698
8096214585;396699
8096234993;396700
8096255403;396701
8096275812;396702
8096296221;396703
8096316630;396704
8096337040;396705
8096357448;396706
8096377857;396707
8096398266;396708
8096418675;396709
8096439085;396710
8096459493;396711
8096479902;396712
8096500311;396713
8096520720;396714
8096541130;396715
8096561538;396716
8096581947;396717
8096602357;396718
8096622765;396719
8096643175;396720
8096663583;396721
8096683993;396722
8096704402;396723
8096724810;396724
8096745220;396725
8096765629;396726
8096786038;396727
8096806447;396728
8096826855;396729
8096847265;396730
8096867674;396731
8096888083;396732
8096908492;396733
8096928904;396734
8096949310;396735
8096969719;396736
8096990128;396737
8097010537;396738
8097030947;396739
8097051355;396740
8097071764;396741
8097092177;396742
8097112582;396743
8097132992;396744
8097153400;396745
8097173810;396746
8097194219;396747
8097214627;396748
8097235037;396749
8097255445;396750
8097275854;396751
8097296264;396752
8097316672;396753
8097337082;396754
8097357490;396755
8097377904;396756
8097398309;396757
8097418717;396758
8097439127;396759
8097459536;396760
8097479945;396761
8097500354;396762
8097520766;396763
8097541172;396764
8097561581;396765
8097581990;396766
8097602399;396767
8097622807;396768
8097643221;396769
8097663626;396770
8097684035;396771
8097704444;396772
8097724854;396773
8097745262;396774
8097765671;396775
8097786080;396776
8097806489;396777
8097826899;396778
8097847311;396779
8097867716;396780
8097888126;396781
8097908534;396782
8097928944;396783
8097949352;396784
8097969762;396785
8097990171;396786
8098010579;396787
8098030989;396788
8098051397;396789
8098071807;396790
8098092216;396791
8098112624;396792
8098133034;396793
8098153447;396794
8098173852;396795
8098194261;396796
8098214670;396797
8098235079;396798
8098255488;396799
8098275897;396800
8098296310;396801
8098316716;396802
8098337124;396803
8098357533;396804
8098377942;396805
8098398351;396806
8098418761;396807
8098439169;396808
8098459578;396809
8098479987;396810
8098500396;396811
8098520806;396812
8098541214;396813
8098561624;396814
8098582033;396815
8098602441;396816
8098622851;396817
8098643263;396818
8098663673;396819
8098684078;396820
8098704486;396821
8098724896;396822
8098745304;396823
8098765717;396824
8098786123;396825
8098806531;396826
8098826941;396827
8098847350;396828
8098867759;396829
8098888168;396830
8098908577;396831
8098928986;396832
8098949395;396833
8098969804;396834
8098990213;396835
8099010623;396836
8099031031;396837
8099051440;396838
8099071849;396839
8099092258;396840
8099112668;396841
8099133076;396842
8099153485;396843
8099173894;396844
8099194303;396845
8099214713;396846
8099235121;396847
8099255530;396848
8099275940;396849
8099296348;396850
8099316758;396851
8099337166;396852
8099357576;396853
8099377985;396854
8099398393;396855
8099418803;396856
8099439212;396857
8099459621;396858
8099480030;396859
8099500438;396860
8099520848;396861
8099541257;396862
8099561666;396863
8099582075;396864
8099602484;396865
8099622893;396866
8099643302;396867
8099663711;396868
8099684120;396869
8099704530;396870
8099724938;396871
8099745347;396872
8099765756;396873
8099786165;396874
8099806575;396875
8099826983;396876
8099847392;396877
8099867802;396878
8099888210;396879
8099908624;396880
8099929028;396881
8099949438;396882
8099969847;396883
8099990255;396884
8100010665;396885
8100031073;396886
8100051483;396887
8100071892;396888
8100092300;396889
8100112714;396890
8100133119;396891
8100153528;396892
8100173937;396893
8100194345;396894
8100214755;396895
8100235164;396896
8100255573;396897
8100275982;396898
8100296390;396899
8100316800;396900
8100337209;396901
8100357618;396902
8100378027;396903
8100398437;396904
8100418845;396905
8100439254;396906
8100459663;396907
8100480072;396908
8100500482;396909
8100520890;396910
8100541299;396911
8100561709;396912
8100582117;396913
8100602527;396914
8100622935;396915
8100643345;396916
8100663754;396917
8100684162;396918
8100704572;396919
8100724980;396920
8100745390;396921
8100765799;396922
8100786207;396923
8100806617;396924
8100827026;396925
8100847435;396926
8100867844;396927
8100888252;396928
8100908662;396929
8100929071;396930
8100949480;396931
8100969889;396932
8100990299;396933
8101010707;396934
8101031120;396935
8101051525;396936
8101071938;396937
8101092344;396938
8101112752;396939
8101133162;396940
8101153570;396941
8101173979;396942
8101194389;396943
8101214797;396944
8101235206;396945
8101255616;396946
8101276024;396947
8101296438;396948
8101316842;396949
8101337252;396950
8101357661;396951
8101378069;396952
8101398479;396953
8101418892;396954
8101439297;396955
8101459706;396956
8101480115;396957
8101500524;396958
8101520933;396959
8101541342;396960
8101561751;396961
8101582160;396962
8101602569;396963
8101622978;396964
8101643387;396965
8101663796;396966
8101684206;396967
8101704614;396968
8101725023;396969
8101745432;396970
8101765841;396971
8101786251;396972
8101806659;396973
8101827068;396974
8101847477;396975
8101867886;396976
8101888296;396977
8101908704;396978
8101929114;396979
8101949523;396980
8101969931;396981
8101990341;396982
8102010749;396983
8102031159;396984
8102051568;396985
8102071976;396986
8102092386;396987
8102112795;396988
8102133204;396989
8102153613;396990
8102174025;396991
8102194431;396992
8102214844;396993
8102235249;396994
8102255658;396995
8102276067;396996
8102296476;396997
8102316885;396998
8102337298;396999
8102357703;397000
8102378113;397001
8102398521;397002
8102418930;397003
8102439339;397004
8102459748;397005
8102480158;397006
8102500566;397007
8102520975;397008
8102541385;397009
8102561793;397010
8102582203;397011
8102602611;397012
8102623020;397013
8102643430;397014
8102663838;397015
8102684248;397016
8102704656;397017
8102725066;397018
8102745475;397019
8102765883;397020
8102786293;397021
8102806702;397022
8102827111;397023
8102847520;397024
8102867928;397025
8102888338;397026
8102908751;397027
8102929156;397028
8102949565;397029
8102969974;397030
8102990383;397031
8103010792;397032
8103031201;397033
8103051610;397034
8103072020;397035
8103092428;397036
8103112837;397037
8103133246;397038
8103153655;397039
8103174065;397040
8103194473;397041
8103214883;397042
8103235292;397043
8103255700;397044
8103276110;397045
8103296518;397046
8103316928;397047
8103337337;397048
8103357745;397049
8103378155;397050
8103398563;397051
8103418973;397052
8103439382;397053
8103459790;397054
8103480200;397055
8103500609;397056
8103521018;397057
8103541427;397058
8103561835;397059
8103582245;397060
8103602654;397061
8103623067;397062
8103643472;397063
8103663882;397064
8103684290;397065
8103704699;397066
8103725108;397067
8103745517;397068
8103765927;397069
8103786335;397070
8103806744;397071
8103827153;397072
8103847562;397073
8103867972;397074
8103888380;397075
8103908790;397076
8103929199;397077
8103949607;397078
8103970017;397079
8103990425;397080
8104010835;397081
8104031244;397082
8104051652;397083
8104072062;397084
8104092471;397085
8104112880;397086
8104133289;397087
8104153697;397088
8104174107;397089
8104194516;397090
8104214925;397091
8104235334;397092
8104255743;397093
8104276152;397094
8104296561;397095
8104316970;397096
8104337379;397097
8104357789;397098
8104378197;397099
8104398606;397100
8104419015;397101
8104439424;397102
8104459834;397103
8104480242;397104
8104500651;397105
8104521064;397106
8104541469;397107
8104561849;397108
8104582257;397109
8104602666;397110
8104623075;397111
8104643484;397112
8104663893;397113
8104684302;397114
8104704712;397115
8104725120;397116
8104745529;397117
8104765938;397118
8104786347;397119
8104806756;397120
8104827169;397121
8104847575;397122
8104867983;397123
8104888392;397124
8104908801;397125
8104929210;397126
8104949619;397127
8104970028;397128
8104990436;397129
8105010846;397130
8105031255;397131
8105051664;397132
8105072073;397133
8105092481;397134
8105112891;397135
8105133303;397136
8105153709;397137
8105174117;397138
8105194527;397139
8105214936;397140
8105235344;397141
8105255754;397142
8105276162;397143
8105296572;397144
8105316980;397145
8105337389;397146
8105357798;397147
8105378211;397148
8105398617;397149
8105419025;397150
8105439434;397151
8105459843;397152
8105480252;397153
8105500661;397154
8105521070;397155
8105541478;397156
8105561888;397157
8105582297;397158
8105602706;397159
8105623115;397160
8105643524;397161
8105663933;397162
8105684341;397163
8105704751;397164
8105725159;397165
8105745569;397166
8105765978;397167
8105786386;397168
8105806796;397169
8105827204;397170
8105847614;397171
8105868022;397172
8105888432;397173
8105908840;397174
8105929249;397175
8105949659;397176
8105970071;397177
8105990477;397178
8106010885;397179
8106031294;397180
8106051703;397181
8106072112;397182
8106092521;397183
8106112930;397184
8106133343;397185
8106153748;397186
8106174157;397187
8106194566;397188
8106214975;397189
8106235384;397190
8106255793;397191
8106276202;397192
8106296611;397193
8106317020;397194
8106337429;397195
8106357838;397196
8106378246;397197
8106398656;397198
8106419064;397199
8106439474;397200
8106459883;397201
8106480292;397202
8106500701;397203
8106521109;397204
8106541519;397205
8106561927;397206
8106582337;397207
8106602745;397208
8106623154;397209
8106643564;397210
8106663972;397211
8106684382;397212
8106704790;397213
8106725199;397214
8106745608;397215
8106766017;397216
8106786426;397217
8106806835;397218
8106827244;397219
8106847653;397220
8106868062;397221
8106888471;397222
8106908880;397223
8106929288;397224
8106949702;397225
8106970106;397226
8106990516;397227
8107010925;397228
8107031334;397229
8107051743;397230
8107072151;397231
8107092561;397232
8107112969;397233
8107133379;397234
8107153787;397235
8107174196;397236
8107194606;397237
8107215014;397238
8107235424;397239
8107255832;397240
8107276245;397241
8107296650;397242
8107317059;397243
8107337468;397244
8107357877;397245
8107378290;397246
8107398695;397247
8107419104;397248
8107439513;397249
8107459922;397250
8107480331;397251
8107500740;397252
8107521149;397253
8107541558;397254
8107561967;397255
8107582380;397256
8107602785;397257
8107623194;397258
8107643603;397259
8107664011;397260
8107684421;397261
8107704830;397262
8107725239;397263
8107745648;397264
8107766056;397265
8107786466;397266
8107806874;397267
8107827284;397268
8107847692;397269
8107868105;397270
8107888511;397271
8107908919;397272
8107929329;397273
8107949737;397274
8107970150;397275
8107990555;397276
8108010964;397277
8108031373;397278
8108051782;397279
8108072192;397280
8108092600;397281
8108113009;397282
8108133418;397283
8108153831;397284
8108174236;397285
8108194645;397286
8108215054;397287
8108235463;397288
8108255872;397289
8108276281;397290
8108296690;397291
8108317099;397292
8108337508;397293
8108357916;397294
8108378326;397295
8108398734;397296
8108419144;397297
8108439553;397298
8108459965;397299
8108480371;397300
8108500779;397301
8108521189;397302
8108541597;397303
8108562006;397304
8108582415;397305
8108602828;397306
8108623234;397307
8108643642;397308
8108664051;397309
8108684460;397310
8108704869;397311
8108725278;397312
8108745687;397313
8108766096;397314
8108786505;397315
8108806914;397316
8108827323;397317
8108847732;397318
8108868141;397319
8108888550;397320
8108908959;397321
8108929368;397322
8108949776;397323
8108970186;397324
8108990595;397325
8109011004;397326
8109031413;397327
8109051821;397328
8109072231;397329
8109092639;397330
8109113049;397331
8109133458;397332
8109153866;397333
8109174276;397334
8109194684;397335
8109215094;397336
8109235502;397337
8109255912;397338
8109276320;397339
8109296729;397340
8109317139;397341
8109337547;397342
8109357957;397343
8109378365;397344
8109398774;397345
8109419183;397346
8109439592;397347
8109460001;397348
8109480410;397349
8109500819;397350
8109521228;397351
8109541641;397352
8109562046;397353
8109582455;397354
8109602863;397355
8109623273;397356
8109643681;397357
8109664091;397358
8109684500;397359
8109704909;397360
8109725318;397361
8109745726;397362
8109766136;397363
8109786544;397364
8109806958;397365
8109827362;397366
8109847771;397367
8109868181;397368
8109888589;397369
8109909003;397370
8109929407;397371
8109949817;397372
8109970225;397373
8109990634;397374
8110011043;397375
8110031452;397376
8110051862;397377
8110072270;397378
8110092679;397379
8110113088;397380
8110133497;397381
8110153906;397382
8110174315;397383
8110194723;397384
8110215133;397385
8110235542;397386
8110255951;397387
8110276360;397388
8110296769;397389
8110317178;397390
8110337586;397391
8110357996;397392
8110378404;397393
8110398814;397394
8110419223;397395
8110439635;397396
8110460041;397397
8110480449;397398
8110500859;397399
8110521267;397400
8110541676;397401
8110562086;397402
8110582494;397403
8110602904;397404
8110623312;397405
8110643722;397406
8110664130;397407
8110684539;397408
8110704948;397409
8110725357;397410
8110745767;397411
8110766175;397412
8110786585;397413
8110806993;397414
8110827402;397415
8110847811;397416
8110868220;397417
8110888628;397418
8110909038;397419
8110929447;397420
8110949856;397421
8110970265;397422
8110990674;397423
8111011083;397424
8111031491;397425
8111051901;397426
8111072309;397427
8111092719;397428
8111113128;397429
8111133536;397430
8111153946;397431
8111174354;397432
8111194764;397433
8111215172;397434
8111235582;397435
8111255990;397436
8111276403;397437
8111296813;397438
8111317217;397439
8111337627;397440
8111358035;397441
8111378444;397442
8111398853;397443
8111419262;397444
8111439671;397445
8111460080;397446
8111480490;397447
8111500898;397448
8111521307;397449
8111541716;397450
8111562125;397451
8111582534;397452
8111602943;397453
8111623351;397454
8111643765;397455
8111664170;397456
8111684579;397457
8111704988;397458
8111725396;397459
8111745806;397460
8111766214;397461
8111786628;397462
8111807036;397463
8111827442;397464
8111847851;397465
8111868259;397466
8111888669;397467
8111909077;397468
8111929487;397469
8111949895;397470
8111970304;397471
8111990713;397472
8112011122;397473
8112031532;397474
8112051940;397475
8112072349;397476
8112092758;397477
8112113167;397478
8112133580;397479
8112153985;397480
8112174394;397481
8112194803;397482
8112215212;397483
8112235621;397484
8112256030;397485
8112276439;397486
8112296848;397487
8112317256;397488
8112337666;397489
8112358075;397490
8112378484;397491
8112398893;397492
8112419302;397493
8112439711;397494
8112460119;397495
8112480529;397496
8112500937;397497
8112521347;397498
8112541756;397499
8112562164;397500
8112582574;397501
8112602986;397502
8112623392;397503
8112643804;397504
8112664209;397505
8112684618;397506
8112705027;397507
8112725437;397508
8112745845;397509
8112766255;397510
8112786667;397511
8112807072;397512
8112827481;397513
8112847890;397514
8112868299;397515
8112888708;397516
8112909117;397517
8112929526;397518
8112949935;397519
8112970344;397520
8112990753;397521
8113011161;397522
8113031571;397523
8113051979;397524
8113072389;397525
8113092798;397526
8113113207;397527
8113133616;397528
8113154024;397529
8113174434;397530
8113194842;397531
8113215252;397532
8113235664;397533
8113256069;397534
8113276479;397535
8113296887;397536
8113317297;397537
8113337705;397538
8113358115;397539
8113378523;397540
8113398932;397541
8113419341;397542
8113439750;397543
8113460160;397544
8113480568;397545
8113500977;397546
8113521386;397547
8113541799;397548
8113562204;397549
8113582613;397550
8113603022;397551
8113623431;397552
8113643844;397553
8113664249;397554
8113684658;397555
8113705066;397556
8113725476;397557
8113745884;397558
8113766294;397559
8113786703;397560
8113807112;397561
8113827525;397562
8113847929;397563
8113868339;397564
8113888747;397565
8113909157;397566
8113929565;397567
8113949978;397568
8113970384;397569
8113990792;397570
8114011202;397571
8114031610;397572
8114052020;397573
8114072428;397574
8114092837;397575
8114113246;397576
8114133655;397577
8114154064;397578
8114174473;397579
8114194882;397580
8114215291;397581
8114235704;397582
8114256108;397583
8114276518;397584
8114296926;397585
8114317336;397586
8114337745;397587
8114358157;397588
8114378563;397589
8114398971;397590
8114419381;397591
8114439789;397592
8114460198;397593
8114480607;397594
8114501016;397595
8114521426;397596
8114541834;397597
8114562225;397598
8114582634;397599
8114603043;397600
8114623452;397601
8114643861;397602
8114664269;397603
8114684679;397604
8114705087;397605
8114725497;397606
8114745905;397607
8114766314;397608
8114786723;397609
8114807132;397610
8114827541;397611
8114847950;397612
8114868358;397613
8114888768;397614
8114909177;397615
8114929586;397616
8114949995;397617
8114970403;397618
8114990813;397619
8115011221;397620
8115031631;397621
8115052039;397622
8115072448;397623
8115092857;397624
8115113266;397625
8115133674;397626
8115154084;397627
8115174492;397628
8115194902;397629
8115215310;397630
8115235719;397631
8115256128;397632
8115276537;397633
8115296946;397634
8115317355;397635
8115337763;397636
8115358173;397637
8115378582;397638
8115398990;397639
8115419400;397640
8115439808;397641
8115460217;397642
8115480626;397643
8115501035;397644
8115521444;397645
8115541853;397646
8115562261;397647
8115582671;397648
8115603079;397649
8115623489;397650
8115643897;397651
8115664306;397652
8115684715;397653
8115705124;397654
8115725532;397655
8115745942;397656
8115766350;397657
8115786760;397658
8115807168;397659
8115827577;397660
8115847986;397661
8115868399;397662
8115888804;397663
8115909213;397664
8115929622;397665
8115950031;397666
8115970440;397667
8115990848;397668
8116011258;397669
8116031666;397670
8116052076;397671
8116072484;397672
8116092893;397673
8116113302;397674
8116133711;397675
8116154119;397676
8116174529;397677
8116194937;397678
8116215346;397679
8116235755;397680
8116256164;397681
8116276573;397682
8116296982;397683
8116317390;397684
8116337800;397685
8116358208;397686
8116378617;397687
8116399027;397688
8116419435;397689
8116439844;397690
8116460253;397691
8116480662;397692
8116501071;397693
8116521480;397694
8116541888;397695
8116562301;397696
8116582706;397697
8116603115;397698
8116623524;397699
8116643933;397700
8116664341;397701
8116684751;397702
8116705159;397703
8116725568;397704
8116745977;397705
8116766386;397706
8116786795;397707
8116807204;397708
8116827612;397709
8116848022;397710
8116868430;397711
8116888843;397712
8116909249;397713
8116929657;397714
8116950070;397715
8116970475;397716
8116990888;397717
8117011293;397718
8117031702;397719
8117052110;397720
8117072520;397721
8117092932;397722
8117113337;397723
8117133746;397724
8117154155;397725
8117174563;397726
8117194977;397727
8117215381;397728
8117235791;397729
8117256199;397730
8117276608;397731
8117297017;397732
8117317426;397733
8117337834;397734
8117358244;397735
8117378653;397736
8117399062;397737
8117419471;397738
8117439879;397739
8117460289;397740
8117480697;397741
8117501106;397742
8117521515;397743
8117541924;397744
8117562333;397745
8117582742;397746
8117603150;397747
8117623564;397748
8117643968;397749
8117664377;397750
8117684786;397751
8117705195;397752
8117725603;397753
8117746013;397754
8117766421;397755
8117786831;397756
8117807239;397757
8117827648;397758
8117848057;397759
8117868466;397760
8117888875;397761
8117909284;397762
8117929693;397763
8117950101;397764
8117970511;397765
8117990919;397766
8118011329;397767
8118031737;397768
8118052146;397769
8118072555;397770
8118092964;397771
8118113372;397772
8118133782;397773
8118154190;397774
8118174600;397775
8118195008;397776
8118215417;397777
8118235826;397778
8118256235;397779
8118276643;397780
8118297053;397781
8118317461;397782
8118337871;397783
8118358279;397784
8118378688;397785
8118399102;397786
8118419506;397787
8118439915;397788
8118460324;397789
8118480733;397790
8118501142;397791
8118521551;397792
8118541959;397793
8118562369;397794
8118582777;397795
8118603187;397796
8118623595;397797
8118644004;397798
8118664413;397799
8118684822;397800
8118705230;397801
8118725640;397802
8118746048;397803
8118766458;397804
8118786866;397805
8118807275;397806
8118827684;397807
8118848093;397808
8118868501;397809
8118888911;397810
8118909320;397811
8118929728;397812
8118950138;397813
8118970546;397814
8118990956;397815
8119011368;397816
8119031773;397817
8119052182;397818
8119072591;397819
8119093000;397820
8119113409;397821
8119133817;397822
8119154227;397823
8119174635;397824
8119195044;397825
8119215453;397826
8119235862;397827
8119256270;397828
8119276680;397829
8119297088;397830
8119317498;397831
8119337910;397832
8119358315;397833
8119378725;397834
8119399137;397835
8119419543;397836
8119439951;397837
8119460360;397838
8119480769;397839
8119501178;397840
8119521587;397841
8119541996;397842
8119562404;397843
8119582814;397844
8119603222;397845
8119623631;397846
8119644040;397847
8119664449;397848
8119684858;397849
8119705267;397850
8119725675;397851
8119746085;397852
8119766493;397853
8119786902;397854
8119807315;397855
8119827720;397856
8119848129;397857
8119868538;397858
8119888947;397859
8119909356;397860
8119929765;397861
8119950174;397862
8119970583;397863
8119990991;397864
8120011401;397865
8120031809;397866
8120052218;397867
8120072627;397868
8120093036;397869
8120113445;397870
8120133858;397871
8120154262;397872
8120174676;397873
8120195080;397874
8120215490;397875
8120235898;397876
8120256307;397877
8120276716;397878
8120297125;397879
8120317534;397880
8120337943;397881
8120358351;397882
8120378761;397883
8120399170;397884
8120419578;397885
8120439988;397886
8120460396;397887
8120480806;397888
8120501214;397889
8120521623;397890
8120542032;397891
8120562441;397892
8120582850;397893
8120603259;397894
8120623667;397895
8120644077;397896
8120664485;397897
8120684894;397898
8120705303;397899
8120725712;397900
8120746121;397901
8120766530;397902
8120786938;397903
8120807348;397904
8120827756;397905
8120848166;397906
8120868578;397907
8120888983;397908
8120909393;397909
8120929801;397910
8120950211;397911
8120970619;397912
8120991028;397913
8121011440;397914
8121031846;397915
8121052255;397916
8121072664;397917
8121093072;397918
8121113482;397919
8121133890;397920
8121154300;397921
8121174708;397922
8121195121;397923
8121215526;397924
8121235935;397925
8121256343;397926
8121276753;397927
8121297161;397928
8121317571;397929
8121337979;397930
8121358388;397931
8121378797;397932
8121399206;397933
8121419616;397934
8121440024;397935
8121460437;397936
8121480842;397937
8121501251;397938
8121521664;397939
8121542073;397940
8121562477;397941
8121582887;397942
8121603295;397943
8121623705;397944
8121644113;397945
8121664522;397946
8121684931;397947
8121705340;397948
8121725752;397949
8121746158;397950
8121766566;397951
8121786976;397952
8121807384;397953
8121827793;397954
8121848202;397955
8121868611;397956
8121889021;397957
8121909429;397958
8121929839;397959
8121950247;397960
8121970656;397961
8121991065;397962
8122011474;397963
8122031882;397964
8122052292;397965
8122072700;397966
8122093110;397967
8122113518;397968
8122133928;397969
8122154336;397970
8122174745;397971
8122195154;397972
8122215563;397973
8122235972;397974
8122256381;397975
8122276789;397976
8122297199;397977
8122317607;397978
8122338016;397979
8122358425;397980
8122378838;397981
8122399244;397982
8122419652;397983
8122440062;397984
8122460470;397985
8122480879;397986
8122501288;397987
8122521697;397988
8122542105;397989
8122562515;397990
8122582923;397991
8122603333;397992
8122623741;397993
8122644154;397994
8122664559;397995
8122684968;397996
8122705377;397997
8122725786;397998
8122746195;397999
8122766604;398000
8122787012;398001
8122807422;398002
8122827834;398003
8122848240;398004
8122868648;398005
8122889057;398006
8122909467;398007
8122929875;398008
8122950284;398009
8122970693;398010
8122991102;398011
8123011511;398012
8123031920;398013
8123052328;398014
8123072738;398015
8123093146;398016
8123113556;398017
8123133964;398018
8123154374;398019
8123174782;398020
8123195191;398021
8123215600;398022
8123236009;398023
8123256417;398024
8123276827;398025
8123297239;398026
8123317649;398027
8123338053;398028
8123358463;398029
8123378874;398030
8123399280;398031
8123419690;398032
8123440098;398033
8123460507;398034
8123480916;398035
8123501325;398036
8123521734;398037
8123542143;398038
8123562552;398039
8123582961;398040
8123603369;398041
8123623779;398042
8123644187;398043
8123664597;398044
8123685005;398045
8123705418;398046
8123725823;398047
8123746232;398048
8123766641;398049
8123787050;398050
8123807458;398051
8123827868;398052
8123848276;398053
8123868686;398054
8123889095;398055
8123909507;398056
8123929913;398057
8123950321;398058
8123970731;398059
8123991139;398060
8124011548;398061
8124031957;398062
8124052366;398063
8124072775;398064
8124093184;398065
8124113592;398066
8124134002;398067
8124154414;398068
8124174820;398069
8124195228;398070
8124215637;398071
8124236046;398072
8124256455;398073
8124276864;398074
8124297273;398075
8124317682;398076
8124338091;398077
8124358499;398078
8124378909;398079
8124399322;398080
8124419727;398081
8124440136;398082
8124460544;398083
8124480954;398084
8124501362;398085
8124521772;398086
8124542180;398087
8124562619;398088
8124583032;398089
8124603437;398090
8124623846;398091
8124644255;398092
8124664664;398093
8124685073;398094
8124705482;398095
8124725891;398096
8124746300;398097
8124766713;398098
8124787122;398099
8124807527;398100
8124827936;398101
8124848349;398102
8124868754;398103
8124889163;398104
8124909572;398105
8124929985;398106
8124950390;398107
8124970799;398108
8124991208;398109
8125011616;398110
8125032026;398111
8125052435;398112
8125072844;398113
8125093253;398114
8125113661;398115
8125134071;398116
8125154480;398117
8125174893;398118
8125195302;398119
8125215706;398120
8125236116;398121
8125256524;398122
8125276934;398123
8125297343;398124
8125317751;398125
8125338161;398126
8125358569;398127
8125378979;398128
8125399388;398129
8125419797;398130
8125440206;398131
8125460614;398132
8125481024;398133
8125501432;398134
8125521842;398135
8125542251;398136
8125562663;398137
8125583069;398138
8125603477;398139
8125623887;398140
8125644296;398141
8125664704;398142
8125685114;398143
8125705522;398144
8125725932;398145
8125746340;398146
8125766749;398147
8125787159;398148
8125807567;398149
8125827977;398150
8125848385;398151
8125868795;398152
8125889204;398153
8125909612;398154
8125930022;398155
8125950430;398156
8125970840;398157
8125991248;398158
8126011657;398159
8126032067;398160
8126052475;398161
8126072885;398162
8126093293;398163
8126113702;398164
8126134111;398165
8126154520;398166
8126174930;398167
8126195338;398168
8126215747;398169
8126236156;398170
8126256565;398171
8126276975;398172
8126297383;398173
8126317793;398174
8126338201;398175
8126358614;398176
8126379019;398177
8126399428;398178
8126419838;398179
8126440246;398180
8126460655;398181
8126481064;398182
8126501473;398183
8126521883;398184
8126542291;398185
8126562700;398186
8126583109;398187
8126603518;398188
8126623927;398189
8126644336;398190
8126664745;398191
8126685154;398192
8126705563;398193
8126725972;398194
8126746381;398195
8126766794;398196
8126787199;398197
8126807608;398198
8126828017;398199
8126848426;398200
8126868835;398201
8126889244;398202
8126909653;398203
8126930066;398204
8126950471;398205
8126970880;398206
8126991289;398207
8127011697;398208
8127032107;398209
8127052516;398210
8127072925;398211
8127093334;398212
8127113742;398213
8127134152;398214
8127154561;398215
8127174970;398216
8127195379;398217
8127215787;398218
8127236197;398219
8127256605;398220
8127277015;398221
8127297424;398222
8127317833;398223
8127338242;398224
8127358650;398225
8127379060;398226
8127399469;398227
8127419878;398228
8127440291;398229
8127460695;398230
8127481105;398231
8127501513;398232
8127521927;398233
8127542332;398234
8127562741;398235
8127583150;398236
8127603558;398237
8127623968;398238
8127644377;398239
8127664789;398240
8127685195;398241
8127705603;398242
8127726013;398243
8127746421;398244
8127766831;398245
8127787240;398246
8127807648;398247
8127828062;398248
8127848466;398249
8127868880;398250
8127889285;398251
8127909697;398252
8127930103;398253
8127950511;398254
8127970921;398255
8127991329;398256
8128011739;398257
8128032148;398258
8128052556;398259
8128072966;398260
8128093374;398261
8128113784;398262
8128134192;398263
8128154601;398264
8128175011;398265
8128195419;398266
8128215829;398267
8128236237;398268
8128256646;398269
8128277056;398270
8128297464;398271
8128317874;398272
8128338282;398273
8128358692;398274
8128379100;398275
8128399513;398276
8128419919;398277
8128440327;398278
8128460737;398279
8128481145;398280
8128501555;398281
8128521964;398282
8128542372;398283
8128562786;398284
8128583190;398285
8128603600;398286
8128624008;398287
8128644417;398288
8128664827;398289
8128685235;398290
8128705645;398291
8128726053;398292
8128746462;398293
8128766872;398294
8128787280;398295
8128807690;398296
8128828098;398297
8128848507;398298
8128868916;398299
8128889329;398300
8128909735;398301
8128930143;398302
8128950553;398303
8128970965;398304
8128991370;398305
8129011779;398306
8129032188;398307
8129052598;398308
8129073006;398309
8129093415;398310
8129113824;398311
8129134237;398312
8129154643;398313
8129175051;398314
8129195460;398315
8129215869;398316
8129236278;398317
8129256687;398318
8129277100;398319
8129297506;398320
8129317914;398321
8129338323;398322
8129358732;398323
8129379141;398324
8129399551;398325
8129419959;398326
8129440368;398327
8129460781;398328
8129481186;398329
8129501595;398330
8129522004;398331
8129542413;398332
8129562822;398333
8129583231;398334
8129603640;398335
8129624049;398336
8129644459;398337
8129664867;398338
8129685276;398339
8129705685;398340
8129726094;398341
8129746503;398342
8129766912;398343
8129787321;398344
8129807734;398345
8129828139;398346
8129848548;398347
8129868957;398348
8129889367;398349
8129909775;398350
8129930184;398351
8129950593;398352
8129971002;398353
8129991411;398354
8130011820;398355
8130032229;398356
8130052638;398357
8130073047;398358
8130093456;398359
8130113865;398360
8130134277;398361
8130154683;398362
8130175092;398363
8130195501;398364
8130215910;398365
8130236319;398366
8130256728;398367
8130277137;398368
8130297546;398369
8130317955;398370
8130338364;398371
8130358773;398372
8130379181;398373
8130399591;398374
8130420000;398375
8130440409;398376
8130460818;398377
8130481227;398378
8130501636;398379
8130522045;398380
8130542454;398381
8130562867;398382
8130583272;398383
8130603681;398384
8130624089;398385
8130644499;398386
8130664908;398387
8130685317;398388
8130705726;398389
8130726134;398390
8130746544;398391
8130766953;398392
8130787362;398393
8130807771;398394
8130828180;398395
8130848589;398396
8130868997;398397
8130889407;398398
8130909816;398399
8130930225;398400
8130950634;398401
8130971042;398402
8130991452;398403
8131011860;398404
8131032270;398405
8131052679;398406
8131073088;398407
8131093497;398408
8131113905;398409
8131134315;398410
8131154724;398411
8131175133;398412
8131195542;398413
8131215950;398414
8131236360;398415
8131256768;398416
8131277178;398417
8131297587;398418
8131317995;398419
8131338405;398420
8131358813;398421
8131379227;398422
8131399632;398423
8131420040;398424
8131440450;398425
8131460858;398426
8131481268;398427
8131501676;398428
8131522086;398429
8131542495;398430
8131562904;398431
8131583313;398432
8131603721;398433
8131624131;398434
8131644540;398435
8131664949;398436
8131685358;398437
8131705766;398438
8131726176;398439
8131746584;398440
8131766994;398441
8131787403;398442
8131807811;398443
8131828221;398444
8131848629;398445
8131869039;398446
8131889448;398447
8131909856;398448
8131930266;398449
8131950674;398450
8131971084;398451
8131991492;398452
8132011902;398453
8132032311;398454
8132052719;398455
8132073129;398456
8132093537;398457
8132113947;398458
8132134355;398459
8132154768;398460
8132175174;398461
8132195586;398462
8132215992;398463
8132236400;398464
8132256810;398465
8132277219;398466
8132297631;398467
8132318037;398468
8132338445;398469
8132358855;398470
8132379263;398471
8132399672;398472
8132420082;398473
8132440494;398474
8132460900;398475
8132481308;398476
8132501721;398477
8132522127;398478
8132542535;398479
8132562945;398480
8132583353;398481
8132603762;398482
8132624171;398483
8132644580;398484
8132664990;398485
8132685398;398486
8132705808;398487
8132726216;398488
8132746625;398489
8132767035;398490
8132787443;398491
8132807853;398492
8132828261;398493
8132848671;398494
8132869079;398495
8132889488;398496
8132909898;398497
8132930306;398498
8132950716;398499
8132971124;398500
8132991533;398501
8133011942;398502
8133032351;398503
8133052761;398504
8133073169;398505
8133093579;398506
8133113987;398507
8133134396;398508
8133154806;398509
8133175214;398510
8133195624;398511
8133216032;398512
8133236441;398513
8133256850;398514
8133277259;398515
8133297669;398516
8133318077;398517
8133338487;398518
8133358895;398519
8133379304;398520
8133399714;398521
8133420126;398522
8133440532;398523
8133460940;398524
8133481349;398525
8133501758;398526
8133522167;398527
8133542577;398528
8133562985;398529
8133583394;398530
8133603803;398531
8133624212;398532
8133644622;398533
8133665030;398534
8133685440;398535
8133705848;398536
8133726257;398537
8133746666;398538
8133767075;398539
8133787485;398540
8133807893;398541
8133828302;398542
8133848711;398543
8133869120;398544
8133889530;398545
8133909938;398546
8133930348;398547
8133950756;398548
8133971169;398549
8133991574;398550
8134011983;398551
8134032393;398552
8134052801;398553
8134073210;398554
8134093619;398555
8134114028;398556
8134134437;398557
8134154846;398558
8134175255;398559
8134195664;398560
8134216073;398561
8134236482;398562
8134256891;398563
8134277300;398564
8134297709;398565
8134318118;398566
8134338527;398567
8134358936;398568
8134379345;398569
8134399758;398570
8134420163;398571
8134440572;398572
8134460981;398573
8134481390;398574
8134501799;398575
8134522208;398576
8134542617;398577
8134563016;398578
8134583425;398579
8134603838;398580
8134624243;398581
8134644652;398582
8134665060;398583
8134685474;398584
8134705879;398585
8134726288;398586
8134746701;398587
8134767105;398588
8134787515;398589
8134807923;398590
8134828333;398591
8134848742;398592
8134869151;398593
8134889560;398594
8134909968;398595
8134930378;398596
8134950786;398597
8134971196;398598
8134991604;398599
8135012013;398600
8135032423;398601
8135052831;398602
8135073241;398603
8135093649;398604
8135114059;398605
8135134467;398606
8135154876;398607
8135175286;398608
8135195694;398609
8135216104;398610
8135236512;398611
8135256921;398612
8135277330;398613
8135297739;398614
8135318148;398615
8135338557;398616
8135358966;398617
8135379379;398618
8135399784;398619
8135420193;398620
8135440602;398621
8135461011;398622
8135481420;398623
8135501829;398624
8135522238;398625
8135542647;398626
8135563056;398627
8135583465;398628
8135603873;398629
8135624283;398630
8135644691;398631
8135665105;398632
8135685510;398633
8135705919;398634
8135726328;398635
8135746736;398636
8135767146;398637
8135787554;398638
8135807964;398639
8135828376;398640
8135848781;398641
8135869191;398642
8135889599;398643
8135910009;398644
8135930417;398645
8135950827;398646
8135971235;398647
8135991644;398648
8136012054;398649
8136032462;398650
8136052872;398651
8136073280;398652
8136093689;398653
8136114102;398654
8136134511;398655
8136154916;398656
8136175325;398657
8136195735;398658
8136216143;398659
8136236556;398660
8136256961;398661
8136277370;398662
8136297783;398663
8136318188;398664
8136338597;398665
8136359006;398666
8136379415;398667
8136399824;398668
8136420233;398669
8136440645;398670
8136461051;398671
8136481463;398672
8136501869;398673
8136522278;398674
8136542687;398675
8136563096;398676
8136583508;398677
8136603914;398678
8136624322;398679
8136644732;398680
8136665144;398681
8136685549;398682
8136705959;398683
8136726371;398684
8136746777;398685
8136767185;398686
8136787598;398687
8136808003;398688
8136828412;398689
8136848822;398690
8136869230;398691
8136889640;398692
8136910048;398693
8136930457;398694
8136950866;398695
8136971275;398696
8136991684;398697
8137012093;398698
8137032502;398699
8137052911;398700
8137073320;398701
8137093729;398702
8137114138;398703
8137134551;398704
8137154956;398705
8137175365;398706
8137195774;398707
8137216183;398708
8137236592;398709
8137257001;398710
8137277409;398711
8137297823;398712
8137318227;398713
8137338637;398714
8137359046;398715
8137379455;398716
8137399864;398717
8137420272;398718
8137440682;398719
8137461090;398720
8137481500;398721
8137501909;398722
8137522318;398723
8137542727;398724
8137563135;398725
8137583545;398726
8137603957;398727
8137624362;398728
8137644771;398729
8137665180;398730
8137685590;398731
8137705998;398732
8137726408;398733
8137746816;398734
8137767225;398735
8137787638;398736
8137808043;398737
8137828452;398738
8137848861;398739
8137869270;398740
8137889679;398741
8137910092;398742
8137930497;398743
8137950910;398744
8137971315;398745
8137991724;398746
8138012133;398747
8138032542;398748
8138052951;398749
8138073360;398750
8138093769;398751
8138114178;398752
8138134587;398753
8138154995;398754
8138175405;398755
8138195814;398756
8138216223;398757
8138236632;398758
8138257040;398759
8138277450;398760
8138297858;398761
8138318268;398762
8138338677;398763
8138359085;398764
8138379495;398765
8138399903;398766
8138420313;398767
8138440721;398768
8138461131;398769
8138481539;398770
8138501948;398771
8138522358;398772
8138542766;398773
8138563176;398774
8138583584;398775
8138603993;398776
8138624402;398777
8138644811;398778
8138665220;398779
8138685629;398780
8138706039;398781
8138726447;398782
8138746856;398783
8138767265;398784
8138787674;398785
8138808083;398786
8138828492;398787
8138848901;398788
8138869310;398789
8138889719;398790
8138910128;398791
8138930537;398792
8138950945;398793
8138971355;398794
8138991763;398795
8139012173;398796
8139032582;398797
8139052990;398798
8139073400;398799
8139093808;398800
8139114218;398801
8139134626;398802
8139155039;398803
8139175445;398804
8139195853;398805
8139216263;398806
8139236671;398807
8139257081;398808
8139277489;398809
8139297899;398810
8139318307;398811
8139338716;398812
8139359126;398813
8139379534;398814
8139399944;398815
8139420352;398816
8139440761;398817
8139461170;398818
8139481579;398819
8139501989;398820
8139522397;398821
8139542806;398822
8139563215;398823
8139583624;398824
8139604033;398825
8139624446;398826
8139644851;398827
8139665260;398828
8139685669;398829
8139706078;398830
8139726487;398831
8139746896;398832
8139767305;398833
8139787713;398834
8139808123;398835
8139828531;398836
8139848945;398837
8139869350;398838
8139889762;398839
8139910168;398840
8139930576;398841
8139950986;398842
8139971394;398843
8139991804;398844
8140012213;398845
8140032621;398846
8140053031;398847
8140073439;398848
8140093849;398849
8140114257;398850
8140134666;398851
8140155075;398852
8140175484;398853
8140195894;398854
8140216306;398855
8140236712;398856
8140257120;398857
8140277529;398858
8140297938;398859
8140318347;398860
8140338757;398861
8140359165;398862
8140379574;398863
8140399983;398864
8140420392;398865
8140440801;398866
8140461210;398867
8140481619;398868
8140502028;398869
8140522437;398870
8140542846;398871
8140563255;398872
8140583664;398873
8140604073;398874
8140624481;398875
8140644891;398876
8140665299;398877
8140685709;398878
8140706118;398879
8140726527;398880
8140746936;398881
8140767344;398882
8140787754;398883
8140808162;398884
8140828572;398885
8140848985;398886
8140869389;398887
8140889799;398888
8140910207;398889
8140930617;398890
8140951025;398891
8140971434;398892
8140991843;398893
8141012252;398894
8141032662;398895
8141053070;398896
8141073480;398897
8141093888;398898
8141114297;398899
8141134706;398900
8141155115;398901
8141175525;398902
8141195933;398903
8141216342;398904
8141236751;398905
8141257160;398906
8141277569;398907
8141297978;398908
8141318387;398909
8141338796;398910
8141359205;398911
8141379614;398912
8141400023;398913
8141420432;398914
8141440841;398915
8141461249;398916
8141481659;398917
8141502067;398918
8141522477;398919
8141542890;398920
8141563294;398921
8141583704;398922
8141604112;398923
8141624522;398924
8141644934;398925
8141665340;398926
8141685749;398927
8141706157;398928
8141726571;398929
8141746975;398930
8141767385;398931
8141787793;398932
8141808203;398933
8141828611;398934
8141849024;398935
8141869430;398936
8141889838;398937
8141910251;398938
8141930660;398939
8141951065;398940
8141971474;398941
8141991883;398942
8142012293;398943
8142032701;398944
8142053110;398945
8142073519;398946
8142093928;398947
8142114337;398948
8142134746;398949
8142155155;398950
8142175564;398951
8142195973;398952
8142216382;398953
8142236791;398954
8142257200;398955
8142277609;398956
8142298017;398957
8142318427;398958
8142338840;398959
8142359245;398960
8142379654;398961
8142400062;398962
8142420472;398963
8142440884;398964
8142461290;398965
8142481698;398966
8142502108;398967
8142522517;398968
8142542925;398969
8142563335;398970
8142583743;398971
8142604153;398972
8142624561;398973
8142644970;398974
8142665379;398975
8142685788;398976
8142706198;398977
8142726606;398978
8142747016;398979
8142767428;398980
8142787833;398981
8142808242;398982
8142828651;398983
8142849061;398984
8142869469;398985
8142889878;398986
8142910287;398987
8142930696;398988
8142951105;398989
8142971514;398990
8142991923;398991
8143012332;398992
8143032741;398993
8143053150;398994
8143073559;398995
8143093968;398996
8143114377;398997
8143134785;398998
8143155195;398999
8143175604;399000
8143196013;399001
8143216422;399002
8143236830;399003
8143257240;399004
8143277648;399005
8143298058;399006
8143318466;399007
8143338876;399008
8143359285;399009
8143379693;399010
8143400103;399011
8143420511;399012
8143440921;399013
8143461333;399014
8143481738;399015
8143502147;399016
8143522556;399017
8143542966;399018
8143563374;399019
8143583784;399020
8143604192;399021
8143624601;399022
8143645010;399023
8143665419;399024
8143685829;399025
8143706237;399026
8143726646;399027
8143747055;399028
8143767464;399029
8143787873;399030
8143808282;399031
8143828691;399032
8143849100;399033
8143869509;399034
8143889918;399035
8143910327;399036
8143930736;399037
8143951145;399038
8143971553;399039
8143991963;399040
8144012372;399041
8144032780;399042
8144053190;399043
8144073598;399044
8144094008;399045
8144114416;399046
8144134826;399047
8144155234;399048
8144175644;399049
8144196053;399050
8144216461;399051
8144236871;399052
8144257279;399053
8144277689;399054
8144298097;399055
8144318506;399056
8144338920;399057
8144359324;399058
8144379734;399059
8144400142;399060
8144420552;399061
8144440960;399062
8144461373;399063
8144481778;399064
8144502187;399065
8144522597;399066
8144543005;399067
8144563412;399068
8144583821;399069
8144604230;399070
8144624639;399071
8144645048;399072
8144665457;399073
8144685866;399074
8144706279;399075
8144726684;399076
8144747097;399077
8144767502;399078
8144787911;399079
8144808319;399080
8144828729;399081
8144849137;399082
8144869547;399083
8144889956;399084
8144910364;399085
8144930774;399086
8144951182;399087
8144971592;399088
8144992000;399089
8145012409;399090
8145032818;399091
8145053227;399092
8145073637;399093
8145094045;399094
8145114455;399095
8145134863;399096
8145155272;399097
8145175681;399098
8145196090;399099
8145216500;399100
8145236908;399101
8145257317;399102
8145277726;399103
8145298135;399104
8145318544;399105
8145338953;399106
8145359362;399107
8145379771;399108
8145400180;399109
8145420589;399110
8145441002;399111
8145461411;399112
8145481816;399113
8145502224;399114
8145522634;399115
8145543042;399116
8145563452;399117
8145583861;399118
8145604273;399119
8145624679;399120
8145645087;399121
8145665497;399122
8145685905;399123
8145706315;399124
8145726723;399125
8145747132;399126
8145767542;399127
8145787950;399128
8145808360;399129
8145828768;399130
8145849177;399131
8145869586;399132
8145889995;399133
8145910404;399134
8145930813;399135
8145951222;399136
8145971631;399137
8145992040;399138
8146012449;399139
8146032862;399140
8146053267;399141
8146073676;399142
8146094084;399143
8146114494;399144
8146134903;399145
8146155312;399146
8146175721;399147
8146196130;399148
8146216539;399149
8146236947;399150
8146257357;399151
8146277765;399152
8146298175;399153
8146318584;399154
8146338992;399155
8146359402;399156
8146379810;399157
8146400220;399158
8146420628;399159
8146441038;399160
8146461446;399161
8146481855;399162
8146502265;399163
8146522673;399164
8146543083;399165
8146563491;399166
8146583900;399167
8146604309;399168
8146624718;399169
8146645128;399170
8146665540;399171
8146685945;399172
8146706354;399173
8146726763;399174
8146747172;399175
8146767581;399176
8146787989;399177
8146808399;399178
8146828808;399179
8146849217;399180
8146869626;399181
8146890035;399182
8146910444;399183
8146930852;399184
8146951262;399185
8146971674;399186
8146992080;399187
8147012489;399188
8147032897;399189
8147053307;399190
8147073719;399191
8147094125;399192
8147114533;399193
8147134943;399194
8147155355;399195
8147175760;399196
8147196170;399197
8147216578;399198
8147236988;399199
8147257396;399200
8147277805;399201
8147298214;399202
8147318623;399203
8147339032;399204
8147359441;399205
8147379851;399206
8147400263;399207
8147420668;399208
8147441077;399209
8147461486;399210
8147481895;399211
8147502304;399212
8147522712;399213
8147543122;399214
8147563531;399215
8147583940;399216
8147604353;399217
8147624757;399218
8147645167;399219
8147665575;399220
8147685989;399221
8147706393;399222
8147726803;399223
8147747212;399224
8147767620;399225
8147788030;399226
8147808442;399227
8147828848;399228
8147849256;399229
8147869665;399230
8147890074;399231
8147910483;399232
8147930893;399233
8147951301;399234
8147971710;399235
8147992119;399236
8148012528;399237
8148032937;399238
8148053346;399239
8148073756;399240
8148094164;399241
8148114573;399242
8148134982;399243
8148155391;399244
8148175800;399245
8148196213;399246
8148216621;399247
8148237027;399248
8148257436;399249
8148277845;399250
8148298254;399251
8148318663;399252
8148339072;399253
8148359480;399254
8148379890;399255
8148400298;399256
8148420708;399257
8148441117;399258
8148461525;399259
8148481935;399260
8148502343;399261
8148522753;399262
8148543161;399263
8148563574;399264
8148583979;399265
8148604388;399266
8148624798;399267
8148645206;399268
8148665616;399269
8148686024;399270
8148706433;399271
8148726842;399272
8148747251;399273
8148767660;399274
8148788069;399275
8148808478;399276
8148828887;399277
8148849296;399278
8148869705;399279
8148890118;399280
8148910522;399281
8148930932;399282
8148951340;399283
8148971750;399284
8148992159;399285
8149012568;399286
8149032981;399287
8149053385;399288
8149073795;399289
8149094203;399290
8149114613;399291
8149135021;399292
8149155431;399293
8149175840;399294
8149196248;399295
8149216658;399296
8149237066;399297
8149257480;399298
8149277884;399299
8149298294;399300
8149318702;399301
8149339111;399302
8149359521;399303
8149379929;399304
8149400339;399305
8149420747;399306
8149441157;399307
8149461565;399308
8149481974;399309
8149502384;399310
8149522792;399311
8149543202;399312
8149563614;399313
8149584023;399314
8149604432;399315
8149624837;399316
8149645246;399317
8149665655;399318
8149686069;399319
8149706473;399320
8149726882;399321
8149747291;399322
8149767700;399323
8149788109;399324
8149808518;399325
8149828927;399326
8149849336;399327
8149869746;399328
8149890154;399329
8149910563;399330
8149930972;399331
8149951381;399332
8149971790;399333
8149992199;399334
8150012608;399335
8150033017;399336
8150053426;399337
8150073835;399338
8150094244;399339
8150114653;399340
8150135062;399341
8150155471;399342
8150175880;399343
8150196289;399344
8150216698;399345
8150237107;399346
8150257516;399347
8150277925;399348
8150298334;399349
8150318743;399350
8150339152;399351
8150359561;399352
8150379970;399353
8150400379;399354
8150420788;399355
8150441197;399356
8150461606;399357
8150482015;399358
8150502424;399359
8150522833;399360
8150543242;399361
8150563651;399362
8150584060;399363
8150604469;399364
8150624878;399365
8150645287;399366
8150665696;399367
8150686105;399368
8150706514;399369
8150726923;399370
8150747332;399371
8150767741;399372
8150788151;399373
8150808559;399374
8150828968;399375
8150849377;399376
8150869786;399377
8150890195;399378
8150910604;399379
8150931014;399380
8150951422;399381
8150971831;399382
8150992240;399383
8151012649;399384
8151033058;399385
8151053467;399386
8151073876;399387
8151094285;399388
8151114695;399389
8151135103;399390
8151155513;399391
8151175921;399392
8151196330;399393
8151216739;399394
8151237152;399395
8151257557;399396
8151277966;399397
8151298376;399398
8151318784;399399
8151339194;399400
8151359602;399401
8151380012;399402
8151400420;399403
8151420830;399404
8151441238;399405
8151461647;399406
8151482061;399407
8151502465;399408
8151522875;399409
8151543283;399410
8151563693;399411
8151584101;399412
8151604511;399413
8151624919;399414
8151645329;399415
8151665738;399416
8151686147;399417
8151706556;399418
8151726965;399419
8151747374;399420
8151767783;399421
8151788192;399422
8151808600;399423
8151829010;399424
8151849419;399425
8151869828;399426
8151890237;399427
8151910646;399428
8151931055;399429
8151951464;399430
8151971873;399431
8151992282;399432
8152012691;399433
8152033100;399434
8152053509;399435
8152073918;399436
8152094327;399437
8152114736;399438
8152135145;399439
8152155554;399440
8152175963;399441
8152196372;399442
8152216782;399443
8152237190;399444
8152257604;399445
8152278008;399446
8152298417;399447
8152318830;399448
8152339235;399449
8152359645;399450
8152380053;399451
8152400463;399452
8152420871;399453
8152441281;399454
8152461689;399455
8152482099;399456
8152502507;399457
8152522920;399458
8152543326;399459
8152563734;399460
8152584144;399461
8152604552;399462
8152624962;399463
8152645370;399464
8152665780;399465
8152686188;399466
8152706598;399467
8152727007;399468
8152747415;399469
8152767825;399470
8152788233;399471
8152808643;399472
8152829051;399473
8152849461;399474
8152869869;399475
8152890279;399476
8152910688;399477
8152931097;399478
8152951510;399479
8152971915;399480
8152992328;399481
8153012733;399482
8153033142;399483
8153053550;399484
8153073960;399485
8153094369;399486
8153114778;399487
8153135187;399488
8153155596;399489
8153176009;399490
8153196414;399491
8153216823;399492
8153237232;399493
8153257641;399494
8153278050;399495
8153298463;399496
8153318868;399497
8153339277;399498
8153359686;399499
8153380095;399500
8153400504;399501
8153420913;399502
8153441326;399503
8153461731;399504
8153482140;399505
8153502549;399506
8153522958;399507
8153543367;399508
8153563780;399509
8153584185;399510
8153604594;399511
