8094464222;396613
8094484631;396614
8094505040;396615
8094525449;396616
8094545861;396617
8094566305;396618
8094586714;396619
8094607127;396620
8094627532;396621
8094647941;396622
8094668350;396623
8094688760;396624
8094709168;396625
8094729577;396626
8094749986;396627
8094770399;396628
8094790805;396629
8094811213;396630
8094831622;396631
8094852036;396632
8094872440;396633
8094892850;396634
8094913258;396635
8094933668;396636
8094954077;396637
8094974485;396638
8094994899;396639
8095015303;396640
8095035713;396641
8095056122;396642
8095076531;396643
8095096940;396644
8095117349;396645
8095137758;396646
8095158167;396647
8095178576;396648
8095198985;396649
8095219395;396650
8095239803;396651
8095260212;396652
8095280622;396653
8095301030;396654
8095321440;396655
8095341852;396656
8095362258;396657
8095382671;396658
8095403075;396659
8095423485;396660
8095443897;396661
8095464303;396662
8095484712;396663
8095505120;396664
8095525530;396665
8095545939;396666
8095566348;396667
8095586757;396668
8095607166;396669
8095627575;396670
8095647985;396671
8095668393;396672
8095688806;396673
8095709212;396674
8095729620;396675
8095750030;396676
8095770438;396677
8095790848;396678
8095811257;396679
8095831665;396680
8095852075;396681
8095872483;396682
8095892893;396683
8095913302;396684
8095933710;396685
8095954120;396686
8095974529;396687
8095994938;396688
8096015351;396689
8096035756;396690
8096056165;396691
8096076574;396692
8096096983;396693
8096117392;396694
8096137801;396695
8096158210;396696
8096178620;396697
8096199028;396698
8096219438;396699
8096239847;396700
8096260255;396701
8096280665;396702
8096301073;396703
8096321486;396704
8096341892;396705
8096362300;396706
8096382710;396707
8096403119;396708
8096423528;396709
8096443937;396710
8096464346;396711
8096484755;396712
8096505164;396713
8096525573;396714
8096545982;396715
8096566391;396716
8096586800;396717
8096607210;396718
8096627618;396719
8096648027;396720
8096668437;396721
8096688845;396722
8096709255;396723
8096729663;396724
8096750072;396725
8096770486;396726
8096790890;396727
8096811300;396728
8096831709;396729
8096852118;396730
8096872527;396731
8096892935;396732
8096913345;396733
8096933754;396734
8096954163;396735
8096974572;396736
8096994981;396737
8097015390;396738
8097035799;396739
8097056208;396740
8097076617;396741
8097097027;396742
8097117435;396743
8097137845;396744
8097158253;396745
8097178662;396746
8097199072;396747
8097219480;396748
8097239890;396749
8097260299;396750
8097280708;396751
8097301117;396752
8097321525;396753
8097341935;396754
8097362344;396755
8097382753;396756
8097403162;396757
8097423571;396758
8097443980;396759
8097464389;396760
8097484798;396761
8097505207;396762
8097525617;396763
8097546025;396764
8097566435;396765
8097586847;396766
8097607252;396767
8097627662;396768
8097648070;396769
8097668480;396770
8097688888;396771
8097709297;396772
8097729707;396773
8097750115;396774
8097770525;396775
8097790934;396776
8097811347;396777
8097831752;396778
8097852161;396779
8097872570;396780
8097892979;396781
8097913388;396782
8097933797;396783
8097954207;396784
8097974615;396785
8097995024;396786
8098015433;396787
8098035842;396788
8098056252;396789
8098076660;396790
8098097070;396791
8098117478;396792
8098137887;396793
8098158297;396794
8098178705;396795
8098199115;396796
8098219524;396797
8098239933;396798
8098260342;396799
8098280750;396800
8098301164;396801
8098321569;396802
8098341978;396803
8098362387;396804
8098382797;396805
8098403205;396806
8098423614;396807
8098444023;396808
8098464432;396809
8098484842;396810
8098505250;396811
8098525660;396812
8098546068;396813
8098566477;396814
8098586887;396815
8098607295;396816
8098627705;396817
8098648114;396818
8098668523;396819
8098688932;396820
8098709340;396821
8098729750;396822
8098750159;396823
8098770568;396824
8098790977;396825
8098811387;396826
8098831795;396827
8098852204;396828
8098872613;396829
8098893022;396830
8098913432;396831
8098933844;396832
8098954249;396833
8098974658;396834
8098995067;396835
8099015477;396836
8099035885;396837
8099056295;396838
8099076704;396839
8099097112;396840
8099117522;396841
8099137930;396842
8099158340;396843
8099178749;396844
8099199158;396845
8099219567;396846
8099239975;396847
8099260385;396848
8099280798;396849
8099301207;396850
8099321612;396851
8099342022;396852
8099362434;396853
8099382839;396854
8099403248;396855
8099423661;396856
8099444067;396857
8099464475;396858
8099484885;396859
8099505294;396860
8099525702;396861
8099546112;396862
8099566520;396863
8099586930;396864
8099607339;396865
8099627748;396866
8099648157;396867
8099668565;396868
8099688975;396869
8099709384;396870
8099729793;396871
8099750202;396872
8099770612;396873
8099791020;396874
8099811429;396875
8099831838;396876
8099852251;396877
8099872657;396878
8099893065;396879
8099913475;396880
8099933884;396881
8099954292;396882
8099974702;396883
8099995110;396884
8100015520;396885
8100035929;396886
8100056338;396887
8100076747;396888
8100097155;396889
8100117565;396890
8100137974;396891
8100158386;396892
8100178792;396893
8100199201;396894
8100219610;396895
8100240019;396896
8100260428;396897
8100280837;396898
8100301247;396899
8100321655;396900
8100342064;396901
8100362477;396902
8100382882;396903
8100403292;396904
8100423700;396905
8100444110;396906
8100464519;396907
8100484927;396908
8100505337;396909
8100525745;396910
8100546155;396911
8100566564;396912
8100586973;396913
8100607382;396914
8100627791;396915
8100648200;396916
8100668613;396917
8100689018;396918
8100709427;396919
8100729836;396920
8100750245;396921
8100770654;396922
8100791063;396923
8100811472;396924
8100831882;396925
8100852290;396926
8100872700;396927
8100893113;396928
8100913517;396929
8100933927;396930
8100954335;396931
8100974745;396932
8100995154;396933
8101015562;396934
8101035972;396935
8101056381;396936
8101076790;396937
8101097199;396938
8101117608;396939
8101138017;396940
8101158426;396941
8101178835;396942
8101199244;396943
8101219653;396944
8101240062;396945
8101260472;396946
8101280880;396947
8101301289;396948
8101321699;396949
8101342107;396950
8101362517;396951
8101382925;396952
8101403335;396953
8101423744;396954
8101444152;396955
8101464562;396956
8101484971;396957
8101505380;396958
8101525789;396959
8101546198;396960
8101566607;396961
8101587016;396962
8101607429;396963
8101627834;396964
8101648243;396965
8101668652;396966
8101689062;396967
8101709470;396968
8101729879;396969
8101750289;396970
8101770697;396971
8101791107;396972
8101811515;396973
8101831924;396974
8101852334;396975
8101872742;396976
8101893152;396977
8101913560;396978
8101933970;396979
8101954379;396980
8101974788;396981
8101995197;396982
8102015606;396983
8102036015;396984
8102056424;396985
8102076837;396986
8102097246;396987
8102117651;396988
8102138060;396989
8102158469;396990
8102178879;396991
8102199287;396992
8102219697;396993
8102240105;396994
8102260514;396995
8102280924;396996
8102301332;396997
8102321742;396998
8102342150;396999
8102362560;397000
8102382969;397001
8102403377;397002
8102423787;397003
8102444196;397004
8102464605;397005
8102485014;397006
8102505423;397007
8102525832;397008
8102546241;397009
8102566650;397010
8102587063;397011
8102607469;397012
8102627877;397013
8102648287;397014
8102668695;397015
8102689104;397016
8102709514;397017
8102729922;397018
8102750336;397019
8102770740;397020
8102791150;397021
8102811559;397022
8102831967;397023
8102852377;397024
8102872786;397025
8102893195;397026
8102913604;397027
8102934013;397028
8102954422;397029
8102974831;397030
8102995240;397031
8103015649;397032
8103036059;397033
8103056467;397034
8103076876;397035
8103097285;397036
8103117694;397037
8103138104;397038
8103158512;397039
8103178922;397040
8103199330;397041
8103219739;397042
8103240149;397043
8103260557;397044
8103280967;397045
8103301376;397046
8103321788;397047
8103342194;397048
8103362602;397049
8103383012;397050
8103403421;397051
8103423834;397052
8103444239;397053
8103464648;397054
8103485057;397055
8103505466;397056
8103525875;397057
8103546284;397058
8103566694;397059
8103587102;397060
8103607512;397061
8103627920;397062
8103648329;397063
8103668739;397064
8103689147;397065
8103709557;397066
8103729966;397067
8103750375;397068
8103770784;397069
8103791192;397070
8103811602;397071
8103832011;397072
8103852420;397073
8103872829;397074
8103893237;397075
8103913647;397076
8103934056;397077
8103954465;397078
8103974874;397079
8103995284;397080
8104015692;397081
8104036101;397082
8104056510;397083
8104076919;397084
8104097329;397085
8104117737;397086
8104138147;397087
8104158556;397088
8104178964;397089
8104199374;397090
8104219782;397091
8104240192;397092
8104260601;397093
8104281010;397094
8104301419;397095
8104321827;397096
8104342237;397097
8104362646;397098
8104383055;397099
8104403464;397100
8104423877;397101
8104444282;397102
8104464691;397103
8104485100;397104
8104505509;397105
8104525919;397106
8104546327;397107
8104566707;397108
8104587115;397109
8104607524;397110
8104627934;397111
8104648342;397112
8104668752;397113
8104689160;397114
8104709569;397115
8104729978;397116
8104750387;397117
8104770796;397118
8104791209;397119
8104811615;397120
8104832023;397121
8104852432;397122
8104872841;397123
8104893250;397124
8104913659;397125
8104934068;397126
8104954477;397127
8104974886;397128
8104995299;397129
8105015704;397130
8105036117;397131
8105056522;397132
8105076931;397133
8105097340;397134
8105117749;397135
8105138157;397136
8105158571;397137
8105178976;397138
8105199385;397139
8105219794;397140
8105240203;397141
8105260612;397142
8105281020;397143
8105301434;397144
8105321838;397145
8105342252;397146
8105362661;397147
8105383066;397148
8105403475;397149
8105423883;397150
8105444293;397151
8105464701;397152
8105485111;397153
8105505519;397154
8105525929;397155
8105546338;397156
8105566746;397157
8105587156;397158
8105607564;397159
8105627974;397160
8105648382;397161
8105668792;397162
8105689200;397163
8105709609;397164
8105730019;397165
8105750427;397166
8105770837;397167
8105791245;397168
8105811654;397169
8105832063;397170
8105852472;397171
8105872881;397172
8105893290;397173
8105913700;397174
8105934108;397175
8105954517;397176
8105974926;397177
8105995335;397178
8106015744;397179
8106036153;397180
8106056562;397181
8106076971;397182
8106097380;397183
8106117789;397184
8106138202;397185
8106158607;397186
8106179016;397187
8106199425;397188
8106219834;397189
8106240243;397190
8106260652;397191
8106281061;397192
8106301470;397193
8106321879;397194
8106342287;397195
8106362697;397196
8106383105;397197
8106403515;397198
8106423924;397199
8106444333;397200
8106464742;397201
8106485154;397202
8106505560;397203
8106525968;397204
8106546378;397205
8106566786;397206
8106587196;397207
8106607605;397208
8106628013;397209
8106648423;397210
8106668831;397211
8106689241;397212
8106709649;397213
8106730059;397214
8106750467;397215
8106770880;397216
8106791286;397217
8106811694;397218
8106832108;397219
8106852512;397220
8106872921;397221
8106893330;397222
8106913739;397223
8106934148;397224
8106954561;397225
8106974967;397226
8106995375;397227
8107015784;397228
8107036193;397229
8107056602;397230
8107077011;397231
8107097420;397232
8107117829;397233
8107138238;397234
8107158647;397235
8107179056;397236
8107199465;397237
8107219874;397238
8107240287;397239
8107260692;397240
8107281101;397241
8107301509;397242
8107321919;397243
8107342332;397244
8107362737;397245
8107383146;397246
8107403555;397247
8107423964;397248
8107444372;397249
8107464782;397250
8107485191;397251
8107505600;397252
8107526009;397253
8107546418;397254
8107566827;397255
8107587235;397256
8107607645;397257
8107628053;397258
8107648463;397259
8107668872;397260
8107689281;397261
8107709690;397262
8107730098;397263
8107750508;397264
8107770916;397265
8107791326;397266
8107811734;397267
8107832143;397268
8107852553;397269
8107872961;397270
8107893371;397271
8107913779;397272
8107934189;397273
8107954597;397274
8107975006;397275
8107995415;397276
8108015824;397277
8108036234;397278
8108056642;397279
8108077052;397280
8108097460;397281
8108117869;397282
8108138278;397283
8108158687;397284
8108179096;397285
8108199505;397286
8108219915;397287
8108240323;397288
8108260732;397289
8108281141;397290
8108301550;397291
8108321959;397292
8108342368;397293
8108362777;397294
8108383186;397295
8108403595;397296
8108424004;397297
8108444413;397298
8108464822;397299
8108485231;397300
8108505639;397301
8108526049;397302
8108546457;397303
8108566867;397304
8108587276;397305
8108607685;397306
8108628094;397307
8108648502;397308
8108668916;397309
8108689320;397310
8108709730;397311
8108730138;397312
8108750548;397313
8108770957;397314
8108791366;397315
8108811775;397316
8108832183;397317
8108852593;397318
8108873001;397319
8108893411;397320
8108913820;397321
8108934228;397322
8108954638;397323
8108975046;397324
8108995456;397325
8109015864;397326
8109036274;397327
8109056682;397328
8109077091;397329
8109097501;397330
8109117909;397331
8109138319;397332
8109158727;397333
8109179137;397334
8109199545;397335
8109219954;397336
8109240363;397337
8109260772;397338
8109281182;397339
8109301590;397340
8109322000;397341
8109342408;397342
8109362817;397343
8109383226;397344
8109403635;397345
8109424044;397346
8109444453;397347
8109464863;397348
8109485271;397349
8109505680;397350
8109526089;397351
8109546498;397352
8109566907;397353
8109587316;397354
8109607724;397355
8109628138;397356
8109648543;397357
8109668952;397358
8109689361;397359
8109709770;397360
8109730179;397361
8109750588;397362
8109771001;397363
8109791405;397364
8109811815;397365
8109832224;397366
8109852633;397367
8109873042;397368
8109893450;397369
8109913864;397370
8109934268;397371
8109954678;397372
8109975086;397373
8109995496;397374
8110015909;397375
8110036313;397376
8110056723;397377
8110077131;397378
8110097541;397379
8110117949;397380
8110138359;397381
8110158767;397382
8110179176;397383
8110199586;397384
8110219994;397385
8110240404;397386
8110260812;397387
8110281222;397388
8110301634;397389
8110322039;397390
8110342449;397391
8110362857;397392
8110383267;397393
8110403675;397394
8110424085;397395
8110444493;397396
8110464902;397397
8110485311;397398
8110505720;397399
8110526130;397400
8110546538;397401
8110566948;397402
8110587356;397403
8110607769;397404
8110628174;397405
8110648583;397406
8110668992;397407
8110689401;397408
8110709810;397409
8110730219;397410
8110750628;397411
8110771037;397412
8110791446;397413
8110811855;397414
8110832264;397415
8110852673;397416
8110873082;397417
8110893491;397418
8110913900;397419
8110934309;397420
8110954718;397421
8110975127;397422
8110995536;397423
8111015945;397424
8111036353;397425
8111056763;397426
8111077172;397427
8111097581;397428
8111117990;397429
8111138402;397430
8111158808;397431
8111179216;397432
8111199626;397433
8111220034;397434
8111240444;397435
8111260853;397436
8111281261;397437
8111301671;397438
8111322079;397439
8111342489;397440
8111362897;397441
8111383307;397442
8111403715;397443
8111424124;397444
8111444538;397445
8111464946;397446
8111485352;397447
8111505760;397448
8111526169;397449
8111546578;397450
8111566987;397451
8111587396;397452
8111607809;397453
8111628215;397454
8111648623;397455
8111669032;397456
8111689441;397457
8111709850;397458
8111730259;397459
8111750668;397460
8111771078;397461
8111791486;397462
8111811896;397463
8111832304;397464
8111852713;397465
8111873122;397466
8111893531;397467
8111913940;397468
8111934353;397469
8111954758;397470
8111975171;397471
8111995576;397472
8112015985;397473
8112036394;397474
8112056803;397475
8112077212;397476
8112097620;397477
8112118030;397478
8112138439;397479
8112158848;397480
8112179257;397481
8112199666;397482
8112220075;397483
8112240483;397484
8112260893;397485
8112281301;397486
8112301715;397487
8112322120;397488
8112342528;397489
8112362938;397490
8112383350;397491
8112403756;397492
8112424164;397493
8112444574;397494
8112464982;397495
8112485392;397496
8112505801;397497
8112526209;397498
8112546619;397499
8112567027;397500
8112587437;397501
8112607845;397502
8112628254;397503
8112648663;397504
8112669076;397505
8112689482;397506
8112709890;397507
8112730300;397508
8112750708;397509
8112771117;397510
8112791526;397511
8112811935;397512
8112832344;397513
8112852757;397514
8112873163;397515
8112893571;397516
8112913984;397517
8112934389;397518
8112954798;397519
8112975207;397520
8112995616;397521
8113016025;397522
8113036434;397523
8113056843;397524
8113077252;397525
8113097665;397526
8113118070;397527
8113138483;397528
8113158888;397529
8113179297;397530
8113199706;397531
8113220115;397532
8113240524;397533
8113260933;397534
8113281342;397535
8113301751;397536
8113322160;397537
8113342568;397538
8113362978;397539
8113383387;397540
8113403796;397541
8113424205;397542
8113444614;397543
8113465023;397544
8113485431;397545
8113505845;397546
8113526249;397547
8113546659;397548
8113567068;397549
8113587476;397550
8113607886;397551
8113628294;397552
8113648704;397553
8113669112;397554
8113689522;397555
8113709930;397556
8113730340;397557
8113750749;397558
8113771157;397559
8113791567;397560
8113811975;397561
8113832385;397562
8113852793;397563
8113873202;397564
8113893611;397565
8113914020;397566
8113934430;397567
8113954838;397568
8113975248;397569
8113995656;397570
8114016065;397571
8114036478;397572
8114056883;397573
8114077292;397574
8114097701;397575
8114118110;397576
8114138519;397577
8114158928;397578
8114179341;397579
8114199746;397580
8114220155;397581
8114240564;397582
8114260972;397583
8114281382;397584
8114301791;397585
8114322200;397586
8114342613;397587
8114363017;397588
8114383427;397589
8114403835;397590
8114424245;397591
8114444653;397592
8114465063;397593
8114485472;397594
8114505880;397595
8114526290;397596
8114546698;397597
8114567090;397598
8114587498;397599
8114607907;397600
8114628316;397601
8114648729;397602
8114669134;397603
8114689543;397604
8114709951;397605
8114730361;397606
8114750769;397607
8114771179;397608
8114791588;397609
8114811996;397610
8114832406;397611
8114852814;397612
8114873224;397613
8114893632;397614
8114914042;397615
8114934450;397616
8114954859;397617
8114975272;397618
8114995677;397619
8115016086;397620
8115036495;397621
8115056903;397622
8115077313;397623
8115097721;397624
8115118131;397625
8115138539;397626
8115158948;397627
8115179357;397628
8115199766;397629
8115220174;397630
8115240584;397631
8115260993;397632
8115281402;397633
8115301811;397634
8115322219;397635
8115342629;397636
8115363037;397637
8115383450;397638
8115403855;397639
8115424268;397640
8115444677;397641
8115465082;397642
8115485491;397643
8115505900;397644
8115526308;397645
8115546718;397646
8115567126;397647
8115587536;397648
8115607944;397649
8115628353;397650
8115648762;397651
8115669175;397652
8115689579;397653
8115709989;397654
8115730397;397655
8115750807;397656
8115771216;397657
8115791624;397658
8115812034;397659
8115832442;397660
8115852852;397661
8115873260;397662
8115893669;397663
8115914078;397664
8115934487;397665
8115954896;397666
8115975305;397667
8115995713;397668
8116016123;397669
8116036531;397670
8116056941;397671
8116077349;397672
8116097758;397673
8116118167;397674
8116138576;397675
8116158984;397676
8116179394;397677
8116199802;397678
8116220212;397679
8116240620;397680
8116261029;397681
8116281439;397682
8116301847;397683
8116322256;397684
8116342665;397685
8116363074;397686
8116383483;397687
8116403896;397688
8116424300;397689
8116444710;397690
8116465118;397691
8116485527;397692
8116505936;397693
8116526349;397694
8116546754;397695
8116567163;397696
8116587571;397697
8116607981;397698
8116628389;397699
8116648799;397700
8116669211;397701
8116689616;397702
8116710025;397703
8116730434;397704
8116750842;397705
8116771252;397706
8116791661;397707
8116812070;397708
8116832479;397709
8116852887;397710
8116873301;397711
8116893705;397712
8116914114;397713
8116934523;397714
8116954932;397715
8116975344;397716
8116995750;397717
8117016158;397718
8117036568;397719
8117056976;397720
8117077385;397721
8117097794;397722
8117118203;397723
8117138612;397724
8117159021;397725
8117179433;397726
8117199839;397727
8117220247;397728
8117240656;397729
8117261066;397730
8117281474;397731
8117301883;397732
8117322292;397733
8117342701;397734
8117363110;397735
8117383523;397736
8117403927;397737
8117424337;397738
8117444745;397739
8117465155;397740
8117485563;397741
8117505972;397742
8117526381;397743
8117546790;397744
8117567199;397745
8117587608;397746
8117608016;397747
8117628426;397748
8117648834;397749
8117669243;397750
8117689652;397751
8117710061;397752
8117730470;397753
8117750879;397754
8117771288;397755
8117791697;397756
8117812110;397757
8117832515;397758
8117852924;397759
8117873332;397760
8117893742;397761
8117914150;397762
8117934559;397763
8117954968;397764
8117975381;397765
8117995786;397766
8118016195;397767
8118036603;397768
8118057013;397769
8118077421;397770
8118097830;397771
8118118239;397772
8118138648;397773
8118159057;397774
8118179470;397775
8118199874;397776
8118220284;397777
8118240692;397778
8118261102;397779
8118281511;397780
8118301919;397781
8118322329;397782
8118342737;397783
8118363146;397784
8118383555;397785
8118403964;397786
8118424373;397787
8118444782;397788
8118465190;397789
8118485600;397790
8118506008;397791
8118526418;397792
8118546826;397793
8118567235;397794
8118587644;397795
8118608053;397796
8118628461;397797
8118648871;397798
8118669279;397799
8118689689;397800
8118710097;397801
8118730506;397802
8118750919;397803
8118771324;397804
8118791734;397805
8118812142;397806
8118832551;397807
8118852960;397808
8118873369;397809
8118893778;397810
8118914187;397811
8118934595;397812
8118955009;397813
8118975413;397814
8118995823;397815
8119016231;397816
8119036644;397817
8119057049;397818
8119077462;397819
8119097866;397820
8119118276;397821
8119138684;397822
8119159094;397823
8119179502;397824
8119199911;397825
8119220320;397826
8119240729;397827
8119261139;397828
8119281547;397829
8119301956;397830
8119322365;397831
8119342774;397832
8119363183;397833
8119383592;397834
8119404000;397835
8119424410;397836
8119444818;397837
8119465228;397838
8119485636;397839
8119506045;397840
8119526454;397841
8119546867;397842
8119567275;397843
8119587681;397844
8119608093;397845
8119628499;397846
8119648907;397847
8119669317;397848
8119689725;397849
8119710134;397850
8119730543;397851
8119750952;397852
8119771361;397853
8119791770;397854
8119812179;397855
8119832588;397856
8119853001;397857
8119873405;397858
8119893815;397859
8119914223;397860
8119934633;397861
8119955041;397862
8119975450;397863
8119995859;397864
8120016268;397865
8120036677;397866
8120057086;397867
8120077494;397868
8120097904;397869
8120118312;397870
8120138722;397871
8120159130;397872
8120179539;397873
8120199948;397874
8120220357;397875
8120240766;397876
8120261175;397877
8120281584;397878
8120301993;397879
8120322402;397880
8120342811;397881
8120363220;397882
8120383628;397883
8120404038;397884
8120424446;397885
8120444856;397886
8120465268;397887
8120485677;397888
8120506082;397889
8120526491;397890
8120546900;397891
8120567309;397892
8120587718;397893
8120608127;397894
8120628535;397895
8120648945;397896
8120669353;397897
8120689766;397898
8120710171;397899
8120730580;397900
8120750989;397901
8120771398;397902
8120791807;397903
8120812216;397904
8120832625;397905
8120853034;397906
8120873443;397907
8120893851;397908
8120914261;397909
8120934669;397910
8120955079;397911
8120975491;397912
8120995897;397913
8121016305;397914
8121036714;397915
8121057123;397916
8121077532;397917
8121097941;397918
8121118350;397919
8121138758;397920
8121159168;397921
8121179580;397922
8121199986;397923
8121220394;397924
8121240803;397925
8121261213;397926
8121281621;397927
8121302031;397928
8121322439;397929
8121342849;397930
8121363257;397931
8121383666;397932
8121404075;397933
8121424484;397934
8121444893;397935
8121465302;397936
8121485710;397937
8121506120;397938
8121526528;397939
8121546938;397940
8121567346;397941
8121587759;397942
8121608164;397943
8121628573;397944
8121648982;397945
8121669391;397946
8121689799;397947
8121710209;397948
8121730617;397949
8121751027;397950
8121771436;397951
8121791844;397952
8121812254;397953
8121832662;397954
8121853072;397955
8121873480;397956
8121893889;397957
8121914298;397958
8121934707;397959
8121955116;397960
8121975525;397961
8121995933;397962
8122016343;397963
8122036751;397964
8122057161;397965
8122077569;397966
8122097979;397967
8122118387;397968
8122138796;397969
8122159205;397970
8122179614;397971
8122200023;397972
8122220432;397973
8122240840;397974
8122261254;397975
8122281659;397976
8122302068;397977
8122322481;397978
8122342886;397979
8122363295;397980
8122383703;397981
8122404113;397982
8122424521;397983
8122444935;397984
8122465339;397985
8122485748;397986
8122506157;397987
8122526566;397988
8122546975;397989
8122567384;397990
8122587792;397991
8122608206;397992
8122628610;397993
8122649020;397994
8122669428;397995
8122689838;397996
8122710246;397997
8122730655;397998
8122751068;397999
8122771473;398000
8122791883;398001
8122812291;398002
8122832700;398003
8122853109;398004
8122873518;398005
8122893927;398006
8122914336;398007
8122934745;398008
8122955154;398009
8122975562;398010
8122995972;398011
8123016380;398012
8123036790;398013
8123057198;398014
8123077607;398015
8123098016;398016
8123118425;398017
8123138834;398018
8123159243;398019
8123179651;398020
8123200061;398021
8123220469;398022
8123240879;398023
8123261287;398024
8123281697;398025
8123302106;398026
8123322514;398027
8123342924;398028
8123363332;398029
8123383742;398030
8123404150;398031
8123424559;398032
8123444968;398033
8123465377;398034
8123485790;398035
8123506195;398036
8123526604;398037
8123547013;398038
8123567421;398039
8123587831;398040
8123608239;398041
8123628649;398042
8123649057;398043
8123669466;398044
8123689875;398045
8123710284;398046
8123730693;398047
8123751102;398048
8123771512;398049
8123791920;398050
8123812329;398051
8123832738;398052
8123853147;398053
8123873556;398054
8123893965;398055
8123914374;398056
8123934783;398057
8123955191;398058
8123975601;398059
8123996009;398060
8124016419;398061
8124036827;398062
8124057236;398063
8124077645;398064
8124098054;398065
8124118463;398066
8124138872;398067
8124159280;398068
8124179690;398069
8124200098;398070
8124220508;398071
8124240916;398072
8124261326;398073
8124281735;398074
8124302143;398075
8124322553;398076
8124342961;398077
8124363371;398078
8124383779;398079
8124404188;398080
8124424597;398081
8124445006;398082
8124465415;398083
8124485824;398084
8124506233;398085
8124526642;398086
8124547050;398087
8124567490;398088
8124587898;398089
8124608308;398090
8124628717;398091
8124649125;398092
8124669535;398093
8124689947;398094
8124710353;398095
8124730761;398096
8124751171;398097
8124771580;398098
8124791988;398099
8124812398;398100
8124832806;398101
8124853216;398102
8124873625;398103
8124894034;398104
8124914447;398105
8124934851;398106
8124955261;398107
8124975673;398108
8124996083;398109
8125016492;398110
8125036897;398111
8125057306;398112
8125077714;398113
8125098124;398114
8125118533;398115
8125138942;398116
8125159351;398117
8125179759;398118
8125200169;398119
8125220577;398120
8125240991;398121
8125261396;398122
8125281805;398123
8125302214;398124
8125322622;398125
8125343032;398126
8125363445;398127
8125383850;398128
8125404259;398129
8125424668;398130
8125445077;398131
8125465485;398132
8125485895;398133
8125506304;398134
8125526713;398135
8125547122;398136
8125567530;398137
8125587940;398138
8125608349;398139
8125628758;398140
8125649167;398141
8125669576;398142
8125689985;398143
8125710393;398144
8125730803;398145
8125751212;398146
8125771621;398147
8125792030;398148
8125812439;398149
8125832848;398150
8125853256;398151
8125873666;398152
8125894075;398153
8125914484;398154
8125934893;398155
8125955305;398156
8125975711;398157
8125996120;398158
8126016529;398159
8126036938;398160
8126057347;398161
8126077756;398162
8126098164;398163
8126118574;398164
8126138983;398165
8126159392;398166
8126179801;398167
8126200213;398168
8126220619;398169
8126241028;398170
8126261441;398171
8126281846;398172
8126302255;398173
8126322664;398174
8126343072;398175
8126363482;398176
8126383891;398177
8126404300;398178
8126424709;398179
8126445118;398180
8126465527;398181
8126485936;398182
8126506345;398183
8126526754;398184
8126547163;398185
8126567572;398186
8126587981;398187
8126608394;398188
8126628800;398189
8126649208;398190
8126669617;398191
8126690026;398192
8126710435;398193
8126730844;398194
8126751253;398195
8126771662;398196
8126792071;398197
8126812480;398198
8126832889;398199
8126853298;398200
8126873708;398201
8126894116;398202
8126914525;398203
8126934934;398204
8126955343;398205
8126975752;398206
8126996161;398207
8127016570;398208
8127036979;398209
8127057388;398210
8127077797;398211
8127098206;398212
8127118616;398213
8127139024;398214
8127159433;398215
8127179842;398216
8127200251;398217
8127220660;398218
8127241069;398219
8127261479;398220
8127281887;398221
8127302296;398222
8127322705;398223
8127343114;398224
8127363524;398225
8127383932;398226
8127404342;398227
8127424750;398228
8127445159;398229
8127465568;398230
8127485977;398231
8127506387;398232
8127526795;398233
8127547205;398234
8127567613;398235
8127588026;398236
8127608432;398237
8127628840;398238
8127649250;398239
8127669658;398240
8127690067;398241
8127710476;398242
8127730885;398243
8127751295;398244
8127771703;398245
8127792113;398246
8127812521;398247
8127832930;398248
8127853339;398249
8127873748;398250
8127894158;398251
8127914566;398252
8127934976;398253
8127955384;398254
8127975793;398255
8127996203;398256
8128016611;398257
8128037021;398258
8128057429;398259
8128077839;398260
8128098247;398261
8128118656;398262
8128139066;398263
8128159478;398264
8128179888;398265
8128200292;398266
8128220701;398267
8128241111;398268
8128261519;398269
8128281929;398270
8128302337;398271
8128322747;398272
8128343155;398273
8128363565;398274
8128383974;398275
8128404382;398276
8128424796;398277
8128445200;398278
8128465613;398279
8128486019;398280
8128506427;398281
8128526840;398282
8128547245;398283
8128567655;398284
8128588063;398285
8128608473;398286
8128628882;398287
8128649290;398288
8128669700;398289
8128690108;398290
8128710518;398291
8128730926;398292
8128751336;398293
8128771745;398294
8128792153;398295
8128812563;398296
8128832975;398297
8128853381;398298
8128873790;398299
8128894199;398300
8128914612;398301
8128935016;398302
8128955426;398303
8128975838;398304
8128996244;398305
8129016653;398306
8129037061;398307
8129057471;398308
8129077879;398309
8129098289;398310
8129118698;398311
8129139107;398312
8129159520;398313
8129179925;398314
8129200334;398315
8129220742;398316
8129241152;398317
8129261561;398318
8129281970;398319
8129302379;398320
8129322788;398321
8129343197;398322
8129363606;398323
8129384015;398324
8129404424;398325
8129424833;398326
8129445242;398327
8129465650;398328
8129486060;398329
8129506469;398330
8129526882;398331
8129547287;398332
8129567696;398333
8129588105;398334
8129608514;398335
8129628923;398336
8129649332;398337
8129669741;398338
8129690150;398339
8129710559;398340
8129730972;398341
8129751377;398342
8129771786;398343
8129792195;398344
8129812608;398345
8129833013;398346
8129853422;398347
8129873831;398348
8129894240;398349
8129914649;398350
8129935058;398351
8129955467;398352
8129975876;398353
8129996286;398354
8130016694;398355
8130037103;398356
8130057512;398357
8130077921;398358
8130098330;398359
8130118739;398360
8130139149;398361
8130159557;398362
8130179966;398363
8130200375;398364
8130220784;398365
8130241194;398366
8130261602;398367
8130282011;398368
8130302420;398369
8130322829;398370
8130343238;398371
8130363647;398372
8130384057;398373
8130404465;398374
8130424875;398375
8130445283;398376
8130465692;398377
8130486102;398378
8130506510;398379
8130526920;398380
8130547328;398381
8130567737;398382
8130588146;398383
8130608555;398384
8130628965;398385
8130649373;398386
8130669783;398387
8130690191;398388
8130710601;398389
8130731009;398390
8130751418;398391
8130771828;398392
8130792236;398393
8130812646;398394
8130833054;398395
8130853463;398396
8130873873;398397
8130894281;398398
8130914691;398399
8130935099;398400
8130955509;398401
8130975917;398402
8130996326;398403
8131016736;398404
8131037144;398405
8131057554;398406
8131077962;398407
8131098372;398408
8131118781;398409
8131139189;398410
8131159599;398411
8131180007;398412
8131200417;398413
8131220825;398414
8131241235;398415
8131261644;398416
8131282052;398417
8131302462;398418
8131322870;398419
8131343284;398420
8131363689;398421
8131384098;398422
8131404507;398423
8131424915;398424
8131445325;398425
8131465733;398426
8131486143;398427
8131506552;398428
8131526961;398429
8131547370;398430
8131567778;398431
8131588188;398432
8131608596;398433
8131629006;398434
8131649415;398435
8131669824;398436
8131690233;398437
8131710641;398438
8131731051;398439
8131751460;398440
8131771869;398441
8131792278;398442
8131812690;398443
8131833096;398444
8131853504;398445
8131873918;398446
8131894323;398447
8131914732;398448
8131935141;398449
8131955550;398450
8131975959;398451
8131996368;398452
8132016777;398453
8132037190;398454
8132057595;398455
8132078004;398456
8132098413;398457
8132118822;398458
8132139231;398459
8132159640;398460
8132180053;398461
8132200458;398462
8132220867;398463
8132241276;398464
8132261685;398465
8132282094;398466
8132302503;398467
8132322912;398468
8132343321;398469
8132363730;398470
8132384139;398471
8132404548;398472
8132424957;398473
8132445366;398474
8132465775;398475
8132486185;398476
8132506593;398477
8132527003;398478
8132547411;398479
8132567820;398480
8132588229;398481
8132608638;398482
8132629048;398483
8132649456;398484
8132669866;398485
8132690274;398486
8132710683;398487
8132731092;398488
8132751501;398489
8132771911;398490
8132792319;398491
8132812728;398492
8132833137;398493
8132853546;398494
8132873956;398495
8132894364;398496
8132914774;398497
8132935182;398498
8132955591;398499
8132976000;398500
8132996413;398501
8133016819;398502
8133037227;398503
8133057637;398504
8133078045;398505
8133098454;398506
8133118864;398507
8133139272;398508
8133159682;398509
8133180090;398510
8133200500;398511
8133220908;398512
8133241317;398513
8133261727;398514
8133282135;398515
8133302545;398516
8133322953;398517
8133343363;398518
8133363772;398519
8133384180;398520
8133404590;398521
8133424998;398522
8133445408;398523
8133465816;398524
8133486226;398525
8133506635;398526
8133527043;398527
8133547453;398528
8133567861;398529
8133588271;398530
8133608679;398531
8133629088;398532
8133649498;398533
8133669906;398534
8133690316;398535
8133710724;398536
8133731134;398537
8133751543;398538
8133771952;398539
8133792361;398540
8133812773;398541
8133833179;398542
8133853587;398543
8133873997;398544
8133894406;398545
8133914815;398546
8133935224;398547
8133955636;398548
8133976042;398549
8133996455;398550
8134016860;398551
8134037269;398552
8134057681;398553
8134078087;398554
8134098495;398555
8134118905;398556
8134139314;398557
8134159723;398558
8134180132;398559
8134200540;398560
8134220950;398561
8134241359;398562
8134261768;398563
8134282177;398564
8134302586;398565
8134322995;398566
8134343404;398567
8134363813;398568
8134384222;398569
8134404631;398570
8134425040;398571
8134445449;398572
8134465858;398573
8134486267;398574
8134506676;398575
8134527089;398576
8134547494;398577
8134567893;398578
8134588302;398579
8134608711;398580
8134629120;398581
8134649529;398582
8134669938;398583
8134690347;398584
8134710756;398585
8134731165;398586
8134751574;398587
8134771982;398588
8134792392;398589
8134812801;398590
8134833210;398591
8134853619;398592
8134874028;398593
8134894437;398594
8134914845;398595
8134935255;398596
8134955663;398597
8134976073;398598
8134996482;398599
8135016891;398600
8135037300;398601
8135057708;398602
8135078118;398603
8135098526;398604
8135118936;398605
8135139345;398606
8135159754;398607
8135180163;398608
8135200571;398609
8135220981;398610
8135241389;398611
8135261799;398612
8135282207;398613
8135302617;398614
8135323026;398615
8135343434;398616
8135363844;398617
8135384252;398618
8135404662;398619
8135425070;398620
8135445480;398621
8135465889;398622
8135486297;398623
8135506707;398624
8135527115;398625
8135547525;398626
8135567933;398627
8135588343;398628
8135608751;398629
8135629160;398630
8135649570;398631
8135669982;398632
8135690392;398633
8135710796;398634
8135731206;398635
8135751614;398636
8135772023;398637
8135792432;398638
8135812841;398639
8135833251;398640
8135853659;398641
8135874069;398642
8135894481;398643
8135914886;398644
8135935295;398645
8135955704;398646
8135976114;398647
8135996522;398648
8136016931;398649
8136037340;398650
8136057753;398651
8136078158;398652
8136098567;398653
8136118976;398654
8136139385;398655
8136159795;398656
8136180203;398657
8136200612;398658
8136221021;398659
8136241430;398660
8136261843;398661
8136282248;398662
8136302657;398663
8136323066;398664
8136343475;398665
8136363884;398666
8136384293;398667
8136404702;398668
8136425111;398669
8136445523;398670
8136465929;398671
8136486342;398672
8136506747;398673
8136527160;398674
8136547565;398675
8136567974;398676
8136588382;398677
8136608792;398678
8136629201;398679
8136649614;398680
8136670019;398681
8136690428;398682
8136710837;398683
8136731246;398684
8136751655;398685
8136772063;398686
8136792473;398687
8136812882;398688
8136833291;398689
8136853700;398690
8136874108;398691
8136894518;398692
8136914926;398693
8136935336;398694
8136955744;398695
8136976154;398696
8136996563;398697
8137016971;398698
8137037381;398699
8137057789;398700
8137078199;398701
8137098607;398702
8137119017;398703
8137139426;398704
8137159834;398705
8137180244;398706
8137200652;398707
8137221062;398708
8137241474;398709
8137261880;398710
8137282288;398711
8137302701;398712
8137323107;398713
8137343515;398714
8137363925;398715
8137384333;398716
8137404743;398717
8137425151;398718
8137445560;398719
8137465970;398720
8137486382;398721
8137506788;398722
8137527196;398723
8137547606;398724
8137568014;398725
8137588423;398726
8137608832;398727
8137629241;398728
8137649651;398729
8137670059;398730
8137690469;398731
8137710877;398732
8137731286;398733
8137751699;398734
8137772108;398735
8137792513;398736
8137812922;398737
8137833332;398738
8137853740;398739
8137874149;398740
8137894558;398741
8137914967;398742
8137935376;398743
8137955785;398744
8137976195;398745
8137996603;398746
8138017012;398747
8138037421;398748
8138057830;398749
8138078239;398750
8138098652;398751
8138119057;398752
8138139466;398753
8138159875;398754
8138180284;398755
8138200693;398756
8138221102;398757
8138241511;398758
8138261920;398759
8138282329;398760
8138302742;398761
8138323151;398762
8138343556;398763
8138363965;398764
8138384374;398765
8138404783;398766
8138425192;398767
8138445600;398768
8138466014;398769
8138486419;398770
8138506828;398771
8138527237;398772
8138547646;398773
8138568055;398774
8138588463;398775
8138608873;398776
8138629282;398777
8138649691;398778
8138670100;398779
8138690509;398780
8138710918;398781
8138731326;398782
8138751736;398783
8138772144;398784
8138792554;398785
8138812963;398786
8138833372;398787
8138853781;398788
8138874189;398789
8138894599;398790
8138915007;398791
8138935417;398792
8138955825;398793
8138976235;398794
8138996644;398795
8139017052;398796
8139037462;398797
8139057870;398798
8139078280;398799
8139098688;398800
8139119097;398801
8139139507;398802
8139159915;398803
8139180329;398804
8139200733;398805
8139221143;398806
8139241551;398807
8139261961;398808
8139282369;398809
8139302778;398810
8139323188;398811
8139343596;398812
8139364006;398813
8139384414;398814
8139404823;398815
8139425232;398816
8139445641;398817
8139466051;398818
8139486459;398819
8139506869;398820
8139527277;398821
8139547686;398822
8139568095;398823
8139588504;398824
8139608913;398825
8139629322;398826
8139649732;398827
8139670140;398828
8139690549;398829
8139710958;398830
8139731367;398831
8139751776;398832
8139772185;398833
8139792594;398834
8139813003;398835
8139833416;398836
8139853821;398837
8139874230;398838
8139894639;398839
8139915048;398840
8139935457;398841
8139955866;398842
8139976275;398843
8139996684;398844
8140017097;398845
8140037502;398846
8140057911;398847
8140078324;398848
8140098729;398849
8140119137;398850
8140139547;398851
8140159956;398852
8140180365;398853
8140200774;398854
8140221182;398855
8140241592;398856
8140262000;398857
8140282410;398858
8140302819;398859
8140323228;398860
8140343637;398861
8140364045;398862
8140384455;398863
8140404863;398864
8140425273;398865
8140445681;398866
8140466091;398867
8140486500;398868
8140506909;398869
8140527318;398870
8140547726;398871
8140568136;398872
8140588544;398873
8140608954;398874
8140629363;398875
8140649772;398876
8140670181;398877
8140690589;398878
8140711003;398879
8140731407;398880
8140751817;398881
8140772225;398882
8140792638;398883
8140813044;398884
8140833456;398885
8140853862;398886
8140874270;398887
8140894680;398888
8140915088;398889
8140935497;398890
8140955906;398891
8140976315;398892
8140996725;398893
8141017133;398894
8141037543;398895
8141057951;398896
8141078361;398897
8141098769;398898
8141119178;398899
8141139588;398900
8141159996;398901
8141180406;398902
8141200814;398903
8141221223;398904
8141241632;398905
8141262041;398906
8141282450;398907
8141302859;398908
8141323269;398909
8141343677;398910
8141364090;398911
8141384495;398912
8141404904;398913
8141425313;398914
8141445722;398915
8141466132;398916
8141486540;398917
8141506949;398918
8141527358;398919
8141547767;398920
8141568176;398921
8141588585;398922
8141608994;398923
8141629403;398924
8141649813;398925
8141670221;398926
8141690630;398927
8141711039;398928
8141731448;398929
8141751857;398930
8141772266;398931
8141792674;398932
8141813084;398933
8141833493;398934
8141853902;398935
8141874311;398936
8141894720;398937
8141915133;398938
8141935537;398939
8141955947;398940
8141976356;398941
8141996765;398942
8142017174;398943
8142037583;398944
8142057992;398945
8142078400;398946
8142098810;398947
8142119218;398948
8142139632;398949
8142160037;398950
8142180446;398951
8142200855;398952
8142221263;398953
8142241673;398954
8142262081;398955
8142282491;398956
8142302900;398957
8142323309;398958
8142343718;398959
8142364126;398960
8142384536;398961
8142404944;398962
8142425354;398963
8142445762;398964
8142466172;398965
8142486581;398966
8142506989;398967
8142527399;398968
8142547807;398969
8142568217;398970
8142588625;398971
8142609038;398972
8142629443;398973
8142649852;398974
8142670262;398975
8142690670;398976
8142711080;398977
8142731488;398978
8142751897;398979
8142772306;398980
8142792715;398981
8142813125;398982
8142833537;398983
8142853943;398984
8142874351;398985
8142894760;398986
8142915169;398987
8142935578;398988
8142955987;398989
8142976396;398990
8142996806;398991
8143017214;398992
8143037623;398993
8143058032;398994
8143078441;398995
8143098850;398996
8143119259;398997
8143139669;398998
8143160081;398999
8143180486;399000
8143200895;399001
8143221304;399002
8143241713;399003
8143262122;399004
8143282531;399005
8143302940;399006
8143323349;399007
8143343758;399008
8143364167;399009
8143384576;399010
8143404985;399011
8143425394;399012
8143445803;399013
8143466212;399014
8143486621;399015
8143507030;399016
8143527439;399017
8143547848;399018
8143568257;399019
8143588666;399020
8143609078;399021
8143629484;399022
8143649893;399023
8143670302;399024
8143690711;399025
8143711124;399026
8143731529;399027
8143751937;399028
8143772347;399029
8143792755;399030
8143813165;399031
8143833574;399032
8143853983;399033
8143874392;399034
8143894800;399035
8143915210;399036
8143935618;399037
8143956028;399038
8143976437;399039
8143996846;399040
8144017259;399041
8144037663;399042
8144058073;399043
8144078481;399044
8144098891;399045
8144119299;399046
8144139709;399047
8144160118;399048
8144180526;399049
8144200936;399050
8144221344;399051
8144241754;399052
8144262162;399053
8144282572;399054
8144302981;399055
8144323389;399056
8144343799;399057
8144364207;399058
8144384617;399059
8144405025;399060
8144425438;399061
8144445843;399062
8144466252;399063
8144486662;399064
8144507070;399065
8144527480;399066
8144547888;399067
8144568296;399068
8144588704;399069
8144609113;399070
8144629522;399071
8144649931;399072
8144670341;399073
8144690749;399074
8144711159;399075
8144731567;399076
8144751980;399077
8144772385;399078
8144792794;399079
8144813203;399080
8144833612;399081
8144854022;399082
8144874430;399083
8144894839;399084
8144915252;399085
8144935657;399086
8144956066;399087
8144976475;399088
8144996885;399089
8145017297;399090
8145037702;399091
8145058111;399092
8145078520;399093
8145098929;399094
8145119338;399095
8145139747;399096
8145160156;399097
8145180565;399098
8145200974;399099
8145221383;399100
8145241792;399101
8145262201;399102
8145282609;399103
8145303023;399104
8145323431;399105
8145343837;399106
8145364246;399107
8145384655;399108
8145405064;399109
8145425476;399110
8145445882;399111
8145466290;399112
8145486700;399113
8145507108;399114
8145527518;399115
8145547927;399116
8145568335;399117
8145588745;399118
8145609153;399119
8145629563;399120
8145649971;399121
8145670381;399122
8145690789;399123
8145711198;399124
8145731608;399125
8145752016;399126
8145772426;399127
8145792834;399128
8145813244;399129
8145833652;399130
8145854061;399131
8145874470;399132
8145894879;399133
8145915289;399134
8145935697;399135
8145956107;399136
8145976515;399137
8145996924;399138
8146017333;399139
8146037742;399140
8146058151;399141
8146078560;399142
8146098970;399143
8146119378;399144
8146139787;399145
8146160196;399146
8146180605;399147
8146201014;399148
8146221423;399149
8146241832;399150
8146262241;399151
8146282650;399152
8146303059;399153
8146323468;399154
8146343877;399155
8146364286;399156
8146384695;399157
8146405104;399158
8146425513;399159
8146445922;399160
8146466331;399161
8146486740;399162
8146507149;399163
8146527558;399164
8146547967;399165
8146568375;399166
8146588785;399167
8146609194;399168
8146629603;399169
8146650016;399170
8146670421;399171
8146690830;399172
8146711238;399173
8146731648;399174
8146752056;399175
8146772466;399176
8146792875;399177
8146813284;399178
8146833693;399179
8146854105;399180
8146874511;399181
8146894919;399182
8146915329;399183
8146935737;399184
8146956147;399185
8146976556;399186
8146996964;399187
8147017374;399188
8147037782;399189
8147058192;399190
8147078600;399191
8147099009;399192
8147119418;399193
8147139827;399194
8147160237;399195
8147180645;399196
8147201059;399197
8147221467;399198
8147241872;399199
8147262281;399200
8147282694;399201
8147303099;399202
8147323508;399203
8147343918;399204
8147364326;399205
8147384735;399206
8147405144;399207
8147425553;399208
8147445962;399209
8147466371;399210
8147486780;399211
8147507189;399212
8147527598;399213
8147548007;399214
8147568416;399215
8147588829;399216
8147609234;399217
8147629646;399218
8147650052;399219
8147670460;399220
8147690870;399221
8147711279;399222
8147731688;399223
8147752097;399224
8147772506;399225
8147792915;399226
8147813323;399227
8147833733;399228
8147854142;399229
8147874551;399230
8147894960;399231
8147915369;399232
8147935778;399233
8147956186;399234
8147976596;399235
8147997004;399236
8148017414;399237
8148037823;399238
8148058231;399239
8148078641;399240
8148099049;399241
8148119459;399242
8148139871;399243
8148160277;399244
8148180685;399245
8148201095;399246
8148221504;399247
8148241912;399248
8148262322;399249
8148282730;399250
8148303140;399251
8148323548;399252
8148343957;399253
8148364366;399254
8148384775;399255
8148405185;399256
8148425593;399257
8148446003;399258
8148466415;399259
8148486820;399260
8148507229;399261
8148527638;399262
8148548047;399263
8148568456;399264
8148588866;399265
8148609274;399266
8148629683;399267
8148650092;399268
8148670501;399269
8148690910;399270
8148711319;399271
8148731728;399272
8148752141;399273
8148772546;399274
8148792955;399275
8148813364;399276
8148833773;399277
8148854182;399278
8148874591;399279
8148895000;399280
8148915408;399281
8148935818;399282
8148956227;399283
8148976636;399284
8148997045;399285
8149017454;399286
8149037863;399287
8149058271;399288
8149078681;399289
8149099089;399290
8149119499;399291
8149139908;399292
8149160317;399293
8149180726;399294
8149201135;399295
8149221544;399296
8149241952;399297
8149262362;399298
8149282771;399299
8149303180;399300
8149323589;399301
8149343998;399302
8149364407;399303
8149384815;399304
8149405225;399305
8149425637;399306
8149446043;399307
8149466452;399308
8149486861;399309
8149507270;399310
8149527679;399311
8149548088;399312
8149568500;399313
8149588906;399314
8149609314;399315
8149629724;399316
8149650133;399317
8149670542;399318
8149690951;399319
8149711360;399320
8149731769;399321
8149752177;399322
8149772587;399323
8149792995;399324
8149813405;399325
8149833814;399326
8149854227;399327
8149874632;399328
8149895041;399329
8149915450;399330
8149935858;399331
8149956268;399332
8149976676;399333
8149997086;399334
8150017495;399335
8150037908;399336
8150058313;399337
8150078722;399338
8150099131;399339
8150119540;399340
8150139949;399341
8150160357;399342
8150180771;399343
8150201176;399344
8150221585;399345
8150241994;399346
8150262407;399347
8150282812;399348
8150303221;399349
8150323630;399350
8150344039;399351
8150364448;399352
8150384857;399353
8150405266;399354
8150425675;399355
8150446084;399356
8150466493;399357
8150486902;399358
8150507311;399359
8150527720;399360
8150548129;399361
8150568539;399362
8150588947;399363
8150609357;399364
8150629765;399365
8150650174;399366
8150670583;399367
8150690992;399368
8150711402;399369
8150731810;399370
8150752220;399371
8150772628;399372
8150793038;399373
8150813446;399374
8150833856;399375
8150854264;399376
8150874673;399377
8150895083;399378
8150915491;399379
8150935901;399380
8150956309;399381
8150976719;399382
8150997127;399383
8151017537;399384
8151037945;399385
8151058359;399386
8151078764;399387
8151099173;399388
8151119582;399389
8151139994;399390
8151160400;399391
8151180808;399392
8151201218;399393
8151221626;399394
8151242036;399395
8151262445;399396
8151282854;399397
8151303263;399398
8151323672;399399
8151344081;399400
8151364490;399401
8151384899;399402
8151405308;399403
8151425717;399404
8151446127;399405
8151466535;399406
8151486945;399407
8151507353;399408
8151527763;399409
8151548171;399410
8151568581;399411
8151588989;399412
8151609398;399413
8151629808;399414
8151650216;399415
8151670626;399416
8151691038;399417
8151711444;399418
8151731852;399419
8151752262;399420
8151772674;399421
8151793084;399422
8151813489;399423
8151833898;399424
8151854307;399425
8151874716;399426
8151895125;399427
8151915534;399428
8151935943;399429
8151956352;399430
8151976761;399431
8151997170;399432
8152017579;399433
8152037988;399434
8152058397;399435
8152078806;399436
8152099215;399437
8152119624;399438
8152140034;399439
8152160442;399440
8152180852;399441
8152201260;399442
8152221670;399443
8152242078;399444
8152262488;399445
8152282896;399446
8152303306;399447
8152323715;399448
8152344124;399449
8152364533;399450
8152384941;399451
8152405351;399452
8152425759;399453
8152446169;399454
8152466577;399455
8152486987;399456
8152507396;399457
8152527809;399458
8152548214;399459
8152568627;399460
8152589032;399461
8152609441;399462
8152629850;399463
8152650259;399464
8152670668;399465
8152691077;399466
8152711486;399467
8152731895;399468
8152752304;399469
8152772713;399470
8152793122;399471
8152813531;399472
8152833940;399473
8152854349;399474
8152874763;399475
8152895167;399476
8152915581;399477
8152935985;399478
8152956395;399479
8152976803;399480
8152997213;399481
8153017621;399482
8153038034;399483
8153058440;399484
8153078848;399485
8153099258;399486
8153119666;399487
8153140076;399488
8153160484;399489
8153180894;399490
8153201302;399491
8153221712;399492
8153242121;399493
8153262530;399494
8153282939;399495
8153303348;399496
8153323757;399497
8153344165;399498
8153364575;399499
8153384983;399500
8153405393;399501
8153425802;399502
8153446211;399503
8153466620;399504
8153487029;399505
8153507438;399506
8153527847;399507
8153548256;399508
8153568666;399509
8153589074;399510
8153609487;399511
