8094455058;396613
8094475467;396614
8094495876;396615
8094516290;396616
8094536694;396617
8094557141;396618
8094577550;396619
8094597959;396620
8094618368;396621
8094638777;396622
8094659186;396623
8094679595;396624
8094700004;396625
8094720414;396626
8094740822;396627
8094761231;396628
8094781640;396629
8094802049;396630
8094822459;396631
8094842867;396632
8094863276;396633
8094883685;396634
8094904094;396635
8094924504;396636
8094944912;396637
8094965321;396638
8094985731;396639
8095006139;396640
8095026549;396641
8095046957;396642
8095067366;396643
8095087776;396644
8095108184;396645
8095128594;396646
8095149003;396647
8095169411;396648
8095189821;396649
8095210229;396650
8095230639;396651
8095251048;396652
8095271460;396653
8095291866;396654
8095312274;396655
8095332684;396656
8095353093;396657
8095373502;396658
8095393915;396659
8095414320;396660
8095434729;396661
8095455138;396662
8095475546;396663
8095495956;396664
8095516365;396665
8095536774;396666
8095557183;396667
8095577593;396668
8095598001;396669
8095618410;396670
8095638823;396671
8095659228;396672
8095679638;396673
8095700046;396674
8095720455;396675
8095740864;396676
8095761273;396677
8095781682;396678
8095802091;396679
8095822500;396680
8095842910;396681
8095863318;396682
8095883728;396683
8095904136;396684
8095924545;396685
8095944959;396686
8095965363;396687
8095985773;396688
8096006182;396689
8096026594;396690
8096047000;396691
8096067408;396692
8096087818;396693
8096108227;396694
8096128635;396695
8096149045;396696
8096169453;396697
8096189863;396698
8096210272;396699
8096230680;396700
8096251090;396701
8096271503;396702
8096291908;396703
8096312317;396704
8096332725;396705
8096353135;396706
8096373544;396707
8096393953;396708
8096414362;396709
8096434770;396710
8096455180;396711
8096475589;396712
8096495998;396713
8096516407;396714
8096536820;396715
8096557225;396716
8096577634;396717
8096598043;396718
8096618452;396719
8096638861;396720
8096659270;396721
8096679679;396722
8096700089;396723
8096720501;396724
8096740906;396725
8096761315;396726
8096781724;396727
8096802134;396728
8096822542;396729
8096842952;396730
8096863360;396731
8096883773;396732
8096904179;396733
8096924587;396734
8096944997;396735
8096965410;396736
8096985814;396737
8097006224;396738
8097026632;396739
8097047042;396740
8097067450;396741
8097087859;396742
8097108269;396743
8097128678;396744
8097149087;396745
8097169500;396746
8097189904;396747
8097210314;396748
8097230727;396749
8097251135;396750
8097271541;396751
8097291953;396752
8097312359;396753
8097332768;396754
8097353177;396755
8097373586;396756
8097393995;396757
8097414404;396758
8097434813;396759
8097455222;396760
8097475631;396761
8097496040;396762
8097516453;396763
8097536858;396764
8097557268;396765
8097577676;396766
8097598085;396767
8097618494;396768
8097638903;396769
8097659313;396770
8097679721;396771
8097700130;396772
8097720539;396773
8097740948;396774
8097761358;396775
8097781766;396776
8097802175;396777
8097822585;396778
8097842993;396779
8097863403;396780
8097883811;396781
8097904220;396782
8097924630;396783
8097945042;396784
8097965452;396785
8097985856;396786
8098006265;396787
8098026675;396788
8098047083;396789
8098067493;396790
8098087902;396791
8098108310;396792
8098128724;396793
8098149128;396794
8098169538;396795
8098189947;396796
8098210355;396797
8098230765;396798
8098251174;396799
8098271587;396800
8098291992;396801
8098312400;396802
8098332810;396803
8098353219;396804
8098373628;396805
8098394037;396806
8098414445;396807
8098434855;396808
8098455264;396809
8098475673;396810
8098496082;396811
8098516492;396812
8098536899;396813
8098557313;396814
8098577718;396815
8098598127;396816
8098618537;396817
8098638945;396818
8098659354;396819
8098679764;396820
8098700172;396821
8098720585;396822
8098740990;396823
8098761399;396824
8098781809;396825
8098802217;396826
8098822627;396827
8098843035;396828
8098863444;396829
8098883854;396830
8098904262;396831
8098924672;396832
8098945081;396833
8098965489;396834
8098985899;396835
8099006307;396836
8099026716;396837
8099047126;396838
8099067534;396839
8099087944;396840
8099108352;396841
8099128762;396842
8099149171;396843
8099169579;396844
8099189989;396845
8099210398;396846
8099230807;396847
8099251216;396848
8099271624;396849
8099292034;396850
8099312443;396851
8099332852;396852
8099353261;396853
8099373670;396854
8099394079;396855
8099414488;396856
8099434897;396857
8099455306;396858
8099475715;396859
8099496124;396860
8099516533;396861
8099536942;396862
8099557351;396863
8099577760;396864
8099598169;396865
8099618578;396866
8099638988;396867
8099659396;396868
8099679805;396869
8099700214;396870
8099720627;396871
8099741033;396872
8099761441;396873
8099781850;396874
8099802260;396875
8099822668;396876
8099843078;396877
8099863490;396878
8099883895;396879
8099904305;396880
8099924713;396881
8099945123;396882
8099965531;396883
8099985940;396884
8100006350;396885
8100026758;396886
8100047168;396887
8100067577;396888
8100087985;396889
8100108395;396890
8100128803;396891
8100149213;396892
8100169622;396893
8100190030;396894
8100210444;396895
8100230849;396896
8100251258;396897
8100271667;396898
8100292075;396899
8100312485;396900
8100332898;396901
8100353303;396902
8100373712;396903
8100394120;396904
8100414530;396905
8100434939;396906
8100455348;396907
8100475757;396908
8100496170;396909
8100516575;396910
8100536984;396911
8100557393;396912
8100577802;396913
8100598212;396914
8100618620;396915
8100639029;396916
8100659438;396917
8100679847;396918
8100700257;396919
8100720665;396920
8100741074;396921
8100761484;396922
8100781892;396923
8100802301;396924
8100822710;396925
8100843119;396926
8100863529;396927
8100883937;396928
8100904350;396929
8100924756;396930
8100945164;396931
8100965578;396932
8100985986;396933
8101006392;396934
8101026801;396935
8101047209;396936
8101067619;396937
8101088027;396938
8101108437;396939
8101128846;396940
8101149258;396941
8101169664;396942
8101190073;396943
8101210482;396944
8101230891;396945
8101251303;396946
8101271709;396947
8101292118;396948
8101312527;396949
8101332936;396950
8101353345;396951
8101373758;396952
8101394163;396953
8101414572;396954
8101434981;396955
8101455390;396956
8101475799;396957
8101496208;396958
8101516617;396959
8101537026;396960
8101557435;396961
8101577844;396962
8101598253;396963
8101618663;396964
8101639071;396965
8101659480;396966
8101679889;396967
8101700298;396968
8101720708;396969
8101741116;396970
8101761525;396971
8101781935;396972
8101802343;396973
8101822753;396974
8101843161;396975
8101863570;396976
8101883980;396977
8101904388;396978
8101924802;396979
8101945206;396980
8101965615;396981
8101986025;396982
8102006433;396983
8102026843;396984
8102047252;396985
8102067660;396986
8102088070;396987
8102108478;396988
8102128888;396989
8102149297;396990
8102169705;396991
8102190115;396992
8102210523;396993
8102230933;396994
8102251342;396995
8102271750;396996
8102292160;396997
8102312569;396998
8102332978;396999
8102353387;397000
8102373795;397001
8102394205;397002
8102414614;397003
8102435023;397004
8102455436;397005
8102475842;397006
8102496250;397007
8102516659;397008
8102537068;397009
8102557477;397010
8102577886;397011
8102598295;397012
8102618704;397013
8102639113;397014
8102659522;397015
8102679932;397016
8102700340;397017
8102720749;397018
8102741159;397019
8102761567;397020
8102781977;397021
8102802385;397022
8102822794;397023
8102843204;397024
8102863612;397025
8102884021;397026
8102904431;397027
8102924839;397028
8102945249;397029
8102965657;397030
8102986067;397031
8103006476;397032
8103026884;397033
8103047294;397034
8103067702;397035
8103088116;397036
8103108521;397037
8103128929;397038
8103149339;397039
8103169748;397040
8103190157;397041
8103210566;397042
8103230974;397043
8103251384;397044
8103271793;397045
8103292202;397046
8103312611;397047
8103333019;397048
8103353429;397049
8103373838;397050
8103394247;397051
8103414656;397052
8103435065;397053
8103455474;397054
8103475883;397055
8103496292;397056
8103516705;397057
8103537114;397058
8103557519;397059
8103577928;397060
8103598338;397061
8103618746;397062
8103639155;397063
8103659564;397064
8103679973;397065
8103700383;397066
8103720791;397067
8103741200;397068
8103761609;397069
8103782018;397070
8103802428;397071
8103822836;397072
8103843245;397073
8103863655;397074
8103884063;397075
8103904473;397076
8103924881;397077
8103945290;397078
8103965700;397079
8103986108;397080
8104006518;397081
8104026927;397082
8104047335;397083
8104067745;397084
8104088153;397085
8104108563;397086
8104128972;397087
8104149380;397088
8104169790;397089
8104190198;397090
8104210608;397091
8104231017;397092
8104251425;397093
8104271839;397094
8104292244;397095
8104312653;397096
8104333066;397097
8104353474;397098
8104373880;397099
8104394289;397100
8104414698;397101
8104435107;397102
8104455517;397103
8104475925;397104
8104496334;397105
8104516747;397106
8104537152;397107
8104557531;397108
8104577940;397109
8104598349;397110
8104618758;397111
8104639167;397112
8104659576;397113
8104679985;397114
8104700397;397115
8104720803;397116
8104741212;397117
8104761621;397118
8104782030;397119
8104802438;397120
8104822848;397121
8104843256;397122
8104863665;397123
8104884075;397124
8104904483;397125
8104924893;397126
8104945301;397127
8104965711;397128
8104986119;397129
8105006528;397130
8105026937;397131
8105047346;397132
8105067755;397133
8105088164;397134
8105108573;397135
8105128982;397136
8105149391;397137
8105169800;397138
8105190209;397139
8105210617;397140
8105231027;397141
8105251436;397142
8105271845;397143
8105292254;397144
8105312662;397145
8105333072;397146
8105353480;397147
8105373890;397148
8105394298;397149
8105414707;397150
8105435117;397151
8105455525;397152
8105475935;397153
8105496347;397154
8105516752;397155
8105537161;397156
8105557570;397157
8105577979;397158
8105598388;397159
8105618797;397160
8105639206;397161
8105659615;397162
8105680024;397163
8105700433;397164
8105720845;397165
8105741251;397166
8105761659;397167
8105782069;397168
8105802478;397169
8105822886;397170
8105843296;397171
8105863704;397172
8105884114;397173
8105904522;397174
8105924931;397175
8105945340;397176
8105965749;397177
8105986159;397178
8106006567;397179
8106026976;397180
8106047385;397181
8106067794;397182
8106088203;397183
8106108612;397184
8106129020;397185
8106149430;397186
8106169839;397187
8106190248;397188
8106210657;397189
8106231065;397190
8106251475;397191
8106271883;397192
8106292293;397193
8106312702;397194
8106333110;397195
8106353520;397196
8106373928;397197
8106394338;397198
8106414746;397199
8106435155;397200
8106455564;397201
8106475977;397202
8106496383;397203
8106516795;397204
8106537200;397205
8106557609;397206
8106578018;397207
8106598431;397208
8106618836;397209
8106639244;397210
8106659654;397211
8106680067;397212
8106700472;397213
8106720881;397214
8106741289;397215
8106761699;397216
8106782107;397217
8106802517;397218
8106822925;397219
8106843334;397220
8106863744;397221
8106884152;397222
8106904562;397223
8106924970;397224
8106945379;397225
8106965788;397226
8106986197;397227
8107006606;397228
8107027015;397229
8107047428;397230
8107067833;397231
8107088242;397232
8107108651;397233
8107129060;397234
8107149469;397235
8107169878;397236
8107190290;397237
8107210696;397238
8107231109;397239
8107251513;397240
8107271923;397241
8107292331;397242
8107312741;397243
8107333149;397244
8107353559;397245
8107373967;397246
8107394376;397247
8107414786;397248
8107435194;397249
8107455607;397250
8107476012;397251
8107496421;397252
8107516830;397253
8107537239;397254
8107557648;397255
8107578057;397256
8107598466;397257
8107618875;397258
8107639284;397259
8107659693;397260
8107680102;397261
8107700510;397262
8107720924;397263
8107741328;397264
8107761738;397265
8107782147;397266
8107802555;397267
8107822965;397268
8107843373;397269
8107863783;397270
8107884191;397271
8107904600;397272
8107925010;397273
8107945418;397274
8107965828;397275
8107986236;397276
8108006645;397277
8108027054;397278
8108047463;397279
8108067875;397280
8108088281;397281
8108108690;397282
8108129099;397283
8108149508;397284
8108169921;397285
8108190326;397286
8108210734;397287
8108231144;397288
8108251552;397289
8108271962;397290
8108292371;397291
8108312779;397292
8108333189;397293
8108353597;397294
8108374007;397295
8108394415;397296
8108414828;397297
8108435233;397298
8108455642;397299
8108476056;397300
8108496460;397301
8108516873;397302
8108537278;397303
8108557687;397304
8108578096;397305
8108598505;397306
8108618913;397307
8108639323;397308
8108659732;397309
8108680141;397310
8108700550;397311
8108720958;397312
8108741368;397313
8108761776;397314
8108782186;397315
8108802594;397316
8108823003;397317
8108843413;397318
8108863821;397319
8108884231;397320
8108904639;397321
8108925052;397322
8108945457;397323
8108965866;397324
8108986275;397325
8109006684;397326
8109027093;397327
8109047502;397328
8109067911;397329
8109088320;397330
8109108729;397331
8109129137;397332
8109149547;397333
8109169955;397334
8109190365;397335
8109210774;397336
8109231183;397337
8109251592;397338
8109272000;397339
8109292410;397340
8109312818;397341
8109333227;397342
8109353637;397343
8109374045;397344
8109394455;397345
8109414863;397346
8109435273;397347
8109455681;397348
8109476090;397349
8109496499;397350
8109516908;397351
8109537321;397352
8109557726;397353
8109578135;397354
8109598544;397355
8109618953;397356
8109639361;397357
8109659771;397358
8109680179;397359
8109700589;397360
8109720998;397361
8109741407;397362
8109761816;397363
8109782224;397364
8109802634;397365
8109823042;397366
8109843452;397367
8109863860;397368
8109884269;397369
8109904683;397370
8109925087;397371
8109945497;397372
8109965905;397373
8109986314;397374
8110006727;397375
8110027132;397376
8110047541;397377
8110067950;397378
8110088359;397379
8110108768;397380
8110129177;397381
8110149586;397382
8110169995;397383
8110190403;397384
8110210813;397385
8110231221;397386
8110251631;397387
8110272040;397388
8110292448;397389
8110312858;397390
8110333266;397391
8110353676;397392
8110374084;397393
8110394493;397394
8110414902;397395
8110435311;397396
8110455721;397397
8110476129;397398
8110496542;397399
8110516947;397400
8110537356;397401
8110557765;397402
8110578178;397403
8110598582;397404
8110618992;397405
8110639401;397406
8110659810;397407
8110680219;397408
8110700627;397409
8110721037;397410
8110741445;397411
8110761859;397412
8110782268;397413
8110802676;397414
8110823082;397415
8110843490;397416
8110863900;397417
8110884308;397418
8110904717;397419
8110925126;397420
8110945535;397421
8110965945;397422
8110986353;397423
8111006762;397424
8111027171;397425
8111047580;397426
8111067989;397427
8111088398;397428
8111108807;397429
8111129216;397430
8111149625;397431
8111170034;397432
8111190447;397433
8111210852;397434
8111231261;397435
8111251669;397436
8111272079;397437
8111292487;397438
8111312897;397439
8111333306;397440
8111353714;397441
8111374124;397442
8111394532;397443
8111414945;397444
8111435350;397445
8111455759;397446
8111476168;397447
8111496577;397448
8111516987;397449
8111537395;397450
8111557804;397451
8111578213;397452
8111598622;397453
8111619031;397454
8111639440;397455
8111659848;397456
8111680258;397457
8111700667;397458
8111721076;397459
8111741485;397460
8111761893;397461
8111782303;397462
8111802711;397463
8111823121;397464
8111843533;397465
8111863938;397466
8111884348;397467
8111904756;397468
8111925166;397469
8111945574;397470
8111965983;397471
8111986392;397472
8112006805;397473
8112027210;397474
8112047619;397475
8112068028;397476
8112088441;397477
8112108846;397478
8112129255;397479
8112149664;397480
8112170072;397481
8112190482;397482
8112210891;397483
8112231300;397484
8112251709;397485
8112272117;397486
8112292527;397487
8112312935;397488
8112333345;397489
8112353753;397490
8112374163;397491
8112394572;397492
8112414980;397493
8112435394;397494
8112455802;397495
8112476208;397496
8112496616;397497
8112517025;397498
8112537438;397499
8112557843;397500
8112578253;397501
8112598661;397502
8112619070;397503
8112639479;397504
8112659888;397505
8112680297;397506
8112700706;397507
8112721114;397508
8112741524;397509
8112761933;397510
8112782342;397511
8112802751;397512
8112823159;397513
8112843569;397514
8112863977;397515
8112884387;397516
8112904795;397517
8112925204;397518
8112945614;397519
8112966022;397520
8112986432;397521
8113006840;397522
8113027249;397523
8113047662;397524
8113068067;397525
8113088476;397526
8113108885;397527
8113129294;397528
8113149703;397529
8113170112;397530
8113190521;397531
8113210930;397532
8113231338;397533
8113251748;397534
8113272156;397535
8113292566;397536
8113312975;397537
8113333383;397538
8113353793;397539
8113374201;397540
8113394611;397541
8113415019;397542
8113435428;397543
8113455837;397544
8113476246;397545
8113496656;397546
8113517064;397547
8113537473;397548
8113557882;397549
8113578295;397550
8113598700;397551
8113619109;397552
8113639518;397553
8113659927;397554
8113680336;397555
8113700745;397556
8113721154;397557
8113741562;397558
8113761972;397559
8113782380;397560
8113802794;397561
8113823199;397562
8113843607;397563
8113864017;397564
8113884425;397565
8113904835;397566
8113925243;397567
8113945652;397568
8113966061;397569
8113986470;397570
8114006880;397571
8114027288;397572
8114047698;397573
8114068106;397574
8114088515;397575
8114108924;397576
8114129333;397577
8114149741;397578
8114170151;397579
8114190560;397580
8114210969;397581
8114231378;397582
8114251786;397583
8114272196;397584
8114292604;397585
8114313014;397586
8114333422;397587
8114353831;397588
8114374241;397589
8114394649;397590
8114415058;397591
8114435467;397592
8114455876;397593
8114476285;397594
8114496694;397595
8114517102;397596
8114537512;397597
8114557903;397598
8114578312;397599
8114598721;397600
8114619129;397601
8114639539;397602
8114659947;397603
8114680357;397604
8114700765;397605
8114721178;397606
8114741583;397607
8114761992;397608
8114782400;397609
8114802810;397610
8114823218;397611
8114843628;397612
8114864036;397613
8114884445;397614
8114904854;397615
8114925263;397616
8114945671;397617
8114966081;397618
8114986490;397619
8115006899;397620
8115027308;397621
8115047716;397622
8115068126;397623
8115088534;397624
8115108944;397625
8115129356;397626
8115149761;397627
8115170170;397628
8115190579;397629
8115210991;397630
8115231401;397631
8115251805;397632
8115272214;397633
8115292623;397634
8115313036;397635
8115333441;397636
8115353850;397637
8115374258;397638
8115394668;397639
8115415076;397640
8115435485;397641
8115455894;397642
8115476303;397643
8115496713;397644
8115517121;397645
8115537530;397646
8115557939;397647
8115578348;397648
8115598760;397649
8115619166;397650
8115639574;397651
8115659983;397652
8115680392;397653
8115700801;397654
8115721210;397655
8115741619;397656
8115762027;397657
8115782437;397658
8115802845;397659
8115823254;397660
8115843663;397661
8115864072;397662
8115884481;397663
8115904890;397664
8115925298;397665
8115945708;397666
8115966116;397667
8115986525;397668
8116006935;397669
8116027343;397670
8116047752;397671
8116068161;397672
8116088570;397673
8116108979;397674
8116129388;397675
8116149800;397676
8116170209;397677
8116190614;397678
8116211027;397679
8116231432;397680
8116251841;397681
8116272249;397682
8116292659;397683
8116313067;397684
8116333477;397685
8116353885;397686
8116374294;397687
8116394703;397688
8116415112;397689
8116435520;397690
8116455930;397691
8116476338;397692
8116496747;397693
8116517157;397694
8116537565;397695
8116557974;397696
8116578383;397697
8116598792;397698
8116619200;397699
8116639610;397700
8116660018;397701
8116680427;397702
8116700836;397703
8116721245;397704
8116741653;397705
8116762063;397706
8116782471;397707
8116802884;397708
8116823289;397709
8116843698;397710
8116864107;397711
8116884516;397712
8116904924;397713
8116925334;397714
8116945742;397715
8116966151;397716
8116986561;397717
8117006969;397718
8117027379;397719
8117047787;397720
8117068196;397721
8117088608;397722
8117109014;397723
8117129422;397724
8117149832;397725
8117170240;397726
8117190649;397727
8117211058;397728
8117231467;397729
8117251875;397730
8117272285;397731
8117292693;397732
8117313102;397733
8117333511;397734
8117353920;397735
8117374328;397736
8117394738;397737
8117415146;397738
8117435556;397739
8117455964;397740
8117476373;397741
8117496783;397742
8117517191;397743
8117537600;397744
8117558009;397745
8117578418;397746
8117598826;397747
8117619236;397748
8117639648;397749
8117660057;397750
8117680466;397751
8117700871;397752
8117721280;397753
8117741689;397754
8117762097;397755
8117782507;397756
8117802915;397757
8117823324;397758
8117843733;397759
8117864142;397760
8117884550;397761
8117904960;397762
8117925368;397763
8117945778;397764
8117966186;397765
8117986595;397766
8118007005;397767
8118027413;397768
8118047822;397769
8118068231;397770
8118088640;397771
8118109048;397772
8118129458;397773
8118149866;397774
8118170279;397775
8118190684;397776
8118211093;397777
8118231502;397778
8118251911;397779
8118272319;397780
8118292729;397781
8118313141;397782
8118333546;397783
8118353955;397784
8118374364;397785
8118394772;397786
8118415182;397787
8118435590;397788
8118456004;397789
8118476408;397790
8118496817;397791
8118517227;397792
8118537635;397793
8118558048;397794
8118578453;397795
8118598862;397796
8118619270;397797
8118639680;397798
8118660088;397799
8118680498;397800
8118700906;397801
8118721315;397802
8118741724;397803
8118762137;397804
8118782541;397805
8118802951;397806
8118823359;397807
8118843769;397808
8118864177;397809
8118884586;397810
8118904995;397811
8118925404;397812
8118945812;397813
8118966222;397814
8118986631;397815
8119007040;397816
8119027449;397817
8119047857;397818
8119068270;397819
8119088675;397820
8119109084;397821
8119129493;397822
8119149902;397823
8119170310;397824
8119190720;397825
8119211128;397826
8119231537;397827
8119251946;397828
8119272355;397829
8119292764;397830
8119313173;397831
8119333581;397832
8119353995;397833
8119374399;397834
8119394809;397835
8119415217;397836
8119435626;397837
8119456035;397838
8119476444;397839
8119496853;397840
8119517262;397841
8119537671;397842
8119558079;397843
8119578489;397844
8119598901;397845
8119619307;397846
8119639715;397847
8119660124;397848
8119680533;397849
8119700942;397850
8119721350;397851
8119741764;397852
8119762172;397853
8119782578;397854
8119802986;397855
8119823395;397856
8119843804;397857
8119864213;397858
8119884621;397859
8119905031;397860
8119925439;397861
8119945849;397862
8119966257;397863
8119986666;397864
8120007080;397865
8120027484;397866
8120047893;397867
8120068302;397868
8120088711;397869
8120109120;397870
8120129533;397871
8120149941;397872
8120170347;397873
8120190755;397874
8120211164;397875
8120231573;397876
8120251982;397877
8120272394;397878
8120292800;397879
8120313208;397880
8120333618;397881
8120354026;397882
8120374435;397883
8120394844;397884
8120415253;397885
8120435662;397886
8120456071;397887
8120476479;397888
8120496893;397889
8120517298;397890
8120537707;397891
8120558116;397892
8120578524;397893
8120598934;397894
8120619342;397895
8120639751;397896
8120660160;397897
8120680573;397898
8120700977;397899
8120721387;397900
8120741795;397901
8120762205;397902
8120782613;397903
8120803022;397904
8120823431;397905
8120843840;397906
8120864249;397907
8120884658;397908
8120905066;397909
8120925476;397910
8120945884;397911
8120966293;397912
8120986703;397913
8121007111;397914
8121027521;397915
8121047929;397916
8121068338;397917
8121088747;397918
8121109156;397919
8121129564;397920
8121149974;397921
8121170382;397922
8121190792;397923
8121211200;397924
8121231613;397925
8121252018;397926
8121272427;397927
8121292836;397928
8121313245;397929
8121333653;397930
8121354063;397931
8121374471;397932
8121394881;397933
8121415289;397934
8121435698;397935
8121456107;397936
8121476516;397937
8121496925;397938
8121517334;397939
8121537743;397940
8121558152;397941
8121578565;397942
8121598969;397943
8121619379;397944
8121639787;397945
8121660200;397946
8121680609;397947
8121701014;397948
8121721423;397949
8121741832;397950
8121762240;397951
8121782650;397952
8121803058;397953
8121823468;397954
8121843880;397955
8121864285;397956
8121884694;397957
8121905103;397958
8121925515;397959
8121945925;397960
8121966329;397961
8121986739;397962
8122007148;397963
8122027556;397964
8122047966;397965
8122068374;397966
8122088784;397967
8122109192;397968
8122129601;397969
8122150010;397970
8122170419;397971
8122190827;397972
8122211237;397973
8122231645;397974
8122252059;397975
8122272463;397976
8122292873;397977
8122313281;397978
8122333690;397979
8122354099;397980
8122374508;397981
8122394916;397982
8122415326;397983
8122435734;397984
8122456144;397985
8122476552;397986
8122496961;397987
8122517371;397988
8122537779;397989
8122558189;397990
8122578597;397991
8122599006;397992
8122619415;397993
8122639828;397994
8122660233;397995
8122680642;397996
8122701050;397997
8122721460;397998
8122741868;397999
8122762277;398000
8122782686;398001
8122803095;398002
8122823504;398003
8122843913;398004
8122864321;398005
8122884731;398006
8122905139;398007
8122925549;398008
8122945957;398009
8122966366;398010
8122986780;398011
8123007184;398012
8123027594;398013
8123048002;398014
8123068411;398015
8123088820;398016
8123109229;398017
8123129641;398018
8123150047;398019
8123170455;398020
8123190865;398021
8123211273;398022
8123231682;398023
8123252091;398024
8123272500;398025
8123292909;398026
8123313318;398027
8123333726;398028
8123354136;398029
8123374544;398030
8123394954;398031
8123415362;398032
8123435771;398033
8123456180;398034
8123476593;398035
8123496999;398036
8123517407;398037
8123537816;398038
8123558225;398039
8123578634;398040
8123599043;398041
8123619456;398042
8123639860;398043
8123660270;398044
8123680678;398045
8123701091;398046
8123721496;398047
8123741905;398048
8123762318;398049
8123782723;398050
8123803132;398051
8123823541;398052
8123843949;398053
8123864359;398054
8123884771;398055
8123905176;398056
8123925589;398057
8123945994;398058
8123966403;398059
8123986812;398060
8124007221;398061
8124027634;398062
8124048039;398063
8124068448;398064
8124088857;398065
8124109265;398066
8124129675;398067
8124150083;398068
8124170492;398069
8124190901;398070
8124211310;398071
8124231719;398072
8124252128;398073
8124272540;398074
8124292946;398075
8124313358;398076
8124333764;398077
8124354172;398078
8124374585;398079
8124394990;398080
8124415399;398081
8124435808;398082
8124456217;398083
8124476625;398084
8124497035;398085
8124517444;398086
8124537853;398087
8124558292;398088
8124578701;398089
8124599110;398090
8124619522;398091
8124639928;398092
8124660336;398093
8124680745;398094
8124701155;398095
8124721563;398096
8124741977;398097
8124762381;398098
8124782790;398099
8124803204;398100
8124823608;398101
8124844018;398102
8124864426;398103
8124884835;398104
8124905244;398105
8124925653;398106
8124946063;398107
8124966471;398108
8124986880;398109
8125007289;398110
8125027698;398111
8125048108;398112
8125068516;398113
8125088925;398114
8125109334;398115
8125129743;398116
8125150152;398117
8125170561;398118
8125190970;398119
8125211383;398120
8125231788;398121
8125252200;398122
8125272606;398123
8125293015;398124
8125313424;398125
8125333833;398126
8125354242;398127
8125374651;398128
8125395059;398129
8125415469;398130
8125435878;398131
8125456287;398132
8125476696;398133
8125497104;398134
8125517514;398135
8125537922;398136
8125558331;398137
8125578741;398138
8125599153;398139
8125619559;398140
8125639967;398141
8125660377;398142
8125680786;398143
8125701198;398144
8125721604;398145
8125742012;398146
8125762422;398147
8125782830;398148
8125803239;398149
8125823649;398150
8125844061;398151
8125864466;398152
8125884875;398153
8125905284;398154
8125925694;398155
8125946102;398156
8125966512;398157
8125986924;398158
8126007329;398159
8126027738;398160
8126048147;398161
8126068556;398162
8126088965;398163
8126109374;398164
8126129783;398165
8126150192;398166
8126170601;398167
8126191010;398168
8126211419;398169
8126231828;398170
8126252237;398171
8126272645;398172
8126293055;398173
8126313464;398174
8126333873;398175
8126354282;398176
8126374690;398177
8126395100;398178
8126415509;398179
8126435918;398180
8126456327;398181
8126476736;398182
8126497145;398183
8126517553;398184
8126537967;398185
8126558372;398186
8126578780;398187
8126599190;398188
8126619598;398189
8126640008;398190
8126660416;398191
8126680825;398192
8126701239;398193
8126721643;398194
8126742053;398195
8126762461;398196
8126782870;398197
8126803284;398198
8126823688;398199
8126844098;398200
8126864506;398201
8126884915;398202
8126905324;398203
8126925733;398204
8126946143;398205
8126966551;398206
8126986960;398207
8127007369;398208
8127027778;398209
8127048188;398210
8127068596;398211
8127089006;398212
8127109414;398213
8127129823;398214
8127150232;398215
8127170641;398216
8127191050;398217
8127211459;398218
8127231868;398219
8127252277;398220
8127272686;398221
8127293095;398222
8127313504;398223
8127333913;398224
8127354322;398225
8127374731;398226
8127395139;398227
8127415549;398228
8127435958;398229
8127456367;398230
8127476776;398231
8127497184;398232
8127517594;398233
8127538002;398234
8127558412;398235
8127578821;398236
8127599229;398237
8127619639;398238
8127640047;398239
8127660457;398240
8127680866;398241
8127701274;398242
8127721684;398243
8127742092;398244
8127762502;398245
8127782914;398246
8127803323;398247
8127823729;398248
8127844137;398249
8127864547;398250
8127884955;398251
8127905364;398252
8127925774;398253
8127946182;398254
8127966592;398255
8127987000;398256
8128007413;398257
8128027818;398258
8128048227;398259
8128068637;398260
8128089045;398261
8128109454;398262
8128129863;398263
8128150272;398264
8128170682;398265
8128191090;398266
8128211500;398267
8128231908;398268
8128252317;398269
8128272726;398270
8128293135;398271
8128313548;398272
8128333953;398273
8128354366;398274
8128374771;398275
8128395184;398276
8128415590;398277
8128435998;398278
8128456411;398279
8128476816;398280
8128497225;398281
8128517634;398282
8128538043;398283
8128558452;398284
8128578861;398285
8128599270;398286
8128619679;398287
8128640088;398288
8128660496;398289
8128680906;398290
8128701315;398291
8128721724;398292
8128742133;398293
8128762541;398294
8128782951;398295
8128803360;398296
8128823769;398297
8128844178;398298
8128864586;398299
8128884996;398300
8128905404;398301
8128925814;398302
8128946223;398303
8128966631;398304
8128987041;398305
8129007449;398306
8129027859;398307
8129048268;398308
8129068676;398309
8129089086;398310
8129109494;398311
8129129904;398312
8129150312;398313
8129170721;398314
8129191131;398315
8129211539;398316
8129231949;398317
8129252357;398318
8129272766;398319
8129293176;398320
8129313584;398321
8129333994;398322
8129354402;398323
8129374811;398324
8129395220;398325
8129415629;398326
8129436039;398327
8129456447;398328
8129476856;398329
8129497265;398330
8129517678;398331
8129538083;398332
8129558492;398333
8129578901;398334
8129599310;398335
8129619719;398336
8129640128;398337
8129660537;398338
8129680946;398339
8129701355;398340
8129721764;398341
8129742173;398342
8129762586;398343
8129782991;398344
8129803400;398345
8129823809;398346
8129844218;398347
8129864627;398348
8129885036;398349
8129905445;398350
8129925854;398351
8129946263;398352
8129966672;398353
8129987081;398354
8130007490;398355
8130027898;398356
8130048308;398357
8130068721;398358
8130089126;398359
8130109535;398360
8130129943;398361
8130150353;398362
8130170762;398363
8130191171;398364
8130211580;398365
8130231988;398366
8130252398;398367
8130272806;398368
8130293216;398369
8130313625;398370
8130334037;398371
8130354443;398372
8130374851;398373
8130395261;398374
8130415670;398375
8130436078;398376
8130456488;398377
8130476896;398378
8130497306;398379
8130517714;398380
8130538123;398381
8130558533;398382
8130578941;398383
8130599351;398384
8130619759;398385
8130640168;398386
8130660577;398387
8130680986;398388
8130701396;398389
8130721804;398390
8130742214;398391
8130762622;398392
8130783031;398393
8130803441;398394
8130823849;398395
8130844258;398396
8130864667;398397
8130885076;398398
8130905485;398399
8130925894;398400
8130946303;398401
8130966712;398402
8130987121;398403
8131007530;398404
8131027939;398405
8131048348;398406
8131068757;398407
8131089166;398408
8131109575;398409
8131129984;398410
8131150393;398411
8131170802;398412
8131191211;398413
8131211620;398414
8131232029;398415
8131252438;398416
8131272847;398417
8131293256;398418
8131313665;398419
8131334074;398420
8131354483;398421
8131374896;398422
8131395304;398423
8131415710;398424
8131436119;398425
8131456528;398426
8131476937;398427
8131497345;398428
8131517755;398429
8131538163;398430
8131558573;398431
8131578986;398432
8131599394;398433
8131619800;398434
8131640208;398435
8131660618;398436
8131681027;398437
8131701435;398438
8131721845;398439
8131742253;398440
8131762663;398441
8131783071;398442
8131803480;398443
8131823890;398444
8131844298;398445
8131864708;398446
8131885116;398447
8131905525;398448
8131925935;398449
8131946343;398450
8131966753;398451
8131987161;398452
8132007570;398453
8132027979;398454
8132048388;398455
8132068798;398456
8132089206;398457
8132109616;398458
8132130024;398459
8132150437;398460
8132170843;398461
8132191251;398462
8132211661;398463
8132232069;398464
8132252478;398465
8132272887;398466
8132293300;398467
8132313706;398468
8132334114;398469
8132354523;398470
8132374932;398471
8132395341;398472
8132415751;398473
8132436159;398474
8132456568;398475
8132476977;398476
8132497386;398477
8132517795;398478
8132538204;398479
8132558614;398480
8132579022;398481
8132599431;398482
8132619844;398483
8132640249;398484
8132660657;398485
8132681067;398486
8132701480;398487
8132721885;398488
8132742294;398489
8132762703;398490
8132783112;398491
8132803521;398492
8132823930;398493
8132844339;398494
8132864748;398495
8132885157;398496
8132905565;398497
8132925975;398498
8132946384;398499
8132966793;398500
8132987202;398501
8133007610;398502
8133028020;398503
8133048429;398504
8133068838;398505
8133089247;398506
8133109655;398507
8133130065;398508
8133150473;398509
8133170883;398510
8133191292;398511
8133211700;398512
8133232110;398513
8133252518;398514
8133272928;398515
8133293341;398516
8133313745;398517
8133334155;398518
8133354563;398519
8133374973;398520
8133395381;398521
8133415790;398522
8133436200;398523
8133456608;398524
8133477018;398525
8133497430;398526
8133517835;398527
8133538244;398528
8133558653;398529
8133579063;398530
8133599471;398531
8133619880;398532
8133640289;398533
8133660698;398534
8133681108;398535
8133701516;398536
8133721925;398537
8133742334;398538
8133762743;398539
8133783152;398540
8133803561;398541
8133823971;398542
8133844379;398543
8133864788;398544
8133885201;398545
8133905606;398546
8133926016;398547
8133946424;398548
8133966833;398549
8133987242;398550
8134007655;398551
8134028060;398552
8134048469;398553
8134068878;398554
8134089287;398555
8134109696;398556
8134130105;398557
8134150514;398558
8134170923;398559
8134191332;398560
8134211745;398561
8134232150;398562
8134252559;398563
8134272967;398564
8134293377;398565
8134313786;398566
8134334195;398567
8134354604;398568
8134375012;398569
8134395422;398570
8134415831;398571
8134436244;398572
8134456653;398573
8134477057;398574
8134497467;398575
8134517875;398576
8134538285;398577
8134558684;398578
8134579092;398579
8134599502;398580
8134619910;398581
8134640320;398582
8134660728;398583
8134681137;398584
8134701546;398585
8134721955;398586
8134742369;398587
8134762773;398588
8134783182;398589
8134803591;398590
8134824000;398591
8134844409;398592
8134864818;398593
8134885228;398594
8134905636;398595
8134926045;398596
8134946454;398597
8134966863;398598
8134987272;398599
8135007681;398600
8135028089;398601
8135048499;398602
8135068908;398603
8135089320;398604
8135109726;398605
8135130134;398606
8135150544;398607
8135170952;398608
8135191362;398609
8135211775;398610
8135232179;398611
8135252589;398612
8135272997;398613
8135293407;398614
8135313815;398615
8135334224;398616
8135354633;398617
8135375042;398618
8135395452;398619
8135415864;398620
8135436269;398621
8135456678;398622
8135477087;398623
8135497496;398624
8135517905;398625
8135538314;398626
8135558723;398627
8135579132;398628
8135599545;398629
8135619950;398630
8135640358;398631
8135660768;398632
8135681176;398633
8135701586;398634
8135721995;398635
8135742403;398636
8135762813;398637
8135783221;398638
8135803631;398639
8135824039;398640
8135844449;398641
8135864857;398642
8135885266;398643
8135905676;398644
8135926084;398645
8135946494;398646
8135966902;398647
8135987311;398648
8136007720;398649
8136028129;398650
8136048542;398651
8136068947;398652
8136089356;398653
8136109765;398654
8136130174;398655
8136150583;398656
8136170992;398657
8136191400;398658
8136211810;398659
8136232219;398660
8136252628;398661
8136273037;398662
8136293445;398663
8136313855;398664
8136334267;398665
8136354673;398666
8136375086;398667
8136395490;398668
8136415900;398669
8136436308;398670
8136456718;398671
8136477130;398672
8136497539;398673
8136517944;398674
8136538353;398675
8136558763;398676
8136579171;398677
8136599581;398678
8136619989;398679
8136640398;398680
8136660807;398681
8136681216;398682
8136701624;398683
8136722034;398684
8136742443;398685
8136762852;398686
8136783261;398687
8136803670;398688
8136824079;398689
8136844487;398690
8136864897;398691
8136885306;398692
8136905715;398693
8136926124;398694
8136946532;398695
8136966942;398696
8136987350;398697
8137007760;398698
8137028168;398699
8137048577;398700
8137068987;398701
8137089395;398702
8137109809;398703
8137130213;398704
8137150622;398705
8137171031;398706
8137191440;398707
8137211850;398708
8137232258;398709
8137252667;398710
8137273076;398711
8137293485;398712
8137313894;398713
8137334307;398714
8137354711;398715
8137375121;398716
8137395530;398717
8137415939;398718
8137436348;398719
8137456757;398720
8137477166;398721
8137497574;398722
8137517984;398723
8137538393;398724
8137558801;398725
8137579211;398726
8137599619;398727
8137620029;398728
8137640437;398729
8137660846;398730
8137681255;398731
8137701664;398732
8137722074;398733
8137742482;398734
8137762892;398735
8137783300;398736
8137803709;398737
8137824118;398738
8137844527;398739
8137864936;398740
8137885345;398741
8137905754;398742
8137926163;398743
8137946572;398744
8137966981;398745
8137987390;398746
8138007798;398747
8138028212;398748
8138048617;398749
8138069026;398750
8138089435;398751
8138109843;398752
8138130253;398753
8138150661;398754
8138171071;398755
8138191479;398756
8138211888;398757
8138232298;398758
8138252706;398759
8138273116;398760
8138293524;398761
8138313933;398762
8138334342;398763
8138354751;398764
8138375161;398765
8138395569;398766
8138415979;398767
8138436387;398768
8138456796;398769
8138477205;398770
8138497614;398771
8138518023;398772
8138538432;398773
8138558845;398774
8138579250;398775
8138599659;398776
8138620068;398777
8138640477;398778
8138660885;398779
8138681295;398780
8138701707;398781
8138722113;398782
8138742522;398783
8138762930;398784
8138783340;398785
8138803752;398786
8138824158;398787
8138844566;398788
8138864975;398789
8138885385;398790
8138905793;398791
8138926203;398792
8138946611;398793
8138967020;398794
8138987429;398795
8139007838;398796
8139028247;398797
8139048656;398798
8139069065;398799
8139089474;398800
8139109883;398801
8139130292;398802
8139150701;398803
8139171109;398804
8139191519;398805
8139211928;398806
8139232337;398807
8139252746;398808
8139273154;398809
8139293564;398810
8139313972;398811
8139334382;398812
8139354790;398813
8139375199;398814
8139395609;398815
8139416017;398816
8139436427;398817
8139456835;398818
8139477244;398819
8139497653;398820
8139518062;398821
8139538472;398822
8139558880;398823
8139579293;398824
8139599698;398825
8139620107;398826
8139640516;398827
8139660925;398828
8139681333;398829
8139701743;398830
8139722156;398831
8139742561;398832
8139762970;398833
8139783379;398834
8139803788;398835
8139824196;398836
8139844606;398837
8139865018;398838
8139885424;398839
8139905837;398840
8139926245;398841
8139946651;398842
8139967059;398843
8139987469;398844
8140007877;398845
8140028286;398846
8140048696;398847
8140069104;398848
8140089514;398849
8140109922;398850
8140130331;398851
8140150740;398852
8140171149;398853
8140191558;398854
8140211967;398855
8140232376;398856
8140252785;398857
8140273194;398858
8140293603;398859
8140314012;398860
8140334420;398861
8140354830;398862
8140375239;398863
8140395648;398864
8140416061;398865
8140436465;398866
8140456875;398867
8140477283;398868
8140497693;398869
8140518105;398870
8140538514;398871
8140558920;398872
8140579328;398873
8140599738;398874
8140620146;398875
8140640559;398876
8140660964;398877
8140681373;398878
8140701782;398879
8140722195;398880
8140742601;398881
8140763009;398882
8140783418;398883
8140803827;398884
8140824236;398885
8140844645;398886
8140865054;398887
8140885463;398888
8140905872;398889
8140926281;398890
8140946690;398891
8140967099;398892
8140987507;398893
8141007917;398894
8141028325;398895
8141048735;398896
8141069144;398897
8141089552;398898
8141109962;398899
8141130370;398900
8141150780;398901
8141171188;398902
8141191597;398903
8141212007;398904
8141232415;398905
8141252825;398906
8141273233;398907
8141293642;398908
8141314051;398909
8141334460;398910
8141354869;398911
8141375278;398912
8141395687;398913
8141416096;398914
8141436505;398915
8141456914;398916
8141477323;398917
8141497732;398918
8141518141;398919
8141538550;398920
8141558959;398921
8141579368;398922
8141599777;398923
8141620186;398924
8141640594;398925
8141661004;398926
8141681412;398927
8141701821;398928
8141722231;398929
8141742643;398930
8141763049;398931
8141783461;398932
8141803867;398933
8141824275;398934
8141844684;398935
8141865093;398936
8141885502;398937
8141905912;398938
8141926324;398939
8141946729;398940
8141967138;398941
8141987547;398942
8142007956;398943
8142028365;398944
8142048774;398945
8142069183;398946
8142089592;398947
8142110001;398948
8142130410;398949
8142150818;398950
8142171228;398951
8142191636;398952
8142212046;398953
8142232455;398954
8142252863;398955
8142273273;398956
8142293681;398957
8142314091;398958
8142334499;398959
8142354909;398960
8142375318;398961
8142395726;398962
8142416136;398963
8142436548;398964
8142456954;398965
8142477362;398966
8142497771;398967
8142518180;398968
8142538593;398969
8142558999;398970
8142579407;398971
8142599816;398972
8142620225;398973
8142640634;398974
8142661043;398975
8142681452;398976
8142701860;398977
8142722270;398978
8142742679;398979
8142763088;398980
8142783497;398981
8142803905;398982
8142824315;398983
8142844723;398984
8142865133;398985
8142885542;398986
8142905950;398987
8142926360;398988
8142946768;398989
8142967178;398990
8142987586;398991
8143007995;398992
8143028408;398993
8143048813;398994
8143069223;398995
8143089631;398996
8143110040;398997
8143130449;398998
8143150858;398999
8143171267;399000
8143191676;399001
8143212085;399002
8143232494;399003
8143252903;399004
8143273312;399005
8143293721;399006
8143314130;399007
8143334539;399008
8143354947;399009
8143375357;399010
8143395766;399011
8143416174;399012
8143436584;399013
8143456992;399014
8143477402;399015
8143497810;399016
8143518220;399017
8143538629;399018
8143559041;399019
8143579447;399020
8143599855;399021
8143620264;399022
8143640673;399023
8143661082;399024
8143681491;399025
8143701900;399026
8143722310;399027
8143742718;399028
8143763127;399029
8143783536;399030
8143803945;399031
8143824354;399032
8143844763;399033
8143865171;399034
8143885585;399035
8143905994;399036
8143926398;399037
8143946808;399038
8143967220;399039
8143987626;399040
8144008034;399041
8144028448;399042
8144048853;399043
8144069261;399044
8144089675;399045
8144110079;399046
8144130489;399047
8144150901;399048
8144171307;399049
8144191715;399050
8144212124;399051
8144232534;399052
8144252942;399053
8144273351;399054
8144293760;399055
8144314169;399056
8144334578;399057
8144354987;399058
8144375400;399059
8144395805;399060
8144416214;399061
8144436623;399062
8144457032;399063
8144477440;399064
8144497850;399065
8144518258;399066
8144538668;399067
8144559075;399068
8144579484;399069
8144599893;399070
8144620301;399071
8144640711;399072
8144661119;399073
8144681533;399074
8144701937;399075
8144722346;399076
8144742756;399077
8144763164;399078
8144783574;399079
8144803982;399080
8144824391;399081
8144844800;399082
8144865209;399083
8144885618;399084
8144906027;399085
8144926436;399086
8144946845;399087
8144967254;399088
8144987663;399089
8145008072;399090
8145028481;399091
8145048890;399092
8145069298;399093
8145089708;399094
8145110117;399095
8145130525;399096
8145150935;399097
8145171343;399098
8145191753;399099
8145212161;399100
8145232574;399101
8145252984;399102
8145273388;399103
8145293798;399104
8145314210;399105
8145334616;399106
8145355024;399107
8145375433;399108
8145395842;399109
8145416251;399110
8145436660;399111
8145457069;399112
8145477478;399113
8145497887;399114
8145518296;399115
8145538705;399116
8145559114;399117
8145579522;399118
8145599932;399119
8145620341;399120
8145640750;399121
8145661159;399122
8145681567;399123
8145701977;399124
8145722385;399125
8145742795;399126
8145763203;399127
8145783612;399128
8145804022;399129
8145824430;399130
8145844840;399131
8145865248;399132
8145885657;399133
8145906066;399134
8145926475;399135
8145946884;399136
8145967293;399137
8145987702;399138
8146008111;399139
8146028524;399140
8146048929;399141
8146069338;399142
8146089746;399143
8146110156;399144
8146130564;399145
8146150974;399146
8146171383;399147
8146191791;399148
8146212201;399149
8146232609;399150
8146253019;399151
8146273431;399152
8146293840;399153
8146314245;399154
8146334654;399155
8146355064;399156
8146375472;399157
8146395881;399158
8146416290;399159
8146436699;399160
8146457108;399161
8146477517;399162
8146497926;399163
8146518335;399164
8146538744;399165
8146559153;399166
8146579562;399167
8146599971;399168
8146620380;399169
8146640788;399170
8146661198;399171
8146681607;399172
8146702016;399173
8146722425;399174
8146742833;399175
8146763243;399176
8146783651;399177
8146804061;399178
8146824469;399179
8146844878;399180
8146865288;399181
8146885696;399182
8146906106;399183
8146926514;399184
8146946923;399185
8146967332;399186
8146987741;399187
8147008150;399188
8147028559;399189
8147048968;399190
8147069377;399191
8147089786;399192
8147110195;399193
8147130604;399194
8147151012;399195
8147171422;399196
8147191830;399197
8147212240;399198
8147232649;399199
8147253058;399200
8147273467;399201
8147293875;399202
8147314285;399203
8147334693;399204
8147355106;399205
8147375515;399206
8147395924;399207
8147416330;399208
8147436738;399209
8147457148;399210
8147477556;399211
8147497965;399212
8147518374;399213
8147538783;399214
8147559192;399215
8147579601;399216
8147600010;399217
8147620419;399218
8147640828;399219
8147661237;399220
8147681646;399221
8147702054;399222
8147722468;399223
8147742876;399224
8147763282;399225
8147783691;399226
8147804099;399227
8147824509;399228
8147844917;399229
8147865327;399230
8147885735;399231
8147906144;399232
8147926553;399233
8147946962;399234
8147967372;399235
8147987780;399236
8148008189;399237
8148028598;399238
8148049007;399239
8148069416;399240
8148089825;399241
8148110234;399242
8148130643;399243
8148151052;399244
8148171461;399245
8148191870;399246
8148212278;399247
8148232688;399248
8148253096;399249
8148273506;399250
8148293919;399251
8148314323;399252
8148334733;399253
8148355141;399254
8148375551;399255
8148395959;399256
8148416368;399257
8148436777;399258
8148457186;399259
8148477596;399260
8148498004;399261
8148518413;399262
8148538826;399263
8148559231;399264
8148579640;399265
8148600049;399266
8148620457;399267
8148640867;399268
8148661276;399269
8148681685;399270
8148702094;399271
8148722502;399272
8148742912;399273
8148763320;399274
8148783730;399275
8148804138;399276
8148824548;399277
8148844957;399278
8148865369;399279
8148885775;399280
8148906183;399281
8148926593;399282
8148947001;399283
8148967410;399284
8148987819;399285
8149008228;399286
8149028638;399287
8149049046;399288
8149069455;399289
8149089864;399290
8149110273;399291
8149130682;399292
8149151091;399293
8149171499;399294
8149191909;399295
8149212318;399296
8149232727;399297
8149253136;399298
8149273545;399299
8149293954;399300
8149314362;399301
8149334772;399302
8149355180;399303
8149375590;399304
8149395999;399305
8149416407;399306
8149436817;399307
8149457225;399308
8149477635;399309
8149498043;399310
8149518453;399311
8149538861;399312
8149559270;399313
8149579680;399314
8149600088;399315
8149620498;399316
8149640906;399317
8149661319;399318
8149681724;399319
8149702133;399320
8149722543;399321
8149742951;399322
8149763361;399323
8149783769;399324
8149804182;399325
8149824587;399326
8149844996;399327
8149865405;399328
8149885814;399329
8149906224;399330
8149926632;399331
8149947041;399332
8149967450;399333
8149987859;399334
8150008268;399335
8150028677;399336
8150049089;399337
8150069495;399338
8150089904;399339
8150110313;399340
8150130722;399341
8150151131;399342
8150171544;399343
8150191949;399344
8150212358;399345
8150232766;399346
8150253176;399347
8150273585;399348
8150293994;399349
8150314403;399350
8150334812;399351
8150355221;399352
8150375629;399353
8150396039;399354
8150416451;399355
8150436857;399356
8150457266;399357
8150477675;399358
8150498084;399359
8150518493;399360
8150538902;399361
8150559310;399362
8150579720;399363
8150600128;399364
8150620538;399365
8150640947;399366
8150661356;399367
8150681765;399368
8150702173;399369
8150722583;399370
8150742991;399371
8150763401;399372
8150783809;399373
8150804219;399374
8150824628;399375
8150845037;399376
8150865446;399377
8150885854;399378
8150906264;399379
8150926672;399380
8150947082;399381
8150967490;399382
8150987900;399383
8151008309;399384
8151028717;399385
8151049127;399386
8151069535;399387
8151089945;399388
8151110353;399389
8151130763;399390
8151151172;399391
8151171581;399392
8151191990;399393
8151212398;399394
8151232808;399395
8151253216;399396
8151273626;399397
8151294034;399398
8151314444;399399
8151334853;399400
8151355266;399401
8151375671;399402
8151396080;399403
8151416489;399404
8151436897;399405
8151457307;399406
8151477715;399407
8151498125;399408
8151518534;399409
8151538943;399410
8151559352;399411
8151579761;399412
8151600170;399413
8151620579;399414
8151640988;399415
8151661396;399416
8151681806;399417
8151702215;399418
8151722624;399419
8151743033;399420
8151763442;399421
8151783851;399422
8151804260;399423
8151824669;399424
8151845077;399425
8151865487;399426
8151885900;399427
8151906305;399428
8151926714;399429
8151947123;399430
8151967532;399431
8151987941;399432
8152008350;399433
8152028763;399434
8152049168;399435
8152069577;399436
8152089990;399437
8152110395;399438
8152130804;399439
8152151213;399440
8152171622;399441
8152192031;399442
8152212440;399443
8152232849;399444
8152253259;399445
8152273667;399446
8152294076;399447
8152314485;399448
8152334894;399449
8152355303;399450
8152375712;399451
8152396121;399452
8152416530;399453
8152436939;399454
8152457348;399455
8152477757;399456
8152498166;399457
8152518575;399458
8152538984;399459
8152559393;399460
8152579803;399461
8152600211;399462
8152620624;399463
8152641029;399464
8152661438;399465
8152681847;399466
8152702260;399467
8152722665;399468
8152743074;399469
8152763484;399470
8152783892;399471
8152804302;399472
8152824710;399473
8152845120;399474
8152865528;399475
8152885937;399476
8152906346;399477
8152926755;399478
8152947165;399479
8152967573;399480
8152987983;399481
8153008391;399482
8153028801;399483
8153049213;399484
8153069618;399485
8153090031;399486
8153110436;399487
8153130846;399488
8153151254;399489
8153171664;399490
8153192072;399491
8153212481;399492
8153232890;399493
8153253299;399494
8153273708;399495
8153294117;399496
8153314527;399497
8153334935;399498
8153355345;399499
8153375753;399500
8153396163;399501
8153416571;399502
8153436980;399503
8153457389;399504
8153477798;399505
8153498208;399506
8153518616;399507
8153539026;399508
8153559434;399509
8153579843;399510
8153600252;399511
