1479005698;72467
1479026108;72468
1479046518;72469
1479066927;72470
1479087336;72471
1479107745;72472
1479128155;72473
1479148565;72474
1479168974;72475
1479189384;72476
1479209793;72477
1479230203;72478
1479250613;72479
1479271022;72480
1479291432;72481
1479311841;72482
1479332250;72483
1479352660;72484
1479373069;72485
1479393479;72486
1479413889;72487
1479434298;72488
1479454712;72489
1479475117;72490
1479495527;72491
1479515937;72492
1479536345;72493
1479556755;72494
1479577164;72495
1479597574;72496
1479617984;72497
1479638393;72498
1479658803;72499
1479679213;72500
1479699622;72501
1479720032;72502
1479740441;72503
1479760854;72504
1479781260;72505
1479801669;72506
1479822079;72507
1479842488;72508
1479862902;72509
1479883308;72510
1479903721;72511
1479924127;72512
1479944537;72513
1479964945;72514
1479985356;72515
1480005764;72516
1480026174;72517
1480046584;72518
1480066993;72519
1480087403;72520
1480107812;72521
1480128226;72522
1480148632;72523
1480169041;72524
1480189451;72525
1480209859;72526
1480230269;72527
1480250679;72528
1480271092;72529
1480291498;72530
1480311908;72531
1480332317;72532
1480352731;72533
1480373136;72534
1480393546;72535
1480413956;72536
1480434365;72537
1480454774;72538
1480475183;72539
1480495593;72540
1480516003;72541
1480536412;72542
1480556822;72543
1480577231;72544
1480597645;72545
1480618051;72546
1480638460;72547
1480658870;72548
1480679279;72549
1480699688;72550
1480720098;72551
1480740507;72552
1480760917;72553
1480781327;72554
1480801736;72555
1480822146;72556
1480842555;72557
1480862965;72558
1480883375;72559
1480903783;72560
1480924193;72561
1480944603;72562
1480965012;72563
1480985422;72564
1481005831;72565
1481026241;72566
1481046651;72567
1481067060;72568
1481087470;72569
1481107879;72570
1481128288;72571
1481148698;72572
1481169107;72573
1481189517;72574
1481209926;72575
1481230336;72576
1481250746;72577
1481271155;72578
1481291565;72579
1481311974;72580
1481332384;72581
1481352793;72582
1481373202;72583
1481393612;72584
1481414022;72585
1481434431;72586
1481454841;72587
1481475250;72588
1481495660;72589
1481516070;72590
1481536479;72591
1481556889;72592
1481577297;72593
1481597707;72594
1481618117;72595
1481638526;72596
1481658940;72597
1481679346;72598
1481699755;72599
1481720165;72600
1481740574;72601
1481760984;72602
1481781394;72603
1481801803;72604
1481822212;72605
1481842621;72606
1481863031;72607
1481883445;72608
1481903850;72609
1481924260;72610
1481944670;72611
1481965079;72612
1481985489;72613
1482005898;72614
1482026307;72615
1482046717;72616
1482067126;72617
1482087536;72618
1482107949;72619
1482128355;72620
1482148765;72621
1482169174;72622
1482189584;72623
1482209993;72624
1482230403;72625
1482250813;72626
1482271221;72627
1482291631;72628
1482312041;72629
1482332450;72630
1482352860;72631
1482373269;72632
1482393679;72633
1482414089;72634
1482434498;72635
1482454908;72636
1482475317;72637
1482495726;72638
1482516136;72639
1482536545;72640
1482556955;72641
1482577364;72642
1482597774;72643
1482618184;72644
1482638593;72645
1482659003;72646
1482679413;72647
1482699822;72648
1482720232;72649
1482740640;72650
1482761050;72651
1482781460;72652
1482801869;72653
1482822279;72654
1482842688;72655
1482863098;72656
1482883508;72657
1482903917;72658
1482924327;72659
1482944737;72660
1482965145;72661
1482985555;72662
1483005964;72663
1483026374;72664
1483046784;72665
1483067193;72666
1483087603;72667
1483108012;72668
1483128422;72669
1483148832;72670
1483169240;72671
1483189654;72672
1483210059;72673
1483230469;72674
1483250879;72675
1483271288;72676
1483291698;72677
1483312108;72678
1483332517;72679
1483352927;72680
1483373336;72681
1483393745;72682
1483414155;72683
1483434564;72684
1483454974;72685
1483475383;72686
1483495793;72687
1483516203;72688
1483536612;72689
1483557022;72690
1483577431;72691
1483597841;72692
1483618251;72693
1483638659;72694
1483659069;72695
1483679479;72696
1483699888;72697
1483720302;72698
1483740707;72699
1483761117;72700
1483781527;72701
1483801936;72702
1483822346;72703
1483842758;72704
1483863168;72705
1483883574;72706
1483903983;72707
1483924393;72708
1483944803;72709
1483965212;72710
1483985622;72711
1484006031;72712
1484026441;72713
1484046851;72714
1484067260;72715
1484087669;72716
1484108078;72717
1484128537;72718
1484148947;72719
1484169357;72720
1484189766;72721
1484210176;72722
1484230586;72723
1484250995;72724
1484271405;72725
1484291815;72726
1484312224;72727
1484332633;72728
1484353047;72729
1484373453;72730
1484393862;72731
1484414272;72732
1484434682;72733
1484455091;72734
1484475501;72735
1484495915;72736
1484516321;72737
1484536729;72738
1484557139;72739
1484577549;72740
1484597958;72741
1484618368;72742
1484638778;72743
1484659188;72744
1484679597;72745
1484700007;72746
1484720417;72747
1484740826;72748
1484761236;72749
1484781649;72750
1484802055;72751
1484822464;72752
1484842874;72753
1484863284;72754
1484883693;72755
1484904103;72756
1484924513;72757
1484944923;72758
1484965332;72759
1484985742;72760
1485006151;72761
1485026560;72762
1485046970;72763
1485067380;72764
1485087790;72765
1485108199;72766
1485128609;72767
1485149019;72768
1485169428;72769
1485189838;72770
1485210248;72771
1485230657;72772
1485251066;72773
1485271476;72774
1485291890;72775
1485312295;72776
1485332705;72777
1485353115;72778
1485373525;72779
1485393938;72780
1485414344;72781
1485434757;72782
1485455163;72783
1485475572;72784
1485495986;72785
1485516396;72786
1485536801;72787
1485557211;72788
1485577621;72789
1485598030;72790
1485618440;72791
1485638850;72792
1485659260;72793
1485679668;72794
1485700078;72795
1485720488;72796
1485740897;72797
1485761307;72798
1485781717;72799
1485802127;72800
1485822536;72801
1485842946;72802
1485863356;72803
1485883765;72804
1485904174;72805
1485924584;72806
1485944993;72807
1485965403;72808
1485985813;72809
1486006223;72810
1486026632;72811
1486047042;72812
1486067452;72813
1486087861;72814
1486108271;72815
1486128680;72816
1486149090;72817
1486169499;72818
1486189909;72819
1486210319;72820
1486230728;72821
1486251138;72822
1486271552;72823
1486291958;72824
1486312367;72825
1486332777;72826
1486353187;72827
1486373599;72828
1486394005;72829
1486414415;72830
1486434825;72831
1486455234;72832
1486475644;72833
1486496054;72834
1486516463;72835
1486536873;72836
1486557283;72837
1486577693;72838
1486598102;72839
1486618511;72840
1486638921;72841
1486659330;72842
1486679740;72843
1486700150;72844
1486720560;72845
1486740969;72846
1486761379;72847
1486781789;72848
1486802202;72849
1486822608;72850
1486843017;72851
1486863431;72852
1486883840;72853
1486904246;72854
1486924656;72855
1486945065;72856
1486965475;72857
1486985885;72858
1487006295;72859
1487026704;72860
1487047113;72861
1487067523;72862
1487087932;72863
1487108342;72864
1487128752;72865
1487149162;72866
1487169571;72867
1487189981;72868
1487210391;72869
1487230800;72870
1487251210;72871
1487271620;72872
1487292028;72873
1487312438;72874
1487332848;72875
1487353258;72876
1487373667;72877
1487394077;72878
1487414487;72879
1487434896;72880
1487455306;72881
1487475716;72882
1487496126;72883
1487516534;72884
1487536944;72885
1487557354;72886
1487577763;72887
1487598173;72888
1487618583;72889
1487638993;72890
1487659402;72891
1487679812;72892
1487700222;72893
1487720630;72894
1487741041;72895
1487761450;72896
1487781860;72897
1487802269;72898
1487822683;72899
1487843089;72900
1487863498;72901
1487883908;72902
1487904318;72903
1487924728;72904
1487945137;72905
1487965550;72906
1487985956;72907
1488006365;72908
1488026775;72909
1488047185;72910
1488067595;72911
1488088004;72912
1488108414;72913
1488128824;72914
1488149237;72915
1488169643;72916
1488190052;72917
1488210462;72918
1488230871;72919
1488251281;72920
1488271691;72921
1488292100;72922
1488312510;72923
1488332920;72924
1488353330;72925
1488373743;72926
1488394149;72927
1488414562;72928
1488434971;72929
1488455377;72930
1488475787;72931
1488496197;72932
1488516606;72933
1488537016;72934
1488557426;72935
1488577835;72936
1488598245;72937
1488618655;72938
1488639064;72939
1488659473;72940
1488679883;72941
1488700293;72942
1488720702;72943
1488741112;72944
1488761522;72945
1488781935;72946
1488802341;72947
1488822751;72948
1488843161;72949
1488863570;72950
1488883980;72951
1488904389;72952
1488924802;72953
1488945208;72954
1488965618;72955
1488986028;72956
1489006437;72957
1489026847;72958
1489047257;72959
1489067666;72960
1489088076;72961
1489108486;72962
1489128895;72963
1489149304;72964
1489169714;72965
1489190124;72966
1489210533;72967
1489230943;72968
1489251353;72969
1489271763;72970
1489292172;72971
1489312585;72972
1489332991;72973
1489353400;72974
1489373810;72975
1489394220;72976
1489414630;72977
1489435039;72978
1489455449;72979
1489475859;72980
1489496268;72981
1489516678;72982
1489537088;72983
1489557498;72984
1489577910;72985
1489598316;72986
1489618726;72987
1489639135;72988
1489659545;72989
1489679955;72990
1489700365;72991
1489720774;72992
1489741184;72993
1489761594;72994
1489782002;72995
1489802412;72996
1489822822;72997
1489843232;72998
1489863641;72999
1489884051;73000
1489904461;73001
1489924870;73002
1489945280;73003
1489965690;73004
1489986100;73005
1490006509;73006
1490026922;73007
1490047328;73008
1490067737;73009
1490088147;73010
1490108557;73011
1490128967;73012
1490149376;73013
1490169786;73014
1490190196;73015
1490210605;73016
1490231015;73017
1490251425;73018
1490271833;73019
1490292243;73020
1490312653;73021
1490333063;73022
1490353472;73023
1490373882;73024
1490394292;73025
1490414701;73026
1490435111;73027
1490455520;73028
1490475931;73029
1490496339;73030
1490516749;73031
1490537159;73032
1490557568;73033
1490577978;73034
1490598388;73035
1490618798;73036
1490639207;73037
1490659617;73038
1490680027;73039
1490700436;73040
1490720845;73041
1490741255;73042
1490761665;73043
1490782074;73044
1490802484;73045
1490822894;73046
1490843303;73047
1490863713;73048
1490884123;73049
1490904533;73050
1490924942;73051
1490945351;73052
1490965761;73053
1490986174;73054
1491006580;73055
1491026990;73056
1491047400;73057
1491067809;73058
1491088219;73059
1491108629;73060
1491129038;73061
1491149448;73062
1491169858;73063
1491190267;73064
1491210676;73065
1491231086;73066
1491251496;73067
1491271905;73068
1491292315;73069
1491312725;73070
1491333135;73071
1491353544;73072
1491373954;73073
1491394364;73074
1491414772;73075
1491435182;73076
1491455592;73077
1491476002;73078
1491496411;73079
1491516821;73080
1491537231;73081
1491557640;73082
1491578050;73083
1491598460;73084
1491618869;73085
1491639279;73086
1491659688;73087
1491680098;73088
1491700507;73089
1491720917;73090
1491741327;73091
1491761736;73092
1491782146;73093
1491802556;73094
1491822966;73095
1491843375;73096
1491863784;73097
1491884198;73098
1491904603;73099
1491925013;73100
1491945427;73101
1491965833;73102
1491986242;73103
1492006652;73104
1492027062;73105
1492047475;73106
1492067881;73107
1492088294;73108
1492108700;73109
1492129109;73110
1492149519;73111
1492169929;73112
1492190338;73113
1492210748;73114
1492231158;73115
1492251568;73116
1492271977;73117
1492292387;73118
1492312797;73119
1492333205;73120
1492353615;73121
1492374025;73122
1492394435;73123
1492414844;73124
1492435254;73125
1492455664;73126
1492476073;73127
1492496483;73128
1492516893;73129
1492537303;73130
1492557712;73131
1492578121;73132
1492598531;73133
1492618940;73134
1492639350;73135
1492659760;73136
1492680170;73137
1492700579;73138
1492720989;73139
1492741399;73140
1492761808;73141
1492782218;73142
1492802627;73143
1492823037;73144
1492843446;73145
1492863856;73146
1492884266;73147
1492904675;73148
1492925085;73149
1492945495;73150
1492965905;73151
1492986314;73152
1493006724;73153
1493027133;73154
1493047542;73155
1493067956;73156
1493088366;73157
1493108771;73158
1493129181;73159
1493149595;73160
1493170001;73161
1493190410;73162
1493210820;73163
1493231230;73164
1493251638;73165
1493272048;73166
1493292458;73167
1493312868;73168
1493333277;73169
1493353687;73170
1493374097;73171
1493394506;73172
1493414916;73173
1493435326;73174
1493455736;73175
1493476144;73176
1493496554;73177
1493516964;73178
1493537373;73179
1493557783;73180
1493578193;73181
1493598603;73182
1493619012;73183
1493639426;73184
1493659832;73185
1493680241;73186
1493700651;73187
1493721060;73188
1493741470;73189
1493761879;73190
1493782289;73191
1493802699;73192
1493823108;73193
1493843518;73194
1493863928;73195
1493884338;73196
1493904747;73197
1493925157;73198
1493945566;73199
1493965975;73200
1493986385;73201
1494006795;73202
1494027205;73203
1494047614;73204
1494068024;73205
1494088434;73206
1494108843;73207
1494129195;73208
1494149605;73209
1494170013;73210
1494190423;73211
1494210832;73212
1494231242;73213
1494251652;73214
1494272061;73215
1494292471;73216
1494312880;73217
1494333290;73218
1494353700;73219
1494374109;73220
1494394519;73221
1494414927;73222
1494435337;73223
1494455747;73224
1494476156;73225
1494496566;73226
1494516979;73227
1494537385;73228
1494557794;73229
1494578208;73230
1494598614;73231
1494619023;73232
1494639433;73233
1494659845;73234
1494680251;73235
1494700661;73236
1494721070;73237
1494741480;73238
1494761889;73239
1494782299;73240
1494802709;73241
1494823118;73242
1494843528;73243
1494863937;73244
1494884350;73245
1494904756;73246
1494925169;73247
1494945579;73248
1494965984;73249
1494986394;73250
1495006804;73251
1495027213;73252
1495047623;73253
1495068032;73254
1495088441;73255
1495108851;73256
1495129260;73257
1495149670;73258
1495170079;73259
1495190489;73260
1495210898;73261
1495231308;73262
1495251718;73263
1495272127;73264
1495292537;73265
1495312946;73266
1495333355;73267
1495353769;73268
1495374174;73269
1495394584;73270
1495414997;73271
1495435403;73272
1495455813;73273
1495476222;73274
1495496632;73275
1495517041;73276
1495537451;73277
1495557861;73278
1495578269;73279
1495598679;73280
1495619088;73281
1495639498;73282
1495659908;73283
1495680317;73284
1495700727;73285
1495721136;73286
1495741546;73287
1495761956;73288
1495782364;73289
1495802774;73290
1495823183;73291
1495843593;73292
1495864006;73293
1495884412;73294
1495904822;73295
1495925231;73296
1495945641;73297
1495966050;73298
1495986460;73299
1496006870;73300
1496027278;73301
1496047688;73302
1496068101;73303
1496088507;73304
1496108917;73305
1496129326;73306
1496149736;73307
1496170145;73308
1496190559;73309
1496210965;73310
1496231377;73311
1496251783;73312
1496272192;73313
1496292602;73314
1496313012;73315
1496333421;73316
1496353831;73317
1496374240;73318
1496394650;73319
1496415060;73320
1496435469;73321
1496455879;73322
1496476287;73323
1496496697;73324
1496517106;73325
1496537516;73326
1496557926;73327
1496578335;73328
1496598745;73329
1496619154;73330
1496639564;73331
1496659978;73332
1496680383;73333
1496700792;73334
1496721201;73335
1496741611;73336
1496762021;73337
1496782430;73338
1496802840;73339
1496823249;73340
1496843659;73341
1496864069;73342
1496884478;73343
1496904888;73344
1496925296;73345
1496945706;73346
1496966116;73347
1496986525;73348
1497006935;73349
1497027344;73350
1497047754;73351
1497068164;73352
1497088573;73353
1497108983;73354
1497129392;73355
1497149805;73356
1497170210;73357
1497190620;73358
1497211030;73359
1497231439;73360
1497251849;73361
1497272258;73362
1497292668;73363
1497313078;73364
1497333491;73365
1497353897;73366
1497374306;73367
1497394715;73368
1497415125;73369
1497435534;73370
1497455944;73371
1497476353;73372
1497496763;73373
1497517173;73374
1497537582;73375
1497557992;73376
1497578401;73377
1497598810;73378
1497619220;73379
1497639629;73380
1497660039;73381
1497680448;73382
1497700858;73383
1497721268;73384
1497741677;73385
1497762087;73386
1497782496;73387
1497802906;73388
1497823315;73389
1497843724;73390
1497864134;73391
1497884543;73392
1497904953;73393
1497925362;73394
1497945772;73395
1497966182;73396
1497986591;73397
1498007001;73398
1498027410;73399
1498047823;73400
1498068229;73401
1498088638;73402
1498109052;73403
1498129457;73404
1498149867;73405
1498170277;73406
1498190686;73407
1498211096;73408
1498231505;73409
1498251915;73410
1498272325;73411
1498292733;73412
1498313143;73413
1498333552;73414
1498353962;73415
1498374372;73416
1498394781;73417
1498415195;73418
1498435604;73419
1498456010;73420
1498476419;73421
1498496829;73422
1498517239;73423
1498537647;73424
1498558057;73425
1498578466;73426
1498598876;73427
1498619286;73428
1498639695;73429
1498660105;73430
1498680514;73431
1498700924;73432
1498721334;73433
1498741743;73434
1498762152;73435
1498782561;73436
1498802971;73437
1498823381;73438
1498843790;73439
1498864200;73440
1498884609;73441
1498905019;73442
1498925429;73443
1498945838;73444
1498966248;73445
1498986656;73446
1499007066;73447
1499027476;73448
1499047885;73449
1499068295;73450
1499088704;73451
1499109114;73452
1499129524;73453
1499149933;73454
1499170343;73455
1499190752;73456
1499211162;73457
1499231570;73458
1499251980;73459
1499272390;73460
1499292799;73461
1499313213;73462
1499333618;73463
1499354028;73464
1499374438;73465
1499394847;73466
1499415257;73467
1499435669;73468
1499456075;73469
1499476485;73470
1499496894;73471
1499517304;73472
1499537713;73473
1499558123;73474
1499578533;73475
1499598942;73476
1499619352;73477
1499639761;73478
1499660171;73479
1499680580;73480
1499700989;73481
1499721399;73482
1499741808;73483
1499762218;73484
1499782628;73485
1499803037;73486
1499823447;73487
1499843856;73488
1499864266;73489
1499884675;73490
1499905085;73491
1499925494;73492
1499945903;73493
1499966313;73494
1499986722;73495
1500007132;73496
1500027542;73497
1500047951;73498
1500068361;73499
1500088770;73500
1500109184;73501
1500129589;73502
1500149998;73503
1500170408;73504
1500190817;73505
1500211227;73506
1500231637;73507
1500252046;73508
1500272456;73509
1500292869;73510
1500313275;73511
1500333685;73512
1500354094;73513
1500374503;73514
1500394912;73515
1500415322;73516
1500435732;73517
1500456141;73518
1500476551;73519
1500496960;73520
1500517374;73521
1500537779;73522
1500558189;73523
1500578599;73524
1500599007;73525
1500619421;73526
1500639826;73527
1500660236;73528
1500680646;73529
1500701055;73530
1500721465;73531
1500741874;73532
1500762284;73533
1500782694;73534
1500803103;73535
1500823513;73536
1500843921;73537
1500864331;73538
1500884741;73539
1500905154;73540
1500925560;73541
1500945969;73542
1500966379;73543
1500986789;73544
1501007198;73545
1501027608;73546
1501048017;73547
1501068426;73548
1501088840;73549
1501109245;73550
1501129659;73551
1501150064;73552
1501170474;73553
1501190883;73554
1501211293;73555
1501231702;73556
1501252112;73557
1501272522;73558
1501292930;73559
1501313340;73560
1501333750;73561
1501354159;73562
1501374569;73563
1501394978;73564
1501415388;73565
1501435798;73566
1501456207;73567
1501476617;73568
1501497026;73569
1501517436;73570
1501537845;73571
1501558254;73572
1501578664;73573
1501599073;73574
1501619483;73575
1501639893;73576
1501660302;73577
1501680712;73578
1501701121;73579
1501721531;73580
1501741940;73581
1501762349;73582
1501782759;73583
1501803168;73584
1501823578;73585
1501843987;73586
1501864397;73587
1501884807;73588
1501905216;73589
1501925626;73590
1501946038;73591
1501966444;73592
1501986854;73593
1502007263;73594
1502027673;73595
1502048082;73596
1502068492;73597
1502088902;73598
1502109311;73599
1502129721;73600
1502150130;73601
1502170543;73602
1502190949;73603
1502211362;73604
1502231768;73605
1502252177;73606
1502272587;73607
1502292997;73608
1502313406;73609
1502333816;73610
1502354229;73611
1502374635;73612
1502395045;73613
1502415454;73614
1502435863;73615
1502456272;73616
1502476682;73617
1502497091;73618
1502517501;73619
1502537911;73620
1502558320;73621
1502578730;73622
1502599139;73623
1502619549;73624
1502639959;73625
1502660367;73626
1502680777;73627
1502701186;73628
1502721596;73629
1502742006;73630
1502762415;73631
1502782825;73632
1502803234;73633
1502823644;73634
1502844054;73635
1502864463;73636
1502884872;73637
1502905281;73638
1502925691;73639
1502946101;73640
1502966510;73641
1502986920;73642
1503007333;73643
1503027739;73644
1503048149;73645
1503068558;73646
1503088968;73647
1503109376;73648
1503129786;73649
1503150195;73650
1503170605;73651
1503191015;73652
1503211424;73653
1503231834;73654
1503252243;73655
1503272653;73656
1503293063;73657
1503313472;73658
1503333881;73659
1503354290;73660
1503374700;73661
1503395110;73662
1503415519;73663
1503435929;73664
1503456338;73665
1503476748;73666
1503497158;73667
1503517567;73668
1503537980;73669
1503558385;73670
1503578795;73671
1503599205;73672
1503619614;73673
1503640024;73674
1503660433;73675
1503680843;73676
1503701253;73677
1503721662;73678
1503742076;73679
1503762481;73680
1503782891;73681
1503803299;73682
1503823709;73683
1503844119;73684
1503864528;73685
1503884938;73686
1503905347;73687
1503925757;73688
1503946167;73689
1503966576;73690
1503986986;73691
1504007395;73692
1504027804;73693
1504048214;73694
1504068627;73695
1504089033;73696
1504109442;73697
1504129854;73698
1504150264;73699
1504170673;73700
1504191083;73701
1504211492;73702
1504231902;73703
1504252311;73704
1504272720;73705
1504293130;73706
1504313539;73707
1504333949;73708
1504354359;73709
1504374768;73710
1504395178;73711
1504415587;73712
1504435997;73713
1504456407;73714
1504476815;73715
1504497225;73716
1504517634;73717
1504538044;73718
1504558454;73719
1504578863;73720
1504599273;73721
1504619682;73722
1504640092;73723
1504660502;73724
1504680911;73725
1504701321;73726
1504721729;73727
1504742139;73728
1504762549;73729
1504782962;73730
1504803368;73731
1504823777;73732
1504844191;73733
1504864597;73734
1504885006;73735
1504905416;73736
1504925824;73737
1504946234;73738
1504966644;73739
1504987053;73740
1505007463;73741
1505027872;73742
1505048282;73743
1505068692;73744
1505089101;73745
1505109511;73746
1505129920;73747
1505150330;73748
1505170739;73749
1505191148;73750
1505211558;73751
1505231967;73752
1505252377;73753
1505272786;73754
1505293196;73755
1505313606;73756
1505334019;73757
1505354425;73758
1505374834;73759
1505395243;73760
1505415653;73761
1505436066;73762
1505456472;73763
1505476881;73764
1505497291;73765
1505517701;73766
1505538110;73767
1505558520;73768
1505578929;73769
1505599338;73770
1505619748;73771
1505640157;73772
1505660567;73773
1505680976;73774
1505701386;73775
1505721796;73776
1505742205;73777
1505762619;73778
1505783024;73779
1505803434;73780
1505823844;73781
1505844252;73782
1505864662;73783
1505885071;73784
1505905481;73785
1505925891;73786
1505946300;73787
1505966710;73788
1505987119;73789
1506007529;73790
1506027939;73791
1506048348;73792
1506068758;73793
1506089170;73794
1506109576;73795
1506129986;73796
1506150395;73797
1506170805;73798
1506191214;73799
1506211624;73800
1506232034;73801
1506252443;73802
1506272857;73803
1506293262;73804
1506313675;73805
1506334081;73806
1506354494;73807
1506374900;73808
1506395309;73809
1506415723;73810
1506436129;73811
1506456538;73812
1506476948;73813
1506497357;73814
1506517767;73815
1506538176;73816
1506558585;73817
1506578995;73818
1506599404;73819
1506619814;73820
1506640224;73821
1506660633;73822
1506681043;73823
1506701452;73824
1506721862;73825
1506742272;73826
1506762680;73827
1506783090;73828
1506803499;73829
1506823909;73830
1506844319;73831
1506864732;73832
1506885138;73833
1506905547;73834
1506925957;73835
1506946367;73836
1506966776;73837
1506987186;73838
1507007594;73839
1507028004;73840
1507048414;73841
1507068823;73842
1507089233;73843
1507109642;73844
1507130052;73845
1507150466;73846
1507170871;73847
1507191285;73848
1507211693;73849
1507232099;73850
1507252508;73851
1507272918;73852
1507293328;73853
1507313737;73854
1507334147;73855
1507354556;73856
1507374966;73857
1507395376;73858
1507415785;73859
1507436195;73860
1507456603;73861
1507477013;73862
1507497423;73863
1507517832;73864
1507538242;73865
1507558651;73866
1507579061;73867
1507599471;73868
1507619880;73869
1507640290;73870
1507660699;73871
1507681108;73872
1507701518;73873
1507721927;73874
1507742337;73875
1507762746;73876
1507783156;73877
1507803566;73878
1507823975;73879
1507844385;73880
1507864794;73881
1507885204;73882
1507905613;73883
1507926022;73884
1507946432;73885
1507966841;73886
1507987251;73887
1508007665;73888
1508028070;73889
1508048480;73890
1508068889;73891
1508089299;73892
1508109709;73893
1508130118;73894
1508150531;73895
1508170936;73896
1508191346;73897
1508211756;73898
1508232165;73899
1508252575;73900
1508272984;73901
1508293394;73902
1508313804;73903
1508334213;73904
1508354623;73905
1508375031;73906
1508395445;73907
1508415851;73908
1508436260;73909
1508456670;73910
1508477079;73911
1508497489;73912
1508517899;73913
1508538308;73914
1508558718;73915
1508579127;73916
1508599536;73917
1508619950;73918
1508640355;73919
1508660765;73920
1508681174;73921
1508701584;73922
1508721994;73923
1508742403;73924
1508762817;73925
1508783222;73926
1508803632;73927
1508824042;73928
1508844450;73929
1508864860;73930
1508885269;73931
1508905679;73932
1508926089;73933
1508946502;73934
1508966908;73935
1508987321;73936
1509007727;73937
1509028137;73938
1509048549;73939
1509068955;73940
1509089364;73941
1509109774;73942
1509130184;73943
1509150593;73944
1509171003;73945
1509191412;73946
1509211822;73947
1509232231;73948
1509252641;73949
1509273051;73950
1509293459;73951
1509313869;73952
1509334278;73953
1509354688;73954
1509375098;73955
1509395507;73956
1509415917;73957
1509436326;73958
1509456736;73959
1509477146;73960
1509497555;73961
1509517964;73962
1509538377;73963
1509558783;73964
1509579193;73965
1509599602;73966
1509620012;73967
1509640421;73968
1509660831;73969
1509681245;73970
1509701650;73971
1509722060;73972
1509742469;73973
1509762878;73974
1509783288;73975
1509803697;73976
1509824107;73977
1509844516;73978
1509864926;73979
1509885336;73980
1509905745;73981
1509926155;73982
1509946564;73983
1509966974;73984
1509987383;73985
1510007792;73986
1510028202;73987
1510048611;73988
1510069021;73989
1510089431;73990
1510109840;73991
1510130250;73992
1510150659;73993
1510171069;73994
1510191483;73995
1510211891;73996
1510232297;73997
1510252706;73998
1510273116;73999
1510293526;74000
1510313935;74001
1510334345;74002
1510354754;74003
1510375164;74004
1510395574;74005
1510415983;74006
1510436393;74007
1510456801;74008
1510477211;74009
1510497621;74010
1510518030;74011
1510538440;74012
1510558853;74013
1510579259;74014
1510599669;74015
1510620078;74016
1510640488;74017
1510660896;74018
1510681306;74019
1510701716;74020
1510722125;74021
1510742539;74022
1510762944;74023
1510783354;74024
1510803764;74025
1510824173;74026
1510844583;74027
1510864992;74028
1510885402;74029
1510905811;74030
1510926220;74031
1510946630;74032
1510967039;74033
1510987449;74034
1511007859;74035
1511028268;74036
1511048678;74037
1511069087;74038
1511089497;74039
1511109907;74040
1511130319;74041
1511150725;74042
1511171134;74043
1511191544;74044
1511211953;74045
1511232363;74046
1511252773;74047
1511273182;74048
1511293592;74049
1511314001;74050
1511334411;74051
1511354821;74052
1511375229;74053
1511395639;74054
1511416048;74055
1511436458;74056
1511456868;74057
1511477277;74058
1511497687;74059
1511518096;74060
1511538506;74061
1511558916;74062
1511579325;74063
1511599734;74064
1511620143;74065
1511640553;74066
1511660963;74067
1511681372;74068
1511701782;74069
1511722191;74070
1511742601;74071
1511763011;74072
1511783420;74073
1511803830;74074
1511824242;74075
1511844648;74076
1511865058;74077
1511885467;74078
1511905877;74079
1511926286;74080
1511946696;74081
1511967106;74082
1511987515;74083
1512007925;74084
1512028334;74085
1512048744;74086
1512069153;74087
1512089562;74088
1512109972;74089
1512130381;74090
1512150791;74091
1512171201;74092
1512191610;74093
1512212020;74094
1512232429;74095
1512252839;74096
1512273248;74097
1512293657;74098
1512314071;74099
1512334476;74100
1512354890;74101
1512375296;74102
1512395705;74103
1512416115;74104
1512436524;74105
1512456934;74106
1512477344;74107
1512497752;74108
1512518162;74109
1512538575;74110
1512558981;74111
1512579391;74112
1512599800;74113
1512620210;74114
1512640619;74115
1512661029;74116
1512681439;74117
1512701848;74118
1512722258;74119
1512742666;74120
1512763076;74121
1512783486;74122
1512803895;74123
1512824309;74124
1512844714;74125
1512865124;74126
1512885534;74127
1512905943;74128
1512926353;74129
1512946762;74130
1512967171;74131
1512987581;74132
1513007990;74133
1513028400;74134
1513048809;74135
1513069219;74136
1513089629;74137
1513110038;74138
1513130448;74139
1513150857;74140
1513171267;74141
1513191675;74142
1513212085;74143
1513232495;74144
1513252904;74145
1513273314;74146
1513293723;74147
1513314133;74148
1513334543;74149
1513354952;74150
1513375362;74151
1513395771;74152
1513416181;74153
1513436590;74154
1513456999;74155
1513477409;74156
1513497818;74157
1513518228;74158
1513538638;74159
1513559047;74160
1513579457;74161
1513599866;74162
1513620276;74163
1513640686;74164
1513661094;74165
1513681504;74166
1513701913;74167
1513722323;74168
1513742737;74169
1513763142;74170
1513783552;74171
1513803965;74172
1513824371;74173
1513844781;74174
1513865190;74175
1513885599;74176
1513906008;74177
1513926418;74178
1513946828;74179
1513967241;74180
1513987651;74181
1514008060;74182
1514028466;74183
1514048876;74184
1514069285;74185
1514089695;74186
1514110103;74187
1514130498;74188
1514150908;74189
1514171317;74190
1514191727;74191
1514212136;74192
1514232550;74193
1514252959;74194
1514273365;74195
1514293775;74196
1514314184;74197
1514334593;74198
1514355002;74199
1514375412;74200
1514395821;74201
1514416231;74202
1514436640;74203
1514457050;74204
1514477460;74205
1514497869;74206
1514518279;74207
1514538688;74208
1514559101;74209
1514579506;74210
1514599920;74211
1514620326;74212
1514640735;74213
1514661145;74214
1514681554;74215
1514701964;74216
1514722373;74217
1514742787;74218
1514763193;74219
1514783601;74220
1514804011;74221
1514824420;74222
1514844830;74223
1514865239;74224
1514885649;74225
1514906059;74226
1514926472;74227
1514946882;74228
1514967287;74229
1514987697;74230
1515008109;74231
1515028515;74232
1515048925;74233
1515069334;74234
1515089744;74235
1515110153;74236
1515130563;74237
1515150972;74238
1515171382;74239
1515191791;74240
1515212201;74241
1515232611;74242
1515253020;74243
1515273429;74244
1515293838;74245
1515314248;74246
1515334657;74247
1515355067;74248
1515375477;74249
1515395886;74250
1515416296;74251
1515436705;74252
1515457115;74253
1515477524;74254
1515497933;74255
1515518343;74256
1515538752;74257
1515559162;74258
1515579571;74259
1515599981;74260
1515620390;74261
1515640800;74262
1515661210;74263
1515681623;74264
1515702029;74265
1515722437;74266
1515742847;74267
1515763256;74268
1515783666;74269
1515804076;74270
1515824485;74271
1515844895;74272
1515865304;74273
1515885714;74274
1515906123;74275
1515926533;74276
1515946941;74277
1515967351;74278
1515987761;74279
1516008170;74280
1516028580;74281
1516048989;74282
1516069403;74283
1516089812;74284
1516110218;74285
1516130628;74286
1516151037;74287
1516171446;74288
1516191855;74289
1516212265;74290
1516232674;74291
1516253084;74292
1516273494;74293
1516293903;74294
1516314313;74295
1516334722;74296
1516355132;74297
1516375541;74298
1516395951;74299
1516416360;74300
1516436769;74301
1516457179;74302
1516477588;74303
1516497998;74304
1516518407;74305
1516538817;74306
1516559226;74307
1516579636;74308
1516600046;74309
1516620454;74310
1516640864;74311
1516661273;74312
1516681683;74313
1516702092;74314
1516722502;74315
1516742912;74316
1516763325;74317
1516783731;74318
1516804140;74319
1516824550;74320
1516844959;74321
1516865368;74322
1516885778;74323
1516906187;74324
1516926597;74325
1516947006;74326
1516967416;74327
1516987825;74328
1517008235;74329
1517028645;74330
1517049054;74331
1517069464;74332
1517089872;74333
1517110282;74334
1517130691;74335
1517151101;74336
1517171511;74337
1517191920;74338
1517212330;74339
1517232739;74340
1517253149;74341
1517273558;74342
1517293968;74343
1517314376;74344
1517334786;74345
1517355200;74346
1517375605;74347
1517396015;74348
1517416424;74349
1517436834;74350
1517457247;74351
1517477653;74352
1517498063;74353
1517518472;74354
1517538882;74355
1517559290;74356
1517579700;74357
1517600109;74358
1517620519;74359
1517640929;74360
1517661338;74361
1517681748;74362
1517702157;74363
1517722567;74364
1517742976;74365
1517763389;74366
1517783795;74367
1517804204;74368
1517824614;74369
1517845023;74370
1517865433;74371
1517885842;74372
1517906256;74373
1517926662;74374
1517947071;74375
1517967481;74376
1517987890;74377
1518008299;74378
1518028708;74379
1518049118;74380
1518069527;74381
1518089937;74382
1518110347;74383
1518130756;74384
1518151166;74385
1518171575;74386
1518191985;74387
1518212394;74388
1518232803;74389
1518253213;74390
1518273622;74391
1518294032;74392
1518314441;74393
1518334851;74394
1518355260;74395
1518375670;74396
1518396080;74397
1518416489;74398
1518436899;74399
1518457307;74400
1518477717;74401
1518498126;74402
1518518536;74403
1518538946;74404
1518559355;74405
1518579769;74406
1518600174;74407
1518620584;74408
1518640993;74409
1518661403;74410
1518681811;74411
1518702221;74412
1518722631;74413
1518743040;74414
1518763450;74415
1518783859;74416
1518804269;74417
1518824678;74418
1518845088;74419
1518865498;74420
1518885910;74421
1518906316;74422
1518926729;74423
1518947135;74424
1518967544;74425
1518987954;74426
1519008364;74427
1519028773;74428
1519049183;74429
1519069596;74430
1519090002;74431
1519110411;74432
1519130821;74433
1519151234;74434
1519171639;74435
1519192049;74436
1519212458;74437
1519232868;74438
1519253277;74439
1519273687;74440
1519294097;74441
1519314506;74442
1519334916;74443
1519355324;74444
1519375734;74445
1519396143;74446
1519416553;74447
1519436962;74448
1519457372;74449
1519477782;74450
1519498191;74451
1519518601;74452
1519539014;74453
1519559420;74454
1519579832;74455
1519600238;74456
1519620648;74457
1519641057;74458
1519661467;74459
1519681876;74460
1519702286;74461
1519722695;74462
1519743105;74463
1519763515;74464
1519783924;74465
1519804334;74466
1519824742;74467
1519845152;74468
1519865561;74469
1519885971;74470
1519906381;74471
1519926790;74472
1519947200;74473
1519967609;74474
1519988019;74475
1520008428;74476
1520028838;74477
1520049247;74478
1520069656;74479
1520090066;74480
1520110475;74481
1520130885;74482
1520151294;74483
1520171704;74484
1520192113;74485
1520212523;74486
1520232933;74487
1520253342;74488
1520273752;74489
1520294160;74490
1520314570;74491
1520334979;74492
1520355389;74493
1520375799;74494
1520396212;74495
1520416618;74496
1520437027;74497
1520457441;74498
1520477850;74499
1520498256;74500
1520518669;74501
1520539074;74502
1520559484;74503
1520579893;74504
1520600303;74505
1520620712;74506
1520641122;74507
1520661532;74508
1520681941;74509
1520702354;74510
1520722760;74511
1520743169;74512
1520763578;74513
1520783988;74514
1520804397;74515
1520824807;74516
1520845217;74517
1520865626;74518
1520886036;74519
1520906445;74520
1520926855;74521
1520947264;74522
1520967673;74523
1520988083;74524
1521008492;74525
1521028902;74526
1521049311;74527
1521069721;74528
1521090130;74529
1521110540;74530
1521130950;74531
1521151359;74532
1521171769;74533
1521192177;74534
1521212587;74535
1521232996;74536
1521253406;74537
1521273816;74538
1521294225;74539
1521314635;74540
1521335044;74541
1521355454;74542
1521375863;74543
1521396273;74544
1521416682;74545
1521437091;74546
1521457501;74547
1521477910;74548
1521498320;74549
1521518729;74550
1521539139;74551
1521559548;74552
1521579958;74553
1521600372;74554
1521620777;74555
1521641186;74556
1521661595;74557
1521682005;74558
1521702418;74559
1521722824;74560
1521743234;74561
1521763643;74562
1521784053;74563
1521804462;74564
1521824872;74565
1521845281;74566
1521865691;74567
1521886104;74568
1521906509;74569
1521926919;74570
1521947328;74571
1521967738;74572
1521988147;74573
1522008557;74574
1522028967;74575
1522049376;74576
1522069786;74577
1522090195;74578
1522110605;74579
1522131013;74580
1522151423;74581
1522171833;74582
1522192242;74583
1522212652;74584
1522233061;74585
1522253471;74586
1522273884;74587
1522294290;74588
1522314699;74589
1522335108;74590
1522355518;74591
1522375927;74592
1522396341;74593
1522416746;74594
1522437156;74595
1522457565;74596
1522477975;74597
1522498385;74598
1522518794;74599
1522539208;74600
1522559613;74601
1522580026;74602
1522600431;74603
1522620841;74604
1522641251;74605
1522661660;74606
1522682070;74607
1522702479;74608
1522722889;74609
1522743298;74610
1522763708;74611
1522784117;74612
1522804526;74613
1522824936;74614
1522845345;74615
1522865755;74616
1522886164;74617
1522906574;74618
1522926984;74619
1522947393;74620
1522967803;74621
1522988212;74622
1523008622;74623
1523029031;74624
1523049440;74625
1523069853;74626
1523090259;74627
1523110669;74628
1523131078;74629
1523151488;74630
1523171897;74631
1523192307;74632
1523212716;74633
1523233126;74634
1523253535;74635
1523273944;74636
1523294354;74637
1523314763;74638
1523335173;74639
1523355582;74640
1523375992;74641
1523396402;74642
1523416811;74643
1523437225;74644
1523457630;74645
1523478039;74646
1523498448;74647
1523518858;74648
1523539268;74649
1523559677;74650
1523580087;74651
1523600496;74652
1523620906;74653
1523641315;74654
1523661725;74655
1523682138;74656
1523702543;74657
1523722953;74658
1523743362;74659
1523763772;74660
1523784181;74661
1523804591;74662
1523825000;74663
1523845410;74664
1523865820;74665
1523886229;74666
1523906639;74667
1523927048;74668
1523947457;74669
1523967866;74670
1523988276;74671
1524008686;74672
1524029095;74673
1524049505;74674
1524069914;74675
1524090324;74676
1524110737;74677
1524131231;74678
1524151641;74679
1524172050;74680
1524192459;74681
1524212869;74682
1524233279;74683
1524253689;74684
1524274098;74685
1524294508;74686
1524314918;74687
1524335328;74688
1524355737;74689
1524376147;74690
1524396556;74691
1524416970;74692
1524437375;74693
1524457785;74694
1524478195;74695
1524498609;74696
1524519018;74697
1524539428;74698
1524559834;74699
1524580244;74700
1524600653;74701
1524621063;74702
1524641472;74703
1524661882;74704
1524682291;74705
1524702701;74706
1524723111;74707
1524743521;74708
1524763930;74709
1524784340;74710
1524804750;74711
1524825160;74712
1524845569;74713
1524865978;74714
1524886388;74715
1524906798;74716
1524927207;74717
1524947617;74718
1524968027;74719
1524988437;74720
1525008846;74721
1525029256;74722
1525049666;74723
1525070075;74724
1525090484;74725
1525110894;74726
1525131304;74727
1525151713;74728
1525172123;74729
1525192537;74730
1525212943;74731
1525233352;74732
1525253762;74733
1525274172;74734
1525294582;74735
1525314990;74736
1525335400;74737
1525355810;74738
1525376220;74739
1525396629;74740
1525417043;74741
1525437449;74742
1525457859;74743
1525478268;74744
1525498682;74745
1525519088;74746
1525539497;74747
1525559906;74748
1525580316;74749
1525600726;74750
1525621136;74751
1525641545;74752
1525661955;74753
1525682365;74754
1525702775;74755
1525723184;74756
1525743594;74757
1525764003;74758
1525784413;74759
1525804822;74760
1525825232;74761
1525845642;74762
1525866052;74763
1525886461;74764
1525906871;74765
1525927281;74766
1525947691;74767
1525968100;74768
1525988510;74769
1526008919;74770
1526029329;74771
1526049738;74772
1526070148;74773
1526090558;74774
1526110968;74775
1526131377;74776
1526151787;74777
1526172197;74778
1526192607;74779
1526213016;74780
1526233425;74781
1526253835;74782
1526274245;74783
1526294654;74784
1526315064;74785
1526335474;74786
1526355884;74787
1526376293;74788
1526396703;74789
1526417117;74790
1526437523;74791
1526457935;74792
1526478341;74793
1526498751;74794
1526519161;74795
1526539570;74796
1526559980;74797
1526580390;74798
1526600800;74799
1526621209;74800
1526641619;74801
1526662029;74802
1526682441;74803
1526702847;74804
1526723257;74805
1526743667;74806
1526764076;74807
1526784486;74808
1526804900;74809
1526825306;74810
1526845715;74811
1526866129;74812
1526886535;74813
1526906945;74814
1526927353;74815
1526947763;74816
1526968173;74817
1526988583;74818
1527008992;74819
1527029406;74820
1527049812;74821
1527070222;74822
1527090631;74823
1527111045;74824
1527131451;74825
1527151860;74826
1527172269;74827
1527192679;74828
1527213089;74829
1527233499;74830
1527253908;74831
1527274318;74832
1527294728;74833
1527315138;74834
1527335547;74835
1527355957;74836
1527376367;74837
1527396776;74838
1527417185;74839
1527437595;74840
1527458005;74841
1527478415;74842
1527498824;74843
1527519238;74844
1527539648;74845
1527560054;74846
1527580466;74847
1527600873;74848
1527621282;74849
1527641692;74850
1527662101;74851
1527682511;74852
1527702921;74853
1527723331;74854
1527743740;74855
1527764150;74856
1527784560;74857
1527804970;74858
1527825379;74859
1527845788;74860
1527866198;74861
1527886608;74862
1527907017;74863
1527927427;74864
1527947837;74865
1527968247;74866
1527988660;74867
1528009066;74868
1528029476;74869
1528049886;74870
1528070294;74871
1528090704;74872
1528111114;74873
1528131524;74874
1528151933;74875
1528172343;74876
1528192757;74877
1528213163;74878
1528233572;74879
1528253982;74880
1528274392;74881
1528294802;74882
1528315210;74883
1528335620;74884
1528356030;74885
1528376439;74886
1528396849;74887
1528417259;74888
1528437669;74889
1528458078;74890
1528478488;74891
1528498898;74892
1528519307;74893
1528539716;74894
1528560126;74895
1528580536;74896
1528600946;74897
1528621359;74898
1528641769;74899
1528662175;74900
1528682585;74901
1528702994;74902
1528723404;74903
1528743814;74904
1528764223;74905
1528784632;74906
1528805042;74907
1528825452;74908
1528845866;74909
1528866271;74910
1528886681;74911
1528907091;74912
1528927501;74913
1528947910;74914
1528968319;74915
1528988729;74916
1529009139;74917
1529029552;74918
1529049958;74919
1529070368;74920
1529090778;74921
1529111187;74922
1529131597;74923
1529152007;74924
1529172417;74925
1529192826;74926
1529213235;74927
1529233649;74928
1529254055;74929
1529274464;74930
1529294874;74931
1529315284;74932
1529335694;74933
1529356103;74934
1529376517;74935
1529396923;74936
1529417333;74937
1529437742;74938
1529458151;74939
1529478561;74940
1529498971;74941
1529519384;74942
1529539790;74943
1529560200;74944
1529580610;74945
1529601019;74946
1529621429;74947
1529641839;74948
1529662249;74949
1529682657;74950
1529703067;74951
1529723477;74952
1529743887;74953
1529764296;74954
1529784706;74955
1529805116;74956
1529825526;74957
1529845935;74958
1529866345;74959
1529886755;74960
1529907164;74961
1529927573;74962
1529947983;74963
1529968393;74964
1529988803;74965
1530009212;74966
1530029622;74967
1530050032;74968
1530070441;74969
1530090851;74970
1530111261;74971
1530131670;74972
1530152079;74973
1530172489;74974
1530192899;74975
1530213309;74976
1530233718;74977
1530254128;74978
1530274538;74979
1530294948;74980
1530315357;74981
1530335771;74982
1530356177;74983
1530376590;74984
1530396995;74985
1530417405;74986
1530437819;74987
1530458225;74988
1530478634;74989
1530499044;74990
1530519454;74991
1530539868;74992
1530560273;74993
1530580683;74994
1530601092;74995
1530621502;74996
1530641911;74997
1530662321;74998
1530682731;74999
1530703145;75000
1530723550;75001
1530743960;75002
1530764370;75003
1530784780;75004
1530805189;75005
1530825598;75006
1530846008;75007
1530866418;75008
1530886827;75009
1530907237;75010
1530927651;75011
1530948057;75012
1530968466;75013
1530988880;75014
1531009286;75015
1531029696;75016
1531050104;75017
1531070514;75018
1531090924;75019
1531111334;75020
1531131743;75021
1531152153;75022
1531172567;75023
1531192973;75024
1531213382;75025
1531233792;75026
1531254202;75027
1531274611;75028
1531295020;75029
1531315430;75030
1531335840;75031
1531356250;75032
1531376659;75033
1531397069;75034
1531417479;75035
1531437889;75036
1531458298;75037
1531478708;75038
1531499118;75039
1531519527;75040
1531539936;75041
1531560346;75042
1531580756;75043
1531601166;75044
1531621575;75045
1531641985;75046
1531662395;75047
1531682804;75048
1531703214;75049
1531723624;75050
1531744033;75051
1531764442;75052
1531784852;75053
1531805262;75054
1531825672;75055
1531846081;75056
1531866491;75057
1531886901;75058
1531907315;75059
1531927720;75060
1531948130;75061
1531968539;75062
1531988949;75063
1532009358;75064
1532029768;75065
1532050178;75066
1532070588;75067
1532090997;75068
1532111407;75069
1532131817;75070
1532152231;75071
1532172636;75072
1532193046;75073
1532213455;75074
1532233869;75075
1532254274;75076
1532274684;75077
1532295094;75078
1532315504;75079
1532335913;75080
1532356323;75081
1532376733;75082
1532397143;75083
1532417552;75084
1532437961;75085
1532458371;75086
1532478781;75087
1532499190;75088
1532519600;75089
1532540010;75090
1532560420;75091
1532580829;75092
1532601239;75093
1532621649;75094
1532642059;75095
1532662467;75096
1532682877;75097
1532703287;75098
1532723697;75099
1532744106;75100
1532764516;75101
1532784926;75102
1532805336;75103
1532825745;75104
1532846155;75105
1532866565;75106
1532886974;75107
1532907383;75108
1532927793;75109
1532948203;75110
1532968617;75111
1532989022;75112
1533009432;75113
1533029842;75114
1533050252;75115
1533070661;75116
1533091071;75117
1533111484;75118
1533131890;75119
1533152299;75120
1533172709;75121
1533193119;75122
1533213529;75123
1533233938;75124
1533254348;75125
1533274758;75126
1533295172;75127
1533315577;75128
1533335987;75129
1533356396;75130
1533376805;75131
1533397215;75132
1533417625;75133
1533438035;75134
1533458444;75135
1533478854;75136
1533499264;75137
1533519674;75138
1533540083;75139
1533560493;75140
1533580903;75141
1533601312;75142
1533621721;75143
1533642131;75144
1533662541;75145
1533682951;75146
1533703360;75147
1533723770;75148
1533744180;75149
1533764590;75150
1533785002;75151
1533805409;75152
1533825818;75153
1533846228;75154
1533866637;75155
1533887047;75156
1533907457;75157
1533927867;75158
1533948276;75159
1533968686;75160
1533989100;75161
1534009506;75162
1534029914;75163
1534050324;75164
1534070734;75165
1534091144;75166
1534111553;75167
1534131897;75168
1534152307;75169
1534172716;75170
1534193126;75171
1534213535;75172
1534233945;75173
1534254358;75174
1534274763;75175
1534295173;75176
1534315583;75177
1534335992;75178
1534356402;75179
1534376811;75180
1534397221;75181
1534417631;75182
1534438040;75183
1534458450;75184
1534478859;75185
1534499269;75186
1534519678;75187
1534540087;75188
1534560497;75189
1534580910;75190
1534601316;75191
1534621726;75192
1534642139;75193
1534662545;75194
1534682955;75195
1534703364;75196
1534723773;75197
1534744182;75198
1534764592;75199
1534785002;75200
1534805411;75201
1534825821;75202
1534846234;75203
1534866640;75204
1534887050;75205
1534907459;75206
1534927869;75207
1534948279;75208
1534968687;75209
1534989097;75210
1535009506;75211
1535029916;75212
1535050326;75213
1535070735;75214
1535091145;75215
1535111554;75216
1535131964;75217
1535152374;75218
1535172783;75219
1535193192;75220
1535213601;75221
1535234011;75222
1535254421;75223
1535274830;75224
1535295240;75225
1535315650;75226
1535336059;75227
1535356473;75228
1535376878;75229
1535397288;75230
1535417697;75231
1535438106;75232
1535458516;75233
1535478925;75234
1535499335;75235
1535519745;75236
1535540154;75237
1535560564;75238
1535580973;75239
1535601383;75240
1535621793;75241
1535642205;75242
1535662611;75243
1535683021;75244
1535703430;75245
1535723840;75246
1535744249;75247
1535764659;75248
1535785073;75249
1535805478;75250
1535825888;75251
1535846300;75252
1535866706;75253
1535887116;75254
1535907525;75255
1535927935;75256
1535948345;75257
1535968754;75258
1535989164;75259
1536009573;75260
1536029983;75261
1536050393;75262
1536070802;75263
1536091215;75264
1536111620;75265
1536132034;75266
1536152440;75267
1536172849;75268
1536193259;75269
1536213668;75270
1536234078;75271
1536254488;75272
1536274897;75273
1536295307;75274
1536315716;75275
1536336125;75276
1536356535;75277
1536376944;75278
1536397354;75279
1536417764;75280
1536438177;75281
1536458583;75282
1536478992;75283
1536499402;75284
1536519812;75285
1536540224;75286
1536560630;75287
1536581039;75288
1536601449;75289
1536621859;75290
1536642268;75291
1536662678;75292
1536683088;75293
1536703497;75294
1536723907;75295
1536744316;75296
1536764726;75297
1536785135;75298
1536805544;75299
1536825954;75300
1536846363;75301
1536866773;75302
1536887183;75303
1536907592;75304
1536928002;75305
1536948412;75306
1536968821;75307
1536989231;75308
1537009640;75309
1537030049;75310
1537050459;75311
1537070868;75312
1537091278;75313
1537111687;75314
1537132097;75315
1537152507;75316
1537172916;75317
1537193326;75318
1537213735;75319
1537234149;75320
1537254554;75321
1537274967;75322
1537295373;75323
1537315783;75324
1537336192;75325
1537356602;75326
1537377011;75327
1537397421;75328
1537417831;75329
1537438240;75330
1537458650;75331
1537479058;75332
1537499468;75333
1537519878;75334
1537540287;75335
1537560697;75336
1537581106;75337
1537601516;75338
1537621926;75339
1537642335;75340
1537662745;75341
1537683155;75342
1537703563;75343
1537723973;75344
1537744382;75345
1537764796;75346
1537785206;75347
1537805611;75348
1537826021;75349
1537846430;75350
1537866840;75351
1537887250;75352
1537907659;75353
1537928072;75354
1537948478;75355
1537968887;75356
1537989297;75357
1538009706;75358
1538030116;75359
1538050526;75360
1538070935;75361
1538091345;75362
1538111754;75363
1538132164;75364
1538152574;75365
1538172982;75366
1538193392;75367
1538213801;75368
1538234211;75369
1538254625;75370
1538275030;75371
1538295440;75372
1538315850;75373
1538336259;75374
1538356669;75375
1538377078;75376
1538397487;75377
1538417897;75378
1538438306;75379
1538458716;75380
1538479125;75381
1538499535;75382
1538519945;75383
1538540354;75384
1538560764;75385
1538581173;75386
1538601583;75387
1538621993;75388
1538642401;75389
1538662811;75390
1538683221;75391
1538703630;75392
1538724040;75393
1538744449;75394
1538764859;75395
1538785269;75396
1538805678;75397
1538826088;75398
1538846497;75399
1538866906;75400
1538887316;75401
1538907725;75402
1538928135;75403
1538948545;75404
1538968954;75405
1538989364;75406
1539009773;75407
1539030183;75408
1539050593;75409
1539071002;75410
1539091411;75411
1539111820;75412
1539132230;75413
1539152640;75414
1539173049;75415
1539193459;75416
1539213868;75417
1539234278;75418
1539254688;75419
1539275097;75420
1539295507;75421
1539315917;75422
1539336325;75423
1539356735;75424
1539377144;75425
1539397554;75426
1539417964;75427
1539438373;75428
1539458783;75429
1539479192;75430
1539499602;75431
1539520012;75432
1539540421;75433
1539560830;75434
1539581239;75435
1539601653;75436
1539622059;75437
1539642468;75438
1539662882;75439
1539683288;75440
1539703697;75441
1539724107;75442
1539744516;75443
1539764925;75444
1539785335;75445
1539805748;75446
1539826154;75447
1539846563;75448
1539866973;75449
1539887383;75450
1539907792;75451
1539928202;75452
1539948612;75453
1539969021;75454
1539989431;75455
1540009839;75456
1540030249;75457
1540050659;75458
1540071072;75459
1540091478;75460
1540111887;75461
1540132297;75462
1540152711;75463
1540173116;75464
1540193526;75465
1540213935;75466
1540234344;75467
1540254754;75468
1540275163;75469
1540295573;75470
1540315983;75471
1540336392;75472
1540356802;75473
1540377211;75474
1540397621;75475
1540418031;75476
1540438440;75477
1540458850;75478
1540479258;75479
1540499668;75480
1540520082;75481
1540540487;75482
1540560897;75483
1540581306;75484
1540601716;75485
1540622126;75486
1540642539;75487
1540662945;75488
1540683355;75489
1540703763;75490
1540724173;75491
1540744582;75492
1540764992;75493
1540785402;75494
1540805811;75495
1540826221;75496
1540846630;75497
1540867040;75498
1540887450;75499
1540907859;75500
1540928269;75501
1540948678;75502
1540969087;75503
1540989497;75504
1541009906;75505
1541030316;75506
1541050726;75507
1541071135;75508
1541091545;75509
1541111954;75510
1541132364;75511
1541152777;75512
1541173186;75513
1541193592;75514
1541214001;75515
1541234411;75516
1541254821;75517
1541275230;75518
1541295640;75519
1541316050;75520
1541336459;75521
1541356869;75522
1541377278;75523
1541397687;75524
1541418097;75525
1541438506;75526
1541458916;75527
1541479325;75528
1541499735;75529
1541520145;75530
1541540554;75531
1541560964;75532
1541581373;75533
1541601783;75534
1541622192;75535
1541642601;75536
1541663011;75537
1541683421;75538
1541703830;75539
1541724240;75540
1541744649;75541
1541765063;75542
1541785469;75543
1541805878;75544
1541826288;75545
1541846696;75546
1541867106;75547
1541887516;75548
1541907925;75549
1541928335;75550
1541948745;75551
1541969154;75552
1541989564;75553
1542009973;75554
1542030383;75555
1542050793;75556
1542071201;75557
1542091611;75558
1542112024;75559
1542132430;75560
1542152840;75561
1542173249;75562
1542193659;75563
1542214068;75564
1542234478;75565
1542254888;75566
1542275297;75567
1542295707;75568
1542316117;75569
1542336525;75570
1542356935;75571
1542377344;75572
1542397754;75573
1542418164;75574
1542438573;75575
1542458983;75576
1542479392;75577
1542499802;75578
1542520212;75579
1542540621;75580
1542561030;75581
1542581439;75582
1542601849;75583
1542622259;75584
1542642668;75585
1542663078;75586
1542683488;75587
1542703897;75588
1542724307;75589
1542744719;75590
1542765129;75591
1542785539;75592
1542805944;75593
1542826354;75594
1542846763;75595
1542867173;75596
1542887587;75597
1542907992;75598
1542928402;75599
1542948812;75600
1542969221;75601
1542989631;75602
1543010039;75603
1543030449;75604
1543050859;75605
1543071268;75606
1543091678;75607
1543112091;75608
1543132497;75609
1543152907;75610
1543173320;75611
1543193726;75612
1543214135;75613
1543234545;75614
1543254954;75615
1543275363;75616
1543295773;75617
1543316183;75618
1543336592;75619
1543357002;75620
1543377411;75621
1543397821;75622
1543418231;75623
1543438644;75624
1543459049;75625
1543479458;75626
1543499868;75627
1543520278;75628
1543540691;75629
1543561097;75630
1543581506;75631
1543601916;75632
1543622330;75633
1543642735;75634
1543663145;75635
1543683554;75636
1543703963;75637
1543724373;75638
1543744782;75639
1543765192;75640
1543785602;75641
1543806011;75642
1543826421;75643
1543846830;75644
1543867240;75645
1543887650;75646
1543908059;75647
1543928469;75648
1543948878;75649
1543969287;75650
1543989697;75651
1544010110;75652
1544030516;75653
1544050926;75654
1544071335;75655
1544091745;75656
1544112154;75657
1544132566;75658
1544152977;75659
1544173385;75660
1544193795;75661
1544214204;75662
1544234614;75663
1544255024;75664
1544275433;75665
1544295843;75666
1544316253;75667
1544336662;75668
1544357072;75669
1544377481;75670
1544397890;75671
1544418300;75672
1544438709;75673
1544459119;75674
1544479529;75675
1544499938;75676
1544520348;75677
1544540757;75678
1544561167;75679
1544581577;75680
1544601986;75681
1544622395;75682
1544642804;75683
1544663214;75684
1544683624;75685
1544704033;75686
1544724443;75687
1544744853;75688
1544765262;75689
1544785672;75690
1544806081;75691
1544826491;75692
1544846900;75693
1544867313;75694
1544887719;75695
1544908129;75696
1544928538;75697
1544948948;75698
1544969357;75699
1544989767;75700
1545010181;75701
1545030590;75702
1545050996;75703
1545071404;75704
1545091814;75705
1545112224;75706
1545132633;75707
1545153043;75708
1545173453;75709
1545193862;75710
1545214272;75711
1545234681;75712
1545255095;75713
1545275501;75714
1545295909;75715
1545316323;75716
1545336729;75717
1545357138;75718
1545377548;75719
1545397957;75720
1545418367;75721
1545438777;75722
1545459186;75723
1545479596;75724
1545500005;75725
1545520414;75726
1545540824;75727
1545561233;75728
1545581643;75729
1545602053;75730
1545622462;75731
1545642872;75732
1545663281;75733
1545683691;75734
1545704101;75735
1545724510;75736
1545744919;75737
1545765328;75738
1545785738;75739
1545806148;75740
1545826557;75741
1545846967;75742
1545867377;75743
1545887790;75744
1545908196;75745
1545928605;75746
1545949015;75747
1545969425;75748
1545989833;75749
1546010243;75750
1546030653;75751
1546051062;75752
1546071472;75753
1546091881;75754
1546112291;75755
1546132701;75756
1546153110;75757
1546173520;75758
1546193929;75759
1546214338;75760
1546234748;75761
1546255157;75762
1546275567;75763
1546295977;75764
1546316386;75765
1546336796;75766
1546357205;75767
1546377615;75768
1546398025;75769
1546418437;75770
1546438844;75771
1546459253;75772
1546479666;75773
1546500072;75774
1546520481;75775
1546540891;75776
1546561305;75777
1546581710;75778
1546602120;75779
1546622529;75780
1546642939;75781
1546663348;75782
1546683757;75783
1546704167;75784
1546724577;75785
1546744986;75786
1546765396;75787
1546785805;75788
1546806215;75789
1546826625;75790
1546847034;75791
1546867444;75792
1546887853;75793
1546908262;75794
1546928672;75795
1546949081;75796
1546969491;75797
1546989901;75798
1547010310;75799
1547030720;75800
1547051129;75801
1547071539;75802
1547091949;75803
1547112357;75804
1547132767;75805
1547153177;75806
1547173586;75807
1547193996;75808
1547214405;75809
1547234815;75810
1547255225;75811
1547275634;75812
1547296044;75813
1547316453;75814
1547336863;75815
1547357272;75816
1547377681;75817
1547398091;75818
1547418501;75819
1547438910;75820
1547459320;75821
1547479729;75822
1547500139;75823
1547520549;75824
1547540958;75825
1547561368;75826
1547581781;75827
1547602186;75828
1547622596;75829
1547643005;75830
1547663415;75831
1547683825;75832
1547704234;75833
1547724644;75834
1547745053;75835
1547765463;75836
1547785873;75837
1547806281;75838
1547826691;75839
1547847101;75840
1547867514;75841
1547887920;75842
1547908329;75843
1547928739;75844
1547949153;75845
1547969558;75846
1547989968;75847
1548010378;75848
1548030790;75849
1548051196;75850
1548071605;75851
1548092015;75852
1548112425;75853
1548132834;75854
1548153244;75855
1548173653;75856
1548194063;75857
1548214473;75858
1548234885;75859
1548255291;75860
1548275701;75861
1548296110;75862
1548316520;75863
1548336933;75864
1548357339;75865
1548377749;75866
1548398158;75867
1548418568;75868
1548438977;75869
1548459387;75870
1548479796;75871
1548500205;75872
1548520615;75873
1548541025;75874
1548561434;75875
1548581844;75876
1548602253;75877
1548622663;75878
1548643073;75879
1548663482;75880
1548683892;75881
1548704301;75882
1548724710;75883
1548745120;75884
1548765529;75885
1548785939;75886
1548806349;75887
1548826758;75888
1548847168;75889
1548867577;75890
1548887987;75891
1548908397;75892
1548928809;75893
1548949215;75894
1548969625;75895
1548990034;75896
1549010444;75897
1549030853;75898
1549051263;75899
1549071673;75900
1549092082;75901
1549112492;75902
1549132902;75903
1549153311;75904
1549173721;75905
1549194133;75906
1549214539;75907
1549234949;75908
1549255358;75909
1549275768;75910
1549296177;75911
1549316587;75912
1549336997;75913
1549357406;75914
1549377816;75915
1549398225;75916
1549418634;75917
1549439044;75918
1549459453;75919
1549479863;75920
1549500273;75921
1549520682;75922
1549541092;75923
1549561502;75924
1549581911;75925
1549602321;75926
1549622733;75927
1549643139;75928
1549663553;75929
1549683958;75930
1549704368;75931
1549724777;75932
1549745187;75933
1549765597;75934
1549786006;75935
1549806416;75936
1549826826;75937
1549847238;75938
1549867644;75939
1549888053;75940
1549908463;75941
1549928873;75942
1549949282;75943
1549969696;75944
1549990101;75945
1550010511;75946
1550030921;75947
1550051330;75948
1550071739;75949
1550092149;75950
1550112558;75951
1550132968;75952
1550153377;75953
1550173787;75954
1550194197;75955
1550214610;75956
1550235016;75957
1550255426;75958
1550275835;75959
1550296245;75960
1550316653;75961
1550337067;75962
1550357473;75963
1550377886;75964
1550398292;75965
1550418705;75966
1550439111;75967
1550459521;75968
1550479930;75969
1550500344;75970
1550520750;75971
1550541158;75972
1550561568;75973
1550581977;75974
1550602391;75975
1550622797;75976
1550643206;75977
1550663616;75978
1550684026;75979
1550704439;75980
1550724845;75981
1550745254;75982
1550765663;75983
1550786073;75984
1550806482;75985
1550826892;75986
1550847301;75987
1550867711;75988
1550888121;75989
1550908530;75990
1550928940;75991
1550949350;75992
1550969759;75993
1550990169;75994
1551010577;75995
1551030987;75996
1551051397;75997
1551071806;75998
1551092216;75999
1551112626;76000
1551133035;76001
1551153445;76002
1551173854;76003
1551194264;76004
1551214674;76005
1551235082;76006
1551255492;76007
1551275901;76008
1551296311;76009
1551316721;76010
1551337130;76011
1551357540;76012
1551377950;76013
1551398359;76014
1551418769;76015
1551439178;76016
1551459587;76017
1551479997;76018
1551500406;76019
1551520816;76020
1551541225;76021
1551561639;76022
1551582045;76023
1551602454;76024
1551622864;76025
1551643274;76026
1551663683;76027
1551684092;76028
1551704501;76029
1551724911;76030
1551745321;76031
1551765730;76032
1551786140;76033
1551806550;76034
1551826959;76035
1551847369;76036
1551867778;76037
1551888188;76038
1551908597;76039
1551929006;76040
1551949416;76041
1551969825;76042
1551990235;76043
1552010645;76044
1552031054;76045
1552051464;76046
1552071874;76047
1552092287;76048
1552112693;76049
1552133102;76050
1552153511;76051
1552173921;76052
1552194330;76053
1552214740;76054
1552235150;76055
1552255559;76056
1552275969;76057
1552296378;76058
1552316788;76059
1552337198;76060
1552357607;76061
1552378020;76062
1552398425;76063
1552418835;76064
1552439245;76065
1552459654;76066
1552480064;76067
1552500474;76068
1552520883;76069
1552541293;76070
1552561702;76071
1552582112;76072
1552602522;76073
1552622930;76074
1552643340;76075
1552663749;76076
1552684159;76077
1552704569;76078
1552724978;76079
1552745388;76080
1552765798;76081
1552786207;76082
1552806617;76083
1552827026;76084
1552847435;76085
1552867845;76086
1552888254;76087
1552908664;76088
1552929074;76089
1552949483;76090
1552969893;76091
1552990306;76092
1553010712;76093
1553031122;76094
1553051531;76095
1553071940;76096
1553092349;76097
1553112759;76098
1553133169;76099
1553153578;76100
1553173988;76101
1553194398;76102
1553214807;76103
1553235217;76104
1553255630;76105
1553276039;76106
1553296445;76107
1553316858;76108
1553337264;76109
1553357674;76110
1553378083;76111
1553398493;76112
1553418906;76113
1553439312;76114
1553459722;76115
1553480131;76116
1553500540;76117
1553520953;76118
1553541359;76119
1553561769;76120
1553582182;76121
1553602588;76122
1553622998;76123
1553643407;76124
1553663817;76125
1553684226;76126
1553704636;76127
1553725046;76128
1553745455;76129
1553765868;76130
1553786274;76131
1553806683;76132
1553827093;76133
1553847502;76134
1553867912;76135
1553888322;76136
1553908731;76137
1553929141;76138
1553949550;76139
1553969960;76140
1553990369;76141
1554010778;76142
1554031188;76143
1554051598;76144
1554072007;76145
1554092417;76146
1554112826;76147
1554133272;76148
1554153682;76149
1554174091;76150
1554194501;76151
1554214910;76152
1554235320;76153
1554255729;76154
1554276139;76155
1554296549;76156
1554316958;76157
1554337368;76158
1554357778;76159
1554378187;76160
1554398601;76161
1554419006;76162
1554439415;76163
1554459825;76164
1554480235;76165
1554500645;76166
1554521054;76167
1554541464;76168
1554561874;76169
1554582283;76170
1554602693;76171
1554623103;76172
1554643512;76173
1554663925;76174
1554684331;76175
1554704740;76176
1554725150;76177
1554745560;76178
1554765970;76179
1554786379;76180
1554806789;76181
1554827199;76182
1554847608;76183
1554868018;76184
1554888427;76185
1554908836;76186
1554929246;76187
1554949656;76188
1554970065;76189
1554990479;76190
1555010885;76191
1555031295;76192
1555051708;76193
1555072114;76194
1555092524;76195
1555112933;76196
1555133342;76197
1555153752;76198
1555174161;76199
1555194571;76200
1555214981;76201
1555235390;76202
1555255800;76203
1555276210;76204
1555296620;76205
1555317029;76206
1555337442;76207
1555357848;76208
1555378257;76209
1555398667;76210
1555419077;76211
1555439486;76212
1555459896;76213
1555480306;76214
1555500715;76215
1555521125;76216
1555541535;76217
1555561945;76218
1555582353;76219
1555602763;76220
1555623173;76221
1555643586;76222
1555663992;76223
1555684406;76224
1555704815;76225
1555725221;76226
1555745631;76227
1555766040;76228
1555786450;76229
1555806859;76230
1555827269;76231
1555847678;76232
1555868088;76233
1555888502;76234
1555908907;76235
1555929317;76236
1555949727;76237
1555970136;76238
1555990546;76239
1556010959;76240
1556031365;76241
1556051774;76242
1556072184;76243
1556092594;76244
1556113003;76245
1556133417;76246
1556153823;76247
1556174232;76248
1556194642;76249
1556215052;76250
1556235461;76251
1556255874;76252
1556276280;76253
1556296693;76254
1556317099;76255
1556337509;76256
1556357918;76257
1556378328;76258
1556398738;76259
1556419148;76260
1556439557;76261
1556459967;76262
1556480377;76263
1556500785;76264
1556521195;76265
1556541605;76266
1556562014;76267
1556582424;76268
1556602834;76269
1556623243;76270
1556643653;76271
1556664063;76272
1556684473;76273
1556704882;76274
1556725295;76275
1556745701;76276
1556766110;76277
1556786520;76278
1556806930;76279
1556827339;76280
1556847749;76281
1556868159;76282
1556888568;76283
1556908982;76284
1556929388;76285
1556949798;76286
1556970206;76287
1556990616;76288
1557011026;76289
1557031435;76290
1557051849;76291
1557072255;76292
1557092664;76293
1557113074;76294
1557133484;76295
1557153893;76296
1557174303;76297
1557194712;76298
1557215122;76299
1557235531;76300
1557255941;76301
1557276351;76302
1557296760;76303
1557317170;76304
1557337580;76305
1557357989;76306
1557378403;76307
1557398809;76308
1557419218;76309
1557439631;76310
1557460037;76311
1557480447;76312
1557500856;76313
1557521266;76314
1557541676;76315
1557562085;76316
1557582495;76317
1557602905;76318
1557623314;76319
1557643724;76320
1557664133;76321
1557684542;76322
1557704952;76323
1557725362;76324
1557745772;76325
1557766181;76326
1557786591;76327
1557807001;76328
1557827410;76329
1557847824;76330
1557868233;76331
1557888638;76332
1557909048;76333
1557929462;76334
1557949867;76335
1557970277;76336
1557990691;76337
1558011097;76338
1558031506;76339
1558051916;76340
1558072326;76341
1558092735;76342
1558113144;76343
1558133554;76344
1558153963;76345
1558174373;76346
1558194783;76347
1558215192;76348
1558235602;76349
1558256012;76350
1558276422;76351
1558296831;76352
1558317241;76353
1558337650;76354
1558358059;76355
1558378469;76356
1558398879;76357
1558419292;76358
1558439698;76359
1558460108;76360
1558480517;76361
1558500927;76362
1558521337;76363
1558541747;76364
1558562155;76365
1558582565;76366
1558602975;76367
1558623384;76368
1558643794;76369
1558664204;76370
1558684617;76371
1558705023;76372
1558725433;76373
1558745842;76374
1558766252;76375
1558786662;76376
1558807071;76377
1558827480;76378
1558847890;76379
1558868300;76380
1558888709;76381
1558909119;76382
1558929529;76383
1558949938;76384
1558970348;76385
1558990758;76386
1559011167;76387
1559031577;76388
1559051986;76389
1559072396;76390
1559092805;76391
1559113215;76392
1559133625;76393
1559154034;76394
1559174444;76395
1559194854;76396
1559215263;76397
1559235673;76398
1559256083;76399
1559276491;76400
1559296901;76401
1559317311;76402
1559337721;76403
1559358130;76404
1559378540;76405
1559398950;76406
1559419359;76407
1559439769;76408
1559460179;76409
1559480587;76410
1559500997;76411
1559521407;76412
1559541816;76413
1559562226;76414
1559582636;76415
1559603049;76416
1559623455;76417
1559643865;76418
1559664275;76419
1559684684;76420
1559705094;76421
1559725503;76422
1559745912;76423
1559766322;76424
1559786732;76425
1559807141;76426
1559827551;76427
1559847961;76428
1559868370;76429
1559888780;76430
1559909194;76431
1559929600;76432
1559950009;76433
1559970418;76434
1559990828;76435
1560011237;76436
1560031647;76437
1560052057;76438
1560072466;76439
1560092876;76440
1560113286;76441
1560133698;76442
1560154109;76443
1560174515;76444
1560194928;76445
1560215333;76446
1560235743;76447
1560256157;76448
1560276562;76449
1560296972;76450
1560317382;76451
1560337791;76452
1560358201;76453
1560378611;76454
1560399019;76455
1560419429;76456
1560439843;76457
1560460249;76458
1560480658;76459
1560501068;76460
1560521478;76461
1560541891;76462
1560562297;76463
1560582707;76464
1560603116;76465
1560623526;76466
1560643935;76467
1560664344;76468
1560684754;76469
1560705164;76470
1560725574;76471
1560745983;76472
1560766393;76473
1560786803;76474
1560807212;76475
1560827622;76476
1560848035;76477
1560868444;76478
1560888850;76479
1560909260;76480
1560929669;76481
1560950079;76482
1560970489;76483
1560990899;76484
1561011308;76485
1561031718;76486
1561052128;76487
1561072537;76488
1561092946;76489
1561113356;76490
1561133765;76491
1561154175;76492
1561174585;76493
1561194994;76494
1561215404;76495
1561235814;76496
1561256224;76497
1561276633;76498
1561297043;76499
1561317453;76500
1561337861;76501
1561358271;76502
1561378681;76503
1561399090;76504
1561419500;76505
1561439910;76506
1561460319;76507
1561480729;76508
1561501143;76509
1561521552;76510
1561541961;76511
1561562367;76512
1561582777;76513
1561603186;76514
1561623600;76515
1561644006;76516
1561664415;76517
1561684829;76518
1561705235;76519
1561725644;76520
1561746054;76521
1561766463;76522
1561786873;76523
1561807282;76524
1561827692;76525
1561848102;76526
1561868511;76527
1561888925;76528
1561909331;76529
1561929744;76530
1561950150;76531
1561970559;76532
1561990968;76533
1562011378;76534
1562031788;76535
1562052198;76536
1562072607;76537
1562093017;76538
1562113427;76539
1562133836;76540
1562154250;76541
1562174656;76542
1562195065;76543
1562215475;76544
1562235884;76545
1562256293;76546
1562276703;76547
1562297113;76548
1562317523;76549
1562337932;76550
1562358342;76551
1562378752;76552
1562399161;76553
1562419571;76554
1562439980;76555
1562460389;76556
1562480799;76557
1562501209;76558
1562521618;76559
1562542028;76560
1562562438;76561
1562582848;76562
1562603257;76563
1562623667;76564
1562644077;76565
1562664485;76566
1562684896;76567
1562705305;76568
1562725714;76569
1562746124;76570
1562766534;76571
1562786943;76572
1562807357;76573
1562827763;76574
1562848173;76575
1562868582;76576
1562888992;76577
1562909401;76578
1562929810;76579
1562950220;76580
1562970630;76581
1562991039;76582
1563011449;76583
1563031859;76584
1563052268;76585
1563072682;76586
1563093088;76587
1563113497;76588
1563133907;76589
1563154316;76590
1563174726;76591
1563195135;76592
1563215545;76593
1563235955;76594
1563256364;76595
1563276774;76596
1563297184;76597
1563317593;76598
1563338003;76599
1563358413;76600
1563378821;76601
1563399231;76602
1563419645;76603
1563440055;76604
1563460460;76605
1563480870;76606
1563501280;76607
1563521689;76608
1563542099;76609
1563562509;76610
1563582918;76611
1563603327;76612
1563623737;76613
1563644146;76614
1563664560;76615
1563684966;76616
1563705380;76617
1563725789;76618
1563746195;76619
1563766605;76620
1563787014;76621
1563807424;76622
1563827833;76623
1563848242;76624
1563868652;76625
1563889062;76626
1563909475;76627
1563929881;76628
1563950291;76629
1563970701;76630
1563991110;76631
1564011520;76632
1564031929;76633
1564052342;76634
1564072748;76635
1564093158;76636
1564113567;76637
1564133914;76638
1564154324;76639
1564174733;76640
1564195143;76641
1564215552;76642
1564235962;76643
1564256371;76644
1564276780;76645
1564297189;76646
1564317599;76647
1564338009;76648
1564358418;76649
1564378828;76650
1564399237;76651
1564419647;76652
1564440056;76653
1564460466;76654
1564480876;76655
1564501285;76656
1564521694;76657
1564542107;76658
1564562513;76659
1564582922;76660
1564603332;76661
1564623741;76662
1564644151;76663
1564664561;76664
1564684970;76665
1564705380;76666
1564725788;76667
1564746198;76668
1564766607;76669
1564787017;76670
1564807427;76671
1564827836;76672
1564848246;76673
1564868655;76674
1564889065;76675
1564909474;76676
1564929884;76677
1564950293;76678
1564970702;76679
1564991112;76680
1565011521;76681
1565031931;76682
1565052340;76683
1565072750;76684
1565093159;76685
1565113569;76686
1565133979;76687
1565154388;76688
1565174798;76689
1565195206;76690
1565215616;76691
1565236025;76692
1565256435;76693
1565276845;76694
1565297254;76695
1565317664;76696
1565338073;76697
1565358483;76698
1565378892;76699
1565399302;76700
1565419710;76701
1565440120;76702
1565460534;76703
1565480939;76704
1565501349;76705
1565521758;76706
1565542168;76707
1565562577;76708
1565582987;76709
1565603397;76710
1565623805;76711
1565644215;76712
1565664624;76713
1565685034;76714
1565705443;76715
1565725853;76716
1565746262;76717
1565766672;76718
1565787082;76719
1565807491;76720
1565827901;76721
1565848309;76722
1565868719;76723
1565889128;76724
1565909538;76725
1565929948;76726
1565950357;76727
1565970767;76728
1565991176;76729
1566011586;76730
1566031995;76731
1566052405;76732
1566072813;76733
1566093223;76734
1566113633;76735
1566134042;76736
1566154452;76737
1566174865;76738
1566195271;76739
1566215680;76740
1566236090;76741
1566256500;76742
1566276909;76743
1566297319;76744
1566317728;76745
1566338137;76746
1566358546;76747
1566378956;76748
1566399365;76749
1566419775;76750
1566440185;76751
1566460594;76752
1566481004;76753
1566501413;76754
1566521823;76755
1566542232;76756
1566562641;76757
1566583051;76758
1566603460;76759
1566623870;76760
1566644279;76761
1566664689;76762
1566685098;76763
1566705508;76764
1566725918;76765
1566746327;76766
1566766736;76767
1566787145;76768
1566807555;76769
1566827964;76770
1566848374;76771
1566868783;76772
1566889193;76773
1566909603;76774
1566930012;76775
1566950422;76776
1566970831;76777
1566991244;76778
1567011649;76779
1567032059;76780
1567052469;76781
1567072878;76782
1567093288;76783
1567113697;76784
1567134107;76785
1567154516;76786
1567174926;76787
1567195335;76788
1567215745;76789
1567236154;76790
1567256563;76791
1567276973;76792
1567297382;76793
1567317792;76794
1567338201;76795
1567358611;76796
1567379025;76797
1567399430;76798
1567419840;76799
1567440249;76800
1567460658;76801
1567481067;76802
1567501477;76803
1567521886;76804
1567542296;76805
1567562706;76806
1567583115;76807
1567603525;76808
1567623938;76809
1567644344;76810
1567664753;76811
1567685162;76812
1567705572;76813
1567725981;76814
1567746395;76815
1567766800;76816
1567787210;76817
1567807619;76818
1567828029;76819
1567848438;76820
1567868848;76821
1567889258;76822
1567909667;76823
1567930076;76824
1567950485;76825
1567970895;76826
1567991304;76827
1568011714;76828
1568032124;76829
1568052533;76830
1568072943;76831
1568093352;76832
1568113762;76833
1568134171;76834
1568154580;76835
1568174990;76836
1568195399;76837
1568215813;76838
1568236218;76839
1568256628;76840
1568277037;76841
1568297447;76842
1568317860;76843
1568338266;76844
1568358676;76845
1568379084;76846
1568399498;76847
1568419903;76848
1568440313;76849
1568460722;76850
1568481132;76851
1568501542;76852
1568521951;76853
1568542361;76854
1568562770;76855
1568583180;76856
1568603589;76857
1568623998;76858
1568644407;76859
1568664817;76860
1568685227;76861
1568705636;76862
1568726046;76863
1568746455;76864
1568766865;76865
1568787274;76866
1568807684;76867
1568828093;76868
1568848502;76869
1568868912;76870
1568889321;76871
1568909735;76872
1568930140;76873
1568950550;76874
1568970959;76875
1568991369;76876
1569011779;76877
1569032188;76878
1569052598;76879
1569073006;76880
1569093416;76881
1569113825;76882
1569134239;76883
1569154645;76884
1569175054;76885
1569195464;76886
1569215873;76887
1569236283;76888
1569256692;76889
1569277102;76890
1569297511;76891
1569317920;76892
1569338330;76893
1569358739;76894
1569379153;76895
1569399558;76896
1569419968;76897
1569440377;76898
1569460787;76899
1569481197;76900
1569501606;76901
1569522016;76902
1569542424;76903
1569562834;76904
1569583243;76905
1569603653;76906
1569624062;76907
1569644472;76908
1569664882;76909
1569685291;76910
1569705701;76911
1569726110;76912
1569746519;76913
1569766928;76914
1569787338;76915
1569807748;76916
1569828157;76917
1569848567;76918
1569868976;76919
1569889386;76920
1569909795;76921
1569930209;76922
1569950615;76923
1569971023;76924
1569991433;76925
1570011842;76926
1570032252;76927
1570052661;76928
1570073071;76929
1570093480;76930
1570113890;76931
1570134300;76932
1570154709;76933
1570175119;76934
1570195528;76935
1570215938;76936
1570236346;76937
1570256756;76938
1570277166;76939
1570297575;76940
1570317985;76941
1570338394;76942
1570358804;76943
1570379213;76944
1570399623;76945
1570420036;76946
1570440442;76947
1570460851;76948
1570481264;76949
1570501670;76950
1570522079;76951
1570542489;76952
1570562898;76953
1570583308;76954
1570603718;76955
1570624127;76956
1570644537;76957
1570664946;76958
1570685355;76959
1570705764;76960
1570726174;76961
1570746583;76962
1570766993;76963
1570787403;76964
1570807812;76965
1570828222;76966
1570848631;76967
1570869041;76968
1570889450;76969
1570909859;76970
1570930269;76971
1570950682;76972
1570971088;76973
1570991501;76974
1571011907;76975
1571032320;76976
1571052730;76977
1571073135;76978
1571093545;76979
1571113955;76980
1571134363;76981
1571154773;76982
1571175182;76983
1571195592;76984
1571216001;76985
1571236411;76986
1571256821;76987
1571277234;76988
1571297640;76989
1571318049;76990
1571338459;76991
1571358868;76992
1571379277;76993
1571399690;76994
1571420100;76995
1571440506;76996
1571460915;76997
1571481325;76998
1571501734;76999
1571522148;77000
1571542553;77001
1571562967;77002
1571583373;77003
1571603781;77004
1571624191;77005
1571644600;77006
1571665010;77007
1571685419;77008
1571705829;77009
1571726239;77010
1571746648;77011
1571767058;77012
1571787467;77013
1571807876;77014
1571828286;77015
1571848695;77016
1571869104;77017
1571889514;77018
1571909928;77019
1571930333;77020
1571950743;77021
1571971152;77022
1571991562;77023
1572011971;77024
1572032381;77025
1572052790;77026
1572073199;77027
1572093609;77028
1572114018;77029
1572134428;77030
1572154837;77031
1572175247;77032
1572195656;77033
1572216066;77034
1572236476;77035
1572256888;77036
1572277295;77037
1572297703;77038
1572318113;77039
1572338522;77040
1572358932;77041
1572379342;77042
1572399751;77043
1572420165;77044
1572440570;77045
1572460980;77046
1572481389;77047
1572501802;77048
1572522207;77049
1572542617;77050
1572563027;77051
1572583436;77052
1572603846;77053
1572624255;77054
1572644665;77055
1572665074;77056
1572685484;77057
1572705894;77058
1572726303;77059
1572746712;77060
1572767121;77061
1572787531;77062
1572807940;77063
1572828350;77064
1572848759;77065
1572869169;77066
1572889579;77067
1572909988;77068
1572930398;77069
1572950806;77070
1572971217;77071
1572991625;77072
1573012035;77073
1573032445;77074
1573052854;77075
1573073264;77076
1573093673;77077
1573114083;77078
1573134492;77079
1573154902;77080
1573175312;77081
1573195720;77082
1573216130;77083
1573236539;77084
1573256949;77085
1573277358;77086
1573297768;77087
1573318177;77088
1573338587;77089
1573358997;77090
1573379406;77091
1573399816;77092
1573420228;77093
1573440634;77094
1573461043;77095
1573481453;77096
1573501867;77097
1573522272;77098
1573542682;77099
1573563091;77100
1573583501;77101
1573603914;77102
1573624320;77103
1573644728;77104
1573665138;77105
1573685548;77106
1573705957;77107
1573726367;77108
1573746776;77109
1573767186;77110
1573787595;77111
1573808005;77112
1573828415;77113
1573848824;77114
1573869233;77115
1573889642;77116
1573910052;77117
1573930461;77118
1573950875;77119
1573971280;77120
1573991690;77121
1574012100;77122
1574032509;77123
1574052919;77124
1574073328;77125
1574093738;77126
1574114146;77127
1574134600;77128
1574155010;77129
1574175419;77130
1574195829;77131
1574216239;77132
1574236648;77133
1574257058;77134
1574277468;77135
1574297877;77136
1574318287;77137
1574338696;77138
1574359105;77139
1574379515;77140
1574399925;77141
1574420334;77142
1574440748;77143
1574461154;77144
1574481563;77145
1574501973;77146
1574522382;77147
1574542792;77148
1574563202;77149
1574583610;77150
1574604020;77151
1574624430;77152
1574644839;77153
1574665249;77154
1574685659;77155
1574706068;77156
1574726482;77157
1574746888;77158
1574767297;77159
1574787707;77160
1574808116;77161
1574828525;77162
1574848935;77163
1574869345;77164
1574889754;77165
1574910164;77166
1574930574;77167
1574950983;77168
1574971393;77169
1574991802;77170
1575012211;77171
1575032621;77172
1575053030;77173
1575073440;77174
1575093850;77175
1575114259;77176
1575134669;77177
1575155079;77178
1575175488;77179
1575195898;77180
1575216308;77181
1575236717;77182
1575257126;77183
1575277536;77184
1575297945;77185
1575318359;77186
1575338765;77187
1575359174;77188
1575379584;77189
1575399994;77190
1575420403;77191
1575440813;77192
1575461222;77193
1575481631;77194
1575502041;77195
1575522450;77196
1575542860;77197
1575563270;77198
1575583679;77199
1575604089;77200
1575624499;77201
1575644908;77202
1575665322;77203
1575685727;77204
1575706136;77205
1575726546;77206
1575746956;77207
1575767365;77208
1575787775;77209
1575808185;77210
1575828594;77211
1575849004;77212
1575869414;77213
1575889823;77214
1575910232;77215
1575930646;77216
1575951051;77217
1575971461;77218
1575991870;77219
1576012280;77220
1576032690;77221
1576053099;77222
1576073509;77223
1576093919;77224
1576114328;77225
1576134738;77226
1576155151;77227
1576175556;77228
1576195966;77229
1576216376;77230
1576236789;77231
1576257195;77232
1576277605;77233
1576298014;77234
1576318428;77235
1576338834;77236
1576359243;77237
1576379652;77238
1576400062;77239
1576420471;77240
1576440881;77241
1576461291;77242
1576481700;77243
1576502110;77244
1576522519;77245
1576542929;77246
1576563339;77247
1576583748;77248
1576604158;77249
1576624567;77250
1576644976;77251
1576665386;77252
1576685796;77253
1576706205;77254
1576726615;77255
1576747025;77256
1576767434;77257
1576787844;77258
1576808254;77259
1576828662;77260
1576849072;77261
1576869482;77262
1576889891;77263
1576910301;77264
1576930715;77265
1576951120;77266
1576971530;77267
1576991939;77268
1577012353;77269
1577032759;77270
1577053168;77271
1577073577;77272
1577093987;77273
1577114396;77274
1577134806;77275
1577155216;77276
1577175625;77277
1577196035;77278
1577216445;77279
1577236854;77280
1577257264;77281
1577277674;77282
1577298082;77283
1577318492;77284
1577338902;77285
1577359311;77286
1577379721;77287
1577400131;77288
1577420540;77289
1577440950;77290
1577461360;77291
1577481769;77292
1577502179;77293
1577522588;77294
1577542997;77295
1577563407;77296
1577583816;77297
1577604226;77298
1577624636;77299
1577645045;77300
1577665455;77301
1577685865;77302
1577706274;77303
1577726684;77304
1577747093;77305
1577767502;77306
1577787912;77307
1577808322;77308
1577828731;77309
1577849141;77310
1577869551;77311
1577889960;77312
1577910370;77313
1577930780;77314
1577951189;77315
1577971599;77316
1577992007;77317
1578012417;77318
1578032827;77319
1578053236;77320
1578073646;77321
1578094056;77322
1578114465;77323
1578134875;77324
1578155285;77325
1578175694;77326
1578196104;77327
1578216513;77328
1578236922;77329
1578257336;77330
1578277742;77331
1578298151;77332
1578318561;77333
1578338971;77334
1578359380;77335
1578379790;77336
1578400200;77337
1578420609;77338
1578441018;77339
1578461428;77340
1578481841;77341
1578502247;77342
1578522656;77343
1578543066;77344
1578563476;77345
1578583885;77346
1578604295;77347
1578624705;77348
1578645114;77349
1578665527;77350
1578685937;77351
1578706342;77352
1578726752;77353
1578747162;77354
1578767571;77355
1578787981;77356
1578808391;77357
1578828800;77358
1578849210;77359
1578869620;77360
1578890029;77361
1578910438;77362
1578930848;77363
1578951257;77364
1578971671;77365
1578992080;77366
1579012486;77367
1579032896;77368
1579053305;77369
1579073715;77370
1579094125;77371
1579114533;77372
1579134947;77373
1579155353;77374
1579175762;77375
1579196172;77376
1579216582;77377
1579236991;77378
1579257401;77379
1579277811;77380
1579298220;77381
1579318634;77382
1579339040;77383
1579359448;77384
1579379858;77385
1579400268;77386
1579420677;77387
1579441087;77388
1579461497;77389
1579481906;77390
1579502316;77391
1579522725;77392
1579543135;77393
1579563545;77394
1579583954;77395
1579604363;77396
1579624773;77397
1579645182;77398
1579665592;77399
1579686002;77400
1579706411;77401
1579726821;77402
1579747231;77403
1579767640;77404
1579788050;77405
1579808459;77406
1579828868;77407
1579849278;77408
1579869688;77409
1579890097;77410
1579910511;77411
1579930917;77412
1579951326;77413
1579971736;77414
1579992145;77415
1580012558;77416
1580032965;77417
1580053373;77418
1580073783;77419
1580094193;77420
1580114606;77421
1580135012;77422
1580155426;77423
1580175835;77424
1580196241;77425
1580216651;77426
1580237060;77427
1580257469;77428
1580277879;77429
1580298288;77430
1580318698;77431
1580339108;77432
1580359517;77433
1580379927;77434
1580400337;77435
1580420746;77436
1580441156;77437
1580461566;77438
1580481975;77439
1580502384;77440
1580522793;77441
1580543203;77442
1580563613;77443
1580584022;77444
1580604432;77445
1580624842;77446
1580645251;77447
1580665661;77448
1580686071;77449
1580706480;77450
1580726889;77451
1580747303;77452
1580767708;77453
1580788118;77454
1580808528;77455
1580828937;77456
1580849347;77457
1580869757;77458
1580890166;77459
1580910580;77460
1580930986;77461
1580951394;77462
1580971808;77463
1580992217;77464
1581012623;77465
1581033033;77466
1581053442;77467
1581073856;77468
1581094262;77469
1581114671;77470
1581135081;77471
1581155491;77472
1581175899;77473
1581196309;77474
1581216719;77475
1581237132;77476
1581257538;77477
1581277948;77478
1581298357;77479
1581318767;77480
1581339177;77481
1581359586;77482
1581379996;77483
1581400406;77484
1581420814;77485
1581441224;77486
1581461634;77487
1581482043;77488
1581502453;77489
1581522862;77490
1581543272;77491
1581563682;77492
1581584091;77493
1581604501;77494
1581624911;77495
1581645319;77496
1581665729;77497
1581686139;77498
1581706548;77499
1581726958;77500
1581747368;77501
1581767777;77502
1581788187;77503
1581808597;77504
1581829006;77505
1581849415;77506
1581869825;77507
1581890234;77508
1581910644;77509
1581931054;77510
1581951463;77511
1581971877;77512
1581992286;77513
1582012692;77514
1582033102;77515
1582053511;77516
1582073921;77517
1582094330;77518
1582114739;77519
1582135149;77520
1582155559;77521
1582175968;77522
1582196378;77523
1582216788;77524
1582237197;77525
1582257607;77526
1582278017;77527
1582298426;77528
1582318839;77529
1582339245;77530
1582359654;77531
1582380064;77532
1582400474;77533
1582420883;77534
1582441293;77535
1582461703;77536
1582482112;77537
1582502522;77538
1582522931;77539
1582543340;77540
1582563750;77541
1582584159;77542
1582604569;77543
1582624979;77544
1582645388;77545
1582665798;77546
1582686212;77547
1582706617;77548
1582727027;77549
1582747437;77550
1582767846;77551
1582788255;77552
1582808669;77553
1582829074;77554
1582849484;77555
1582869894;77556
1582890303;77557
1582910713;77558
1582931123;77559
1582951532;77560
1582971946;77561
1582992351;77562
1583012760;77563
1583033170;77564
1583053579;77565
1583073989;77566
1583094399;77567
1583114808;77568
1583135222;77569
1583155628;77570
1583176037;77571
1583196447;77572
1583216857;77573
1583237265;77574
1583257675;77575
1583278085;77576
1583298494;77577
1583318904;77578
1583339314;77579
1583359723;77580
1583380133;77581
1583400543;77582
1583420952;77583
1583441366;77584
1583461772;77585
1583482180;77586
1583502590;77587
1583522999;77588
1583543409;77589
1583563819;77590
1583584228;77591
1583604638;77592
1583625048;77593
1583645457;77594
1583665867;77595
1583686276;77596
1583706685;77597
1583727099;77598
1583747505;77599
1583767914;77600
1583788324;77601
1583808734;77602
1583829143;77603
1583849553;77604
1583869963;77605
1583890372;77606
1583910782;77607
1583931191;77608
1583951600;77609
1583972014;77610
1583992419;77611
1584012829;77612
1584033239;77613
1584053648;77614
1584074058;77615
1584094468;77616
1584114877;77617
1584135234;77618
1584155644;77619
1584176052;77620
1584196462;77621
1584216875;77622
1584237281;77623
1584257690;77624
1584278100;77625
1584298509;77626
1584318919;77627
1584339328;77628
1584359738;77629
1584380147;77630
1584400556;77631
1584420966;77632
1584441375;77633
1584461785;77634
1584482194;77635
1584502604;77636
1584523013;77637
1584543423;77638
1584563832;77639
1584584242;77640
1584604650;77641
1584625060;77642
1584645470;77643
1584665879;77644
1584686289;77645
1584706698;77646
1584727108;77647
1584747521;77648
1584767927;77649
1584788336;77650
1584808746;77651
1584829155;77652
1584849565;77653
1584869978;77654
1584890383;77655
1584910793;77656
1584931202;77657
1584951612;77658
1584972021;77659
1584992431;77660
1585012840;77661
1585033250;77662
1585053659;77663
1585074069;77664
1585094478;77665
1585114887;77666
1585135297;77667
1585155706;77668
1585176116;77669
1585196525;77670
1585216935;77671
1585237344;77672
1585257754;77673
1585278163;77674
1585298573;77675
1585318982;77676
1585339391;77677
1585359801;77678
1585380210;77679
1585400620;77680
1585421029;77681
1585441439;77682
1585461848;77683
1585482258;77684
1585502667;77685
