1479010291;72469
1479030700;72470
1479051110;72471
1479071518;72472
1479091927;72473
1479112337;72474
1479132745;72475
1479153155;72476
1479173563;72477
1479193972;72478
1479214382;72479
1479234794;72480
1479255200;72481
1479275608;72482
1479296017;72483
1479316427;72484
1479336835;72485
1479357245;72486
1479377653;72487
1479398062;72488
1479418472;72489
1479438880;72490
1479459290;72491
1479479699;72492
1479500108;72493
1479520517;72494
1479540925;72495
1479561335;72496
1479581744;72497
1479602153;72498
1479622562;72499
1479642970;72500
1479663380;72501
1479683789;72502
1479704198;72503
1479724607;72504
1479745016;72505
1479765425;72506
1479785834;72507
1479806243;72508
1479826652;72509
1479847061;72510
1479867474;72511
1479887879;72512
1479908288;72513
1479928697;72514
1479949106;72515
1479969515;72516
1479989924;72517
1480010333;72518
1480030742;72519
1480051151;72520
1480071560;72521
1480091969;72522
1480112379;72523
1480132787;72524
1480153197;72525
1480173605;72526
1480194014;72527
1480214424;72528
1480234832;72529
1480255242;72530
1480275650;72531
1480296059;72532
1480316469;72533
1480336877;72534
1480357287;72535
1480377695;72536
1480398104;72537
1480418514;72538
1480438922;72539
1480459332;72540
1480479741;72541
1480500149;72542
1480520559;72543
1480540967;72544
1480561377;72545
1480581786;72546
1480602198;72547
1480622604;72548
1480643012;72549
1480663422;72550
1480683831;72551
1480704240;72552
1480724649;72553
1480745058;72554
1480765467;72555
1480785876;72556
1480806285;72557
1480826694;72558
1480847103;72559
1480867512;72560
1480887921;72561
1480908330;72562
1480928739;72563
1480949148;72564
1480969557;72565
1480989966;72566
1481010379;72567
1481030784;72568
1481051197;72569
1481071602;72570
1481092011;72571
1481112421;72572
1481132829;72573
1481153239;72574
1481173647;72575
1481194056;72576
1481214466;72577
1481234874;72578
1481255284;72579
1481275692;72580
1481296101;72581
1481316511;72582
1481336919;72583
1481357329;72584
1481377737;72585
1481398146;72586
1481418556;72587
1481438964;72588
1481459374;72589
1481479783;72590
1481500191;72591
1481520601;72592
1481541009;72593
1481561419;72594
1481581828;72595
1481602236;72596
1481622646;72597
1481643054;72598
1481663464;72599
1481683873;72600
1481704281;72601
1481724691;72602
1481745100;72603
1481765509;72604
1481785918;72605
1481806327;72606
1481826736;72607
1481847145;72608
1481867554;72609
1481887963;72610
1481908372;72611
1481928781;72612
1481949190;72613
1481969599;72614
1481990008;72615
1482010417;72616
1482030826;72617
1482051235;72618
1482071644;72619
1482092053;72620
1482112463;72621
1482132871;72622
1482153284;72623
1482173689;72624
1482194098;72625
1482214512;72626
1482234916;72627
1482255325;72628
1482275734;72629
1482296143;72630
1482316553;72631
1482336961;72632
1482357370;72633
1482377779;72634
1482398188;72635
1482418602;72636
1482439006;72637
1482459416;72638
1482479825;72639
1482500233;72640
1482520643;72641
1482541051;72642
1482561461;72643
1482581870;72644
1482602278;72645
1482622688;72646
1482643096;72647
1482663506;72648
1482683915;72649
1482704327;72650
1482724733;72651
1482745142;72652
1482765555;72653
1482785960;72654
1482806372;72655
1482826778;72656
1482847187;72657
1482867596;72658
1482888005;72659
1482908414;72660
1482928827;72661
1482949232;72662
1482969641;72663
1482990050;72664
1483010459;72665
1483030868;72666
1483051277;72667
1483071686;72668
1483092095;72669
1483112509;72670
1483132913;72671
1483153322;72672
1483173731;72673
1483194140;72674
1483214550;72675
1483234962;72676
1483255367;72677
1483275776;72678
1483296185;72679
1483316595;72680
1483337003;72681
1483357412;72682
1483377825;72683
1483398230;72684
1483418640;72685
1483439052;72686
1483459458;72687
1483479867;72688
1483500275;72689
1483520685;72690
1483541093;72691
1483561503;72692
1483581912;72693
1483602320;72694
1483622730;72695
1483643142;72696
1483663548;72697
1483683957;72698
1483704365;72699
1483724775;72700
1483745184;72701
1483765593;72702
1483786002;72703
1483806410;72704
1483826820;72705
1483847229;72706
1483867638;72707
1483888047;72708
1483908455;72709
1483928865;72710
1483949274;72711
1483969683;72712
1483990092;72713
1484010501;72714
1484030910;72715
1484051319;72716
1484071728;72717
1484092137;72718
1484112596;72719
1484133004;72720
1484153413;72721
1484173823;72722
1484194231;72723
1484214640;72724
1484235050;72725
1484255459;72726
1484275868;72727
1484296277;72728
1484316687;72729
1484337095;72730
1484357504;72731
1484377914;72732
1484398323;72733
1484418732;72734
1484439145;72735
1484459550;72736
1484479959;72737
1484500368;72738
1484520778;72739
1484541187;72740
1484561595;72741
1484582005;72742
1484602414;72743
1484622823;72744
1484643232;72745
1484663642;72746
1484684050;72747
1484704459;72748
1484724869;72749
1484745278;72750
1484765687;72751
1484786096;72752
1484806505;72753
1484826914;72754
1484847323;72755
1484867733;72756
1484888142;72757
1484908550;72758
1484928960;72759
1484949369;72760
1484969778;72761
1484990187;72762
1485010596;72763
1485031006;72764
1485051414;72765
1485071824;72766
1485092233;72767
1485112645;72768
1485133051;72769
1485153460;72770
1485173870;72771
1485194278;72772
1485214687;72773
1485235097;72774
1485255505;72775
1485275919;72776
1485296324;72777
1485316734;72778
1485337142;72779
1485357551;72780
1485377961;72781
1485398369;72782
1485418778;72783
1485439188;72784
1485459597;72785
1485480006;72786
1485500415;72787
1485520829;72788
1485541233;72789
1485561642;72790
1485582052;72791
1485602461;72792
1485622870;72793
1485643279;72794
1485663688;72795
1485684097;72796
1485704506;72797
1485724916;72798
1485745325;72799
1485765733;72800
1485786143;72801
1485806552;72802
1485826961;72803
1485847370;72804
1485867779;72805
1485888193;72806
1485908597;72807
1485929007;72808
1485949416;72809
1485969825;72810
1485990234;72811
1486010643;72812
1486031052;72813
1486051465;72814
1486071874;72815
1486092280;72816
1486112688;72817
1486133098;72818
1486153507;72819
1486173916;72820
1486194325;72821
1486214734;72822
1486235144;72823
1486255552;72824
1486275962;72825
1486296371;72826
1486316783;72827
1486337193;72828
1486357598;72829
1486378008;72830
1486398416;72831
1486418826;72832
1486439235;72833
1486459643;72834
1486480053;72835
1486500462;72836
1486520871;72837
1486541280;72838
1486561689;72839
1486582099;72840
1486602507;72841
1486622917;72842
1486643326;72843
1486663735;72844
1486684144;72845
1486704553;72846
1486724963;72847
1486745371;72848
1486765780;72849
1486786190;72850
1486806599;72851
1486827008;72852
1486847417;72853
1486867826;72854
1486888235;72855
1486908644;72856
1486929054;72857
1486949463;72858
1486969875;72859
1486990281;72860
1487010690;72861
1487031099;72862
1487051508;72863
1487071918;72864
1487092327;72865
1487112735;72866
1487133145;72867
1487153554;72868
1487173963;72869
1487194376;72870
1487214781;72871
1487235191;72872
1487255599;72873
1487276009;72874
1487296418;72875
1487316826;72876
1487337236;72877
1487357645;72878
1487378055;72879
1487398463;72880
1487418876;72881
1487439282;72882
1487459690;72883
1487480104;72884
1487500509;72885
1487520918;72886
1487541327;72887
1487561736;72888
1487582146;72889
1487602554;72890
1487622964;72891
1487643373;72892
1487663781;72893
1487684191;72894
1487704600;72895
1487725010;72896
1487745422;72897
1487765827;72898
1487786237;72899
1487806645;72900
1487827055;72901
1487847464;72902
1487867873;72903
1487888282;72904
1487908691;72905
1487929101;72906
1487949509;72907
1487969918;72908
1487990328;72909
1488010737;72910
1488031146;72911
1488051555;72912
1488071965;72913
1488092373;72914
1488112782;72915
1488133192;72916
1488153605;72917
1488174010;72918
1488194419;72919
1488214828;72920
1488235237;72921
1488255646;72922
1488276056;72923
1488296465;72924
1488316873;72925
1488337283;72926
1488357692;72927
1488378101;72928
1488398510;72929
1488418919;72930
1488439329;72931
1488459737;72932
1488480147;72933
1488500556;72934
1488520964;72935
1488541374;72936
1488561783;72937
1488582193;72938
1488602605;72939
1488623011;72940
1488643420;72941
1488663828;72942
1488684238;72943
1488704647;72944
1488725057;72945
1488745465;72946
1488765874;72947
1488786284;72948
1488806692;72949
1488827102;72950
1488847511;72951
1488867919;72952
1488888329;72953
1488908738;72954
1488929148;72955
1488949556;72956
1488969965;72957
1488990375;72958
1489010783;72959
1489031193;72960
1489051602;72961
1489072011;72962
1489092420;72963
1489112829;72964
1489133239;72965
1489153647;72966
1489174057;72967
1489194466;72968
1489214875;72969
1489235284;72970
1489255693;72971
1489276103;72972
1489296511;72973
1489316920;72974
1489337330;72975
1489357739;72976
1489378148;72977
1489398557;72978
1489418966;72979
1489439375;72980
1489459784;72981
1489480194;72982
1489500603;72983
1489521011;72984
1489541421;72985
1489561830;72986
1489582239;72987
1489602648;72988
1489623057;72989
1489643467;72990
1489663875;72991
1489684285;72992
1489704694;72993
1489725102;72994
1489745512;72995
1489765921;72996
1489786331;72997
1489806739;72998
1489827152;72999
1489847558;73000
1489867966;73001
1489888376;73002
1489908785;73003
1489929195;73004
1489949607;73005
1489970012;73006
1489990422;73007
1490010830;73008
1490031240;73009
1490051649;73010
1490072058;73011
1490092467;73012
1490112876;73013
1490133286;73014
1490153694;73015
1490174103;73016
1490194513;73017
1490214921;73018
1490235331;73019
1490255740;73020
1490276149;73021
1490296558;73022
1490316967;73023
1490337381;73024
1490357785;73025
1490378195;73026
1490398604;73027
1490419013;73028
1490439422;73029
1490459831;73030
1490480245;73031
1490500649;73032
1490521058;73033
1490541468;73034
1490561877;73035
1490582286;73036
1490602695;73037
1490623104;73038
1490643513;73039
1490663922;73040
1490684332;73041
1490704741;73042
1490725149;73043
1490745559;73044
1490765968;73045
1490786377;73046
1490806786;73047
1490827195;73048
1490847605;73049
1490868013;73050
1490888423;73051
1490908832;73052
1490929241;73053
1490949650;73054
1490970059;73055
1490990469;73056
1491010877;73057
1491031287;73058
1491051696;73059
1491072104;73060
1491092514;73061
1491112923;73062
1491133333;73063
1491153741;73064
1491174150;73065
1491194560;73066
1491214968;73067
1491235378;73068
1491255787;73069
1491276196;73070
1491296605;73071
1491317018;73072
1491337424;73073
1491357832;73074
1491378242;73075
1491398651;73076
1491419060;73077
1491439469;73078
1491459878;73079
1491480288;73080
1491500696;73081
1491521105;73082
1491541515;73083
1491561924;73084
1491582333;73085
1491602742;73086
1491623151;73087
1491643560;73088
1491663969;73089
1491684379;73090
1491704791;73091
1491725196;73092
1491745606;73093
1491766015;73094
1491786424;73095
1491806833;73096
1491827243;73097
1491847651;73098
1491868060;73099
1491888470;73100
1491908879;73101
1491929288;73102
1491949697;73103
1491970106;73104
1491990515;73105
1492010924;73106
1492031334;73107
1492051747;73108
1492072151;73109
1492092561;73110
1492112970;73111
1492133379;73112
1492153788;73113
1492174197;73114
1492194607;73115
1492215015;73116
1492235425;73117
1492255838;73118
1492276242;73119
1492296652;73120
1492317061;73121
1492337471;73122
1492357879;73123
1492378289;73124
1492398698;73125
1492419106;73126
1492439516;73127
1492459925;73128
1492480335;73129
1492500743;73130
1492521152;73131
1492541562;73132
1492561974;73133
1492582384;73134
1492602789;73135
1492623198;73136
1492643607;73137
1492664016;73138
1492684426;73139
1492704834;73140
1492725244;73141
1492745653;73142
1492766062;73143
1492786471;73144
1492806884;73145
1492827293;73146
1492847698;73147
1492868111;73148
1492888517;73149
1492908926;73150
1492929335;73151
1492949744;73152
1492970153;73153
1492990566;73154
1493010971;73155
1493031381;73156
1493051789;73157
1493072198;73158
1493092608;73159
1493113017;73160
1493133426;73161
1493153835;73162
1493174244;73163
1493194653;73164
1493215062;73165
1493235472;73166
1493255881;73167
1493276293;73168
1493296699;73169
1493317108;73170
1493337517;73171
1493357926;73172
1493378336;73173
1493398745;73174
1493419153;73175
1493439563;73176
1493459972;73177
1493480381;73178
1493500790;73179
1493521199;73180
1493541609;73181
1493562017;73182
1493582427;73183
1493602836;73184
1493623244;73185
1493643654;73186
1493664063;73187
1493684473;73188
1493704881;73189
1493725291;73190
1493745700;73191
1493766108;73192
1493786522;73193
1493806927;73194
1493827337;73195
1493847749;73196
1493868154;73197
1493888568;73198
1493908972;73199
1493929385;73200
1493949795;73201
1493970204;73202
1493990613;73203
1494011018;73204
1494031428;73205
1494051836;73206
1494072245;73207
1494092659;73208
1494113010;73209
1494133415;73210
1494153824;73211
1494174232;73212
1494194642;73213
1494215050;73214
1494235460;73215
1494255869;73216
1494276278;73217
1494296687;73218
1494317095;73219
1494337505;73220
1494357914;73221
1494378323;73222
1494398732;73223
1494419140;73224
1494439550;73225
1494459959;73226
1494480368;73227
1494500777;73228
1494521185;73229
1494541595;73230
1494562004;73231
1494582413;73232
1494602822;73233
1494623230;73234
1494643640;73235
1494664049;73236
1494684462;73237
1494704867;73238
1494725279;73239
1494745689;73240
1494766094;73241
1494786503;73242
1494806912;73243
1494827320;73244
1494847730;73245
1494868139;73246
1494888548;73247
1494908957;73248
1494929366;73249
1494949775;73250
1494970183;73251
1494990593;73252
1495011002;73253
1495031415;73254
1495051820;73255
1495072228;73256
1495092638;73257
1495113047;73258
1495133456;73259
1495153865;73260
1495174273;73261
1495194683;73262
1495215092;73263
1495235501;73264
1495255910;73265
1495276318;73266
1495296728;73267
1495317137;73268
1495337546;73269
1495357955;73270
1495378364;73271
1495398773;73272
1495419186;73273
1495439591;73274
1495460000;73275
1495480409;73276
1495500818;73277
1495521227;73278
1495541636;73279
1495562045;73280
1495582454;73281
1495602863;73282
1495623271;73283
1495643681;73284
1495664090;73285
1495684499;73286
1495704908;73287
1495725317;73288
1495745726;73289
1495766135;73290
1495786544;73291
1495806953;73292
1495827361;73293
1495847771;73294
1495868180;73295
1495888593;73296
1495908998;73297
1495929407;73298
1495949820;73299
1495970225;73300
1495990634;73301
1496011043;73302
1496031452;73303
1496051861;73304
1496072270;73305
1496092679;73306
1496113092;73307
1496133497;73308
1496153910;73309
1496174315;73310
1496194724;73311
1496215133;73312
1496235542;73313
1496255955;73314
1496276359;73315
1496296769;73316
1496317178;73317
1496337587;73318
1496357996;73319
1496378405;73320
1496398814;73321
1496419223;73322
1496439632;73323
1496460041;73324
1496480450;73325
1496500859;73326
1496521268;73327
1496541677;73328
1496562086;73329
1496582495;73330
1496602904;73331
1496623313;73332
1496643722;73333
1496664131;73334
1496684540;73335
1496704953;73336
1496725358;73337
1496745767;73338
1496766180;73339
1496786585;73340
1496806994;73341
1496827403;73342
1496847816;73343
1496868221;73344
1496888630;73345
1496909039;73346
1496929447;73347
1496949857;73348
1496970266;73349
1496990679;73350
1497011084;73351
1497031493;73352
1497051906;73353
1497072311;73354
1497092720;73355
1497113129;73356
1497133538;73357
1497153947;73358
1497174356;73359
1497194765;73360
1497215174;73361
1497235583;73362
1497255992;73363
1497276401;73364
1497296810;73365
1497317223;73366
1497337632;73367
1497358037;73368
1497378446;73369
1497398855;73370
1497419264;73371
1497439673;73372
1497460082;73373
1497480491;73374
1497500900;73375
1497521309;73376
1497541718;73377
1497562127;73378
1497582535;73379
1497602945;73380
1497623354;73381
1497643763;73382
1497664172;73383
1497684580;73384
1497704990;73385
1497725403;73386
1497745808;73387
1497766217;73388
1497786626;73389
1497807035;73390
1497827444;73391
1497847853;73392
1497868262;73393
1497888671;73394
1497909080;73395
1497929489;73396
1497949898;73397
1497970307;73398
1497990716;73399
1498011125;73400
1498031534;73401
1498051943;73402
1498072352;73403
1498092761;73404
1498113170;73405
1498133579;73406
1498153988;73407
1498174397;73408
1498194806;73409
1498215215;73410
1498235623;73411
1498256033;73412
1498276442;73413
1498296851;73414
1498317260;73415
1498337669;73416
1498358078;73417
1498378487;73418
1498398896;73419
1498419305;73420
1498439714;73421
1498460123;73422
1498480532;73423
1498500941;73424
1498521350;73425
1498541759;73426
1498562168;73427
1498582577;73428
1498602986;73429
1498623395;73430
1498643804;73431
1498664213;73432
1498684623;73433
1498705031;73434
1498725440;73435
1498745849;73436
1498766258;73437
1498786668;73438
1498807076;73439
1498827489;73440
1498847894;73441
1498868303;73442
1498888711;73443
1498909121;73444
1498929530;73445
1498949939;73446
1498970348;73447
1498990761;73448
1499011166;73449
1499031575;73450
1499051984;73451
1499072393;73452
1499092802;73453
1499113211;73454
1499133620;73455
1499154029;73456
1499174438;73457
1499194847;73458
1499215256;73459
1499235665;73460
1499256074;73461
1499276483;73462
1499296892;73463
1499317301;73464
1499337711;73465
1499358119;73466
1499378528;73467
1499398937;73468
1499419346;73469
1499439756;73470
1499460164;73471
1499480573;73472
1499500982;73473
1499521391;73474
1499541800;73475
1499562209;73476
1499582618;73477
1499603027;73478
1499623436;73479
1499643845;73480
1499664254;73481
1499684663;73482
1499705072;73483
1499725481;73484
1499745890;73485
1499766299;73486
1499786708;73487
1499807117;73488
1499827526;73489
1499847935;73490
1499868344;73491
1499888754;73492
1499909166;73493
1499929571;73494
1499949980;73495
1499970389;73496
1499990799;73497
1500011211;73498
1500031616;73499
1500052025;73500
1500072434;73501
1500092844;73502
1500113256;73503
1500133665;73504
1500154070;73505
1500174479;73506
1500194889;73507
1500215297;73508
1500235707;73509
1500256115;73510
1500276524;73511
1500296933;73512
1500317342;73513
1500337752;73514
1500358160;73515
1500378573;73516
1500398978;73517
1500419387;73518
1500439797;73519
1500460205;73520
1500480614;73521
1500501027;73522
1500521432;73523
1500541842;73524
1500562250;73525
1500582659;73526
1500603068;73527
1500623477;73528
1500643887;73529
1500664295;73530
1500684705;73531
1500705113;73532
1500725522;73533
1500745932;73534
1500766340;73535
1500786749;73536
1500807158;73537
1500827567;73538
1500847977;73539
1500868385;73540
1500888794;73541
1500909203;73542
1500929612;73543
1500950021;73544
1500970430;73545
1500990840;73546
1501011248;73547
1501031657;73548
1501052066;73549
1501072475;73550
1501092885;73551
1501113293;73552
1501133702;73553
1501154111;73554
1501174520;73555
1501194930;73556
1501215338;73557
1501235747;73558
1501256156;73559
1501276565;73560
1501296975;73561
1501317383;73562
1501337793;73563
1501358201;73564
1501378610;73565
1501399020;73566
1501419428;73567
1501439838;73568
1501460246;73569
1501480655;73570
1501501065;73571
1501521473;73572
1501541883;73573
1501562291;73574
1501582700;73575
1501603109;73576
1501623518;73577
1501643928;73578
1501664336;73579
1501684745;73580
1501705154;73581
1501725563;73582
1501745973;73583
1501766381;73584
1501786794;73585
1501807199;73586
1501827608;73587
1501848018;73588
1501868426;73589
1501888836;73590
1501909244;73591
1501929653;73592
1501950063;73593
1501970471;73594
1501990881;73595
1502011289;73596
1502031698;73597
1502052108;73598
1502072516;73599
1502092926;73600
1502113334;73601
1502133743;73602
1502154153;73603
1502174561;73604
1502194971;73605
1502215379;73606
1502235789;73607
1502256201;73608
1502276606;73609
1502297016;73610
1502317424;73611
1502337834;73612
1502358242;73613
1502378651;73614
1502399061;73615
1502419469;73616
1502439879;73617
1502460287;73618
1502480696;73619
1502501106;73620
1502521514;73621
1502541924;73622
1502562332;73623
1502582741;73624
1502603151;73625
1502623559;73626
1502643969;73627
1502664377;73628
1502684786;73629
1502705196;73630
1502725604;73631
1502746014;73632
1502766422;73633
1502786832;73634
1502807241;73635
1502827649;73636
1502848059;73637
1502868467;73638
1502888877;73639
1502909285;73640
1502929694;73641
1502950104;73642
1502970512;73643
1502990921;73644
1503011330;73645
1503031739;73646
1503052149;73647
1503072557;73648
1503092967;73649
1503113375;73650
1503133784;73651
1503154194;73652
1503174602;73653
1503195012;73654
1503215420;73655
1503235833;73656
1503256239;73657
1503276647;73658
1503297057;73659
1503317465;73660
1503337875;73661
1503358284;73662
1503378692;73663
1503399102;73664
1503419510;73665
1503439919;73666
1503460329;73667
1503480737;73668
1503501147;73669
1503521555;73670
1503541965;73671
1503562373;73672
1503582782;73673
1503603192;73674
1503623600;73675
1503644010;73676
1503664418;73677
1503684827;73678
1503705237;73679
1503725645;73680
1503746059;73681
1503766463;73682
1503786872;73683
1503807282;73684
1503827690;73685
1503848100;73686
1503868508;73687
1503888917;73688
1503909327;73689
1503929735;73690
1503950145;73691
1503970553;73692
1503990966;73693
1504011372;73694
1504031780;73695
1504052190;73696
1504072598;73697
1504093008;73698
1504113419;73699
1504133827;73700
1504154237;73701
1504174645;73702
1504195055;73703
1504215464;73704
1504235872;73705
1504256282;73706
1504276690;73707
1504297100;73708
1504317509;73709
1504337917;73710
1504358327;73711
1504378735;73712
1504399145;73713
1504419553;73714
1504439962;73715
1504460372;73716
1504480780;73717
1504501190;73718
1504521602;73719
1504542008;73720
1504562417;73721
1504582829;73722
1504603235;73723
1504623643;73724
1504644052;73725
1504664462;73726
1504684870;73727
1504705280;73728
1504725692;73729
1504746098;73730
1504766507;73731
1504786915;73732
1504807325;73733
1504827733;73734
1504848143;73735
1504868552;73736
1504888960;73737
1504909370;73738
1504929778;73739
1504950188;73740
1504970597;73741
1504991005;73742
1505011415;73743
1505031827;73744
1505052233;73745
1505072642;73746
1505093051;73747
1505113460;73748
1505133868;73749
1505154278;73750
1505174687;73751
1505195096;73752
1505215505;73753
1505235913;73754
1505256323;73755
1505276732;73756
1505297141;73757
1505317550;73758
1505337958;73759
1505358368;73760
1505378777;73761
1505399186;73762
1505419595;73763
1505440007;73764
1505460417;73765
1505480822;73766
1505501231;73767
1505521640;73768
1505542048;73769
1505562458;73770
1505582867;73771
1505603276;73772
1505623685;73773
1505644094;73774
1505664503;73775
1505684912;73776
1505705321;73777
1505725730;73778
1505746139;73779
1505766548;73780
1505786957;73781
1505807366;73782
1505827775;73783
1505848184;73784
1505868593;73785
1505889002;73786
1505909411;73787
1505929820;73788
1505950229;73789
1505970638;73790
1505991047;73791
1506011456;73792
1506031865;73793
1506052274;73794
1506072683;73795
1506093092;73796
1506113501;73797
1506133910;73798
1506154319;73799
1506174728;73800
1506195138;73801
1506215546;73802
1506235955;73803
1506256364;73804
1506276773;73805
1506297183;73806
1506317591;73807
1506338000;73808
1506358409;73809
1506378818;73810
1506399227;73811
1506419636;73812
1506440045;73813
1506460454;73814
1506480863;73815
1506501272;73816
1506521681;73817
1506542090;73818
1506562499;73819
1506582908;73820
1506603317;73821
1506623726;73822
1506644135;73823
1506664544;73824
1506684957;73825
1506705362;73826
1506725771;73827
1506746181;73828
1506766589;73829
1506786998;73830
1506807411;73831
1506827816;73832
1506848226;73833
1506868634;73834
1506889043;73835
1506909452;73836
1506929861;73837
1506950271;73838
1506970679;73839
1506991092;73840
1507011497;73841
1507031906;73842
1507052316;73843
1507072724;73844
1507093134;73845
1507113542;73846
1507133951;73847
1507154361;73848
1507174769;73849
1507195179;73850
1507215587;73851
1507235996;73852
1507256406;73853
1507276814;73854
1507297224;73855
1507317632;73856
1507338041;73857
1507358451;73858
1507378859;73859
1507399269;73860
1507419681;73861
1507440086;73862
1507460500;73863
1507480904;73864
1507501314;73865
1507521722;73866
1507542131;73867
1507562541;73868
1507582949;73869
1507603359;73870
1507623767;73871
1507644176;73872
1507664586;73873
1507684994;73874
1507705404;73875
1507725812;73876
1507746222;73877
1507766631;73878
1507787039;73879
1507807449;73880
1507827857;73881
1507848267;73882
1507868676;73883
1507889084;73884
1507909494;73885
1507929902;73886
1507950312;73887
1507970721;73888
1507991129;73889
1508011539;73890
1508031947;73891
1508052357;73892
1508072766;73893
1508093174;73894
1508113584;73895
1508133992;73896
1508154402;73897
1508174811;73898
1508195219;73899
1508215629;73900
1508236041;73901
1508256447;73902
1508276860;73903
1508297264;73904
1508317674;73905
1508338082;73906
1508358492;73907
1508378900;73908
1508399310;73909
1508419719;73910
1508440127;73911
1508460537;73912
1508480945;73913
1508501355;73914
1508521768;73915
1508542172;73916
1508562582;73917
1508582990;73918
1508603400;73919
1508623809;73920
1508644221;73921
1508664631;73922
1508685035;73923
1508705445;73924
1508725854;73925
1508746262;73926
1508766672;73927
1508787080;73928
1508807490;73929
1508827899;73930
1508848308;73931
1508868717;73932
1508889125;73933
1508909535;73934
1508929944;73935
1508950356;73936
1508970762;73937
1508991170;73938
1509011580;73939
1509031989;73940
1509052398;73941
1509072807;73942
1509093215;73943
1509113625;73944
1509134034;73945
1509154443;73946
1509174852;73947
1509195260;73948
1509215670;73949
1509236079;73950
1509256488;73951
1509276897;73952
1509297305;73953
1509317715;73954
1509338124;73955
1509358533;73956
1509378942;73957
1509399351;73958
1509419760;73959
1509440169;73960
1509460578;73961
1509480987;73962
1509501396;73963
1509521805;73964
1509542214;73965
1509562623;73966
1509583032;73967
1509603441;73968
1509623850;73969
1509644259;73970
1509664668;73971
1509685077;73972
1509705486;73973
1509725895;73974
1509746305;73975
1509766713;73976
1509787122;73977
1509807531;73978
1509827940;73979
1509848350;73980
1509868758;73981
1509889167;73982
1509909576;73983
1509929985;73984
1509950398;73985
1509970803;73986
1509991216;73987
1510011621;73988
1510032030;73989
1510052440;73990
1510072848;73991
1510093257;73992
1510113666;73993
1510134075;73994
1510154485;73995
1510174893;73996
1510195306;73997
1510215715;73998
1510236120;73999
1510256534;74000
1510276938;74001
1510297347;74002
1510317756;74003
1510338165;74004
1510358574;74005
1510378983;74006
1510399393;74007
1510419801;74008
1510440210;74009
1510460623;74010
1510481028;74011
1510501438;74012
1510521846;74013
1510542255;74014
1510562664;74015
1510583073;74016
1510603483;74017
1510623891;74018
1510644300;74019
1510664709;74020
1510685118;74021
1510705528;74022
1510725936;74023
1510746346;74024
1510766754;74025
1510787163;74026
1510807573;74027
1510827981;74028
1510848391;74029
1510868799;74030
1510889208;74031
1510909618;74032
1510930026;74033
1510950436;74034
1510970844;74035
1510991253;74036
1511011663;74037
1511032071;74038
1511052481;74039
1511072889;74040
1511093298;74041
1511113708;74042
1511134116;74043
1511154526;74044
1511174938;74045
1511195344;74046
1511215753;74047
1511236161;74048
1511256571;74049
1511276979;74050
1511297389;74051
1511317798;74052
1511338210;74053
1511358616;74054
1511379024;74055
1511399434;74056
1511419843;74057
1511440251;74058
1511460661;74059
1511481069;74060
1511501479;74061
1511521888;74062
1511542296;74063
1511562706;74064
1511583114;74065
1511603524;74066
1511623933;74067
1511644341;74068
1511664751;74069
1511685159;74070
1511705569;74071
1511725978;74072
1511746386;74073
1511766800;74074
1511787208;74075
1511807614;74076
1511828023;74077
1511848432;74078
1511868841;74079
1511889249;74080
1511909659;74081
1511930072;74082
1511950477;74083
1511970886;74084
1511991294;74085
1512011704;74086
1512032113;74087
1512052522;74088
1512072931;74089
1512093339;74090
1512113749;74091
1512134158;74092
1512154567;74093
1512174976;74094
1512195384;74095
1512215794;74096
1512236203;74097
1512256616;74098
1512277021;74099
1512297430;74100
1512317839;74101
1512338247;74102
1512358657;74103
1512379066;74104
1512399475;74105
1512419884;74106
1512440292;74107
1512460702;74108
1512481111;74109
1512501523;74110
1512521929;74111
1512542337;74112
1512562747;74113
1512583156;74114
1512603565;74115
1512623974;74116
1512644382;74117
1512664792;74118
1512685201;74119
1512705614;74120
1512726023;74121
1512746428;74122
1512766837;74123
1512787246;74124
1512807659;74125
1512828068;74126
1512848473;74127
1512868882;74128
1512889291;74129
1512909700;74130
1512930109;74131
1512950518;74132
1512970927;74133
1512991336;74134
1513011745;74135
1513032154;74136
1513052563;74137
1513072972;74138
1513093385;74139
1513113790;74140
1513134199;74141
1513154608;74142
1513175017;74143
1513195426;74144
1513215835;74145
1513236244;74146
1513256652;74147
1513277062;74148
1513297472;74149
1513317880;74150
1513338289;74151
1513358698;74152
1513379107;74153
1513399517;74154
1513419925;74155
1513440334;74156
1513460743;74157
1513481152;74158
1513501562;74159
1513521970;74160
1513542379;74161
1513562788;74162
1513583197;74163
1513603607;74164
1513624015;74165
1513644424;74166
1513664833;74167
1513685246;74168
1513705652;74169
1513726060;74170
1513746470;74171
1513766878;74172
1513787287;74173
1513807697;74174
1513828105;74175
1513848515;74176
1513868923;74177
1513889332;74178
1513909742;74179
1513930150;74180
1513950560;74181
1513970968;74182
1513991377;74183
1514011787;74184
1514032195;74185
1514052605;74186
1514073013;74187
1514093422;74188
1514113817;74189
1514134225;74190
1514154635;74191
1514175043;74192
1514195452;74193
1514215861;74194
1514236270;74195
1514256679;74196
1514277088;74197
1514297497;74198
1514317906;74199
1514338315;74200
1514358724;74201
1514379133;74202
1514399542;74203
1514419951;74204
1514440360;74205
1514460769;74206
1514481178;74207
1514501587;74208
1514521996;74209
1514542404;74210
1514562814;74211
1514583223;74212
1514603636;74213
1514624045;74214
1514644449;74215
1514664859;74216
1514685267;74217
1514705677;74218
1514726086;74219
1514746494;74220
1514766904;74221
1514787312;74222
1514807722;74223
1514828130;74224
1514848539;74225
1514868949;74226
1514889357;74227
1514909767;74228
1514930175;74229
1514950585;74230
1514970993;74231
1514991402;74232
1515011811;74233
1515032224;74234
1515052630;74235
1515073038;74236
1515093447;74237
1515113856;74238
1515134269;74239
1515154674;74240
1515175083;74241
1515195492;74242
1515215901;74243
1515236310;74244
1515256719;74245
1515277128;74246
1515297537;74247
1515317946;74248
1515338355;74249
1515358764;74250
1515379173;74251
1515399582;74252
1515419991;74253
1515440399;74254
1515460809;74255
1515481218;74256
1515501627;74257
1515522036;74258
1515542444;74259
1515562854;74260
1515583262;74261
1515603672;74262
1515624080;74263
1515644489;74264
1515664899;74265
1515685307;74266
1515705721;74267
1515726125;74268
1515746534;74269
1515766943;74270
1515787352;74271
1515807762;74272
1515828170;74273
1515848579;74274
1515868988;74275
1515889397;74276
1515909806;74277
1515930215;74278
1515950625;74279
1515971033;74280
1515991442;74281
1516011851;74282
1516032260;74283
1516052669;74284
1516073078;74285
1516093487;74286
1516113896;74287
1516134305;74288
1516154714;74289
1516175123;74290
1516195531;74291
1516215941;74292
1516236350;74293
1516256759;74294
1516277168;74295
1516297577;74296
1516317986;74297
1516338394;74298
1516358804;74299
1516379212;74300
1516399621;74301
1516420031;74302
1516440439;74303
1516460849;74304
1516481257;74305
1516501670;74306
1516522075;74307
1516542484;74308
1516562894;74309
1516583302;74310
1516603712;74311
1516624120;74312
1516644529;74313
1516664938;74314
1516685347;74315
1516705757;74316
1516726165;74317
1516746574;74318
1516766983;74319
1516787392;74320
1516807801;74321
1516828210;74322
1516848620;74323
1516869028;74324
1516889437;74325
1516909846;74326
1516930255;74327
1516950664;74328
1516971073;74329
1516991482;74330
1517011891;74331
1517032300;74332
1517052709;74333
1517073118;74334
1517093526;74335
1517113940;74336
1517134344;74337
1517154754;74338
1517175167;74339
1517195571;74340
1517215981;74341
1517236389;74342
1517256799;74343
1517277207;74344
1517297616;74345
1517318026;74346
1517338434;74347
1517358848;74348
1517379252;74349
1517399665;74350
1517420070;74351
1517440483;74352
1517460889;74353
1517481297;74354
1517501707;74355
1517522115;74356
1517542524;74357
1517562933;74358
1517583342;74359
1517603752;74360
1517624160;74361
1517644569;74362
1517664978;74363
1517685387;74364
1517705796;74365
1517726205;74366
1517746613;74367
1517767023;74368
1517787432;74369
1517807841;74370
1517828250;74371
1517848658;74372
1517869068;74373
1517889476;74374
1517909886;74375
1517930295;74376
1517950703;74377
1517971113;74378
1517991521;74379
1518011935;74380
1518032339;74381
1518052748;74382
1518073158;74383
1518093566;74384
1518113976;74385
1518134384;74386
1518154794;74387
1518175202;74388
1518195611;74389
1518216021;74390
1518236433;74391
1518256839;74392
1518277251;74393
1518297656;74394
1518318065;74395
1518338474;74396
1518358888;74397
1518379292;74398
1518399705;74399
1518420110;74400
1518440519;74401
1518460928;74402
1518481337;74403
1518501745;74404
1518522155;74405
1518542564;74406
1518562973;74407
1518583382;74408
1518603790;74409
1518624200;74410
1518644612;74411
1518665018;74412
1518685427;74413
1518705835;74414
1518726245;74415
1518746653;74416
1518767063;74417
1518787471;74418
1518807881;74419
1518828290;74420
1518848698;74421
1518869108;74422
1518889516;74423
1518909926;74424
1518930334;74425
1518950743;74426
1518971153;74427
1518991561;74428
1519011975;74429
1519032379;74430
1519052788;74431
1519073197;74432
1519093606;74433
1519114016;74434
1519134424;74435
1519154837;74436
1519175242;74437
1519195651;74438
1519216060;74439
1519236469;74440
1519256878;74441
1519277287;74442
1519297696;74443
1519318105;74444
1519338514;74445
1519358923;74446
1519379332;74447
1519399740;74448
1519420150;74449
1519440559;74450
1519460967;74451
1519481377;74452
1519501785;74453
1519522195;74454
1519542603;74455
1519563013;74456
1519583422;74457
1519603830;74458
1519624240;74459
1519644648;74460
1519665058;74461
1519685466;74462
1519705875;74463
1519726289;74464
1519746693;74465
1519767103;74466
1519787515;74467
1519807920;74468
1519828329;74469
1519848738;74470
1519869148;74471
1519889560;74472
1519909965;74473
1519930374;74474
1519950783;74475
1519971192;74476
1519991601;74477
1520012010;74478
1520032419;74479
1520052828;74480
1520073241;74481
1520093646;74482
1520114055;74483
1520134464;74484
1520154872;74485
1520175282;74486
1520195691;74487
1520216100;74488
1520236509;74489
1520256917;74490
1520277327;74491
1520297735;74492
1520318145;74493
1520338554;74494
1520358962;74495
1520379372;74496
1520399780;74497
1520420190;74498
1520440602;74499
1520461008;74500
1520481417;74501
1520501825;74502
1520522235;74503
1520542643;74504
1520563053;74505
1520583461;74506
1520603870;74507
1520624279;74508
1520644692;74509
1520665098;74510
1520685506;74511
1520705915;74512
1520726324;74513
1520746733;74514
1520767142;74515
1520787551;74516
1520807961;74517
1520828369;74518
1520848778;74519
1520869187;74520
1520889596;74521
1520910004;74522
1520930414;74523
1520950823;74524
1520971232;74525
1520991641;74526
1521012054;74527
1521032459;74528
1521052867;74529
1521073277;74530
1521093686;74531
1521114095;74532
1521134504;74533
1521154912;74534
1521175322;74535
1521195730;74536
1521216140;74537
1521236549;74538
1521256957;74539
1521277367;74540
1521297775;74541
1521318185;74542
1521338593;74543
1521359002;74544
1521379411;74545
1521399820;74546
1521420230;74547
1521440638;74548
1521461048;74549
1521481456;74550
1521501869;74551
1521522274;74552
1521542683;74553
1521563093;74554
1521583501;74555
1521603910;74556
1521624319;74557
1521644728;74558
1521665137;74559
1521685546;74560
1521705955;74561
1521726364;74562
1521746777;74563
1521767182;74564
1521787591;74565
1521808003;74566
1521828409;74567
1521848818;74568
1521869227;74569
1521889640;74570
1521910045;74571
1521930454;74572
1521950862;74573
1521971272;74574
1521991681;74575
1522012090;74576
1522032499;74577
1522052907;74578
1522073317;74579
1522093725;74580
1522114135;74581
1522134543;74582
1522154952;74583
1522175362;74584
1522195770;74585
1522216180;74586
1522236588;74587
1522256997;74588
1522277410;74589
1522297815;74590
1522318225;74591
1522338633;74592
1522359042;74593
1522379451;74594
1522399860;74595
1522420269;74596
1522440678;74597
1522461087;74598
1522481496;74599
1522501905;74600
1522522314;74601
1522542723;74602
1522563132;74603
1522583541;74604
1522603950;74605
1522624359;74606
1522644768;74607
1522665177;74608
1522685586;74609
1522705994;74610
1522726404;74611
1522746812;74612
1522767222;74613
1522787631;74614
1522808039;74615
1522828449;74616
1522848857;74617
1522869267;74618
1522889675;74619
1522910085;74620
1522930494;74621
1522950902;74622
1522971312;74623
1522991720;74624
1523012130;74625
1523032538;74626
1523052947;74627
1523073357;74628
1523093765;74629
1523114175;74630
1523134583;74631
1523154992;74632
1523175401;74633
1523195810;74634
1523216220;74635
1523236628;74636
1523257037;74637
1523277446;74638
1523297855;74639
1523318268;74640
1523338673;74641
1523359082;74642
1523379491;74643
1523399900;74644
1523420309;74645
1523440718;74646
1523461126;74647
1523481536;74648
1523501944;74649
1523522354;74650
1523542763;74651
1523563172;74652
1523583581;74653
1523603989;74654
1523624399;74655
1523644807;74656
1523665217;74657
1523685626;74658
1523706038;74659
1523726444;74660
1523746852;74661
1523767262;74662
1523787670;74663
1523808079;74664
1523828489;74665
1523848897;74666
1523869307;74667
1523889715;74668
1523910124;74669
1523930533;74670
1523950942;74671
1523971352;74672
1523991760;74673
1524012170;74674
1524032578;74675
1524052987;74676
1524073396;74677
1524093809;74678
1524114303;74679
1524134711;74680
1524155120;74681
1524175530;74682
1524195938;74683
1524216348;74684
1524236757;74685
1524257166;74686
1524277575;74687
1524297984;74688
1524318394;74689
1524338803;74690
1524359211;74691
1524379621;74692
1524400030;74693
1524420440;74694
1524440848;74695
1524461257;74696
1524481667;74697
1524502076;74698
1524522485;74699
1524542894;74700
1524563303;74701
1524583713;74702
1524604121;74703
1524624531;74704
1524644940;74705
1524665350;74706
1524685762;74707
1524706167;74708
1524726577;74709
1524746986;74710
1524767395;74711
1524787804;74712
1524808213;74713
1524828623;74714
1524849031;74715
1524869441;74716
1524889850;74717
1524910260;74718
1524930668;74719
1524951077;74720
1524971487;74721
1524991896;74722
1525012304;74723
1525032718;74724
1525053123;74725
1525073533;74726
1525093941;74727
1525114354;74728
1525134764;74729
1525155169;74730
1525175578;74731
1525195987;74732
1525216397;74733
1525236806;74734
1525257214;74735
1525277624;74736
1525298033;74737
1525318443;74738
1525338851;74739
1525359260;74740
1525379670;74741
1525400079;74742
1525420488;74743
1525440897;74744
1525461306;74745
1525481716;74746
1525502124;74747
1525522534;74748
1525542943;74749
1525563353;74750
1525583761;74751
1525604170;74752
1525624580;74753
1525644989;74754
1525665401;74755
1525685807;74756
1525706216;74757
1525726626;74758
1525747034;74759
1525767447;74760
1525787857;74761
1525808262;74762
1525828671;74763
1525849080;74764
1525869490;74765
1525889902;74766
1525910311;74767
1525930717;74768
1525951126;74769
1525971535;74770
1525991944;74771
1526012357;74772
1526032763;74773
1526053171;74774
1526073581;74775
1526093990;74776
1526114400;74777
1526134808;74778
1526155217;74779
1526175627;74780
1526196036;74781
1526216445;74782
1526236854;74783
1526257267;74784
1526277673;74785
1526298081;74786
1526318491;74787
1526338900;74788
1526359309;74789
1526379718;74790
1526400127;74791
1526420537;74792
1526440946;74793
1526461354;74794
1526481764;74795
1526502173;74796
1526522583;74797
1526542991;74798
1526563400;74799
1526583814;74800
1526604219;74801
1526624628;74802
1526645037;74803
1526665447;74804
1526685856;74805
1526706264;74806
1526726674;74807
1526747083;74808
1526767493;74809
1526787901;74810
1526808310;74811
1526828720;74812
1526849129;74813
1526869538;74814
1526889947;74815
1526910356;74816
1526930766;74817
1526951174;74818
1526971584;74819
1526991993;74820
1527012403;74821
1527032811;74822
1527053220;74823
1527073630;74824
1527094043;74825
1527114448;74826
1527134857;74827
1527155266;74828
1527175676;74829
1527196088;74830
1527216494;74831
1527236903;74832
1527257316;74833
1527277721;74834
1527298130;74835
1527318540;74836
1527338949;74837
1527359357;74838
1527379767;74839
1527400176;74840
1527420590;74841
1527440994;74842
1527461403;74843
1527481813;74844
1527502222;74845
1527522631;74846
1527543040;74847
1527563449;74848
1527583858;74849
1527604267;74850
1527624677;74851
1527645086;74852
1527665495;74853
1527685904;74854
1527706313;74855
1527726723;74856
1527747131;74857
1527767541;74858
1527787950;74859
1527808359;74860
1527828768;74861
1527849177;74862
1527869591;74863
1527890000;74864
1527910404;74865
1527930814;74866
1527951223;74867
1527971633;74868
1527992041;74869
1528012450;74870
1528032860;74871
1528053269;74872
1528073678;74873
1528094091;74874
1528114497;74875
1528134906;74876
1528155314;74877
1528175724;74878
1528196133;74879
1528216543;74880
1528236951;74881
1528257360;74882
1528277770;74883
1528298183;74884
1528318588;74885
1528338997;74886
1528359406;74887
1528379816;74888
1528400224;74889
1528420634;74890
1528441043;74891
1528461452;74892
1528481865;74893
1528502270;74894
1528522680;74895
1528543089;74896
1528563497;74897
1528583907;74898
1528604316;74899
1528624726;74900
1528645134;74901
1528665544;74902
1528685953;74903
1528706362;74904
1528726771;74905
1528747180;74906
1528767590;74907
1528787999;74908
1528808407;74909
1528828817;74910
1528849226;74911
1528869640;74912
1528890044;74913
1528910453;74914
1528930863;74915
1528951272;74916
1528971681;74917
1528992090;74918
1529012500;74919
1529032913;74920
1529053317;74921
1529073727;74922
1529094136;74923
1529114546;74924
1529134954;74925
1529155363;74926
1529175773;74927
1529196181;74928
1529216591;74929
1529237004;74930
1529257409;74931
1529277822;74932
1529298227;74933
1529318637;74934
1529339046;74935
1529359454;74936
1529379864;74937
1529400273;74938
1529420683;74939
1529441091;74940
1529461500;74941
1529481910;74942
1529502323;74943
1529522732;74944
1529543141;74945
1529563546;74946
1529583956;74947
1529604364;74948
1529624774;74949
1529645183;74950
1529665593;74951
1529686001;74952
1529706410;74953
1529726820;74954
1529747229;74955
1529767638;74956
1529788047;74957
1529808456;74958
1529828866;74959
1529849274;74960
1529869684;74961
1529890093;74962
1529910502;74963
1529930911;74964
1529951320;74965
1529971730;74966
1529992139;74967
1530012548;74968
1530032957;74969
1530053366;74970
1530073776;74971
1530094184;74972
1530114594;74973
1530135003;74974
1530155412;74975
1530175821;74976
1530196230;74977
1530216640;74978
1530237049;74979
1530257457;74980
1530277867;74981
1530298276;74982
1530318686;74983
1530339094;74984
1530359503;74985
1530379913;74986
1530400322;74987
1530420731;74988
1530441140;74989
1530461549;74990
1530481959;74991
1530502367;74992
1530522777;74993
1530543190;74994
1530563595;74995
1530584004;74996
1530604413;74997
1530624823;74998
1530645236;74999
1530665641;75000
1530686050;75001
1530706463;75002
1530726869;75003
1530747277;75004
1530767687;75005
1530788096;75006
1530808505;75007
1530828914;75008
1530849323;75009
1530869733;75010
1530890141;75011
1530910550;75012
1530930960;75013
1530951369;75014
1530971778;75015
1530992187;75016
1531012596;75017
1531033006;75018
1531053414;75019
1531073828;75020
1531094233;75021
1531114642;75022
1531135051;75023
1531155460;75024
1531175870;75025
1531196279;75026
1531216688;75027
1531237097;75028
1531257506;75029
1531277916;75030
1531298324;75031
1531318738;75032
1531339143;75033
1531359552;75034
1531379961;75035
1531400370;75036
1531420780;75037
1531441189;75038
1531461597;75039
1531482007;75040
1531502416;75041
1531522830;75042
1531543234;75043
1531563644;75044
1531584053;75045
1531604462;75046
1531624871;75047
1531645280;75048
1531665690;75049
1531686099;75050
1531706511;75051
1531726917;75052
1531747326;75053
1531767739;75054
1531788144;75055
1531808553;75056
1531828967;75057
1531849372;75058
1531869781;75059
1531890190;75060
1531910599;75061
1531931009;75062
1531951417;75063
1531971827;75064
1531992236;75065
1532012645;75066
1532033054;75067
1532053463;75068
1532073873;75069
1532094282;75070
1532114694;75071
1532135100;75072
1532155509;75073
1532175919;75074
1532196327;75075
1532216737;75076
1532237146;75077
1532257555;75078
1532277964;75079
1532298373;75080
1532318783;75081
1532339192;75082
1532359600;75083
1532380010;75084
1532400419;75085
1532420829;75086
1532441237;75087
1532461646;75088
1532482056;75089
1532502464;75090
1532522874;75091
1532543283;75092
1532563692;75093
1532584101;75094
1532604510;75095
1532624920;75096
1532645329;75097
1532665737;75098
1532686147;75099
1532706556;75100
1532726966;75101
1532747374;75102
1532767784;75103
1532788193;75104
1532808602;75105
1532829011;75106
1532849420;75107
1532869830;75108
1532890239;75109
1532910647;75110
1532931057;75111
1532951466;75112
1532971876;75113
1532992284;75114
1533012693;75115
1533033103;75116
1533053512;75117
1533073921;75118
1533094330;75119
1533114743;75120
1533135149;75121
1533155557;75122
1533175967;75123
1533196376;75124
1533216789;75125
1533237194;75126
1533257603;75127
1533278013;75128
1533298426;75129
1533318831;75130
1533339240;75131
1533359649;75132
1533380059;75133
1533400467;75134
1533420877;75135
1533441286;75136
1533461695;75137
1533482104;75138
1533502513;75139
1533522923;75140
1533543332;75141
1533563741;75142
1533584150;75143
1533604559;75144
1533624969;75145
1533645377;75146
1533665786;75147
1533686196;75148
1533706605;75149
1533727014;75150
1533747423;75151
1533767833;75152
1533788242;75153
1533808650;75154
1533829060;75155
1533849469;75156
1533869883;75157
1533890287;75158
1533910696;75159
1533931110;75160
1533951515;75161
1533971924;75162
1533992333;75163
1534012742;75164
1534033152;75165
1534053560;75166
1534073970;75167
1534094379;75168
1534114723;75169
1534135131;75170
1534155540;75171
1534175949;75172
1534196358;75173
1534216768;75174
1534237176;75175
1534257585;75176
1534277994;75177
1534298403;75178
1534318813;75179
1534339221;75180
1534359630;75181
1534380039;75182
1534400448;75183
1534420858;75184
1534441266;75185
1534461675;75186
1534482085;75187
1534502493;75188
1534522903;75189
1534543311;75190
1534563721;75191
1534584130;75192
1534604538;75193
1534624948;75194
1534645356;75195
1534665766;75196
1534686175;75197
1534706583;75198
1534726993;75199
1534747401;75200
1534767811;75201
1534788220;75202
1534808628;75203
1534829038;75204
1534849447;75205
1534869856;75206
1534890265;75207
1534910673;75208
1534931083;75209
1534951492;75210
1534971901;75211
1534992310;75212
1535012718;75213
1535033128;75214
1535053537;75215
1535073946;75216
1535094355;75217
1535114768;75218
1535135173;75219
1535155582;75220
1535175991;75221
1535196400;75222
1535216809;75223
1535237218;75224
1535257631;75225
1535278036;75226
1535298445;75227
1535318855;75228
1535339263;75229
1535359672;75230
1535380081;75231
1535400490;75232
1535420900;75233
1535441312;75234
1535461717;75235
1535482127;75236
1535502535;75237
1535522945;75238
1535543353;75239
1535563762;75240
1535584172;75241
1535604584;75242
1535624990;75243
1535645398;75244
1535665808;75245
1535686217;75246
1535706625;75247
1535727039;75248
1535747443;75249
1535767853;75250
1535788262;75251
1535808670;75252
1535829080;75253
1535849489;75254
1535869898;75255
1535890307;75256
1535910715;75257
1535931125;75258
1535951538;75259
1535971947;75260
1535992352;75261
1536012760;75262
1536033174;75263
1536053579;75264
1536073988;75265
1536094397;75266
1536114810;75267
1536135215;75268
1536155624;75269
1536176033;75270
1536196442;75271
1536216852;75272
1536237260;75273
1536257669;75274
1536278081;75275
1536298487;75276
1536318897;75277
1536339305;75278
1536359714;75279
1536380123;75280
1536400532;75281
1536420942;75282
1536441354;75283
1536461759;75284
1536482169;75285
1536502577;75286
1536522987;75287
1536543395;75288
1536563804;75289
1536584214;75290
1536604622;75291
1536625032;75292
1536645440;75293
1536665849;75294
1536686259;75295
1536706667;75296
1536727077;75297
1536747485;75298
1536767894;75299
1536788304;75300
1536808712;75301
1536829122;75302
1536849531;75303
1536869940;75304
1536890349;75305
1536910757;75306
1536931167;75307
1536951576;75308
1536971985;75309
1536992394;75310
1537012802;75311
1537033212;75312
1537053621;75313
1537074030;75314
1537094439;75315
1537114847;75316
1537135257;75317
1537155666;75318
1537176075;75319
1537196484;75320
1537216893;75321
1537237302;75322
1537257711;75323
1537278120;75324
1537298529;75325
1537318939;75326
1537339347;75327
1537359756;75328
1537380165;75329
1537400574;75330
1537420984;75331
1537441392;75332
1537461805;75333
1537482211;75334
1537502619;75335
1537523029;75336
1537543437;75337
1537563847;75338
1537584256;75339
1537604664;75340
1537625074;75341
1537645482;75342
1537665892;75343
1537686301;75344
1537706709;75345
1537727119;75346
1537747527;75347
1537767940;75348
1537788350;75349
1537808754;75350
1537829164;75351
1537849573;75352
1537869981;75353
1537890391;75354
1537910799;75355
1537931209;75356
1537951622;75357
1537972027;75358
1537992440;75359
1538012844;75360
1538033254;75361
1538053663;75362
1538074072;75363
1538094481;75364
1538114889;75365
1538135299;75366
1538155708;75367
1538176117;75368
1538196526;75369
1538216935;75370
1538237344;75371
1538257753;75372
1538278162;75373
1538298571;75374
1538318984;75375
1538339389;75376
1538359798;75377
1538380207;75378
1538400616;75379
1538421026;75380
1538441434;75381
1538461843;75382
1538482253;75383
1538502661;75384
1538523071;75385
1538543479;75386
1538563888;75387
1538584298;75388
1538604706;75389
1538625116;75390
1538645524;75391
1538665934;75392
1538686347;75393
1538706751;75394
1538727161;75395
1538747569;75396
1538767979;75397
1538788388;75398
1538808796;75399
1538829206;75400
1538849615;75401
1538870024;75402
1538890433;75403
1538910841;75404
1538931251;75405
1538951660;75406
1538972069;75407
1538992478;75408
1539012886;75409
1539033296;75410
1539053705;75411
1539074114;75412
1539094523;75413
1539114931;75414
1539135341;75415
1539155750;75416
1539176159;75417
1539196568;75418
1539216977;75419
1539237386;75420
1539257795;75421
1539278204;75422
1539298613;75423
1539319023;75424
1539339431;75425
1539359840;75426
1539380249;75427
1539400658;75428
1539421068;75429
1539441476;75430
1539461885;75431
1539482295;75432
1539502703;75433
1539523113;75434
1539543521;75435
1539563930;75436
1539584340;75437
1539604748;75438
1539625158;75439
1539645566;75440
1539665976;75441
1539686385;75442
1539706793;75443
1539727203;75444
1539747611;75445
1539768024;75446
1539788430;75447
1539808838;75448
1539829248;75449
1539849657;75450
1539870066;75451
1539890475;75452
1539910883;75453
1539931293;75454
1539951702;75455
1539972111;75456
1539992520;75457
1540012928;75458
1540033338;75459
1540053747;75460
1540074156;75461
1540094565;75462
1540114973;75463
1540135383;75464
1540155792;75465
1540176201;75466
1540196610;75467
1540217019;75468
1540237428;75469
1540257841;75470
1540278246;75471
1540298655;75472
1540319065;75473
1540339473;75474
1540359882;75475
1540380291;75476
1540400700;75477
1540421110;75478
1540441518;75479
1540461927;75480
1540482337;75481
1540502745;75482
1540523155;75483
1540543563;75484
1540563972;75485
1540584382;75486
1540604790;75487
1540625204;75488
1540645608;75489
1540666018;75490
1540686427;75491
1540706835;75492
1540727249;75493
1540747657;75494
1540768062;75495
1540788472;75496
1540808880;75497
1540829290;75498
1540849699;75499
1540870107;75500
1540890517;75501
1540910925;75502
1540931335;75503
1540951744;75504
1540972153;75505
1540992562;75506
1541012970;75507
1541033380;75508
1541053789;75509
1541074198;75510
1541094607;75511
1541115015;75512
1541135425;75513
1541155834;75514
1541176243;75515
1541196652;75516
1541217065;75517
1541237470;75518
1541257879;75519
1541278288;75520
1541298697;75521
1541319107;75522
1541339515;75523
1541359928;75524
1541380333;75525
1541400742;75526
1541421152;75527
1541441560;75528
1541461969;75529
1541482379;75530
1541502787;75531
1541523197;75532
1541543609;75533
1541564014;75534
1541584424;75535
1541604832;75536
1541625246;75537
1541645650;75538
1541666059;75539
1541686469;75540
1541706877;75541
1541727287;75542
1541747695;75543
1541768104;75544
1541788518;75545
1541808926;75546
1541829332;75547
1541849741;75548
1541870150;75549
1541890559;75550
1541910967;75551
1541931377;75552
1541951786;75553
1541972195;75554
1541992604;75555
1542013012;75556
1542033422;75557
1542053831;75558
1542074240;75559
1542094649;75560
1542115057;75561
1542135467;75562
1542155876;75563
1542176289;75564
1542196698;75565
1542217103;75566
1542237512;75567
1542257921;75568
1542278330;75569
1542298739;75570
1542319149;75571
1542339557;75572
1542359966;75573
1542380379;75574
1542400784;75575
1542421194;75576
1542441602;75577
1542462011;75578
1542482421;75579
1542502833;75580
1542523243;75581
1542543647;75582
1542564056;75583
1542584466;75584
1542604874;75585
1542625284;75586
1542645692;75587
1542666101;75588
1542686511;75589
1542706919;75590
1542727329;75591
1542747737;75592
1542768147;75593
1542788556;75594
1542808964;75595
1542829374;75596
1542849783;75597
1542870192;75598
1542890601;75599
1542911009;75600
1542931419;75601
1542951828;75602
1542972237;75603
1542992646;75604
1543013054;75605
1543033464;75606
1543053873;75607
1543074282;75608
1543094691;75609
1543115100;75610
1543135509;75611
1543155918;75612
1543176327;75613
1543196736;75614
1543217146;75615
1543237554;75616
1543257967;75617
1543278372;75618
1543298781;75619
1543319194;75620
1543339599;75621
1543360008;75622
1543380417;75623
1543400826;75624
1543421236;75625
1543441644;75626
1543462053;75627
1543482463;75628
1543502871;75629
1543523281;75630
1543543689;75631
1543564098;75632
1543584508;75633
1543604916;75634
1543625326;75635
1543645734;75636
1543666143;75637
1543686553;75638
1543706961;75639
1543727371;75640
1543747779;75641
1543768188;75642
1543788598;75643
1543809010;75644
1543829416;75645
1543849825;75646
1543870233;75647
1543890643;75648
1543911051;75649
1543931461;75650
1543951870;75651
1543972279;75652
1543992688;75653
1544013096;75654
1544033506;75655
1544053915;75656
1544074324;75657
1544094733;75658
1544115145;75659
1544135554;75660
1544155967;75661
1544176372;75662
1544196781;75663
1544217191;75664
1544237599;75665
1544258008;75666
1544278417;75667
1544298826;75668
1544319235;75669
1544339644;75670
1544360053;75671
1544380467;75672
1544400871;75673
1544421281;75674
1544441689;75675
1544462098;75676
1544482508;75677
1544502916;75678
1544523330;75679
1544543734;75680
1544564143;75681
1544584553;75682
1544604961;75683
1544625371;75684
1544645780;75685
1544666192;75686
1544686598;75687
1544707006;75688
1544727416;75689
1544747825;75690
1544768233;75691
1544788643;75692
1544809052;75693
1544829461;75694
1544849870;75695
1544870279;75696
1544890688;75697
1544911097;75698
1544931506;75699
1544951915;75700
1544972324;75701
1544992733;75702
1545013142;75703
1545033551;75704
1545053960;75705
1545074370;75706
1545094778;75707
1545115187;75708
1545135596;75709
1545156005;75710
1545176415;75711
1545196823;75712
1545217233;75713
1545237642;75714
1545258050;75715
1545278460;75716
1545298868;75717
1545319278;75718
1545339687;75719
1545360095;75720
1545380505;75721
1545400913;75722
1545421322;75723
1545441732;75724
1545462140;75725
1545482550;75726
1545502959;75727
1545523368;75728
1545543777;75729
1545564185;75730
1545584595;75731
1545605004;75732
1545625413;75733
1545645822;75734
1545666230;75735
1545686640;75736
1545707049;75737
1545727458;75738
1545747867;75739
1545768276;75740
1545788689;75741
1545809094;75742
1545829503;75743
1545849912;75744
1545870321;75745
1545890730;75746
1545911139;75747
1545931549;75748
1545951957;75749
1545972366;75750
1545992775;75751
1546013184;75752
1546033594;75753
1546054002;75754
1546074412;75755
1546094820;75756
1546115229;75757
1546135639;75758
1546156047;75759
1546176457;75760
1546196866;75761
1546217274;75762
1546237684;75763
1546258092;75764
1546278502;75765
1546298911;75766
1546319319;75767
1546339729;75768
1546360138;75769
1546380547;75770
1546400956;75771
1546421364;75772
1546441774;75773
1546462183;75774
1546482592;75775
1546503001;75776
1546523410;75777
1546543819;75778
1546564228;75779
1546584637;75780
1546605046;75781
1546625456;75782
1546645868;75783
1546666273;75784
1546686682;75785
1546707091;75786
1546727501;75787
1546747909;75788
1546768322;75789
1546788727;75790
1546809136;75791
1546829546;75792
1546849954;75793
1546870363;75794
1546890773;75795
1546911181;75796
1546931591;75797
1546951999;75798
1546972408;75799
1546992818;75800
1547013226;75801
1547033636;75802
1547054045;75803
1547074453;75804
1547094863;75805
1547115271;75806
1547135685;75807
1547156090;75808
1547176499;75809
1547196908;75810
1547217316;75811
1547237726;75812
1547258135;75813
1547278544;75814
1547298953;75815
1547319362;75816
1547339771;75817
1547360180;75818
1547380589;75819
1547400998;75820
1547421407;75821
1547441820;75822
1547462225;75823
1547482635;75824
1547503043;75825
1547523452;75826
1547543861;75827
1547564270;75828
1547584680;75829
1547605088;75830
1547625497;75831
1547645906;75832
1547666315;75833
1547686725;75834
1547707133;75835
1547727542;75836
1547747952;75837
1547768360;75838
1547788770;75839
1547809178;75840
1547829588;75841
1547849997;75842
1547870405;75843
1547890815;75844
1547911224;75845
1547931633;75846
1547952042;75847
1547972450;75848
1547992860;75849
1548013269;75850
1548033682;75851
1548054091;75852
1548074495;75853
1548094905;75854
1548115314;75855
1548135723;75856
1548156136;75857
1548176541;75858
1548196950;75859
1548217359;75860
1548237768;75861
1548258177;75862
1548278586;75863
1548298995;75864
1548319404;75865
1548339813;75866
1548360222;75867
1548380632;75868
1548401040;75869
1548421449;75870
1548441859;75871
1548462267;75872
1548482677;75873
1548503085;75874
1548523494;75875
1548543904;75876
1548564312;75877
1548584722;75878
1548605131;75879
1548625539;75880
1548645949;75881
1548666357;75882
1548686767;75883
1548707176;75884
1548727584;75885
1548747994;75886
1548768402;75887
1548788812;75888
1548809221;75889
1548829629;75890
1548850039;75891
1548870448;75892
1548890857;75893
1548911270;75894
1548931675;75895
1548952084;75896
1548972493;75897
1548992902;75898
1549013311;75899
1549033725;75900
1549054129;75901
1549074538;75902
1549094951;75903
1549115356;75904
1549135766;75905
1549156174;75906
1549176583;75907
1549196992;75908
1549217401;75909
1549237811;75910
1549258223;75911
1549278628;75912
1549299038;75913
1549319450;75914
1549339856;75915
1549360264;75916
1549380674;75917
1549401083;75918
1549421491;75919
1549441901;75920
1549462310;75921
1549482718;75922
1549503128;75923
1549523536;75924
1549543946;75925
1549564355;75926
1549584764;75927
1549605173;75928
1549625581;75929
1549645991;75930
1549666400;75931
1549686809;75932
1549707218;75933
1549727627;75934
1549748036;75935
1549768445;75936
1549788854;75937
1549809263;75938
1549829672;75939
1549850081;75940
1549870490;75941
1549890899;75942
1549911308;75943
1549931717;75944
1549952126;75945
1549972535;75946
1549992945;75947
1550013353;75948
1550033763;75949
1550054171;75950
1550074580;75951
1550094990;75952
1550115398;75953
1550135808;75954
1550156217;75955
1550176625;75956
1550197035;75957
1550217447;75958
1550237853;75959
1550258262;75960
1550278674;75961
1550299080;75962
1550319488;75963
1550339898;75964
1550360307;75965
1550380715;75966
1550401125;75967
1550421534;75968
1550441943;75969
1550462352;75970
1550482760;75971
1550503170;75972
1550523579;75973
1550543988;75974
1550564397;75975
1550584807;75976
1550605215;75977
1550625624;75978
1550646033;75979
1550666442;75980
1550686852;75981
1550707264;75982
1550727669;75983
1550748078;75984
1550768487;75985
1550788897;75986
1550809305;75987
1550829718;75988
1550850124;75989
1550870532;75990
1550890942;75991
1550911354;75992
1550931759;75993
1550952169;75994
1550972577;75995
1550992987;75996
1551013395;75997
1551033804;75998
1551054214;75999
1551074622;76000
1551095032;76001
1551115441;76002
1551135850;76003
1551156259;76004
1551176671;76005
1551197081;76006
1551217486;76007
1551237895;76008
1551258304;76009
1551278717;76010
1551299122;76011
1551319531;76012
1551339940;76013
1551360349;76014
1551380758;76015
1551401167;76016
1551421580;76017
1551441985;76018
1551462394;76019
1551482804;76020
1551503212;76021
1551523621;76022
1551544031;76023
1551564439;76024
1551584848;76025
1551605257;76026
1551625666;76027
1551646076;76028
1551666484;76029
1551686894;76030
1551707303;76031
1551727711;76032
1551748121;76033
1551768533;76034
1551788943;76035
1551809348;76036
1551829756;76037
1551850166;76038
1551870574;76039
1551890988;76040
1551911393;76041
1551931801;76042
1551952211;76043
1551972620;76044
1551993029;76045
1552013438;76046
1552033847;76047
1552054256;76048
1552074665;76049
1552095074;76050
1552115483;76051
1552135896;76052
1552156301;76053
1552176714;76054
1552197119;76055
1552217528;76056
1552237938;76057
1552258346;76058
1552278755;76059
1552299164;76060
1552319573;76061
1552339983;76062
1552360391;76063
1552380800;76064
1552401210;76065
1552421622;76066
1552442028;76067
1552462436;76068
1552482845;76069
1552503255;76070
1552523663;76071
1552544073;76072
1552564481;76073
1552584891;76074
1552605300;76075
1552625708;76076
1552646118;76077
1552666527;76078
1552686935;76079
1552707349;76080
1552727757;76081
1552748163;76082
1552768572;76083
1552788980;76084
1552809394;76085
1552829799;76086
1552850208;76087
1552870617;76088
1552891026;76089
1552911435;76090
1552931844;76091
1552952253;76092
1552972662;76093
1552993071;76094
1553013480;76095
1553033889;76096
1553054298;76097
1553074707;76098
1553095117;76099
1553115525;76100
1553135934;76101
1553156343;76102
1553176752;76103
1553197162;76104
1553217570;76105
1553237983;76106
1553258389;76107
1553278797;76108
1553299207;76109
1553319619;76110
1553340025;76111
1553360434;76112
1553380842;76113
1553401252;76114
1553421660;76115
1553442070;76116
1553462479;76117
1553482887;76118
1553503297;76119
1553523706;76120
1553544115;76121
1553564524;76122
1553584932;76123
1553605342;76124
1553625751;76125
1553646160;76126
1553666569;76127
1553686978;76128
1553707387;76129
1553727796;76130
1553748205;76131
1553768614;76132
1553789024;76133
1553809432;76134
1553829841;76135
1553850250;76136
1553870659;76137
1553891069;76138
1553911477;76139
1553931886;76140
1553952300;76141
1553972704;76142
1553993114;76143
1554013522;76144
1554033931;76145
1554054341;76146
1554074749;76147
1554095159;76148
1554115604;76149
1554136012;76150
1554156422;76151
1554176831;76152
1554197240;76153
1554217649;76154
1554238059;76155
1554258467;76156
1554278876;76157
1554299286;76158
1554319694;76159
1554340103;76160
1554360513;76161
1554380921;76162
1554401331;76163
1554421740;76164
1554442153;76165
1554462562;76166
1554482967;76167
1554503377;76168
1554523785;76169
1554544195;76170
1554564604;76171
1554585012;76172
1554605422;76173
1554625831;76174
1554646240;76175
1554666649;76176
1554687058;76177
1554707468;76178
1554727876;76179
1554748286;76180
1554768695;76181
1554789104;76182
1554809513;76183
1554829922;76184
1554850331;76185
1554870740;76186
1554891150;76187
1554911558;76188
1554931967;76189
1554952381;76190
1554972790;76191
1554993195;76192
1555013604;76193
1555034013;76194
1555054422;76195
1555074831;76196
1555095241;76197
1555115649;76198
1555136059;76199
1555156468;76200
1555176876;76201
1555197286;76202
1555217695;76203
1555238104;76204
1555258513;76205
1555278926;76206
1555299332;76207
1555319740;76208
1555340150;76209
1555360559;76210
1555380967;76211
1555401377;76212
1555421786;76213
1555442195;76214
1555462604;76215
1555483013;76216
1555503423;76217
1555523831;76218
1555544241;76219
1555564650;76220
1555585058;76221
1555605468;76222
1555625877;76223
1555646286;76224
1555666695;76225
1555687104;76226
1555707513;76227
1555727922;76228
1555748332;76229
1555768741;76230
1555789149;76231
1555809559;76232
1555829972;76233
1555850377;76234
1555870786;76235
1555891196;76236
1555911608;76237
1555932013;76238
1555952423;76239
1555972831;76240
1555993241;76241
1556013650;76242
1556034059;76243
1556054468;76244
1556074877;76245
1556095287;76246
1556115695;76247
1556136104;76248
1556156514;76249
1556176926;76250
1556197336;76251
1556217741;76252
1556238149;76253
1556258559;76254
1556278968;76255
1556299378;76256
1556319786;76257
1556340196;76258
1556360605;76259
1556381013;76260
1556401423;76261
1556421832;76262
1556442241;76263
1556462650;76264
1556483059;76265
1556503468;76266
1556523877;76267
1556544287;76268
1556564696;76269
1556585104;76270
1556605514;76271
1556625923;76272
1556646332;76273
1556666741;76274
1556687150;76275
1556707563;76276
1556727968;76277
1556748378;76278
1556768786;76279
1556789196;76280
1556809605;76281
1556830013;76282
1556850423;76283
1556870832;76284
1556891242;76285
1556911650;76286
1556932059;76287
1556952469;76288
1556972877;76289
1556993287;76290
1557013696;76291
1557034104;76292
1557054514;76293
1557074923;76294
1557095332;76295
1557115741;76296
1557136150;76297
1557156560;76298
1557176968;76299
1557197378;76300
1557217787;76301
1557238195;76302
1557258605;76303
1557279014;76304
1557299423;76305
1557319832;76306
1557340246;76307
1557360650;76308
1557381059;76309
1557401469;76310
1557421878;76311
1557442287;76312
1557462696;76313
1557483105;76314
1557503514;76315
1557523923;76316
1557544337;76317
1557564741;76318
1557585150;76319
1557605560;76320
1557625968;76321
1557646378;76322
1557666787;76323
1557687196;76324
1557707605;76325
1557728014;76326
1557748424;76327
1557768832;76328
1557789242;76329
1557809651;76330
1557830059;76331
1557850469;76332
1557870878;76333
1557891287;76334
1557911696;76335
1557932105;76336
1557952515;76337
1557972923;76338
1557993333;76339
1558013742;76340
1558034150;76341
1558054560;76342
1558074969;76343
1558095378;76344
1558115787;76345
1558136197;76346
1558156609;76347
1558177014;76348
1558197424;76349
1558217833;76350
1558238242;76351
1558258651;76352
1558279060;76353
1558299469;76354
1558319878;76355
1558340287;76356
1558360696;76357
1558381105;76358
1558401515;76359
1558421923;76360
1558442333;76361
1558462742;76362
1558483155;76363
1558503560;76364
1558523973;76365
1558544379;76366
1558564787;76367
1558585196;76368
1558605606;76369
1558626014;76370
1558646424;76371
1558666833;76372
1558687241;76373
1558707651;76374
1558728060;76375
1558748470;76376
1558768878;76377
1558789287;76378
1558809697;76379
1558830105;76380
1558850515;76381
1558870924;76382
1558891332;76383
1558911746;76384
1558932151;76385
1558952560;76386
1558972969;76387
1558993379;76388
1559013788;76389
1559034196;76390
1559054606;76391
1559075015;76392
1559095424;76393
1559115833;76394
1559136242;76395
1559156651;76396
1559177064;76397
1559197470;76398
1559217878;76399
1559238287;76400
1559258697;76401
1559279106;76402
1559299515;76403
1559319924;76404
1559340333;76405
1559360742;76406
1559381151;76407
1559401561;76408
1559421969;76409
1559442379;76410
1559462788;76411
1559483196;76412
1559503606;76413
1559524015;76414
1559544425;76415
1559564833;76416
1559585242;76417
1559605652;76418
1559626060;76419
1559646470;76420
1559666879;76421
1559687287;76422
1559707697;76423
1559728106;76424
1559748515;76425
1559768924;76426
1559789333;76427
1559809743;76428
1559830151;76429
1559850561;76430
1559870970;76431
1559891379;76432
1559911788;76433
1559932197;76434
1559952606;76435
1559973015;76436
1559993425;76437
1560013833;76438
1560034246;76439
1560054656;76440
1560075060;76441
1560095474;76442
1560115879;76443
1560136292;76444
1560156697;76445
1560177110;76446
1560197516;76447
1560217928;76448
1560238333;76449
1560258743;76450
1560279151;76451
1560299561;76452
1560319970;76453
1560340378;76454
1560360788;76455
1560381197;76456
1560401607;76457
1560422015;76458
1560442425;76459
1560462834;76460
1560483242;76461
1560503656;76462
1560524061;76463
1560544470;76464
1560564879;76465
1560585288;76466
1560605697;76467
1560626106;76468
1560646516;76469
1560666925;76470
1560687337;76471
1560707743;76472
1560728152;76473
1560748561;76474
1560768970;76475
1560789379;76476
1560809788;76477
1560830197;76478
1560850611;76479
1560871015;76480
1560891424;76481
1560911834;76482
1560932243;76483
1560952652;76484
1560973061;76485
1560993470;76486
1561013879;76487
1561034288;76488
1561054698;76489
1561075106;76490
1561095516;76491
1561115925;76492
1561136333;76493
1561156743;76494
1561177152;76495
1561197562;76496
1561217970;76497
1561238379;76498
1561258789;76499
1561279197;76500
1561299607;76501
1561320016;76502
1561340424;76503
1561360834;76504
1561381243;76505
1561401652;76506
1561422061;76507
1561442470;76508
1561462880;76509
1561483288;76510
1561503698;76511
1561524111;76512
1561544519;76513
1561564929;76514
1561585338;76515
1561605743;76516
1561626152;76517
1561646562;76518
1561666970;76519
1561687379;76520
1561707789;76521
1561728198;76522
1561748607;76523
1561769016;76524
1561789425;76525
1561809834;76526
1561830243;76527
1561850653;76528
1561871061;76529
1561891474;76530
1561911880;76531
1561932288;76532
1561952698;76533
1561973107;76534
1561993516;76535
1562013925;76536
1562034334;76537
1562054744;76538
1562075152;76539
1562095561;76540
1562115971;76541
1562136379;76542
1562156789;76543
1562177198;76544
1562197610;76545
1562218016;76546
1562238425;76547
1562258835;76548
1562279243;76549
1562299653;76550
1562320062;76551
1562340470;76552
1562360880;76553
1562381289;76554
1562401697;76555
1562422107;76556
1562442516;76557
1562462925;76558
1562483334;76559
1562503744;76560
1562524153;76561
1562544561;76562
1562564971;76563
1562585380;76564
1562605789;76565
1562626198;76566
1562646607;76567
1562667020;76568
1562687425;76569
1562707835;76570
1562728243;76571
1562748652;76572
1562769062;76573
1562789475;76574
1562809880;76575
1562830289;76576
1562850699;76577
1562871107;76578
1562891516;76579
1562911926;76580
1562932334;76581
1562952744;76582
1562973157;76583
1562993561;76584
1563013971;76585
1563034380;76586
1563054790;76587
1563075198;76588
1563095607;76589
1563116017;76590
1563136425;76591
1563156839;76592
1563177244;76593
1563197652;76594
1563218062;76595
1563238471;76596
1563258884;76597
1563279289;76598
1563299699;76599
1563320107;76600
1563340516;76601
1563360926;76602
1563381335;76603
1563401744;76604
1563422153;76605
1563442562;76606
1563462971;76607
1563483380;76608
1563503790;76609
1563524198;76610
1563544607;76611
1563565017;76612
1563585425;76613
1563605835;76614
1563626244;76615
1563646653;76616
1563667062;76617
1563687471;76618
1563707881;76619
1563728289;76620
1563748698;76621
1563769108;76622
1563789516;76623
1563809930;76624
1563830339;76625
1563850743;76626
1563871153;76627
1563891562;76628
1563911972;76629
1563932380;76630
1563952789;76631
1563973203;76632
1563993607;76633
1564014021;76634
1564034426;76635
1564054835;76636
1564075244;76637
1564095653;76638
1564116000;76639
1564136408;76640
1564156818;76641
1564177226;76642
1564197635;76643
1564218044;76644
1564238453;76645
1564258862;76646
1564279271;76647
1564299680;76648
1564320089;76649
1564340498;76650
1564360907;76651
1564381316;76652
1564401724;76653
1564422134;76654
1564442542;76655
1564462952;76656
1564483365;76657
1564503769;76658
1564524179;76659
1564544587;76660
1564564997;76661
1564585405;76662
1564605815;76663
1564626224;76664
1564646632;76665
1564667046;76666
1564687450;76667
1564707860;76668
1564728268;76669
1564748677;76670
1564769087;76671
1564789495;76672
1564809905;76673
1564830313;76674
1564850722;76675
1564871131;76676
1564891540;76677
1564911949;76678
1564932362;76679
1564952771;76680
1564973176;76681
1564993585;76682
1565013994;76683
1565034403;76684
1565054811;76685
1565075221;76686
1565095630;76687
1565116039;76688
1565136448;76689
1565156856;76690
1565177266;76691
1565197674;76692
1565218084;76693
1565238492;76694
1565258902;76695
1565279311;76696
1565299719;76697
1565320133;76698
1565340537;76699
1565360947;76700
1565381355;76701
1565401764;76702
1565422174;76703
1565442582;76704
1565462992;76705
1565483400;76706
1565503809;76707
1565524218;76708
1565544627;76709
1565565036;76710
1565585445;76711
1565605858;76712
1565626263;76713
1565646672;76714
1565667081;76715
1565687490;76716
1565707898;76717
1565728308;76718
1565748717;76719
1565769130;76720
1565789535;76721
1565809943;76722
1565830357;76723
1565850761;76724
1565871175;76725
1565891579;76726
1565911992;76727
1565932398;76728
1565952806;76729
1565973216;76730
1565993624;76731
1566014034;76732
1566034446;76733
1566054851;76734
1566075261;76735
1566095673;76736
1566116079;76737
1566136491;76738
1566156896;76739
1566177305;76740
1566197714;76741
1566218123;76742
1566238532;76743
1566258942;76744
1566279350;76745
1566299759;76746
1566320168;76747
1566340577;76748
1566360986;76749
1566381395;76750
1566401804;76751
1566422213;76752
1566442626;76753
1566463031;76754
1566483440;76755
1566503848;76756
1566524258;76757
1566544667;76758
1566565076;76759
1566585485;76760
1566605893;76761
1566626303;76762
1566646711;76763
1566667125;76764
1566687529;76765
1566707938;76766
1566728348;76767
1566748756;76768
1566769166;76769
1566789574;76770
1566809984;76771
1566830392;76772
1566850801;76773
1566871215;76774
1566891619;76775
1566912028;76776
1566932437;76777
1566952846;76778
1566973255;76779
1566993664;76780
1567014073;76781
1567034482;76782
1567054891;76783
1567075300;76784
1567095709;76785
1567116118;76786
1567136527;76787
1567156939;76788
1567177345;76789
1567197754;76790
1567218163;76791
1567238572;76792
1567258980;76793
1567279390;76794
1567299798;76795
1567320208;76796
1567340616;76797
1567361026;76798
1567381435;76799
1567401843;76800
1567422253;76801
1567442661;76802
1567463071;76803
1567483479;76804
1567503888;76805
1567524298;76806
1567544706;76807
1567565119;76808
1567585524;76809
1567605933;76810
1567626342;76811
1567646755;76812
1567667160;76813
1567687569;76814
1567707978;76815
1567728387;76816
1567748796;76817
1567769205;76818
1567789614;76819
1567810022;76820
1567830432;76821
1567850841;76822
1567871250;76823
1567891659;76824
1567912068;76825
1567932481;76826
1567952885;76827
1567973295;76828
1567993703;76829
1568014112;76830
1568034522;76831
1568054930;76832
1568075340;76833
1568095748;76834
1568116158;76835
1568136566;76836
1568156975;76837
1568177385;76838
1568197793;76839
1568218203;76840
1568238611;76841
1568259020;76842
1568279429;76843
1568299838;76844
1568320248;76845
1568340656;76846
1568361065;76847
1568381474;76848
1568401887;76849
1568422292;76850
1568442701;76851
1568463110;76852
1568483519;76853
1568503928;76854
1568524337;76855
1568544746;76856
1568565158;76857
1568585564;76858
1568605972;76859
1568626382;76860
1568646795;76861
1568667200;76862
1568687609;76863
1568708017;76864
1568728427;76865
1568748839;76866
1568769245;76867
1568789653;76868
1568810063;76869
1568830472;76870
1568850880;76871
1568871290;76872
1568891698;76873
1568912107;76874
1568932516;76875
1568952925;76876
1568973335;76877
1568993743;76878
1569014153;76879
1569034561;76880
1569054970;76881
1569075379;76882
1569095788;76883
1569116197;76884
1569136610;76885
1569157015;76886
1569177424;76887
1569197833;76888
1569218242;76889
1569238651;76890
1569259059;76891
1569279473;76892
1569299878;76893
1569320287;76894
1569340696;76895
1569361105;76896
1569381514;76897
1569401926;76898
1569422332;76899
1569442740;76900
1569463150;76901
1569483559;76902
1569503967;76903
1569524377;76904
1569544785;76905
1569565195;76906
1569585603;76907
1569606012;76908
1569626422;76909
1569646830;76910
1569667240;76911
1569687648;76912
1569708061;76913
1569728466;76914
1569748875;76915
1569769285;76916
1569789693;76917
1569810102;76918
1569830511;76919
1569850920;76920
1569871329;76921
1569891738;76922
1569912146;76923
1569932556;76924
1569952965;76925
1569973374;76926
1569993783;76927
1570014192;76928
1570034601;76929
1570055009;76930
1570075419;76931
1570095828;76932
1570116237;76933
1570136646;76934
1570157054;76935
1570177464;76936
1570197872;76937
1570218282;76938
1570238690;76939
1570259099;76940
1570279509;76941
1570299917;76942
1570320331;76943
1570340735;76944
1570361144;76945
1570381553;76946
1570401962;76947
1570422372;76948
1570442780;76949
1570463193;76950
1570483598;76951
1570504007;76952
1570524416;76953
1570544825;76954
1570565234;76955
1570585643;76956
1570606056;76957
1570626461;76958
1570646870;76959
1570667279;76960
1570687688;76961
1570708096;76962
1570728506;76963
1570748915;76964
1570769324;76965
1570789733;76966
1570810141;76967
1570830551;76968
1570850959;76969
1570871369;76970
1570891777;76971
1570912186;76972
1570932596;76973
1570953004;76974
1570973414;76975
1570993822;76976
1571014231;76977
1571034640;76978
1571055049;76979
1571075459;76980
1571095867;76981
1571116277;76982
1571136685;76983
1571157094;76984
1571177503;76985
1571197912;76986
1571218321;76987
1571238730;76988
1571259139;76989
1571279552;76990
1571299957;76991
1571320366;76992
1571340775;76993
1571361183;76994
1571381593;76995
1571402002;76996
1571422411;76997
1571442824;76998
1571463228;76999
1571483638;77000
1571504046;77001
1571524456;77002
1571544869;77003
1571565273;77004
1571585683;77005
1571606091;77006
1571626501;77007
1571646909;77008
1571667319;77009
1571687727;77010
1571708140;77011
1571728546;77012
1571748954;77013
1571769364;77014
1571789772;77015
1571810181;77016
1571830590;77017
1571850999;77018
1571871409;77019
1571891821;77020
1571912226;77021
1571932635;77022
1571953044;77023
1571973453;77024
1571993862;77025
1572014270;77026
1572034680;77027
1572055089;77028
1572075498;77029
1572095907;77030
1572116316;77031
1572136725;77032
1572157133;77033
1572177543;77034
1572197952;77035
1572218361;77036
1572238770;77037
1572259178;77038
1572279588;77039
1572299996;77040
1572320406;77041
1572340814;77042
1572361223;77043
1572381633;77044
1572402041;77045
1572422451;77046
1572442859;77047
1572463268;77048
1572483677;77049
1572504086;77050
1572524496;77051
1572544904;77052
1572565313;77053
1572585722;77054
1572606131;77055
1572626540;77056
1572646949;77057
1572667357;77058
1572687767;77059
1572708176;77060
1572728585;77061
1572748994;77062
1572769403;77063
1572789812;77064
1572810224;77065
1572830634;77066
1572851039;77067
1572871448;77068
1572891857;77069
1572912265;77070
1572932675;77071
1572953083;77072
1572973493;77073
1572993901;77074
1573014310;77075
1573034720;77076
1573055128;77077
1573075538;77078
1573095946;77079
1573116355;77080
1573136764;77081
1573157173;77082
1573177583;77083
1573197991;77084
1573218400;77085
1573238809;77086
1573259218;77087
1573279627;77088
1573300036;77089
1573320446;77090
1573340858;77091
1573361263;77092
1573381676;77093
1573402081;77094
1573422490;77095
1573442899;77096
1573463307;77097
1573483717;77098
1573504126;77099
1573524535;77100
1573544944;77101
1573565352;77102
1573585762;77103
1573606170;77104
1573626584;77105
1573646989;77106
1573667397;77107
1573687811;77108
1573708215;77109
1573728625;77110
1573749033;77111
1573769442;77112
1573789851;77113
1573810260;77114
1573830670;77115
1573851078;77116
1573871488;77117
1573891896;77118
1573912305;77119
1573932714;77120
1573953123;77121
1573973533;77122
1573993941;77123
1574014350;77124
1574034759;77125
1574055168;77126
1574075577;77127
1574095986;77128
1574116439;77129
1574136848;77130
1574157257;77131
1574177666;77132
1574198075;77133
1574218484;77134
1574238893;77135
1574259302;77136
1574279712;77137
1574300120;77138
1574320529;77139
1574340939;77140
1574361347;77141
1574381757;77142
1574402166;77143
1574422575;77144
1574442984;77145
1574463393;77146
1574483802;77147
1574504211;77148
1574524621;77149
1574545033;77150
1574565438;77151
1574585847;77152
1574606256;77153
1574626666;77154
1574647074;77155
1574667483;77156
1574687893;77157
1574708301;77158
1574728711;77159
1574749120;77160
1574769528;77161
1574789938;77162
1574810347;77163
1574830756;77164
1574851165;77165
1574871574;77166
1574891983;77167
1574912392;77168
1574932802;77169
1574953210;77170
1574973620;77171
1574994029;77172
1575014437;77173
1575034847;77174
1575055256;77175
1575075665;77176
1575096074;77177
1575116482;77178
1575136892;77179
1575157301;77180
1575177710;77181
1575198119;77182
1575218528;77183
1575238937;77184
1575259346;77185
1575279756;77186
1575300164;77187
1575320573;77188
1575340983;77189
1575361391;77190
1575381801;77191
1575402210;77192
1575422618;77193
1575443028;77194
1575463437;77195
1575483846;77196
1575504255;77197
1575524665;77198
1575545073;77199
1575565482;77200
1575585891;77201
1575606300;77202
1575626709;77203
1575647118;77204
1575667527;77205
1575687937;77206
1575708349;77207
1575728755;77208
1575749164;77209
1575769572;77210
1575789982;77211
1575810391;77212
1575830800;77213
1575851209;77214
1575871618;77215
1575892027;77216
1575912440;77217
1575932846;77218
1575953254;77219
1575973663;77220
1575994073;77221
1576014481;77222
1576034891;77223
1576055300;77224
1576075708;77225
1576096118;77226
1576116526;77227
1576136936;77228
1576157345;77229
1576177753;77230
1576198163;77231
1576218572;77232
1576238981;77233
1576259390;77234
1576279800;77235
1576300208;77236
1576320617;77237
1576341027;77238
1576361435;77239
1576381845;77240
1576402254;77241
1576422662;77242
1576443072;77243
1576463481;77244
1576483890;77245
1576504303;77246
1576524708;77247
1576545117;77248
1576565526;77249
1576585935;77250
1576606344;77251
1576626753;77252
1576647162;77253
1576667571;77254
1576687981;77255
1576708389;77256
1576728799;77257
1576749212;77258
1576769616;77259
1576790026;77260
1576810435;77261
1576830844;77262
1576851253;77263
1576871662;77264
1576892071;77265
1576912480;77266
1576932890;77267
1576953298;77268
1576973707;77269
1576994121;77270
1577014525;77271
1577034935;77272
1577055344;77273
1577075752;77274
1577096162;77275
1577116570;77276
1577136983;77277
1577157393;77278
1577177797;77279
1577198207;77280
1577218616;77281
1577239025;77282
1577259434;77283
1577279843;77284
1577300256;77285
1577320661;77286
1577341071;77287
1577361479;77288
1577381889;77289
1577402298;77290
1577422706;77291
1577443116;77292
1577463525;77293
1577483934;77294
1577504343;77295
1577524752;77296
1577545161;77297
1577565574;77298
1577585979;77299
1577606388;77300
1577626797;77301
1577647206;77302
1577667615;77303
1577688025;77304
1577708433;77305
1577728842;77306
1577749252;77307
1577769660;77308
1577790070;77309
1577810479;77310
1577830887;77311
1577851297;77312
1577871706;77313
1577892115;77314
1577912528;77315
1577932934;77316
1577953342;77317
1577973751;77318
1577994165;77319
1578014569;77320
1578034978;77321
1578055388;77322
1578075796;77323
1578096206;77324
1578116614;77325
1578137024;77326
1578157437;77327
1578177841;77328
1578198251;77329
1578218660;77330
1578239069;77331
1578259482;77332
1578279887;77333
1578300300;77334
1578320709;77335
1578341115;77336
1578361523;77337
1578381932;77338
1578402342;77339
1578422750;77340
1578443160;77341
1578463573;77342
1578483978;77343
1578504387;77344
1578524796;77345
1578545205;77346
1578565614;77347
1578586023;77348
1578606432;77349
1578626841;77350
1578647250;77351
1578667663;77352
1578688069;77353
1578708477;77354
1578728886;77355
1578749296;77356
1578769704;77357
1578790114;77358
1578810523;77359
1578830931;77360
1578851341;77361
1578871750;77362
1578892159;77363
1578912568;77364
1578932981;77365
1578953386;77366
1578973795;77367
1578994205;77368
1579014613;77369
1579035023;77370
1579055432;77371
1579075844;77372
1579096250;77373
1579116658;77374
1579137068;77375
1579157477;77376
1579177885;77377
1579198295;77378
1579218704;77379
1579239113;77380
1579259522;77381
1579279931;77382
1579300340;77383
1579320749;77384
1579341159;77385
1579361567;77386
1579381976;77387
1579402386;77388
1579422794;77389
1579443208;77390
1579463613;77391
1579484021;77392
1579504431;77393
1579524840;77394
1579545249;77395
1579565658;77396
1579586067;77397
1579606476;77398
1579626885;77399
1579647294;77400
1579667703;77401
1579688116;77402
1579708521;77403
1579728930;77404
1579749340;77405
1579769752;77406
1579790158;77407
1579810567;77408
1579830975;77409
1579851385;77410
1579871794;77411
1579892203;77412
1579912612;77413
1579933021;77414
1579953430;77415
1579973839;77416
1579994249;77417
1580014661;77418
1580035066;77419
1580055476;77420
1580075884;77421
1580096294;77422
1580116702;77423
1580137112;77424
1580157521;77425
1580177929;77426
1580198339;77427
1580218748;77428
1580239156;77429
1580259566;77430
1580279975;77431
1580300384;77432
1580320793;77433
1580341203;77434
1580361611;77435
1580382020;77436
1580402430;77437
1580422838;77438
1580443248;77439
1580463657;77440
1580484065;77441
1580504475;77442
1580524884;77443
1580545293;77444
1580565702;77445
1580586110;77446
1580606520;77447
1580626929;77448
1580647338;77449
1580667747;77450
1580688160;77451
1580708565;77452
1580728974;77453
1580749384;77454
1580769792;77455
1580790202;77456
1580810611;77457
1580831019;77458
1580851429;77459
1580871842;77460
1580892247;77461
1580912660;77462
1580933065;77463
1580953474;77464
1580973883;77465
1580994293;77466
1581014701;77467
1581035110;77468
1581055520;77469
1581075928;77470
1581096338;77471
1581116746;77472
1581137159;77473
1581157565;77474
1581177973;77475
1581198383;77476
1581218792;77477
1581239200;77478
1581259610;77479
1581280019;77480
1581300428;77481
1581320837;77482
1581341247;77483
1581361655;77484
1581382064;77485
1581402474;77486
1581422882;77487
1581443292;77488
1581463701;77489
1581484109;77490
1581504519;77491
1581524928;77492
1581545337;77493
1581565746;77494
1581586154;77495
1581606564;77496
1581626973;77497
1581647382;77498
1581667791;77499
1581688200;77500
1581708613;77501
1581729018;77502
1581749428;77503
1581769836;77504
1581790245;77505
1581810655;77506
1581831063;77507
1581851473;77508
1581871882;77509
1581892290;77510
1581912700;77511
1581933109;77512
1581953518;77513
1581973927;77514
1581994337;77515
1582014745;77516
1582035154;77517
1582055564;77518
1582075976;77519
1582096382;77520
1582116790;77521
1582137199;77522
1582157613;77523
1582178017;77524
1582198427;77525
1582218836;77526
1582239244;77527
1582259654;77528
1582280063;77529
1582300472;77530
1582320881;77531
1582341290;77532
1582361699;77533
1582382108;77534
1582402522;77535
1582422926;77536
1582443336;77537
1582463745;77538
1582484153;77539
1582504563;77540
1582524972;77541
1582545381;77542
1582565790;77543
1582586198;77544
1582606608;77545
1582627017;77546
1582647426;77547
1582667835;77548
1582688248;77549
1582708653;77550
1582729062;77551
1582749472;77552
1582769884;77553
1582790293;77554
1582810699;77555
1582831107;77556
1582851517;77557
1582871926;77558
1582892334;77559
1582912744;77560
1582933153;77561
1582953562;77562
1582973975;77563
1582994381;77564
1583014789;77565
1583035198;77566
1583055608;77567
1583076016;77568
1583096426;77569
1583116834;77570
1583137243;77571
1583157653;77572
1583178061;77573
1583198471;77574
1583218880;77575
1583239288;77576
1583259698;77577
1583280107;77578
1583300516;77579
1583320925;77580
1583341334;77581
1583361743;77582
1583382152;77583
1583402562;77584
1583422970;77585
1583443380;77586
1583463789;77587
1583484197;77588
1583504607;77589
1583525016;77590
1583545425;77591
1583565834;77592
1583586242;77593
1583606652;77594
1583627061;77595
1583647470;77596
1583667879;77597
1583688288;77598
1583708701;77599
1583729106;77600
1583749516;77601
1583769924;77602
1583790333;77603
1583810743;77604
1583831151;77605
1583851565;77606
1583871970;77607
1583892378;77608
1583912788;77609
1583933197;77610
1583953606;77611
1583974015;77612
1583994425;77613
1584014833;77614
1584035242;77615
1584055656;77616
1584076060;77617
1584096470;77618
1584116826;77619
1584137234;77620
1584157648;77621
1584178052;77622
1584198462;77623
1584218870;77624
1584239279;77625
1584259688;77626
1584280097;77627
1584300506;77628
1584320915;77629
1584341323;77630
1584361733;77631
1584382142;77632
1584402551;77633
1584422960;77634
1584443368;77635
1584463778;77636
1584484186;77637
1584504596;77638
1584525004;77639
1584545414;77640
1584565822;77641
1584586235;77642
1584606641;77643
1584627049;77644
1584647459;77645
1584667867;77646
1584688276;77647
1584708685;77648
1584729094;77649
1584749503;77650
1584769912;77651
1584790324;77652
1584810730;77653
1584831143;77654
1584851548;77655
1584871957;77656
1584892366;77657
1584912775;77658
1584933183;77659
1584953593;77660
1584974001;77661
1584994411;77662
1585014819;77663
1585035232;77664
1585055638;77665
1585076046;77666
1585096456;77667
1585116864;77668
1585137273;77669
1585157682;77670
1585178091;77671
1585198500;77672
1585218909;77673
1585239317;77674
1585259727;77675
1585280136;77676
1585300545;77677
1585320954;77678
1585341362;77679
1585361772;77680
1585382180;77681
1585402590;77682
1585422998;77683
1585443411;77684
1585463816;77685
1585484225;77686
1585504635;77687
