1479010238;72469
1479030648;72470
1479051057;72471
1479071465;72472
1479091875;72473
1479112284;72474
1479132693;72475
1479153102;72476
1479173511;72477
1479193920;72478
1479214329;72479
1479234738;72480
1479255147;72481
1479275556;72482
1479295965;72483
1479316374;72484
1479336783;72485
1479357192;72486
1479377601;72487
1479398010;72488
1479418419;72489
1479438828;72490
1479459237;72491
1479479647;72492
1479500055;72493
1479520464;72494
1479540873;72495
1479561282;72496
1479581692;72497
1479602100;72498
1479622510;72499
1479642922;72500
1479663327;72501
1479683737;72502
1479704145;72503
1479724555;72504
1479744964;72505
1479765372;72506
1479785782;72507
1479806190;72508
1479826600;72509
1479847009;72510
1479867417;72511
1479887831;72512
1479908235;72513
1479928645;72514
1479949054;72515
1479969463;72516
1479989872;72517
1480010280;72518
1480030690;72519
1480051099;72520
1480071508;72521
1480091917;72522
1480112326;72523
1480132735;72524
1480153144;72525
1480173553;72526
1480193966;72527
1480214375;72528
1480234780;72529
1480255189;72530
1480275598;72531
1480296007;72532
1480316416;72533
1480336825;72534
1480357238;72535
1480377643;72536
1480398052;72537
1480418462;72538
1480438870;72539
1480459279;72540
1480479689;72541
1480500097;72542
1480520507;72543
1480540915;72544
1480561324;72545
1480581734;72546
1480602142;72547
1480622552;72548
1480642960;72549
1480663369;72550
1480683779;72551
1480704187;72552
1480724597;72553
1480745006;72554
1480765415;72555
1480785824;72556
1480806232;72557
1480826642;72558
1480847051;72559
1480867460;72560
1480887869;72561
1480908277;72562
1480928687;72563
1480949096;72564
1480969505;72565
1480989914;72566
1481010322;72567
1481030732;72568
1481051141;72569
1481071550;72570
1481091959;72571
1481112368;72572
1481132777;72573
1481153186;72574
1481173595;72575
1481194004;72576
1481214413;72577
1481234822;72578
1481255231;72579
1481275640;72580
1481296049;72581
1481316459;72582
1481336867;72583
1481357276;72584
1481377685;72585
1481398094;72586
1481418504;72587
1481438912;72588
1481459321;72589
1481479731;72590
1481500139;72591
1481520549;72592
1481540957;72593
1481561366;72594
1481581776;72595
1481602184;72596
1481622594;72597
1481643002;72598
1481663412;72599
1481683821;72600
1481704229;72601
1481724639;72602
1481745052;72603
1481765457;72604
1481785866;72605
1481806274;72606
1481826684;72607
1481847093;72608
1481867502;72609
1481887911;72610
1481908319;72611
1481928729;72612
1481949138;72613
1481969547;72614
1481989956;72615
1482010365;72616
1482030774;72617
1482051183;72618
1482071592;72619
1482092001;72620
1482112411;72621
1482132819;72622
1482153228;72623
1482173637;72624
1482194046;72625
1482214456;72626
1482234864;72627
1482255273;72628
1482275686;72629
1482296091;72630
1482316501;72631
1482336909;72632
1482357318;72633
1482377727;72634
1482398140;72635
1482418546;72636
1482438954;72637
1482459364;72638
1482479773;72639
1482500181;72640
1482520595;72641
1482540999;72642
1482561409;72643
1482581818;72644
1482602226;72645
1482622636;72646
1482643044;72647
1482663454;72648
1482683863;72649
1482704271;72650
1482724681;72651
1482745090;72652
1482765499;72653
1482785908;72654
1482806316;72655
1482826726;72656
1482847135;72657
1482867544;72658
1482887953;72659
1482908361;72660
1482928771;72661
1482949180;72662
1482969589;72663
1482989998;72664
1483010410;72665
1483030816;72666
1483051225;72667
1483071634;72668
1483092043;72669
1483112453;72670
1483132861;72671
1483153270;72672
1483173679;72673
1483194088;72674
1483214498;72675
1483234906;72676
1483255315;72677
1483275724;72678
1483296133;72679
1483316543;72680
1483336951;72681
1483357360;72682
1483377769;72683
1483398178;72684
1483418588;72685
1483438996;72686
1483459406;72687
1483479815;72688
1483500223;72689
1483520633;72690
1483541041;72691
1483561451;72692
1483581860;72693
1483602268;72694
1483622678;72695
1483643086;72696
1483663496;72697
1483683905;72698
1483704313;72699
1483724723;72700
1483745132;72701
1483765541;72702
1483785950;72703
1483806359;72704
1483826768;72705
1483847177;72706
1483867586;72707
1483887995;72708
1483908404;72709
1483928813;72710
1483949222;72711
1483969631;72712
1483990040;72713
1484010449;72714
1484030858;72715
1484051267;72716
1484071676;72717
1484092085;72718
1484112544;72719
1484132952;72720
1484153361;72721
1484173771;72722
1484194179;72723
1484214589;72724
1484234998;72725
1484255408;72726
1484275816;72727
1484296225;72728
1484316635;72729
1484337043;72730
1484357453;72731
1484377862;72732
1484398271;72733
1484418680;72734
1484439089;72735
1484459499;72736
1484479907;72737
1484500316;72738
1484520726;72739
1484541134;72740
1484561544;72741
1484581953;72742
1484602363;72743
1484622771;72744
1484643180;72745
1484663590;72746
1484683998;72747
1484704408;72748
1484724817;72749
1484745226;72750
1484765635;72751
1484786044;72752
1484806454;72753
1484826862;72754
1484847271;72755
1484867681;72756
1484888094;72757
1484908499;72758
1484928908;72759
1484949317;72760
1484969726;72761
1484990135;72762
1485010545;72763
1485030954;72764
1485051363;72765
1485071772;72766
1485092181;72767
1485112590;72768
1485132999;72769
1485153409;72770
1485173818;72771
1485194226;72772
1485214636;72773
1485235045;72774
1485255454;72775
1485275863;72776
1485296272;72777
1485316682;72778
1485337090;72779
1485357504;72780
1485377909;72781
1485398317;72782
1485418727;72783
1485439136;72784
1485459546;72785
1485479958;72786
1485500363;72787
1485520773;72788
1485541185;72789
1485561595;72790
1485582004;72791
1485602410;72792
1485622818;72793
1485643227;72794
1485663637;72795
1485684045;72796
1485704455;72797
1485724864;72798
1485745273;72799
1485765682;72800
1485786091;72801
1485806501;72802
1485826909;72803
1485847318;72804
1485867728;72805
1485888137;72806
1485908546;72807
1485928955;72808
1485949365;72809
1485969773;72810
1485990182;72811
1486010592;72812
1486031000;72813
1486051410;72814
1486071823;72815
1486092228;72816
1486112637;72817
1486133046;72818
1486153456;72819
1486173864;72820
1486194274;72821
1486214683;72822
1486235092;72823
1486255505;72824
1486275910;72825
1486296320;72826
1486316728;72827
1486337137;72828
1486357547;72829
1486377956;72830
1486398365;72831
1486418774;72832
1486439183;72833
1486459592;72834
1486480001;72835
1486500411;72836
1486520820;72837
1486541228;72838
1486561638;72839
1486582047;72840
1486602456;72841
1486622865;72842
1486643275;72843
1486663684;72844
1486684092;72845
1486704502;72846
1486724911;72847
1486745320;72848
1486765729;72849
1486786138;72850
1486806548;72851
1486826956;72852
1486847370;72853
1486867775;72854
1486888183;72855
1486908593;72856
1486929002;72857
1486949412;72858
1486969820;72859
1486990233;72860
1487010639;72861
1487031047;72862
1487051457;72863
1487071866;72864
1487092276;72865
1487112688;72866
1487133093;72867
1487153503;72868
1487173911;72869
1487194321;72870
1487214730;72871
1487235139;72872
1487255548;72873
1487275957;72874
1487296367;72875
1487316775;72876
1487337185;72877
1487357594;72878
1487378002;72879
1487398412;72880
1487418821;72881
1487439230;72882
1487459639;72883
1487480048;72884
1487500458;72885
1487520866;72886
1487541276;72887
1487561685;72888
1487582094;72889
1487602503;72890
1487622912;72891
1487643322;72892
1487663734;72893
1487684139;72894
1487704549;72895
1487724958;72896
1487745367;72897
1487765776;72898
1487786186;72899
1487806594;72900
1487827003;72901
1487847413;72902
1487867822;72903
1487888231;72904
1487908644;72905
1487929049;72906
1487949458;72907
1487969867;72908
1487990281;72909
1488010686;72910
1488031094;72911
1488051504;72912
1488071917;72913
1488092322;72914
1488112731;72915
1488133140;72916
1488153550;72917
1488173958;72918
1488194368;72919
1488214777;72920
1488235186;72921
1488255595;72922
1488276004;72923
1488296414;72924
1488316822;72925
1488337232;72926
1488357641;72927
1488378049;72928
1488398459;72929
1488418868;72930
1488439278;72931
1488459686;72932
1488480095;72933
1488500505;72934
1488520913;72935
1488541323;72936
1488561732;72937
1488582141;72938
1488602550;72939
1488622959;72940
1488643369;72941
1488663777;72942
1488684187;72943
1488704596;72944
1488725005;72945
1488745414;72946
1488765823;72947
1488786233;72948
1488806645;72949
1488827050;72950
1488847460;72951
1488867868;72952
1488888278;72953
1488908687;72954
1488929100;72955
1488949505;72956
1488969914;72957
1488990324;72958
1489010732;72959
1489031145;72960
1489051555;72961
1489071960;72962
1489092369;72963
1489112778;72964
1489133188;72965
1489153596;72966
1489174005;72967
1489194415;72968
1489214824;72969
1489235233;72970
1489255642;72971
1489276051;72972
1489296464;72973
1489316869;72974
1489337279;72975
1489357688;72976
1489378096;72977
1489398506;72978
1489418915;72979
1489439324;72980
1489459733;72981
1489480142;72982
1489500552;72983
1489520960;72984
1489541370;72985
1489561779;72986
1489582187;72987
1489602597;72988
1489623006;72989
1489643416;72990
1489663824;72991
1489684238;72992
1489704643;72993
1489725051;72994
1489745461;72995
1489765870;72996
1489786280;72997
1489806688;72998
1489827097;72999
1489847507;73000
1489867915;73001
1489888325;73002
1489908734;73003
1489929143;73004
1489949552;73005
1489969961;73006
1489990371;73007
1490010779;73008
1490031189;73009
1490051598;73010
1490072007;73011
1490092416;73012
1490112825;73013
1490133235;73014
1490153643;73015
1490174052;73016
1490194466;73017
1490214870;73018
1490235280;73019
1490255689;73020
1490276099;73021
1490296507;73022
1490316916;73023
1490337326;73024
1490357734;73025
1490378144;73026
1490398553;73027
1490418962;73028
1490439371;73029
1490459780;73030
1490480190;73031
1490500598;73032
1490521007;73033
1490541417;73034
1490561826;73035
1490582235;73036
1490602644;73037
1490623053;73038
1490643462;73039
1490663871;73040
1490684281;73041
1490704690;73042
1490725099;73043
1490745508;73044
1490765917;73045
1490786326;73046
1490806735;73047
1490827145;73048
1490847554;73049
1490867962;73050
1490888372;73051
1490908781;73052
1490929190;73053
1490949603;73054
1490970008;73055
1490990418;73056
1491010826;73057
1491031236;73058
1491051645;73059
1491072054;73060
1491092463;73061
1491112872;73062
1491133282;73063
1491153690;73064
1491174100;73065
1491194509;73066
1491214917;73067
1491235327;73068
1491255736;73069
1491276146;73070
1491296554;73071
1491316963;73072
1491337377;73073
1491357785;73074
1491378191;73075
1491398600;73076
1491419010;73077
1491439418;73078
1491459827;73079
1491480237;73080
1491500645;73081
1491521055;73082
1491541464;73083
1491561873;73084
1491582282;73085
1491602691;73086
1491623101;73087
1491643509;73088
1491663918;73089
1491684328;73090
1491704736;73091
1491725146;73092
1491745555;73093
1491765964;73094
1491786373;73095
1491806782;73096
1491827192;73097
1491847600;73098
1491868010;73099
1491888419;73100
1491908828;73101
1491929237;73102
1491949646;73103
1491970056;73104
1491990464;73105
1492010873;73106
1492031283;73107
1492051692;73108
1492072101;73109
1492092510;73110
1492112920;73111
1492133328;73112
1492153737;73113
1492174147;73114
1492194556;73115
1492214965;73116
1492235374;73117
1492255783;73118
1492276192;73119
1492296601;73120
1492317011;73121
1492337420;73122
1492357828;73123
1492378238;73124
1492398647;73125
1492419056;73126
1492439465;73127
1492459874;73128
1492480288;73129
1492500692;73130
1492521102;73131
1492541511;73132
1492561919;73133
1492582329;73134
1492602738;73135
1492623148;73136
1492643556;73137
1492663966;73138
1492684375;73139
1492704783;73140
1492725193;73141
1492745602;73142
1492766012;73143
1492786420;73144
1492806829;73145
1492827239;73146
1492847647;73147
1492868057;73148
1492888466;73149
1492908879;73150
1492929288;73151
1492949693;73152
1492970103;73153
1492990511;73154
1493010921;73155
1493031330;73156
1493051738;73157
1493072148;73158
1493092557;73159
1493112967;73160
1493133375;73161
1493153788;73162
1493174194;73163
1493194602;73164
1493215012;73165
1493235421;73166
1493255831;73167
1493276239;73168
1493296648;73169
1493317058;73170
1493337466;73171
1493357875;73172
1493378285;73173
1493398698;73174
1493419103;73175
1493439512;73176
1493459922;73177
1493480330;73178
1493500743;73179
1493521149;73180
1493541562;73181
1493561967;73182
1493582376;73183
1493602785;73184
1493623194;73185
1493643603;73186
1493664013;73187
1493684422;73188
1493704830;73189
1493725240;73190
1493745653;73191
1493766058;73192
1493786467;73193
1493806876;73194
1493827286;73195
1493847694;73196
1493868104;73197
1493888513;73198
1493908922;73199
1493929331;73200
1493949740;73201
1493970150;73202
1493990558;73203
1494010972;73204
1494031377;73205
1494051789;73206
1494072195;73207
1494092604;73208
1494112956;73209
1494133368;73210
1494153774;73211
1494174182;73212
1494194591;73213
1494215000;73214
1494235409;73215
1494255823;73216
1494276227;73217
1494296636;73218
1494317045;73219
1494337454;73220
1494357864;73221
1494378272;73222
1494398685;73223
1494419090;73224
1494439499;73225
1494459909;73226
1494480321;73227
1494500727;73228
1494521139;73229
1494541544;73230
1494561954;73231
1494582362;73232
1494602772;73233
1494623180;73234
1494643589;73235
1494663999;73236
1494684407;73237
1494704817;73238
1494725225;73239
1494745634;73240
1494766044;73241
1494786452;73242
1494806862;73243
1494827270;73244
1494847680;73245
1494868089;73246
1494888497;73247
1494908907;73248
1494929315;73249
1494949725;73250
1494970133;73251
1494990542;73252
1495010952;73253
1495031360;73254
1495051770;73255
1495072178;73256
1495092587;73257
1495113000;73258
1495133405;73259
1495153815;73260
1495174223;73261
1495194632;73262
1495215042;73263
1495235450;73264
1495255860;73265
1495276268;73266
1495296678;73267
1495317087;73268
1495337495;73269
1495357905;73270
1495378313;73271
1495398723;73272
1495419132;73273
1495439544;73274
1495459950;73275
1495480358;73276
1495500768;73277
1495521177;73278
1495541585;73279
1495561995;73280
1495582403;73281
1495602813;73282
1495623221;73283
1495643630;73284
1495664040;73285
1495684448;73286
1495704858;73287
1495725270;73288
1495745676;73289
1495766085;73290
1495786493;73291
1495806903;73292
1495827311;73293
1495847721;73294
1495868130;73295
1495888538;73296
1495908948;73297
1495929356;73298
1495949766;73299
1495970175;73300
1495990584;73301
1496010993;73302
1496031401;73303
1496051811;73304
1496072220;73305
1496092633;73306
1496113038;73307
1496133446;73308
1496153856;73309
1496174265;73310
1496194674;73311
1496215083;73312
1496235491;73313
1496255901;73314
1496276309;73315
1496296719;73316
1496317128;73317
1496337537;73318
1496357946;73319
1496378358;73320
1496398764;73321
1496419173;73322
1496439581;73323
1496459991;73324
1496480403;73325
1496500809;73326
1496521218;73327
1496541627;73328
1496562036;73329
1496582444;73330
1496602854;73331
1496623263;73332
1496643672;73333
1496664081;73334
1496684489;73335
1496704899;73336
1496725308;73337
1496745717;73338
1496766126;73339
1496786534;73340
1496806944;73341
1496827353;73342
1496847762;73343
1496868171;73344
1496888580;73345
1496908989;73346
1496929397;73347
1496949807;73348
1496970216;73349
1496990625;73350
1497011034;73351
1497031442;73352
1497051852;73353
1497072261;73354
1497092670;73355
1497113079;73356
1497133487;73357
1497153897;73358
1497174306;73359
1497194715;73360
1497215124;73361
1497235532;73362
1497255942;73363
1497276351;73364
1497296760;73365
1497317169;73366
1497337578;73367
1497357987;73368
1497378396;73369
1497398805;73370
1497419214;73371
1497439623;73372
1497460032;73373
1497480441;73374
1497500850;73375
1497521259;73376
1497541672;73377
1497562077;73378
1497582485;73379
1497602895;73380
1497623304;73381
1497643713;73382
1497664122;73383
1497684531;73384
1497704940;73385
1497725349;73386
1497745762;73387
1497766167;73388
1497786576;73389
1497806985;73390
1497827394;73391
1497847803;73392
1497868212;73393
1497888621;73394
1497909030;73395
1497929439;73396
1497949848;73397
1497970257;73398
1497990666;73399
1498011075;73400
1498031485;73401
1498051893;73402
1498072302;73403
1498092711;73404
1498113120;73405
1498133530;73406
1498153938;73407
1498174347;73408
1498194756;73409
1498215165;73410
1498235574;73411
1498255983;73412
1498276392;73413
1498296801;73414
1498317210;73415
1498337619;73416
1498358028;73417
1498378441;73418
1498398846;73419
1498419255;73420
1498439664;73421
1498460073;73422
1498480483;73423
1498500891;73424
1498521304;73425
1498541709;73426
1498562122;73427
1498582528;73428
1498602936;73429
1498623345;73430
1498643754;73431
1498664163;73432
1498684573;73433
1498704981;73434
1498725390;73435
1498745799;73436
1498766212;73437
1498786618;73438
1498807026;73439
1498827436;73440
1498847844;73441
1498868257;73442
1498888662;73443
1498909071;73444
1498929481;73445
1498949893;73446
1498970298;73447
1498990707;73448
1499011116;73449
1499031526;73450
1499051934;73451
1499072343;73452
1499092756;73453
1499113161;73454
1499133571;73455
1499153979;73456
1499174388;73457
1499194797;73458
1499215206;73459
1499235616;73460
1499256024;73461
1499276434;73462
1499296842;73463
1499317251;73464
1499337661;73465
1499358069;73466
1499378479;73467
1499398887;73468
1499419296;73469
1499439706;73470
1499460114;73471
1499480524;73472
1499500932;73473
1499521342;73474
1499541750;73475
1499562163;73476
1499582569;73477
1499602977;73478
1499623387;73479
1499643795;73480
1499664204;73481
1499684618;73482
1499705022;73483
1499725432;73484
1499745844;73485
1499766253;73486
1499786659;73487
1499807067;73488
1499827477;73489
1499847885;73490
1499868294;73491
1499888704;73492
1499909112;73493
1499929522;73494
1499949930;73495
1499970340;73496
1499990749;73497
1500011157;73498
1500031567;73499
1500051975;73500
1500072385;73501
1500092794;73502
1500113202;73503
1500133612;73504
1500154020;73505
1500174430;73506
1500194838;73507
1500215247;73508
1500235657;73509
1500256065;73510
1500276475;73511
1500296883;73512
1500317293;73513
1500337702;73514
1500358110;73515
1500378520;73516
1500398928;73517
1500419338;73518
1500439751;73519
1500460155;73520
1500480565;73521
1500500973;73522
1500521383;73523
1500541792;73524
1500562200;73525
1500582610;73526
1500603018;73527
1500623428;73528
1500643837;73529
1500664245;73530
1500684655;73531
1500705063;73532
1500725473;73533
1500745882;73534
1500766291;73535
1500786700;73536
1500807108;73537
1500827518;73538
1500847927;73539
1500868336;73540
1500888745;73541
1500909153;73542
1500929563;73543
1500949971;73544
1500970381;73545
1500990790;73546
1501011199;73547
1501031608;73548
1501052016;73549
1501072426;73550
1501092839;73551
1501113244;73552
1501133653;73553
1501154061;73554
1501174471;73555
1501194880;73556
1501215289;73557
1501235698;73558
1501256106;73559
1501276516;73560
1501296925;73561
1501317334;73562
1501337743;73563
1501358155;73564
1501378561;73565
1501398970;73566
1501419379;73567
1501439788;73568
1501460197;73569
1501480606;73570
1501501015;73571
1501521424;73572
1501541833;73573
1501562242;73574
1501582651;73575
1501603059;73576
1501623469;73577
1501643878;73578
1501664287;73579
1501684696;73580
1501705104;73581
1501725514;73582
1501745923;73583
1501766332;73584
1501786741;73585
1501807153;73586
1501827563;73587
1501847968;73588
1501868377;73589
1501888786;73590
1501909198;73591
1501929604;73592
1501950013;73593
1501970422;73594
1501990835;73595
1502011240;73596
1502031649;73597
1502052058;73598
1502072467;73599
1502092876;73600
1502113285;73601
1502133694;73602
1502154103;73603
1502174512;73604
1502194921;73605
1502215330;73606
1502235739;73607
1502256148;73608
1502276557;73609
1502296966;73610
1502317375;73611
1502337784;73612
1502358193;73613
1502378602;73614
1502399011;73615
1502419420;73616
1502439829;73617
1502460238;73618
1502480647;73619
1502501056;73620
1502521465;73621
1502541874;73622
1502562283;73623
1502582692;73624
1502603101;73625
1502623510;73626
1502643919;73627
1502664328;73628
1502684737;73629
1502705147;73630
1502725555;73631
1502745964;73632
1502766377;73633
1502786782;73634
1502807192;73635
1502827600;73636
1502848009;73637
1502868418;73638
1502888831;73639
1502909240;73640
1502929645;73641
1502950055;73642
1502970463;73643
1502990872;73644
1503011281;73645
1503031690;73646
1503052099;73647
1503072508;73648
1503092917;73649
1503113326;73650
1503133739;73651
1503154145;73652
1503174553;73653
1503194962;73654
1503215371;73655
1503235780;73656
1503256190;73657
1503276598;73658
1503297007;73659
1503317416;73660
1503337825;73661
1503358235;73662
1503378643;73663
1503399053;73664
1503419461;73665
1503439870;73666
1503460280;73667
1503480688;73668
1503501098;73669
1503521506;73670
1503541915;73671
1503562324;73672
1503582733;73673
1503603147;73674
1503623551;73675
1503643960;73676
1503664369;73677
1503684778;73678
1503705188;73679
1503725596;73680
1503746005;73681
1503766414;73682
1503786823;73683
1503807233;73684
1503827641;73685
1503848050;73686
1503868459;73687
1503888868;73688
1503909278;73689
1503929690;73690
1503950096;73691
1503970504;73692
1503990917;73693
1504011323;73694
1504031731;73695
1504052141;73696
1504072549;73697
1504092958;73698
1504113370;73699
1504133778;73700
1504154188;73701
1504174600;73702
1504195005;73703
1504215415;73704
1504235823;73705
1504256233;73706
1504276641;73707
1504297051;73708
1504317460;73709
1504337872;73710
1504358278;73711
1504378690;73712
1504399096;73713
1504419504;73714
1504439913;73715
1504460323;73716
1504480731;73717
1504501145;73718
1504521549;73719
1504541962;73720
1504562368;73721
1504582776;73722
1504603186;73723
1504623594;73724
1504644003;73725
1504664413;73726
1504684821;73727
1504705231;73728
1504725639;73729
1504746049;73730
1504766458;73731
1504786866;73732
1504807276;73733
1504827684;73734
1504848094;73735
1504868503;73736
1504888911;73737
1504909321;73738
1504929729;73739
1504950139;73740
1504970548;73741
1504990956;73742
1505011366;73743
1505031774;73744
1505052184;73745
1505072593;73746
1505093001;73747
1505113411;73748
1505133819;73749
1505154229;73750
1505174638;73751
1505195047;73752
1505215460;73753
1505235864;73754
1505256274;73755
1505276683;73756
1505297092;73757
1505317501;73758
1505337909;73759
1505358319;73760
1505378728;73761
1505399136;73762
1505419546;73763
1505439954;73764
1505460364;73765
1505480773;73766
1505501182;73767
1505521591;73768
1505541999;73769
1505562409;73770
1505582818;73771
1505603231;73772
1505623636;73773
1505644045;73774
1505664454;73775
1505684863;73776
1505705272;73777
1505725681;73778
1505746090;73779
1505766499;73780
1505786908;73781
1505807321;73782
1505827726;73783
1505848135;73784
1505868544;73785
1505888954;73786
1505909362;73787
1505929771;73788
1505950180;73789
1505970589;73790
1505990999;73791
1506011407;73792
1506031816;73793
1506052225;73794
1506072634;73795
1506093044;73796
1506113456;73797
1506133861;73798
1506154270;73799
1506174679;73800
1506195089;73801
1506215497;73802
1506235906;73803
1506256315;73804
1506276724;73805
1506297134;73806
1506317542;73807
1506337951;73808
1506358360;73809
1506378769;73810
1506399178;73811
1506419587;73812
1506439997;73813
1506460405;73814
1506480814;73815
1506501223;73816
1506521632;73817
1506542042;73818
1506562450;73819
1506582859;73820
1506603268;73821
1506623677;73822
1506644087;73823
1506664495;73824
1506684904;73825
1506705313;73826
1506725722;73827
1506746132;73828
1506766540;73829
1506786950;73830
1506807358;73831
1506827767;73832
1506848177;73833
1506868585;73834
1506888995;73835
1506909403;73836
1506929812;73837
1506950226;73838
1506970630;73839
1506991040;73840
1507011448;73841
1507031857;73842
1507052267;73843
1507072675;73844
1507093085;73845
1507113493;73846
1507133903;73847
1507154312;73848
1507174720;73849
1507195130;73850
1507215538;73851
1507235948;73852
1507256357;73853
1507276765;73854
1507297175;73855
1507317587;73856
1507337993;73857
1507358402;73858
1507378810;73859
1507399220;73860
1507419632;73861
1507440038;73862
1507460447;73863
1507480855;73864
1507501265;73865
1507521673;73866
1507542083;73867
1507562492;73868
1507582901;73869
1507603310;73870
1507623718;73871
1507644128;73872
1507664537;73873
1507684946;73874
1507705355;73875
1507725763;73876
1507746173;73877
1507766586;73878
1507786991;73879
1507807400;73880
1507827808;73881
1507848218;73882
1507868627;73883
1507889036;73884
1507909445;73885
1507929857;73886
1507950263;73887
1507970672;73888
1507991081;73889
1508011494;73890
1508031899;73891
1508052308;73892
1508072717;73893
1508093126;73894
1508113535;73895
1508133944;73896
1508154357;73897
1508174762;73898
1508195171;73899
1508215580;73900
1508235989;73901
1508256398;73902
1508276808;73903
1508297216;73904
1508317625;73905
1508338034;73906
1508358443;73907
1508378852;73908
1508399261;73909
1508419670;73910
1508440079;73911
1508460488;73912
1508480901;73913
1508501306;73914
1508521715;73915
1508542128;73916
1508562533;73917
1508582942;73918
1508603351;73919
1508623760;73920
1508644169;73921
1508664578;73922
1508684987;73923
1508705396;73924
1508725806;73925
1508746214;73926
1508766623;73927
1508787032;73928
1508807441;73929
1508827851;73930
1508848263;73931
1508868668;73932
1508889077;73933
1508909486;73934
1508929896;73935
1508950304;73936
1508970713;73937
1508991122;73938
1509011531;73939
1509031941;73940
1509052353;73941
1509072759;73942
1509093167;73943
1509113576;73944
1509133986;73945
1509154394;73946
1509174804;73947
1509195216;73948
1509215621;73949
1509236031;73950
1509256439;73951
1509276849;73952
1509297257;73953
1509317666;73954
1509338076;73955
1509358484;73956
1509378894;73957
1509399302;73958
1509419711;73959
1509440121;73960
1509460529;73961
1509480939;73962
1509501347;73963
1509521757;73964
1509542166;73965
1509562574;73966
1509582984;73967
1509603392;73968
1509623802;73969
1509644211;73970
1509664619;73971
1509685029;73972
1509705437;73973
1509725847;73974
1509746256;73975
1509766664;73976
1509787074;73977
1509807482;73978
1509827892;73979
1509848301;73980
1509868710;73981
1509889119;73982
1509909527;73983
1509929937;73984
1509950350;73985
1509970755;73986
1509991164;73987
1510011572;73988
1510031986;73989
1510052391;73990
1510072800;73991
1510093209;73992
1510113617;73993
1510134027;73994
1510154436;73995
1510174845;73996
1510195254;73997
1510215662;73998
1510236076;73999
1510256481;74000
1510276890;74001
1510297299;74002
1510317708;74003
1510338117;74004
1510358525;74005
1510378935;74006
1510399344;74007
1510419753;74008
1510440162;74009
1510460570;74010
1510480980;74011
1510501389;74012
1510521798;74013
1510542207;74014
1510562616;74015
1510583025;74016
1510603434;74017
1510623843;74018
1510644252;74019
1510664661;74020
1510685070;74021
1510705483;74022
1510725888;74023
1510746297;74024
1510766706;74025
1510787115;74026
1510807524;74027
1510827933;74028
1510848342;74029
1510868751;74030
1510889160;74031
1510909569;74032
1510929978;74033
1510950387;74034
1510970796;74035
1510991205;74036
1511011615;74037
1511032023;74038
1511052432;74039
1511072841;74040
1511093254;74041
1511113660;74042
1511134068;74043
1511154481;74044
1511174886;74045
1511195295;74046
1511215705;74047
1511236113;74048
1511256522;74049
1511276931;74050
1511297340;74051
1511317750;74052
1511338158;74053
1511358567;74054
1511378976;74055
1511399385;74056
1511419795;74057
1511440203;74058
1511460613;74059
1511481021;74060
1511501430;74061
1511521840;74062
1511542248;74063
1511562658;74064
1511583066;74065
1511603475;74066
1511623885;74067
1511644293;74068
1511664703;74069
1511685111;74070
1511705521;74071
1511725930;74072
1511746338;74073
1511766748;74074
1511787156;74075
1511807565;74076
1511827975;74077
1511848383;74078
1511868793;74079
1511889201;74080
1511909611;74081
1511930020;74082
1511950428;74083
1511970838;74084
1511991246;74085
1512011656;74086
1512032065;74087
1512052473;74088
1512072883;74089
1512093291;74090
1512113701;74091
1512134110;74092
1512154518;74093
1512174928;74094
1512195336;74095
1512215746;74096
1512236155;74097
1512256564;74098
1512276973;74099
1512297385;74100
1512317791;74101
1512338199;74102
1512358609;74103
1512379018;74104
1512399426;74105
1512419836;74106
1512440248;74107
1512460654;74108
1512481063;74109
1512501471;74110
1512521881;74111
1512542289;74112
1512562699;74113
1512583108;74114
1512603516;74115
1512623926;74116
1512644334;74117
1512664744;74118
1512685153;74119
1512705562;74120
1512725971;74121
1512746379;74122
1512766789;74123
1512787198;74124
1512807607;74125
1512828016;74126
1512848424;74127
1512868834;74128
1512889243;74129
1512909652;74130
1512930061;74131
1512950470;74132
1512970879;74133
1512991288;74134
1513011697;74135
1513032106;74136
1513052515;74137
1513072924;74138
1513093333;74139
1513113742;74140
1513134151;74141
1513154560;74142
1513174973;74143
1513195378;74144
1513215787;74145
1513236196;74146
1513256609;74147
1513277014;74148
1513297423;74149
1513317832;74150
1513338241;74151
1513358650;74152
1513379059;74153
1513399468;74154
1513419877;74155
1513440286;74156
1513460695;74157
1513481104;74158
1513501514;74159
1513521922;74160
1513542331;74161
1513562740;74162
1513583149;74163
1513603559;74164
1513623967;74165
1513644376;74166
1513664785;74167
1513685198;74168
1513705604;74169
1513726012;74170
1513746421;74171
1513766830;74172
1513787243;74173
1513807649;74174
1513828057;74175
1513848467;74176
1513868875;74177
1513889284;74178
1513909698;74179
1513930102;74180
1513950512;74181
1513970920;74182
1513991329;74183
1514011739;74184
1514032147;74185
1514052557;74186
1514072965;74187
1514093374;74188
1514113769;74189
1514134177;74190
1514154587;74191
1514174995;74192
1514195405;74193
1514215813;74194
1514236222;74195
1514256631;74196
1514277040;74197
1514297450;74198
1514317858;74199
1514338267;74200
1514358676;74201
1514379085;74202
1514399498;74203
1514419903;74204
1514440312;74205
1514460721;74206
1514481130;74207
1514501539;74208
1514521948;74209
1514542357;74210
1514562766;74211
1514583175;74212
1514603584;74213
1514623993;74214
1514644402;74215
1514664811;74216
1514685219;74217
1514705629;74218
1514726038;74219
1514746447;74220
1514766856;74221
1514787264;74222
1514807674;74223
1514828082;74224
1514848492;74225
1514868901;74226
1514889309;74227
1514909719;74228
1514930127;74229
1514950537;74230
1514970945;74231
1514991355;74232
1515011763;74233
1515032172;74234
1515052582;74235
1515072990;74236
1515093400;74237
1515113812;74238
1515134221;74239
1515154626;74240
1515175035;74241
1515195445;74242
1515215853;74243
1515236262;74244
1515256671;74245
1515277080;74246
1515297489;74247
1515317898;74248
1515338308;74249
1515358716;74250
1515379125;74251
1515399534;74252
1515419943;74253
1515440352;74254
1515460761;74255
1515481170;74256
1515501579;74257
1515521988;74258
1515542397;74259
1515562806;74260
1515583214;74261
1515603624;74262
1515624032;74263
1515644442;74264
1515664851;74265
1515685259;74266
1515705669;74267
1515726077;74268
1515746487;74269
1515766895;74270
1515787305;74271
1515807714;74272
1515828126;74273
1515848532;74274
1515868940;74275
1515889350;74276
1515909758;74277
1515930167;74278
1515950577;74279
1515970985;74280
1515991395;74281
1516011803;74282
1516032216;74283
1516052621;74284
1516073030;74285
1516093444;74286
1516113848;74287
1516134258;74288
1516154666;74289
1516175075;74290
1516195484;74291
1516215893;74292
1516236303;74293
1516256711;74294
1516277120;74295
1516297529;74296
1516317938;74297
1516338347;74298
1516358756;74299
1516379164;74300
1516399574;74301
1516419983;74302
1516440392;74303
1516460801;74304
1516481209;74305
1516501619;74306
1516522027;74307
1516542437;74308
1516562846;74309
1516583255;74310
1516603664;74311
1516624072;74312
1516644482;74313
1516664890;74314
1516685300;74315
1516705709;74316
1516726117;74317
1516746527;74318
1516766935;74319
1516787345;74320
1516807753;74321
1516828162;74322
1516848572;74323
1516868980;74324
1516889390;74325
1516909798;74326
1516930207;74327
1516950616;74328
1516971025;74329
1516991435;74330
1517011843;74331
1517032253;74332
1517052661;74333
1517073070;74334
1517093479;74335
1517113888;74336
1517134297;74337
1517154710;74338
1517175115;74339
1517195524;74340
1517215933;74341
1517236342;74342
1517256751;74343
1517277160;74344
1517297569;74345
1517317978;74346
1517338387;74347
1517358796;74348
1517379205;74349
1517399614;74350
1517420022;74351
1517440432;74352
1517460841;74353
1517481250;74354
1517501659;74355
1517522067;74356
1517542477;74357
1517562885;74358
1517583295;74359
1517603704;74360
1517624112;74361
1517644522;74362
1517664930;74363
1517685340;74364
1517705748;74365
1517726157;74366
1517746566;74367
1517766975;74368
1517787385;74369
1517807793;74370
1517828206;74371
1517848611;74372
1517869024;74373
1517889429;74374
1517909838;74375
1517930248;74376
1517950656;74377
1517971065;74378
1517991474;74379
1518011883;74380
1518032296;74381
1518052701;74382
1518073110;74383
1518093519;74384
1518113928;74385
1518134341;74386
1518154746;74387
1518175155;74388
1518195564;74389
1518215973;74390
1518236382;74391
1518256791;74392
1518277200;74393
1518297609;74394
1518318017;74395
1518338427;74396
1518358836;74397
1518379245;74398
1518399654;74399
1518420062;74400
1518440472;74401
1518460880;74402
1518481290;74403
1518501698;74404
1518522107;74405
1518542517;74406
1518562925;74407
1518583335;74408
1518603743;74409
1518624153;74410
1518644561;74411
1518664970;74412
1518685380;74413
1518705792;74414
1518726198;74415
1518746606;74416
1518767015;74417
1518787424;74418
1518807833;74419
1518828243;74420
1518848651;74421
1518869060;74422
1518889473;74423
1518909878;74424
1518930287;74425
1518950696;74426
1518971105;74427
1518991514;74428
1519011923;74429
1519032332;74430
1519052741;74431
1519073150;74432
1519093559;74433
1519113968;74434
1519134381;74435
1519154790;74436
1519175195;74437
1519195604;74438
1519216012;74439
1519236422;74440
1519256830;74441
1519277240;74442
1519297653;74443
1519318057;74444
1519338467;74445
1519358875;74446
1519379285;74447
1519399693;74448
1519420102;74449
1519440512;74450
1519460920;74451
1519481330;74452
1519501738;74453
1519522148;74454
1519542556;74455
1519562965;74456
1519583375;74457
1519603783;74458
1519624193;74459
1519644601;74460
1519665010;74461
1519685419;74462
1519705828;74463
1519726238;74464
1519746646;74465
1519767059;74466
1519787464;74467
1519807873;74468
1519828282;74469
1519848691;74470
1519869101;74471
1519889509;74472
1519909918;74473
1519930327;74474
1519950740;74475
1519971145;74476
1519991554;74477
1520011962;74478
1520032372;74479
1520052781;74480
1520073190;74481
1520093599;74482
1520114007;74483
1520134421;74484
1520154825;74485
1520175235;74486
1520195644;74487
1520216053;74488
1520236462;74489
1520256874;74490
1520277280;74491
1520297688;74492
1520318098;74493
1520338507;74494
1520358915;74495
1520379325;74496
1520399733;74497
1520420143;74498
1520440551;74499
1520460960;74500
1520481370;74501
1520501778;74502
1520522188;74503
1520542596;74504
1520563005;74505
1520583414;74506
1520603823;74507
1520624232;74508
1520644645;74509
1520665051;74510
1520685459;74511
1520705868;74512
1520726277;74513
1520746690;74514
1520767095;74515
1520787504;74516
1520807913;74517
1520828322;74518
1520848731;74519
1520869140;74520
1520889549;74521
1520909957;74522
1520930367;74523
1520950776;74524
1520971185;74525
1520991594;74526
1521012003;74527
1521032412;74528
1521052820;74529
1521073230;74530
1521093639;74531
1521114048;74532
1521134457;74533
1521154865;74534
1521175275;74535
1521195687;74536
1521216093;74537
1521236502;74538
1521256910;74539
1521277320;74540
1521297728;74541
1521318138;74542
1521338546;74543
1521358956;74544
1521379364;74545
1521399773;74546
1521420183;74547
1521440591;74548
1521461000;74549
1521481413;74550
1521501818;74551
1521522227;74552
1521542636;74553
1521563046;74554
1521583454;74555
1521603863;74556
1521624272;74557
1521644681;74558
1521665090;74559
1521685499;74560
1521705908;74561
1521726317;74562
1521746726;74563
1521767135;74564
1521787544;74565
1521807953;74566
1521828362;74567
1521848771;74568
1521869180;74569
1521889589;74570
1521909998;74571
1521930407;74572
1521950815;74573
1521971225;74574
1521991634;74575
1522012043;74576
1522032456;74577
1522052860;74578
1522073270;74579
1522093678;74580
1522114088;74581
1522134496;74582
1522154906;74583
1522175315;74584
1522195723;74585
1522216133;74586
1522236541;74587
1522256950;74588
1522277359;74589
1522297768;74590
1522318182;74591
1522338586;74592
1522358996;74593
1522379404;74594
1522399813;74595
1522420222;74596
1522440631;74597
1522461041;74598
1522481449;74599
1522501859;74600
1522522267;74601
1522542676;74602
1522563085;74603
1522583494;74604
1522603904;74605
1522624312;74606
1522644721;74607
1522665130;74608
1522685539;74609
1522705948;74610
1522726357;74611
1522746765;74612
1522767175;74613
1522787584;74614
1522807993;74615
1522828402;74616
1522848810;74617
1522869220;74618
1522889628;74619
1522910038;74620
1522930447;74621
1522950856;74622
1522971265;74623
1522991673;74624
1523012083;74625
1523032491;74626
1523052904;74627
1523073314;74628
1523093718;74629
1523114128;74630
1523134536;74631
1523154946;74632
1523175354;74633
1523195763;74634
1523216173;74635
1523236581;74636
1523256991;74637
1523277399;74638
1523297809;74639
1523318217;74640
1523338630;74641
1523359036;74642
1523379444;74643
1523399854;74644
1523420262;74645
1523440671;74646
1523461080;74647
1523481489;74648
1523501901;74649
1523522307;74650
1523542716;74651
1523563125;74652
1523583534;74653
1523603943;74654
1523624352;74655
1523644760;74656
1523665170;74657
1523685579;74658
1523705992;74659
1523726397;74660
1523746805;74661
1523767215;74662
1523787623;74663
1523808033;74664
1523828442;74665
1523848855;74666
1523869260;74667
1523889668;74668
1523910078;74669
1523930486;74670
1523950896;74671
1523971305;74672
1523991713;74673
1524012123;74674
1524032531;74675
1524052941;74676
1524073349;74677
1524093758;74678
1524114256;74679
1524134668;74680
1524155074;74681
1524175483;74682
1524195896;74683
1524216305;74684
1524236710;74685
1524257120;74686
1524277528;74687
1524297938;74688
1524318347;74689
1524338756;74690
1524359165;74691
1524379574;74692
1524399988;74693
1524420393;74694
1524440801;74695
1524461211;74696
1524481620;74697
1524502029;74698
1524522438;74699
1524542848;74700
1524563257;74701
1524583670;74702
1524604075;74703
1524624484;74704
1524644894;74705
1524665303;74706
1524685711;74707
1524706121;74708
1524726530;74709
1524746940;74710
1524767348;74711
1524787761;74712
1524808167;74713
1524828576;74714
1524848985;74715
1524869394;74716
1524889803;74717
1524910213;74718
1524930625;74719
1524951035;74720
1524971440;74721
1524991850;74722
1525012258;74723
1525032667;74724
1525053077;74725
1525073486;74726
1525093895;74727
1525114304;74728
1525134713;74729
1525155123;74730
1525175531;74731
1525195941;74732
1525216350;74733
1525236760;74734
1525257168;74735
1525277577;74736
1525297987;74737
1525318396;74738
1525338805;74739
1525359214;74740
1525379623;74741
1525400033;74742
1525420441;74743
1525440855;74744
1525461260;74745
1525481669;74746
1525502078;74747
1525522487;74748
1525542901;74749
1525563306;74750
1525583714;74751
1525604124;74752
1525624533;74753
1525644943;74754
1525665351;74755
1525685761;74756
1525706174;74757
1525726579;74758
1525746988;74759
1525767397;74760
1525787810;74761
1525808216;74762
1525828624;74763
1525849034;74764
1525869443;74765
1525889852;74766
1525910265;74767
1525930670;74768
1525951084;74769
1525971488;74770
1525991898;74771
1526012311;74772
1526032716;74773
1526053125;74774
1526073534;74775
1526093944;74776
1526114353;74777
1526134761;74778
1526155171;74779
1526175580;74780
1526195990;74781
1526216398;74782
1526236808;74783
1526257217;74784
1526277626;74785
1526298035;74786
1526318444;74787
1526338854;74788
1526359263;74789
1526379671;74790
1526400081;74791
1526420490;74792
1526440900;74793
1526461308;74794
1526481718;74795
1526502127;74796
1526522536;74797
1526542945;74798
1526563354;74799
1526583764;74800
1526604173;74801
1526624581;74802
1526644991;74803
1526665400;74804
1526685810;74805
1526706218;74806
1526726627;74807
1526747037;74808
1526767446;74809
1526787855;74810
1526808264;74811
1526828674;74812
1526849083;74813
1526869491;74814
1526889901;74815
1526910310;74816
1526930720;74817
1526951131;74818
1526971537;74819
1526991947;74820
1527012356;74821
1527032765;74822
1527053174;74823
1527073583;74824
1527093993;74825
1527114401;74826
1527134811;74827
1527155220;74828
1527175629;74829
1527196038;74830
1527216451;74831
1527236857;74832
1527257266;74833
1527277675;74834
1527298084;74835
1527318493;74836
1527338903;74837
1527359311;74838
1527379721;74839
1527400130;74840
1527420539;74841
1527440948;74842
1527461357;74843
1527481767;74844
1527502175;74845
1527522584;74846
1527542994;74847
1527563403;74848
1527583812;74849
1527604225;74850
1527624631;74851
1527645044;74852
1527665448;74853
1527685858;74854
1527706267;74855
1527726677;74856
1527747085;74857
1527767498;74858
1527787904;74859
1527808317;74860
1527828722;74861
1527849131;74862
1527869541;74863
1527889950;74864
1527910358;74865
1527930768;74866
1527951177;74867
1527971587;74868
1527991995;74869
1528012408;74870
1528032814;74871
1528053223;74872
1528073632;74873
1528094041;74874
1528114454;74875
1528134860;74876
1528155268;74877
1528175678;74878
1528196087;74879
1528216496;74880
1528236905;74881
1528257314;74882
1528277724;74883
1528298133;74884
1528318541;74885
1528338951;74886
1528359364;74887
1528379770;74888
1528400178;74889
1528420588;74890
1528440997;74891
1528461406;74892
1528481815;74893
1528502224;74894
1528522638;74895
1528543043;74896
1528563451;74897
1528583861;74898
1528604270;74899
1528624680;74900
1528645088;74901
1528665498;74902
1528685911;74903
1528706320;74904
1528726729;74905
1528747134;74906
1528767543;74907
1528787953;74908
1528808361;74909
1528828771;74910
1528849180;74911
1528869590;74912
1528889998;74913
1528910407;74914
1528930817;74915
1528951226;74916
1528971639;74917
1528992048;74918
1529012453;74919
1529032863;74920
1529053271;74921
1529073681;74922
1529094090;74923
1529114499;74924
1529134908;74925
1529155317;74926
1529175727;74927
1529196135;74928
1529216545;74929
1529236954;74930
1529257363;74931
1529277772;74932
1529298181;74933
1529318591;74934
1529339000;74935
1529359408;74936
1529379818;74937
1529400227;74938
1529420637;74939
1529441045;74940
1529461455;74941
1529481864;74942
1529502273;74943
1529522682;74944
1529543091;74945
1529563501;74946
1529583910;74947
1529604318;74948
1529624728;74949
1529645137;74950
1529665547;74951
1529685955;74952
1529706364;74953
1529726774;74954
1529747187;74955
1529767592;74956
1529788001;74957
1529808411;74958
1529828820;74959
1529849228;74960
1529869638;74961
1529890047;74962
1529910457;74963
1529930865;74964
1529951274;74965
1529971684;74966
1529992093;74967
1530012502;74968
1530032911;74969
1530053320;74970
1530073730;74971
1530094138;74972
1530114548;74973
1530134957;74974
1530155367;74975
1530175775;74976
1530196184;74977
1530216594;74978
1530237003;74979
1530257412;74980
1530277825;74981
1530298234;74982
1530318640;74983
1530339052;74984
1530359458;74985
1530379867;74986
1530400276;74987
1530420685;74988
1530441094;74989
1530461504;74990
1530481917;74991
1530502321;74992
1530522731;74993
1530543140;74994
1530563550;74995
1530583958;74996
1530604367;74997
1530624781;74998
1530645186;74999
1530665595;75000
1530686004;75001
1530706414;75002
1530726823;75003
1530747231;75004
1530767641;75005
1530788050;75006
1530808463;75007
1530828868;75008
1530849277;75009
1530869687;75010
1530890095;75011
1530910505;75012
1530930914;75013
1530951324;75014
1530971732;75015
1530992145;75016
1531012551;75017
1531032960;75018
1531053369;75019
1531073778;75020
1531094187;75021
1531114597;75022
1531135005;75023
1531155415;75024
1531175824;75025
1531196233;75026
1531216642;75027
1531237051;75028
1531257461;75029
1531277870;75030
1531298278;75031
1531318688;75032
1531339097;75033
1531359507;75034
1531379915;75035
1531400324;75036
1531420734;75037
1531441143;75038
1531461552;75039
1531481961;75040
1531502371;75041
1531522780;75042
1531543188;75043
1531563602;75044
1531584007;75045
1531604417;75046
1531624825;75047
1531645234;75048
1531665644;75049
1531686053;75050
1531706462;75051
1531726871;75052
1531747280;75053
1531767690;75054
1531788098;75055
1531808508;75056
1531828917;75057
1531849327;75058
1531869739;75059
1531890144;75060
1531910554;75061
1531930963;75062
1531951372;75063
1531971781;75064
1531992190;75065
1532012600;75066
1532033008;75067
1532053418;75068
1532073831;75069
1532094237;75070
1532114645;75071
1532135054;75072
1532155464;75073
1532175873;75074
1532196282;75075
1532216691;75076
1532237100;75077
1532257510;75078
1532277918;75079
1532298328;75080
1532318737;75081
1532339146;75082
1532359555;75083
1532379964;75084
1532400374;75085
1532420783;75086
1532441195;75087
1532461601;75088
1532482010;75089
1532502419;75090
1532522828;75091
1532543237;75092
1532563647;75093
1532584055;75094
1532604465;75095
1532624874;75096
1532645284;75097
1532665692;75098
1532686101;75099
1532706511;75100
1532726920;75101
1532747329;75102
1532767738;75103
1532788147;75104
1532808557;75105
1532828969;75106
1532849375;75107
1532869784;75108
1532890193;75109
1532910602;75110
1532931011;75111
1532951421;75112
1532971830;75113
1532992239;75114
1533012648;75115
1533033057;75116
1533053467;75117
1533073875;75118
1533094285;75119
1533114694;75120
1533135103;75121
1533155516;75122
1533175921;75123
1533196335;75124
1533216740;75125
1533237149;75126
1533257558;75127
1533277967;75128
1533298377;75129
1533318785;75130
1533339194;75131
1533359604;75132
1533380013;75133
1533400422;75134
1533420831;75135
1533441241;75136
1533461650;75137
1533482058;75138
1533502468;75139
1533522877;75140
1533543287;75141
1533563695;75142
1533584104;75143
1533604514;75144
1533624923;75145
1533645332;75146
1533665741;75147
1533686150;75148
1533706560;75149
1533726968;75150
1533747378;75151
1533767787;75152
1533788197;75153
1533808605;75154
1533829014;75155
1533849424;75156
1533869833;75157
1533890242;75158
1533910651;75159
1533931060;75160
1533951470;75161
1533971878;75162
1533992288;75163
1534012697;75164
1534033106;75165
1534053515;75166
1534073924;75167
1534094334;75168
1534114677;75169
1534135086;75170
1534155495;75171
1534175903;75172
1534196313;75173
1534216722;75174
1534237131;75175
1534257540;75176
1534277948;75177
1534298358;75178
1534318767;75179
1534339176;75180
1534359589;75181
1534379997;75182
1534400403;75183
1534420812;75184
1534441221;75185
1534461630;75186
1534482040;75187
1534502448;75188
1534522857;75189
1534543266;75190
1534563679;75191
1534584085;75192
1534604493;75193
1534624902;75194
1534645311;75195
1534665720;75196
1534686130;75197
1534706538;75198
1534726947;75199
1534747356;75200
1534767765;75201
1534788175;75202
1534808583;75203
1534828993;75204
1534849406;75205
1534869810;75206
1534890220;75207
1534910628;75208
1534931038;75209
1534951447;75210
1534971855;75211
1534992265;75212
1535012673;75213
1535033083;75214
1535053492;75215
1535073900;75216
1535094310;75217
1535114718;75218
1535135128;75219
1535155537;75220
1535175946;75221
1535196355;75222
1535216764;75223
1535237173;75224
1535257582;75225
1535277990;75226
1535298404;75227
1535318813;75228
1535339218;75229
1535359627;75230
1535380036;75231
1535400445;75232
1535420854;75233
1535441263;75234
1535461672;75235
1535482082;75236
1535502490;75237
1535522899;75238
1535543308;75239
1535563717;75240
1535584127;75241
1535604535;75242
1535624948;75243
1535645353;75244
1535665762;75245
1535686172;75246
1535706584;75247
1535726990;75248
1535747398;75249
1535767807;75250
1535788217;75251
1535808625;75252
1535829039;75253
1535849444;75254
1535869852;75255
1535890262;75256
1535910670;75257
1535931080;75258
1535951489;75259
1535971897;75260
1535992307;75261
1536012715;75262
1536033125;75263
1536053534;75264
1536073943;75265
1536094352;75266
1536114760;75267
1536135174;75268
1536155579;75269
1536175988;75270
1536196397;75271
1536216806;75272
1536237215;75273
1536257624;75274
1536278033;75275
1536298442;75276
1536318851;75277
1536339260;75278
1536359669;75279
1536380078;75280
1536400487;75281
1536420897;75282
1536441305;75283
1536461714;75284
1536482124;75285
1536502532;75286
1536522942;75287
1536543350;75288
1536563759;75289
1536584169;75290
1536604577;75291
1536624991;75292
1536645395;75293
1536665804;75294
1536686214;75295
1536706622;75296
1536727032;75297
1536747440;75298
1536767850;75299
1536788259;75300
1536808667;75301
1536829077;75302
1536849486;75303
1536869895;75304
1536890304;75305
1536910712;75306
1536931122;75307
1536951531;75308
1536971944;75309
1536992349;75310
1537012757;75311
1537033167;75312
1537053576;75313
1537073985;75314
1537094394;75315
1537114803;75316
1537135212;75317
1537155621;75318
1537176030;75319
1537196439;75320
1537216849;75321
1537237257;75322
1537257666;75323
1537278075;75324
1537298484;75325
1537318894;75326
1537339302;75327
1537359711;75328
1537380124;75329
1537400529;75330
1537420939;75331
1537441347;75332
1537461756;75333
1537482166;75334
1537502574;75335
1537522984;75336
1537543392;75337
1537563801;75338
1537584211;75339
1537604619;75340
1537625029;75341
1537645437;75342
1537665850;75343
1537686256;75344
1537706664;75345
1537727074;75346
1537747482;75347
1537767892;75348
1537788301;75349
1537808710;75350
1537829119;75351
1537849528;75352
1537869937;75353
1537890346;75354
1537910755;75355
1537931164;75356
1537951573;75357
1537971982;75358
1537992391;75359
1538012800;75360
1538033209;75361
1538053618;75362
1538074027;75363
1538094436;75364
1538114848;75365
1538135254;75366
1538155663;75367
1538176072;75368
1538196481;75369
1538216891;75370
1538237299;75371
1538257708;75372
1538278117;75373
1538298526;75374
1538318936;75375
1538339344;75376
1538359754;75377
1538380166;75378
1538400571;75379
1538420981;75380
1538441389;75381
1538461799;75382
1538482208;75383
1538502620;75384
1538523026;75385
1538543434;75386
1538563844;75387
1538584253;75388
1538604662;75389
1538625071;75390
1538645479;75391
1538665889;75392
1538686298;75393
1538706706;75394
1538727116;75395
1538747524;75396
1538767934;75397
1538788343;75398
1538808752;75399
1538829165;75400
1538849570;75401
1538869979;75402
1538890388;75403
1538910797;75404
1538931210;75405
1538951615;75406
1538972024;75407
1538992433;75408
1539012842;75409
1539033251;75410
1539053661;75411
1539074069;75412
1539094478;75413
1539114887;75414
1539135296;75415
1539155706;75416
1539176114;75417
1539196523;75418
1539216933;75419
1539237341;75420
1539257751;75421
1539278159;75422
1539298568;75423
1539318978;75424
1539339386;75425
1539359796;75426
1539380204;75427
1539400613;75428
1539421023;75429
1539441431;75430
1539461841;75431
1539482250;75432
1539502659;75433
1539523068;75434
1539543476;75435
1539563886;75436
1539584295;75437
1539604704;75438
1539625113;75439
1539645521;75440
1539665931;75441
1539686344;75442
1539706749;75443
1539727158;75444
1539747567;75445
1539767976;75446
1539788385;75447
1539808794;75448
1539829203;75449
1539849613;75450
1539870021;75451
1539890430;75452
1539910839;75453
1539931248;75454
1539951658;75455
1539972066;75456
1539992475;75457
1540012884;75458
1540033293;75459
1540053707;75460
1540074111;75461
1540094520;75462
1540114933;75463
1540135338;75464
1540155748;75465
1540176156;75466
1540196566;75467
1540216975;75468
1540237383;75469
1540257793;75470
1540278201;75471
1540298614;75472
1540319024;75473
1540339428;75474
1540359838;75475
1540380250;75476
1540400656;75477
1540421065;75478
1540441473;75479
1540461883;75480
1540482292;75481
1540502701;75482
1540523110;75483
1540543519;75484
1540563928;75485
1540584337;75486
1540604746;75487
1540625155;75488
1540645564;75489
1540665973;75490
1540686382;75491
1540706791;75492
1540727200;75493
1540747609;75494
1540768018;75495
1540788428;75496
1540808840;75497
1540829245;75498
1540849655;75499
1540870063;75500
1540890473;75501
1540910881;75502
1540931290;75503
1540951700;75504
1540972108;75505
1540992518;75506
1541012926;75507
1541033335;75508
1541053745;75509
1541074153;75510
1541094563;75511
1541114971;75512
1541135380;75513
1541155790;75514
1541176198;75515
1541196608;75516
1541217017;75517
1541237425;75518
1541257835;75519
1541278243;75520
1541298653;75521
1541319062;75522
1541339471;75523
1541359880;75524
1541380288;75525
1541400698;75526
1541421107;75527
1541441516;75528
1541461925;75529
1541482334;75530
1541502743;75531
1541523152;75532
1541543561;75533
1541563970;75534
1541584380;75535
1541604788;75536
1541625197;75537
1541645606;75538
1541666015;75539
1541686425;75540
1541706833;75541
1541727242;75542
1541747655;75543
1541768060;75544
1541788470;75545
1541808878;75546
1541829287;75547
1541849697;75548
1541870105;75549
1541890515;75550
1541910923;75551
1541931333;75552
1541951742;75553
1541972154;75554
1541992560;75555
1542012968;75556
1542033377;75557
1542053791;75558
1542074195;75559
1542094605;75560
1542115013;75561
1542135423;75562
1542155832;75563
1542176240;75564
1542196654;75565
1542217063;75566
1542237468;75567
1542257877;75568
1542278285;75569
1542298695;75570
1542319104;75571
1542339513;75572
1542359926;75573
1542380331;75574
1542400740;75575
1542421149;75576
1542441558;75577
1542461967;75578
1542482377;75579
1542502785;75580
1542523194;75581
1542543603;75582
1542564012;75583
1542584422;75584
1542604830;75585
1542625239;75586
1542645648;75587
1542666057;75588
1542686467;75589
1542706875;75590
1542727285;75591
1542747693;75592
1542768102;75593
1542788512;75594
1542808920;75595
1542829329;75596
1542849743;75597
1542870151;75598
1542890557;75599
1542910965;75600
1542931375;75601
1542951784;75602
1542972192;75603
1542992602;75604
1543013010;75605
1543033420;75606
1543053829;75607
1543074238;75608
1543094647;75609
1543115055;75610
1543135465;75611
1543155874;75612
1543176282;75613
1543196692;75614
1543217101;75615
1543237510;75616
1543257919;75617
1543278328;75618
1543298737;75619
1543319146;75620
1543339555;75621
1543359964;75622
1543380373;75623
1543400782;75624
1543421191;75625
1543441600;75626
1543462009;75627
1543482419;75628
1543502827;75629
1543523236;75630
1543543645;75631
1543564054;75632
1543584468;75633
1543604872;75634
1543625282;75635
1543645690;75636
1543666103;75637
1543686513;75638
1543706917;75639
1543727327;75640
1543747739;75641
1543768144;75642
1543788554;75643
1543808962;75644
1543829372;75645
1543849781;75646
1543870190;75647
1543890599;75648
1543911007;75649
1543931417;75650
1543951826;75651
1543972235;75652
1543992644;75653
1544013056;75654
1544033466;75655
1544053871;75656
1544074280;75657
1544094689;75658
1544115101;75659
1544135510;75660
1544155923;75661
1544176328;75662
1544196737;75663
1544217146;75664
1544237555;75665
1544257964;75666
1544278373;75667
1544298782;75668
1544319191;75669
1544339600;75670
1544360009;75671
1544380419;75672
1544400827;75673
1544421241;75674
1544441645;75675
1544462054;75676
1544482464;75677
1544502872;75678
1544523282;75679
1544543690;75680
1544564099;75681
1544584509;75682
1544604917;75683
1544625327;75684
1544645736;75685
1544666145;75686
1544686554;75687
1544706962;75688
1544727372;75689
1544747781;75690
1544768189;75691
1544788599;75692
1544809008;75693
1544829417;75694
1544849826;75695
1544870235;75696
1544890644;75697
1544911053;75698
1544931462;75699
1544951871;75700
1544972280;75701
1544992689;75702
1545013098;75703
1545033507;75704
1545053916;75705
1545074326;75706
1545094734;75707
1545115144;75708
1545135552;75709
1545155961;75710
1545176371;75711
1545196779;75712
1545217189;75713
1545237598;75714
1545258006;75715
1545278416;75716
1545298824;75717
1545319234;75718
1545339643;75719
1545360055;75720
1545380461;75721
1545400869;75722
1545421279;75723
1545441688;75724
1545462097;75725
1545482506;75726
1545502915;75727
1545523324;75728
1545543733;75729
1545564142;75730
1545584551;75731
1545604960;75732
1545625369;75733
1545645778;75734
1545666187;75735
1545686596;75736
1545707005;75737
1545727414;75738
1545747823;75739
1545768233;75740
1545788641;75741
1545809050;75742
1545829459;75743
1545849868;75744
1545870278;75745
1545890686;75746
1545911095;75747
1545931505;75748
1545951917;75749
1545972323;75750
1545992731;75751
1546013141;75752
1546033550;75753
1546053962;75754
1546074368;75755
1546094776;75756
1546115186;75757
1546135595;75758
1546156003;75759
1546176413;75760
1546196822;75761
1546217231;75762
1546237640;75763
1546258048;75764
1546278458;75765
1546298867;75766
1546319276;75767
1546339685;75768
1546360095;75769
1546380503;75770
1546400912;75771
1546421321;75772
1546441730;75773
1546462143;75774
1546482548;75775
1546502957;75776
1546523366;75777
1546543775;75778
1546564189;75779
1546584593;75780
1546605002;75781
1546625412;75782
1546645820;75783
1546666230;75784
1546686642;75785
1546707047;75786
1546727457;75787
1546747865;75788
1546768275;75789
1546788683;75790
1546809092;75791
1546829502;75792
1546849910;75793
1546870320;75794
1546890729;75795
1546911138;75796
1546931547;75797
1546951955;75798
1546972365;75799
1546992774;75800
1547013183;75801
1547033592;75802
1547054001;75803
1547074410;75804
1547094819;75805
1547115228;75806
1547135637;75807
1547156047;75808
1547176455;75809
1547196864;75810
1547217273;75811
1547237682;75812
1547258092;75813
1547278500;75814
1547298913;75815
1547319319;75816
1547339727;75817
1547360137;75818
1547380545;75819
1547400954;75820
1547421364;75821
1547441772;75822
1547462182;75823
1547482591;75824
1547502999;75825
1547523409;75826
1547543817;75827
1547564227;75828
1547584640;75829
1547605048;75830
1547625454;75831
1547645862;75832
1547666272;75833
1547686681;75834
1547707090;75835
1547727499;75836
1547747908;75837
1547768317;75838
1547788726;75839
1547809135;75840
1547829548;75841
1547849953;75842
1547870362;75843
1547890771;75844
1547911181;75845
1547931589;75846
1547951998;75847
1547972407;75848
1547992816;75849
1548013226;75850
1548033634;75851
1548054047;75852
1548074456;75853
1548094861;75854
1548115271;75855
1548135679;75856
1548156089;75857
1548176498;75858
1548196906;75859
1548217316;75860
1548237724;75861
1548258134;75862
1548278543;75863
1548298951;75864
1548319361;75865
1548339769;75866
1548360179;75867
1548380588;75868
1548401000;75869
1548421406;75870
1548441815;75871
1548462224;75872
1548482633;75873
1548503042;75874
1548523451;75875
1548543860;75876
1548564269;75877
1548584678;75878
1548605088;75879
1548625496;75880
1548645905;75881
1548666314;75882
1548686727;75883
1548707133;75884
1548727541;75885
1548747950;75886
1548768359;75887
1548788768;75888
1548809178;75889
1548829586;75890
1548849999;75891
1548870409;75892
1548890813;75893
1548911223;75894
1548931631;75895
1548952041;75896
1548972450;75897
1548992858;75898
1549013268;75899
1549033677;75900
1549054086;75901
1549074495;75902
1549094903;75903
1549115313;75904
1549135722;75905
1549156131;75906
1549176540;75907
1549196948;75908
1549217358;75909
1549237767;75910
1549258176;75911
1549278585;75912
1549298994;75913
1549319403;75914
1549339812;75915
1549360221;75916
1549380630;75917
1549401040;75918
1549421448;75919
1549441857;75920
1549462267;75921
1549482675;75922
1549503085;75923
1549523493;75924
1549543902;75925
1549564312;75926
1549584720;75927
1549605130;75928
1549625542;75929
1549645947;75930
1549666357;75931
1549686765;75932
1549707175;75933
1549727584;75934
1549747993;75935
1549768402;75936
1549788810;75937
1549809220;75938
1549829629;75939
1549850038;75940
1549870447;75941
1549890855;75942
1549911265;75943
1549931674;75944
1549952083;75945
1549972492;75946
1549992901;75947
1550013314;75948
1550033723;75949
1550054128;75950
1550074537;75951
1550094947;75952
1550115355;75953
1550135764;75954
1550156174;75955
1550176582;75956
1550196992;75957
1550217400;75958
1550237809;75959
1550258219;75960
1550278627;75961
1550299037;75962
1550319445;75963
1550339855;75964
1550360264;75965
1550380672;75966
1550401082;75967
1550421491;75968
1550441899;75969
1550462309;75970
1550482717;75971
1550503127;75972
1550523536;75973
1550543945;75974
1550564354;75975
1550584767;75976
1550605176;75977
1550625581;75978
1550645990;75979
1550666399;75980
1550686812;75981
1550707217;75982
1550727626;75983
1550748035;75984
1550768444;75985
1550788854;75986
1550809262;75987
1550829671;75988
1550850081;75989
1550870489;75990
1550890899;75991
1550911307;75992
1550931716;75993
1550952126;75994
1550972534;75995
1550992944;75996
1551013352;75997
1551033761;75998
1551054175;75999
1551074579;76000
1551094989;76001
1551115398;76002
1551135806;76003
1551156216;76004
1551176628;76005
1551197034;76006
1551217443;76007
1551237851;76008
1551258261;76009
1551278670;76010
1551299083;76011
1551319488;76012
1551339897;76013
1551360306;76014
1551380715;76015
1551401124;76016
1551421533;76017
1551441942;76018
1551462351;76019
1551482760;76020
1551503169;76021
1551523582;76022
1551543988;76023
1551564396;76024
1551584805;76025
1551605214;76026
1551625623;76027
1551646033;76028
1551666441;76029
1551686851;76030
1551707260;76031
1551727672;76032
1551748078;76033
1551768486;76034
1551788896;76035
1551809305;76036
1551829713;76037
1551850123;76038
1551870531;76039
1551890941;76040
1551911350;76041
1551931758;76042
1551952168;76043
1551972577;76044
1551992986;76045
1552013399;76046
1552033804;76047
1552054213;76048
1552074622;76049
1552095031;76050
1552115440;76051
1552135850;76052
1552156258;76053
1552176667;76054
1552197076;76055
1552217485;76056
1552237895;76057
1552258303;76058
1552278712;76059
1552299121;76060
1552319530;76061
1552339940;76062
1552360348;76063
1552380758;76064
1552401171;76065
1552421575;76066
1552441985;76067
1552462393;76068
1552482802;76069
1552503212;76070
1552523620;76071
1552544030;76072
1552564438;76073
1552584848;76074
1552605257;76075
1552625665;76076
1552646075;76077
1552666484;76078
1552686893;76079
1552707302;76080
1552727710;76081
1552748120;76082
1552768529;76083
1552788938;76084
1552809347;76085
1552829756;76086
1552850165;76087
1552870574;76088
1552890983;76089
1552911392;76090
1552931802;76091
1552952210;76092
1552972619;76093
1552993028;76094
1553013437;76095
1553033847;76096
1553054255;76097
1553074664;76098
1553095074;76099
1553115482;76100
1553135892;76101
1553156300;76102
1553176709;76103
1553197119;76104
1553217527;76105
1553237937;76106
1553258346;76107
1553278755;76108
1553299164;76109
1553319572;76110
1553339982;76111
1553360391;76112
1553380800;76113
1553401209;76114
1553421621;76115
1553442027;76116
1553462436;76117
1553482845;76118
1553503254;76119
1553523663;76120
1553544072;76121
1553564481;76122
1553584890;76123
1553605299;76124
1553625708;76125
1553646117;76126
1553666526;76127
1553686935;76128
1553707344;76129
1553727754;76130
1553748162;76131
1553768571;76132
1553788981;76133
1553809389;76134
1553829799;76135
1553850207;76136
1553870616;76137
1553891026;76138
1553911434;76139
1553931844;76140
1553952257;76141
1553972662;76142
1553993071;76143
1554013479;76144
1554033889;76145
1554054298;76146
1554074707;76147
1554095120;76148
1554115561;76149
1554135970;76150
1554156379;76151
1554176789;76152
1554197197;76153
1554217606;76154
1554238016;76155
1554258424;76156
1554278834;76157
1554299243;76158
1554319651;76159
1554340065;76160
1554360470;76161
1554380883;76162
1554401288;76163
1554421698;76164
1554442107;76165
1554462515;76166
1554482925;76167
1554503334;76168
1554523743;76169
1554544152;76170
1554564565;76171
1554584970;76172
1554605379;76173
1554625789;76174
1554646197;76175
1554666610;76176
1554687016;76177
1554707425;76178
1554727834;76179
1554748243;76180
1554768652;76181
1554789061;76182
1554809470;76183
1554829880;76184
1554850288;76185
1554870698;76186
1554891107;76187
1554911515;76188
1554931925;76189
1554952334;76190
1554972744;76191
1554993152;76192
1555013561;76193
1555033971;76194
1555054379;76195
1555074789;76196
1555095198;76197
1555115607;76198
1555136016;76199
1555156425;76200
1555176834;76201
1555197243;76202
1555217653;76203
1555238062;76204
1555258474;76205
1555278880;76206
1555299289;76207
1555319698;76208
1555340107;76209
1555360516;76210
1555380925;76211
1555401334;76212
1555421744;76213
1555442152;76214
1555462561;76215
1555482971;76216
1555503380;76217
1555523789;76218
1555544198;76219
1555564608;76220
1555585016;76221
1555605425;76222
1555625835;76223
1555646243;76224
1555666653;76225
1555687062;76226
1555707470;76227
1555727880;76228
1555748289;76229
1555768699;76230
1555789107;76231
1555809516;76232
1555829930;76233
1555850334;76234
1555870744;76235
1555891153;76236
1555911562;76237
1555931971;76238
1555952380;76239
1555972789;76240
1555993202;76241
1556013608;76242
1556034017;76243
1556054429;76244
1556074835;76245
1556095244;76246
1556115653;76247
1556136066;76248
1556156471;76249
1556176880;76250
1556197289;76251
1556217699;76252
1556238107;76253
1556258516;76254
1556278926;76255
1556299335;76256
1556319744;76257
1556340153;76258
1556360563;76259
1556380971;76260
1556401380;76261
1556421790;76262
1556442198;76263
1556462608;76264
1556483017;76265
1556503425;76266
1556523835;76267
1556544244;76268
1556564654;76269
1556585062;76270
1556605471;76271
1556625885;76272
1556646293;76273
1556666699;76274
1556687112;76275
1556707517;76276
1556727926;76277
1556748335;76278
1556768744;76279
1556789153;76280
1556809563;76281
1556829971;76282
1556850380;76283
1556870790;76284
1556891203;76285
1556911608;76286
1556932017;76287
1556952426;76288
1556972839;76289
1556993244;76290
1557013654;76291
1557034062;76292
1557054471;76293
1557074881;76294
1557095293;76295
1557115699;76296
1557136108;76297
1557156518;76298
1557176926;76299
1557197335;76300
1557217749;76301
1557238153;76302
1557258563;76303
1557278972;76304
1557299380;76305
1557319790;76306
1557340199;76307
1557360608;76308
1557381017;76309
1557401427;76310
1557421836;76311
1557442248;76312
1557462654;76313
1557483063;76314
1557503472;76315
1557523881;76316
1557544290;76317
1557564699;76318
1557585108;76319
1557605518;76320
1557625930;76321
1557646339;76322
1557666745;76323
1557687154;76324
1557707563;76325
1557727972;76326
1557748381;76327
1557768790;76328
1557789199;76329
1557809609;76330
1557830017;76331
1557850427;76332
1557870836;76333
1557891244;76334
1557911654;76335
1557932063;76336
1557952473;76337
1557972881;76338
1557993290;76339
1558013700;76340
1558034108;76341
1558054518;76342
1558074927;76343
1558095336;76344
1558115745;76345
1558136154;76346
1558156563;76347
1558176972;76348
1558197382;76349
1558217791;76350
1558238199;76351
1558258609;76352
1558279018;76353
1558299427;76354
1558319840;76355
1558340245;76356
1558360658;76357
1558381063;76358
1558401473;76359
1558421881;76360
1558442290;76361
1558462700;76362
1558483109;76363
1558503518;76364
1558523927;76365
1558544336;76366
1558564745;76367
1558585154;76368
1558605564;76369
1558625972;76370
1558646382;76371
1558666795;76372
1558687199;76373
1558707609;76374
1558728018;76375
1558748428;76376
1558768836;76377
1558789245;76378
1558809659;76379
1558830067;76380
1558850473;76381
1558870882;76382
1558891291;76383
1558911700;76384
1558932109;76385
1558952518;76386
1558972927;76387
1558993337;76388
1559013746;76389
1559034154;76390
1559054564;76391
1559074973;76392
1559095382;76393
1559115791;76394
1559136204;76395
1559156609;76396
1559177018;76397
1559197428;76398
1559217836;76399
1559238245;76400
1559258655;76401
1559279064;76402
1559299473;76403
1559319882;76404
1559340292;76405
1559360700;76406
1559381109;76407
1559401519;76408
1559421927;76409
1559442337;76410
1559462746;76411
1559483154;76412
1559503564;76413
1559523973;76414
1559544383;76415
1559564791;76416
1559585200;76417
1559605610;76418
1559626018;76419
1559646428;76420
1559666837;76421
1559687246;76422
1559707655;76423
1559728068;76424
1559748473;76425
1559768882;76426
1559789292;76427
1559809701;76428
1559830109;76429
1559850519;76430
1559870928;76431
1559891337;76432
1559911746;76433
1559932155;76434
1559952564;76435
1559972973;76436
1559993383;76437
1560013791;76438
1560034200;76439
1560054610;76440
1560075018;76441
1560095428;76442
1560115837;76443
1560136247;76444
1560156655;76445
1560177064;76446
1560197474;76447
1560217886;76448
1560238292;76449
1560258701;76450
1560279109;76451
1560299519;76452
1560319928;76453
1560340337;76454
1560360746;76455
1560381155;76456
1560401565;76457
1560421973;76458
1560442383;76459
1560462792;76460
1560483200;76461
1560503610;76462
1560524019;76463
1560544428;76464
1560564837;76465
1560585247;76466
1560605655;76467
1560626064;76468
1560646474;76469
1560666883;76470
1560687292;76471
1560707701;76472
1560728114;76473
1560748519;76474
1560768928;76475
1560789338;76476
1560809746;76477
1560830155;76478
1560850565;76479
1560870973;76480
1560891383;76481
1560911792;76482
1560932201;76483
1560952610;76484
1560973019;76485
1560993429;76486
1561013837;76487
1561034247;76488
1561054656;76489
1561075064;76490
1561095474;76491
1561115883;76492
1561136292;76493
1561156701;76494
1561177110;76495
1561197520;76496
1561217928;76497
1561238341;76498
1561258747;76499
1561279155;76500
1561299565;76501
1561319974;76502
1561340383;76503
1561360792;76504
1561381202;76505
1561401610;76506
1561422019;76507
1561442429;76508
1561462838;76509
1561483247;76510
1561503656;76511
1561524065;76512
1561544474;76513
1561564883;76514
1561585293;76515
1561605701;76516
1561626110;76517
1561646520;76518
1561666928;76519
1561687338;76520
1561707747;76521
1561728157;76522
1561748565;76523
1561768974;76524
1561789384;76525
1561809792;76526
1561830202;76527
1561850615;76528
1561871019;76529
1561891429;76530
1561911838;76531
1561932247;76532
1561952656;76533
1561973065;76534
1561993475;76535
1562013883;76536
1562034293;76537
1562054702;76538
1562075110;76539
1562095524;76540
1562115933;76541
1562136338;76542
1562156747;76543
1562177157;76544
1562197569;76545
1562217974;76546
1562238384;76547
1562258793;76548
1562279202;76549
1562299611;76550
1562320020;76551
1562340429;76552
1562360842;76553
1562381248;76554
1562401656;76555
1562422069;76556
1562442475;76557
1562462883;76558
1562483293;76559
1562503702;76560
1562524111;76561
1562544520;76562
1562564929;76563
1562585339;76564
1562605747;76565
1562626156;76566
1562646566;76567
1562666974;76568
1562687384;76569
1562707793;76570
1562728202;76571
1562748615;76572
1562769020;76573
1562789430;76574
1562809838;76575
1562830252;76576
1562850661;76577
1562871065;76578
1562891475;76579
1562911884;76580
1562932293;76581
1562952702;76582
1562973111;76583
1562993520;76584
1563013929;76585
1563034339;76586
1563054748;76587
1563075157;76588
1563095566;76589
1563115975;76590
1563136384;76591
1563156793;76592
1563177203;76593
1563197611;76594
1563218020;76595
1563238430;76596
1563258838;76597
1563279248;76598
1563299657;76599
1563320065;76600
1563340475;76601
1563360884;76602
1563381294;76603
1563401706;76604
1563422112;76605
1563442521;76606
1563462929;76607
1563483339;76608
1563503748;76609
1563524157;76610
1563544566;76611
1563564975;76612
1563585384;76613
1563605793;76614
1563626203;76615
1563646612;76616
1563667020;76617
1563687430;76618
1563707839;76619
1563728252;76620
1563748657;76621
1563769070;76622
1563789475;76623
1563809884;76624
1563830294;76625
1563850702;76626
1563871112;76627
1563891521;76628
1563911930;76629
1563932339;76630
1563952748;76631
1563973158;76632
1563993566;76633
1564013975;76634
1564034385;76635
1564054793;76636
1564075203;76637
1564095612;76638
1564115958;76639
1564136367;76640
1564156776;76641
1564177185;76642
1564197594;76643
1564218003;76644
1564238412;76645
1564258820;76646
1564279230;76647
1564299639;76648
1564320048;76649
1564340457;76650
1564360865;76651
1564381275;76652
1564401683;76653
1564422093;76654
1564442501;76655
1564462910;76656
1564483320;76657
1564503728;76658
1564524138;76659
1564544546;76660
1564564955;76661
1564585368;76662
1564605773;76663
1564626183;76664
1564646591;76665
1564667004;76666
1564687409;76667
1564707818;76668
1564728227;76669
1564748636;76670
1564769045;76671
1564789454;76672
1564809863;76673
1564830276;76674
1564850681;76675
1564871090;76676
1564891503;76677
1564911907;76678
1564932317;76679
1564952726;76680
1564973138;76681
1564993548;76682
1565013952;76683
1565034362;76684
1565054774;76685
1565075180;76686
1565095589;76687
1565115997;76688
1565136407;76689
1565156815;76690
1565177225;76691
1565197633;76692
1565218046;76693
1565238451;76694
1565258860;76695
1565279270;76696
1565299678;76697
1565320088;76698
1565340496;76699
1565360905;76700
1565381314;76701
1565401723;76702
1565422133;76703
1565442541;76704
1565462950;76705
1565483363;76706
1565503768;76707
1565524177;76708
1565544586;76709
1565564995;76710
1565585404;76711
1565605813;76712
1565626222;76713
1565646631;76714
1565667040;76715
1565687449;76716
1565707857;76717
1565728271;76718
1565748676;76719
1565769085;76720
1565789494;76721
1565809902;76722
1565830312;76723
1565850720;76724
1565871130;76725
1565891538;76726
1565911947;76727
1565932357;76728
1565952765;76729
1565973179;76730
1565993583;76731
1566013993;76732
1566034401;76733
1566054810;76734
1566075224;76735
1566095628;76736
1566116038;76737
1566136446;76738
1566156855;76739
1566177264;76740
1566197673;76741
1566218082;76742
1566238491;76743
1566258900;76744
1566279309;76745
1566299718;76746
1566320127;76747
1566340536;76748
1566360944;76749
1566381354;76750
1566401763;76751
1566422172;76752
1566442581;76753
1566462993;76754
1566483399;76755
1566503807;76756
1566524217;76757
1566544626;76758
1566565035;76759
1566585444;76760
1566605852;76761
1566626262;76762
1566646670;76763
1566667080;76764
1566687488;76765
1566707897;76766
1566728307;76767
1566748715;76768
1566769125;76769
1566789533;76770
1566809942;76771
1566830351;76772
1566850760;76773
1566871170;76774
1566891578;76775
1566911988;76776
1566932396;76777
1566952805;76778
1566973214;76779
1566993623;76780
1567014032;76781
1567034441;76782
1567054850;76783
1567075263;76784
1567095668;76785
1567116081;76786
1567136486;76787
1567156895;76788
1567177304;76789
1567197713;76790
1567218122;76791
1567238531;76792
1567258940;76793
1567279349;76794
1567299757;76795
1567320167;76796
1567340575;76797
1567360985;76798
1567381394;76799
1567401802;76800
1567422212;76801
1567442620;76802
1567463034;76803
1567483438;76804
1567503847;76805
1567524257;76806
1567544669;76807
1567565075;76808
1567585483;76809
1567605893;76810
1567626305;76811
1567646710;76812
1567667119;76813
1567687528;76814
1567707938;76815
1567728346;76816
1567748755;76817
1567769164;76818
1567789573;76819
1567809982;76820
1567830391;76821
1567850800;76822
1567871213;76823
1567891622;76824
1567912027;76825
1567932436;76826
1567952845;76827
1567973258;76828
1567993662;76829
1568014072;76830
1568034481;76831
1568054889;76832
1568075299;76833
1568095707;76834
1568116117;76835
1568136525;76836
1568156935;76837
1568177344;76838
1568197752;76839
1568218162;76840
1568238574;76841
1568258980;76842
1568279388;76843
1568299797;76844
1568320207;76845
1568340615;76846
1568361029;76847
1568381433;76848
1568401842;76849
1568422251;76850
1568442660;76851
1568463069;76852
1568483478;76853
1568503888;76854
1568524296;76855
1568544705;76856
1568565114;76857
1568585523;76858
1568605932;76859
1568626341;76860
1568646750;76861
1568667159;76862
1568687568;76863
1568707981;76864
1568728386;76865
1568748794;76866
1568769204;76867
1568789612;76868
1568810022;76869
1568830431;76870
1568850840;76871
1568871249;76872
1568891657;76873
1568912067;76874
1568932475;76875
1568952885;76876
1568973294;76877
1568993702;76878
1569014112;76879
1569034520;76880
1569054930;76881
1569075338;76882
1569095747;76883
1569116156;76884
1569136565;76885
1569156975;76886
1569177383;76887
1569197793;76888
1569218201;76889
1569238610;76890
1569259019;76891
1569279428;76892
1569299841;76893
1569320246;76894
1569340655;76895
1569361064;76896
1569381473;76897
1569401882;76898
1569422291;76899
1569442700;76900
1569463109;76901
1569483518;76902
1569503927;76903
1569524336;76904
1569544745;76905
1569565154;76906
1569585562;76907
1569605972;76908
1569626381;76909
1569646790;76910
1569667199;76911
1569687607;76912
1569708017;76913
1569728425;76914
1569748835;76915
1569769243;76916
1569789652;76917
1569810062;76918
1569830470;76919
1569850880;76920
1569871288;76921
1569891697;76922
1569912106;76923
1569932515;76924
1569952925;76925
1569973333;76926
1569993743;76927
1570014151;76928
1570034560;76929
1570054969;76930
1570075378;76931
1570095788;76932
1570116196;76933
1570136605;76934
1570157018;76935
1570177423;76936
1570197832;76937
1570218241;76938
1570238649;76939
1570259059;76940
1570279468;76941
1570299877;76942
1570320286;76943
1570340695;76944
1570361104;76945
1570381516;76946
1570401922;76947
1570422331;76948
1570442740;76949
1570463149;76950
1570483557;76951
1570503967;76952
1570524375;76953
1570544785;76954
1570565193;76955
1570585602;76956
1570606012;76957
1570626420;76958
1570646830;76959
1570667238;76960
1570687648;76961
1570708056;76962
1570728465;76963
1570748875;76964
1570769283;76965
1570789693;76966
1570810105;76967
1570830514;76968
1570850919;76969
1570871332;76970
1570891737;76971
1570912146;76972
1570932555;76973
1570952968;76974
1570973373;76975
1570993782;76976
1571014191;76977
1571034600;76978
1571055009;76979
1571075418;76980
1571095827;76981
1571116236;76982
1571136645;76983
1571157054;76984
1571177462;76985
1571197872;76986
1571218280;76987
1571238690;76988
1571259099;76989
1571279507;76990
1571299917;76991
1571320325;76992
1571340735;76993
1571361143;76994
1571381552;76995
1571401962;76996
1571422370;76997
1571442780;76998
1571463188;76999
1571483597;77000
1571504006;77001
1571524415;77002
1571544825;77003
1571565233;77004
1571585643;77005
1571606051;77006
1571626460;77007
1571646869;77008
1571667278;77009
1571687691;77010
1571708096;77011
1571728505;77012
1571748914;77013
1571769323;77014
1571789732;77015
1571810141;77016
1571830549;77017
1571850963;77018
1571871368;77019
1571891777;77020
1571912186;77021
1571932595;77022
1571953004;77023
1571973412;77024
1571993822;77025
1572014230;77026
1572034640;77027
1572055049;77028
1572075457;77029
1572095867;77030
1572116275;77031
1572136685;77032
1572157093;77033
1572177502;77034
1572197916;77035
1572218320;77036
1572238730;77037
1572259138;77038
1572279547;77039
1572299956;77040
1572320365;77041
1572340774;77042
1572361183;77043
1572381593;77044
1572402001;77045
1572422410;77046
1572442819;77047
1572463228;77048
1572483637;77049
1572504046;77050
1572524455;77051
1572544864;77052
1572565277;77053
1572585682;77054
1572606091;77055
1572626499;77056
1572646909;77057
1572667317;77058
1572687727;77059
1572708136;77060
1572728544;77061
1572748954;77062
1572769362;77063
1572789772;77064
1572810184;77065
1572830589;77066
1572850999;77067
1572871411;77068
1572891817;77069
1572912225;77070
1572932639;77071
1572953043;77072
1572973456;77073
1572993861;77074
1573014270;77075
1573034680;77076
1573055092;77077
1573075498;77078
1573095906;77079
1573116315;77080
1573136724;77081
1573157133;77082
1573177543;77083
1573197951;77084
1573218360;77085
1573238769;77086
1573259178;77087
1573279587;77088
1573300000;77089
1573320409;77090
1573340814;77091
1573361223;77092
1573381632;77093
1573402041;77094
1573422450;77095
1573442859;77096
1573463267;77097
1573483677;77098
1573504086;77099
1573524495;77100
1573544904;77101
1573565312;77102
1573585722;77103
1573606130;77104
1573626540;77105
1573646949;77106
1573667357;77107
1573687767;77108
1573708175;77109
1573728585;77110
1573748993;77111
1573769403;77112
1573789815;77113
1573810220;77114
1573830630;77115
1573851038;77116
1573871448;77117
1573891856;77118
1573912265;77119
1573932674;77120
1573953083;77121
1573973493;77122
1573993901;77123
1574014310;77124
1574034719;77125
1574055128;77126
1574075537;77127
1574095946;77128
1574116399;77129
1574136808;77130
1574157217;77131
1574177626;77132
1574198035;77133
1574218444;77134
1574238853;77135
1574259262;77136
1574279676;77137
1574300080;77138
1574320489;77139
1574340899;77140
1574361307;77141
1574381717;77142
1574402126;77143
1574422535;77144
1574442944;77145
1574463353;77146
1574483762;77147
1574504171;77148
1574524581;77149
1574544989;77150
1574565398;77151
1574585807;77152
1574606216;77153
1574626626;77154
1574647034;77155
1574667443;77156
1574687853;77157
1574708261;77158
1574728671;77159
1574749080;77160
1574769489;77161
1574789898;77162
1574810307;77163
1574830716;77164
1574851125;77165
1574871535;77166
1574891943;77167
1574912356;77168
1574932762;77169
1574953174;77170
1574973580;77171
1574993989;77172
1575014397;77173
1575034807;77174
1575055216;77175
1575075625;77176
1575096034;77177
1575116442;77178
1575136852;77179
1575157261;77180
1575177670;77181
1575198079;77182
1575218489;77183
1575238901;77184
1575259306;77185
1575279720;77186
1575300124;77187
1575320534;77188
1575340943;77189
1575361351;77190
1575381761;77191
1575402170;77192
1575422579;77193
1575442988;77194
1575463397;77195
1575483806;77196
1575504219;77197
1575524628;77198
1575545033;77199
1575565443;77200
1575585851;77201
1575606260;77202
1575626670;77203
1575647078;77204
1575667488;77205
1575687897;77206
1575708309;77207
1575728715;77208
1575749124;77209
1575769533;77210
1575789946;77211
1575810355;77212
1575830760;77213
1575851169;77214
1575871579;77215
1575891987;77216
1575912396;77217
1575932806;77218
1575953214;77219
1575973624;77220
1575994033;77221
1576014442;77222
1576034851;77223
1576055260;77224
1576075669;77225
1576096078;77226
1576116487;77227
1576136896;77228
1576157305;77229
1576177714;77230
1576198123;77231
1576218533;77232
1576238941;77233
1576259350;77234
1576279760;77235
1576300168;77236
1576320578;77237
1576340987;77238
1576361396;77239
1576381805;77240
1576402214;77241
1576422623;77242
1576443032;77243
1576463442;77244
1576483850;77245
1576504259;77246
1576524669;77247
1576545077;77248
1576565487;77249
1576585895;77250
1576606304;77251
1576626714;77252
1576647122;77253
1576667536;77254
1576687941;77255
1576708349;77256
1576728759;77257
1576749168;77258
1576769577;77259
1576789986;77260
1576810395;77261
1576830804;77262
1576851213;77263
1576871623;77264
1576892031;77265
1576912440;77266
1576932850;77267
1576953258;77268
1576973668;77269
1576994077;77270
1577014486;77271
1577034895;77272
1577055304;77273
1577075717;77274
1577096122;77275
1577116531;77276
1577136940;77277
1577157350;77278
1577177758;77279
1577198167;77280
1577218577;77281
1577238985;77282
1577259395;77283
1577279804;77284
1577300212;77285
1577320625;77286
1577341031;77287
1577361443;77288
1577381849;77289
1577402258;77290
1577422667;77291
1577443076;77292
1577463486;77293
1577483894;77294
1577504303;77295
1577524713;77296
1577545121;77297
1577565531;77298
1577585939;77299
1577606349;77300
1577626758;77301
1577647166;77302
1577667576;77303
1577687985;77304
1577708394;77305
1577728803;77306
1577749212;77307
1577769621;77308
1577790030;77309
1577810440;77310
1577830848;77311
1577851257;77312
1577871667;77313
1577892075;77314
1577912489;77315
1577932894;77316
1577953302;77317
1577973712;77318
1577994121;77319
1578014530;77320
1578034939;77321
1578055349;77322
1578075757;77323
1578096166;77324
1578116575;77325
1578136984;77326
1578157394;77327
1578177802;77328
1578198211;77329
1578218621;77330
1578239029;77331
1578259439;77332
1578279848;77333
1578300256;77334
1578320666;77335
1578341075;77336
1578361484;77337
1578381893;77338
1578402302;77339
1578422711;77340
1578443120;77341
1578463530;77342
1578483938;77343
1578504348;77344
1578524757;77345
1578545165;77346
1578565579;77347
1578585983;77348
1578606393;77349
1578626802;77350
1578647210;77351
1578667620;77352
1578688029;77353
1578708438;77354
1578728847;77355
1578749256;77356
1578769665;77357
1578790074;77358
1578810484;77359
1578830892;77360
1578851302;77361
1578871711;77362
1578892119;77363
1578912529;77364
1578932938;77365
1578953347;77366
1578973756;77367
1578994165;77368
1579014574;77369
1579034983;77370
1579055393;77371
1579075801;77372
1579096210;77373
1579116619;77374
1579137028;77375
1579157438;77376
1579177846;77377
1579198256;77378
1579218665;77379
1579239073;77380
1579259483;77381
1579279892;77382
1579300300;77383
1579320710;77384
1579341123;77385
1579361528;77386
1579381937;77387
1579402347;77388
1579422755;77389
1579443164;77390
1579463574;77391
1579483982;77392
1579504392;77393
1579524801;77394
1579545209;77395
1579565619;77396
1579586027;77397
1579606437;77398
1579626846;77399
1579647258;77400
1579667664;77401
1579688073;77402
1579708482;77403
1579728891;77404
1579749301;77405
1579769709;77406
1579790118;77407
1579810528;77408
1579830936;77409
1579851346;77410
1579871759;77411
1579892163;77412
1579912573;77413
1579932982;77414
1579953391;77415
1579973800;77416
1579994209;77417
1580014618;77418
1580035027;77419
1580055437;77420
1580075845;77421
1580096255;77422
1580116663;77423
1580137072;77424
1580157482;77425
1580177890;77426
1580198300;77427
1580218713;77428
1580239117;77429
1580259527;77430
1580279936;77431
1580300345;77432
1580320754;77433
1580341163;77434
1580361572;77435
1580381981;77436
1580402391;77437
1580422799;77438
1580443209;77439
1580463618;77440
1580484026;77441
1580504436;77442
1580524845;77443
1580545254;77444
1580565663;77445
1580586075;77446
1580606481;77447
1580626890;77448
1580647299;77449
1580667708;77450
1580688117;77451
1580708526;77452
1580728935;77453
1580749345;77454
1580769753;77455
1580790162;77456
1580810572;77457
1580830984;77458
1580851394;77459
1580871799;77460
1580892208;77461
1580912621;77462
1580933026;77463
1580953435;77464
1580973844;77465
1580994254;77466
1581014662;77467
1581035075;77468
1581055481;77469
1581075889;77470
1581096299;77471
1581116707;77472
1581137116;77473
1581157526;77474
1581177934;77475
1581198344;77476
1581218753;77477
1581239161;77478
1581259571;77479
1581279980;77480
1581300389;77481
1581320798;77482
1581341208;77483
1581361616;77484
1581382025;77485
1581402435;77486
1581422843;77487
1581443253;77488
1581463662;77489
1581484070;77490
1581504480;77491
1581524889;77492
1581545298;77493
1581565707;77494
1581586116;77495
1581606525;77496
1581626934;77497
1581647343;77498
1581667752;77499
1581688162;77500
1581708570;77501
1581728979;77502
1581749389;77503
1581769797;77504
1581790206;77505
1581810616;77506
1581831024;77507
1581851434;77508
1581871843;77509
1581892252;77510
1581912661;77511
1581933070;77512
1581953479;77513
1581973888;77514
1581994298;77515
1582014706;77516
1582035115;77517
1582055529;77518
1582075933;77519
1582096343;77520
1582116755;77521
1582137160;77522
1582157570;77523
1582177978;77524
1582198388;77525
1582218797;77526
1582239206;77527
1582259615;77528
1582280024;77529
1582300433;77530
1582320842;77531
1582341252;77532
1582361660;77533
1582382069;77534
1582402479;77535
1582422887;77536
1582443297;77537
1582463706;77538
1582484114;77539
1582504524;77540
1582524933;77541
1582545342;77542
1582565751;77543
1582586160;77544
1582606569;77545
1582626978;77546
1582647387;77547
1582667800;77548
1582688206;77549
1582708614;77550
1582729023;77551
1582749437;77552
1582769841;77553
1582790251;77554
1582810660;77555
1582831068;77556
1582851478;77557
1582871887;77558
1582892296;77559
1582912705;77560
1582933115;77561
1582953523;77562
1582973932;77563
1582994342;77564
1583014750;77565
1583035160;77566
1583055569;77567
1583075977;77568
1583096387;77569
1583116795;77570
1583137205;77571
1583157614;77572
1583178022;77573
1583198432;77574
1583218841;77575
1583239254;77576
1583259659;77577
1583280068;77578
1583300477;77579
1583320886;77580
1583341296;77581
1583361704;77582
1583382114;77583
1583402523;77584
1583422931;77585
1583443341;77586
1583463750;77587
1583484159;77588
1583504568;77589
1583524977;77590
1583545386;77591
1583565795;77592
1583586204;77593
1583606613;77594
1583627026;77595
1583647431;77596
1583667840;77597
1583688250;77598
1583708658;77599
1583729068;77600
1583749477;77601
1583769885;77602
1583790295;77603
1583810704;77604
1583831113;77605
1583851522;77606
1583871935;77607
1583892340;77608
1583912749;77609
1583933159;77610
1583953567;77611
1583973977;77612
1583994386;77613
1584014794;77614
1584035204;77615
1584055613;77616
1584076022;77617
1584096431;77618
1584116787;77619
1584137196;77620
1584157605;77621
1584178014;77622
1584198423;77623
1584218831;77624
1584239241;77625
1584259649;77626
1584280059;77627
1584300467;77628
1584320876;77629
1584341285;77630
1584361694;77631
1584382104;77632
1584402512;77633
1584422922;77634
1584443330;77635
1584463739;77636
1584484148;77637
1584504557;77638
1584524970;77639
1584545375;77640
1584565783;77641
1584586193;77642
1584606602;77643
1584627011;77644
1584647420;77645
1584667828;77646
1584688238;77647
1584708646;77648
1584729056;77649
1584749464;77650
1584769873;77651
1584790282;77652
1584810691;77653
1584831101;77654
1584851509;77655
1584871919;77656
1584892327;77657
1584912736;77658
1584933145;77659
1584953554;77660
1584973963;77661
1584994376;77662
1585014780;77663
1585035190;77664
1585055599;77665
1585076012;77666
1585096417;77667
1585116826;77668
1585137235;77669
1585157643;77670
1585178053;77671
1585198461;77672
1585218871;77673
1585239283;77674
1585259688;77675
1585280098;77676
1585300506;77677
1585320916;77678
1585341324;77679
1585361733;77680
1585382146;77681
1585402551;77682
1585422960;77683
1585443369;77684
1585463777;77685
1585484187;77686
1585504596;77687
