3328406181;163086
3328426590;163087
3328446999;163088
3328467412;163089
3328487818;163090
3328508226;163091
3328528635;163092
3328549045;163093
3328569453;163094
3328589866;163095
3328610276;163096
3328630680;163097
3328651090;163098
3328671498;163099
3328691907;163100
3328712317;163101
3328732725;163102
3328753134;163103
3328773544;163104
3328793952;163105
3328814362;163106
3328834771;163107
3328855179;163108
3328875589;163109
3328895998;163110
3328916406;163111
3328936816;163112
3328957225;163113
3328977638;163114
3328998043;163115
3329018452;163116
3329038861;163117
3329059270;163118
3329079679;163119
3329100088;163120
3329120497;163121
3329140906;163122
3329161315;163123
3329181724;163124
3329202133;163125
3329222542;163126
3329242952;163127
3329263364;163128
3329283769;163129
3329304179;163130
3329324587;163131
3329344996;163132
3329365406;163133
3329385814;163134
3329406224;163135
3329426632;163136
3329447041;163137
3329467451;163138
3329487859;163139
3329508268;163140
3329528682;163141
3329549086;163142
3329569496;163143
3329589905;163144
3329610313;163145
3329630723;163146
3329651132;163147
3329671540;163148
3329691950;163149
3329712359;163150
3329732768;163151
3329753177;163152
3329773586;163153
3329793995;163154
3329814404;163155
3329834813;163156
3329855222;163157
3329875631;163158
3329896040;163159
3329916453;163160
3329936858;163161
3329957267;163162
3329977676;163163
3329998089;163164
3330018494;163165
3330038903;163166
3330059313;163167
3330079721;163168
3330100130;163169
3330120544;163170
3330140948;163171
3330161358;163172
3330181766;163173
3330202175;163174
3330222585;163175
3330242993;163176
3330263402;163177
3330283812;163178
3330304220;163179
3330324630;163180
3330345039;163181
3330365447;163182
3330385857;163183
3330406266;163184
3330426678;163185
3330447084;163186
3330467493;163187
3330487902;163188
3330508311;163189
3330528720;163190
3330549129;163191
3330569542;163192
3330589947;163193
3330610356;163194
3330630765;163195
3330651174;163196
3330671583;163197
3330691992;163198
3330712401;163199
3330732810;163200
3330753223;163201
3330773628;163202
3330794037;163203
3330814447;163204
3330834855;163205
3330855264;163206
3330875674;163207
3330896082;163208
3330916492;163209
3330936901;163210
3330957309;163211
3330977719;163212
3330998127;163213
3331018537;163214
3331038946;163215
3331059354;163216
3331079764;163217
3331100173;163218
3331120581;163219
3331140991;163220
3331161400;163221
3331181808;163222
3331202218;163223
3331222627;163224
3331243036;163225
3331263445;163226
3331283854;163227
3331304263;163228
3331324672;163229
3331345081;163230
3331365490;163231
3331385899;163232
3331406308;163233
3331426721;163234
3331447126;163235
3331467539;163236
3331487944;163237
3331508354;163238
3331528762;163239
3331549171;163240
3331569581;163241
3331589989;163242
3331610398;163243
3331630808;163244
3331651216;163245
3331671626;163246
3331692035;163247
3331712443;163248
3331732853;163249
3331753261;163250
3331773670;163251
3331794080;163252
3331814488;163253
3331834898;163254
3331855307;163255
3331875715;163256
3331896125;163257
3331916534;163258
3331936942;163259
3331957352;163260
3331977761;163261
3331998170;163262
3332018579;163263
3332038988;163264
3332059397;163265
3332079806;163266
3332100216;163267
3332120628;163268
3332141033;163269
3332161442;163270
3332181851;163271
3332202260;163272
3332222669;163273
3332243078;163274
3332263488;163275
3332283896;163276
3332304305;163277
3332324715;163278
3332345123;163279
3332365533;163280
3332385942;163281
3332406350;163282
3332426760;163283
3332447169;163284
3332467577;163285
3332487987;163286
3332508395;163287
3332528805;163288
3332549218;163289
3332569622;163290
3332590032;163291
3332610441;163292
3332630849;163293
3332651259;163294
3332671668;163295
3332692077;163296
3332712486;163297
3332732895;163298
3332753308;163299
3332773713;163300
3332794122;163301
3332814531;163302
3332834940;163303
3332855350;163304
3332875758;163305
3332896167;163306
3332916576;163307
3332936985;163308
3332957395;163309
3332977803;163310
3332998216;163311
3333018622;163312
3333039030;163313
3333059439;163314
3333079849;163315
3333100257;163316
3333120667;163317
3333141076;163318
3333161484;163319
3333181894;163320
3333202303;163321
3333222711;163322
3333243121;163323
3333263529;163324
3333283939;163325
3333304348;163326
3333324756;163327
3333345166;163328
3333365575;163329
3333385983;163330
3333406393;163331
3333426802;163332
3333447211;163333
3333467620;163334
3333488029;163335
3333508438;163336
3333528847;163337
3333549256;163338
3333569665;163339
3333590074;163340
3333610484;163341
3333630892;163342
3333651301;163343
3333671710;163344
3333692119;163345
3333712532;163346
3333732937;163347
3333753346;163348
3333773756;163349
3333794168;163350
3333814573;163351
3333834983;163352
3333855391;163353
3333875801;163354
3333896210;163355
3333916618;163356
3333937028;163357
3333957437;163358
3333977845;163359
3333998255;163360
3334018664;163361
3334039073;163362
3334059482;163363
3334079890;163364
3334100300;163365
3334120709;163366
3334141118;163367
3334161527;163368
3334181936;163369
3334202345;163370
3334222754;163371
3334243163;163372
3334263572;163373
3334283981;163374
3334304390;163375
3334324799;163376
3334345208;163377
3334365618;163378
3334386026;163379
3334406435;163380
3334426844;163381
3334447253;163382
3334467663;163383
3334488075;163384
3334508480;163385
3334528890;163386
3334549298;163387
3334569707;163388
3334590117;163389
3334610525;163390
3334630935;163391
3334651344;163392
3334671752;163393
3334692162;163394
3334712571;163395
3334732980;163396
3334753389;163397
3334773798;163398
3334794207;163399
3334814616;163400
3334835028;163401
3334855434;163402
3334875843;163403
3334896255;163404
3334916661;163405
3334937074;163406
3334957479;163407
3334977888;163408
3334998297;163409
3335018706;163410
3335039115;163411
3335059525;163412
3335079933;163413
3335100342;163414
3335120752;163415
3335141164;163416
3335161569;163417
3335181978;163418
3335202387;163419
3335222797;163420
3335243205;163421
3335263614;163422
3335284024;163423
3335304436;163424
3335324841;163425
3335345251;163426
3335365659;163427
3335386069;163428
3335406478;163429
3335426886;163430
3335447296;163431
3335467705;163432
3335488114;163433
3335508523;163434
3335528932;163435
3335549341;163436
3335569750;163437
3335590158;163438
3335610568;163439
3335630977;163440
3335651385;163441
3335671795;163442
3335692208;163443
3335712613;163444
3335733022;163445
3335753431;163446
3335773840;163447
3335794249;163448
3335814659;163449
3335835067;163450
3335855476;163451
3335875886;163452
3335896294;163453
3335916703;163454
3335937113;163455
3335957521;163456
3335977931;163457
3335998339;163458
3336018748;163459
3336039158;163460
3336059566;163461
3336079976;163462
3336100389;163463
3336120793;163464
3336141203;163465
3336161612;163466
3336182020;163467
3336202430;163468
3336222839;163469
3336243248;163470
3336263657;163471
3336284066;163472
3336304475;163473
3336324888;163474
3336345292;163475
3336365702;163476
3336386111;163477
3336406520;163478
3336426929;163479
3336447338;163480
3336467747;163481
3336488160;163482
3336508565;163483
3336528974;163484
3336549387;163485
3336569792;163486
3336590201;163487
3336610610;163488
3336631020;163489
3336651428;163490
3336671837;163491
3336692247;163492
3336712659;163493
3336733065;163494
3336753473;163495
3336773886;163496
3336794292;163497
3336814700;163498
3336835109;163499
3336855519;163500
3336875931;163501
3336896337;163502
3336916750;163503
3336937158;163504
3336957564;163505
3336977973;163506
3336998381;163507
3337018791;163508
3337039204;163509
3337059609;163510
3337080018;163511
3337100426;163512
3337120836;163513
3337141245;163514
3337161654;163515
3337182063;163516
3337202472;163517
3337222881;163518
3337243290;163519
3337263699;163520
3337284108;163521
3337304517;163522
3337324930;163523
3337345335;163524
3337365617;163525
3337386026;163526
3337406435;163527
3337426843;163528
3337447252;163529
3337467661;163530
3337488070;163531
3337508478;163532
3337528887;163533
3337549296;163534
3337569705;163535
3337590114;163536
3337610522;163537
3337630931;163538
3337651340;163539
3337671749;163540
3337692157;163541
3337712566;163542
3337732975;163543
3337753384;163544
3337773793;163545
3337794201;163546
3337814610;163547
3337835019;163548
3337855427;163549
3337875836;163550
3337896245;163551
3337916654;163552
3337937063;163553
3337957471;163554
3337977880;163555
3337998293;163556
3338018697;163557
3338039107;163558
3338059515;163559
3338079924;163560
3338100333;163561
3338120741;163562
3338141151;163563
3338161559;163564
3338181967;163565
3338202377;163566
3338222785;163567
3338243195;163568
3338263603;163569
3338284011;163570
3338304421;163571
3338324829;163572
3338345238;163573
3338365651;163574
3338386055;163575
3338406465;163576
3338426873;163577
3338447281;163578
3338467691;163579
3338488099;163580
3338508509;163581
3338528917;163582
3338549325;163583
3338569739;163584
3338590143;163585
3338610553;163586
3338630961;163587
3338651369;163588
3338671779;163589
3338692187;163590
3338712595;163591
3338733005;163592
3338753413;163593
3338773823;163594
3338794231;163595
3338814639;163596
3338835053;163597
3338855457;163598
3338875866;163599
3338896275;163600
3338916683;163601
3338937093;163602
3338957501;163603
3338977910;163604
3338998319;163605
3339018727;163606
3339039136;163607
3339059545;163608
3339079953;163609
3339100363;163610
3339120771;163611
3339141180;163612
3339161589;163613
3339181997;163614
3339202406;163615
3339222819;163616
3339243224;163617
3339263633;163618
3339284041;163619
3339304450;163620
3339324859;163621
3339345268;163622
3339365676;163623
3339386085;163624
3339406494;163625
3339426903;163626
3339447312;163627
3339467724;163628
3339488129;163629
3339508538;163630
3339528947;163631
3339549355;163632
3339569764;163633
3339590173;163634
3339610586;163635
3339630990;163636
3339651399;163637
3339671808;163638
3339692217;163639
3339712626;163640
3339733034;163641
3339753443;163642
3339773852;163643
3339794260;163644
3339814670;163645
3339835078;163646
3339855487;163647
3339875896;163648
3339896304;163649
3339916717;163650
3339937122;163651
3339957531;163652
3339977940;163653
3339998348;163654
3340018757;163655
3340039166;163656
3340059574;163657
3340079984;163658
3340100392;163659
3340120800;163660
3340141210;163661
3340161618;163662
3340182028;163663
3340202440;163664
3340222844;163665
3340243258;163666
3340263662;163667
3340284070;163668
3340304480;163669
3340324888;163670
3340345298;163671
3340365706;163672
3340386114;163673
3340406524;163674
3340426932;163675
3340447342;163676
3340467750;163677
3340488162;163678
3340508568;163679
3340528976;163680
3340549386;163681
3340569794;163682
3340590202;163683
3340610612;163684
3340631020;163685
3340651429;163686
3340671838;163687
3340692250;163688
3340712655;163689
3340733064;163690
3340753472;163691
3340773882;163692
3340794290;163693
3340814699;163694
3340835108;163695
3340855520;163696
3340875926;163697
3340896334;163698
3340916743;163699
3340937152;163700
3340957560;163701
3340977969;163702
3340998378;163703
3341018787;163704
3341039200;163705
3341059604;163706
3341080013;163707
3341100422;163708
3341120834;163709
3341141243;163710
3341161648;163711
3341182057;163712
3341202466;163713
3341222874;163714
3341243283;163715
3341263692;163716
3341284101;163717
3341304509;163718
3341324918;163719
3341345327;163720
3341365736;163721
3341386145;163722
3341406553;163723
3341426962;163724
3341447371;163725
3341467779;163726
3341488188;163727
3341508597;163728
3341529006;163729
3341549415;163730
3341569827;163731
3341590232;163732
3341610641;163733
3341631050;163734
3341651463;163735
3341671867;163736
3341692276;163737
3341712685;163738
3341733093;163739
3341753503;163740
3341773911;163741
3341794320;163742
3341814729;163743
3341835137;163744
3341855547;163745
3341875959;163746
3341896363;163747
3341916773;163748
3341937181;163749
3341957590;163750
3341977999;163751
3341998407;163752
3342018817;163753
3342039229;163754
3342059633;163755
3342080043;163756
3342100451;163757
3342120861;163758
3342141269;163759
3342161677;163760
3342182087;163761
3342202495;163762
3342222904;163763
3342243313;163764
3342263721;163765
3342284131;163766
3342304539;163767
3342324947;163768
3342345357;163769
3342365765;163770
3342386174;163771
3342406583;163772
3342426991;163773
3342447401;163774
3342467809;163775
3342488218;163776
3342508627;163777
3342529035;163778
3342549444;163779
3342569853;163780
3342590266;163781
3342610671;163782
3342631079;163783
3342651488;163784
3342671897;163785
3342692305;163786
3342712718;163787
3342733123;163788
3342753532;163789
3342773941;163790
3342794353;163791
3342814762;163792
3342835167;163793
3342855576;163794
3342875984;163795
3342896393;163796
3342916802;163797
3342937211;163798
3342957620;163799
3342978028;163800
3342998437;163801
3343018846;163802
3343039255;163803
3343059664;163804
3343080072;163805
3343100481;163806
3343120890;163807
3343141298;163808
3343161707;163809
3343182116;163810
3343202525;163811
3343222934;163812
3343243342;163813
3343263751;163814
3343284160;163815
3343304569;163816
3343324978;163817
3343345386;163818
3343365795;163819
3343386204;163820
3343406612;163821
