3328393107;163085
3328413515;163086
3328433928;163087
3328454334;163088
3328474742;163089
3328495152;163090
3328515561;163091
3328535969;163092
3328556379;163093
3328576787;163094
3328597197;163095
3328617606;163096
3328638014;163097
3328658424;163098
3328678837;163099
3328699242;163100
3328719651;163101
3328740061;163102
3328760469;163103
3328780879;163104
3328801288;163105
3328821700;163106
3328842106;163107
3328862515;163108
3328882928;163109
3328903333;163110
3328923742;163111
3328944151;163112
3328964560;163113
3328984969;163114
3329005378;163115
3329025792;163116
3329046196;163117
3329066605;163118
3329087015;163119
3329107423;163120
3329127833;163121
3329148242;163122
3329168651;163123
3329189060;163124
3329209469;163125
3329229878;163126
3329250287;163127
3329270697;163128
3329291105;163129
3329311515;163130
3329331923;163131
3329352332;163132
3329372742;163133
3329393150;163134
3329413563;163135
3329433969;163136
3329454377;163137
3329474787;163138
3329495196;163139
3329515605;163140
3329536014;163141
3329556424;163142
3329576832;163143
3329597241;163144
3329617651;163145
3329638059;163146
3329658469;163147
3329678878;163148
3329699287;163149
3329719696;163150
3329740104;163151
3329760514;163152
3329780923;163153
3329801332;163154
3329821741;163155
3329842150;163156
3329862559;163157
3329882972;163158
3329903378;163159
3329923786;163160
3329944196;163161
3329964605;163162
3329985013;163163
3330005423;163164
3330025832;163165
3330046241;163166
3330066650;163167
3330087059;163168
3330107468;163169
3330127877;163170
3330148286;163171
3330168695;163172
3330189105;163173
3330209517;163174
3330229923;163175
3330250332;163176
3330270740;163177
3330291150;163178
3330311559;163179
3330331968;163180
3330352377;163181
3330372787;163182
3330393195;163183
3330413604;163184
3330434014;163185
3330454422;163186
3330474832;163187
3330495240;163188
3330515649;163189
3330536059;163190
3330556467;163191
3330576877;163192
3330597286;163193
3330617695;163194
3330638104;163195
3330658513;163196
3330678922;163197
3330699331;163198
3330719741;163199
3330740149;163200
3330760562;163201
3330780972;163202
3330801376;163203
3330821786;163204
3330842194;163205
3330862604;163206
3330883013;163207
3330903421;163208
3330923831;163209
3330944240;163210
3330964649;163211
3330985058;163212
3331005468;163213
3331025876;163214
3331046286;163215
3331066695;163216
3331087103;163217
3331107513;163218
3331127922;163219
3331148331;163220
3331168740;163221
3331189149;163222
3331209558;163223
3331229967;163224
3331250376;163225
3331270785;163226
3331291195;163227
3331311603;163228
3331332012;163229
3331352422;163230
3331372830;163231
3331393240;163232
3331413649;163233
3331434061;163234
3331454467;163235
3331474876;163236
3331495285;163237
3331515698;163238
3331536104;163239
3331556512;163240
3331576925;163241
3331597331;163242
3331617739;163243
3331638149;163244
3331658557;163245
3331678967;163246
3331699376;163247
3331719785;163248
3331740194;163249
3331760603;163250
3331781012;163251
3331801421;163252
3331821831;163253
3331842239;163254
3331862648;163255
3331883058;163256
3331903466;163257
3331923876;163258
3331944285;163259
3331964694;163260
3331985103;163261
3332005511;163262
3332025921;163263
3332046330;163264
3332066739;163265
3332087148;163266
3332107558;163267
3332127970;163268
3332148375;163269
3332168785;163270
3332189193;163271
3332209603;163272
3332230012;163273
3332250420;163274
3332270830;163275
3332291239;163276
3332311652;163277
3332332057;163278
3332352467;163279
3332372875;163280
3332393284;163281
3332413693;163282
3332434102;163283
3332454512;163284
3332474920;163285
3332495330;163286
3332515739;163287
3332536151;163288
3332556557;163289
3332576966;163290
3332597375;163291
3332617784;163292
3332638194;163293
3332658602;163294
3332679011;163295
3332699421;163296
3332719833;163297
3332740239;163298
3332760652;163299
3332781057;163300
3332801466;163301
3332821874;163302
3332842284;163303
3332862693;163304
3332883102;163305
3332903511;163306
3332923920;163307
3332944329;163308
3332964738;163309
3332985148;163310
3333005556;163311
3333025970;163312
3333046375;163313
3333066783;163314
3333087193;163315
3333107602;163316
3333128011;163317
3333148420;163318
3333168829;163319
3333189238;163320
3333209651;163321
3333230056;163322
3333250465;163323
3333270875;163324
3333291283;163325
3333311693;163326
3333332102;163327
3333352510;163328
3333372920;163329
3333393329;163330
3333413738;163331
3333434147;163332
3333454556;163333
3333474965;163334
3333495374;163335
3333515784;163336
3333536192;163337
3333556602;163338
3333577010;163339
3333597419;163340
3333617829;163341
3333638237;163342
3333658647;163343
3333679056;163344
3333699465;163345
3333719874;163346
3333740283;163347
3333760696;163348
3333781101;163349
3333801511;163350
3333821919;163351
3333842329;163352
3333862738;163353
3333883146;163354
3333903556;163355
3333923964;163356
3333944374;163357
3333964787;163358
3333985192;163359
3334005601;163360
3334026010;163361
3334046419;163362
3334066828;163363
3334087242;163364
3334107646;163365
3334128055;163366
3334148465;163367
3334168873;163368
3334189287;163369
3334209692;163370
3334230101;163371
3334250510;163372
3334270919;163373
3334291328;163374
3334311737;163375
3334332146;163376
3334352555;163377
3334372965;163378
3334393373;163379
3334413782;163380
3334434192;163381
3334454600;163382
3334475010;163383
3334495419;163384
3334515828;163385
3334536237;163386
3334556646;163387
3334577055;163388
3334597464;163389
3334617874;163390
3334638282;163391
3334658691;163392
3334679101;163393
3334699509;163394
3334719919;163395
3334740327;163396
3334760737;163397
3334781146;163398
3334801554;163399
3334821964;163400
3334842373;163401
3334862786;163402
3334883191;163403
3334903601;163404
3334924009;163405
3334944418;163406
3334964828;163407
3334985240;163408
3335005646;163409
3335026055;163410
3335046467;163411
3335066873;163412
3335087281;163413
3335107691;163414
3335128104;163415
3335148509;163416
3335168918;163417
3335189327;163418
3335209736;163419
3335230145;163420
3335250555;163421
3335270963;163422
3335291373;163423
3335311782;163424
3335332190;163425
3335352600;163426
3335373009;163427
3335393418;163428
3335413827;163429
3335434237;163430
3335454645;163431
3335475054;163432
3335495463;163433
3335515876;163434
3335536282;163435
3335556690;163436
3335577099;163437
3335597509;163438
3335617917;163439
3335638327;163440
3335658736;163441
3335679149;163442
3335699554;163443
3335719963;163444
3335740372;163445
3335760781;163446
3335781191;163447
3335801599;163448
3335822009;163449
3335842417;163450
3335862826;163451
3335883236;163452
3335903644;163453
3335924054;163454
3335944463;163455
3335964872;163456
3335985285;163457
3336005690;163458
3336026099;163459
3336046508;163460
3336066918;163461
3336087326;163462
3336107736;163463
3336128145;163464
3336148553;163465
3336168963;163466
3336189372;163467
3336209781;163468
3336230190;163469
3336250598;163470
3336271008;163471
3336291417;163472
3336311826;163473
3336332235;163474
3336352645;163475
3336373053;163476
3336393462;163477
3336413872;163478
3336434280;163479
3336454690;163480
3336475099;163481
3336495508;163482
3336515917;163483
3336536326;163484
3336556735;163485
3336577144;163486
3336597554;163487
3336617962;163488
3336638372;163489
3336658780;163490
3336679189;163491
3336699599;163492
3336720007;163493
3336740417;163494
3336760826;163495
3336781235;163496
3336801644;163497
3336822053;163498
3336842462;163499
3336862871;163500
3336883281;163501
3336903689;163502
3336924098;163503
3336944508;163504
3336964916;163505
3336985326;163506
3337005734;163507
3337026147;163508
3337046553;163509
3337066965;163510
3337087371;163511
3337107780;163512
3337128189;163513
3337148598;163514
3337169011;163515
3337189416;163516
3337209829;163517
3337230235;163518
3337250643;163519
3337271053;163520
3337291462;163521
3337311871;163522
3337332280;163523
3337352562;163524
3337372971;163525
3337393383;163526
3337413789;163527
3337434197;163528
3337454606;163529
3337475015;163530
3337495423;163531
3337515833;163532
3337536241;163533
3337556650;163534
3337577059;163535
3337597467;163536
3337617877;163537
3337638289;163538
3337658694;163539
3337679103;163540
3337699512;163541
3337719921;163542
3337740329;163543
3337760738;163544
3337781147;163545
3337801556;163546
3337821964;163547
3337842374;163548
3337862782;163549
3337883191;163550
3337903600;163551
3337924008;163552
3337944418;163553
3337964826;163554
3337985236;163555
3338005644;163556
3338026052;163557
3338046462;163558
3338066870;163559
3338087280;163560
3338107688;163561
3338128096;163562
3338148506;163563
3338168914;163564
3338189323;163565
3338209732;163566
3338230141;163567
3338250550;163568
3338270958;163569
3338291367;163570
3338311776;163571
3338332185;163572
3338352598;163573
3338373003;163574
3338393415;163575
3338413820;163576
3338434229;163577
3338454638;163578
3338475047;163579
3338495455;163580
3338515864;163581
3338536277;163582
3338556682;163583
3338577091;163584
3338597499;163585
3338617909;163586
3338638317;163587
3338658726;163588
3338679135;163589
3338699543;163590
3338719953;163591
3338740361;163592
3338760770;163593
3338781179;163594
3338801587;163595
3338821997;163596
3338842405;163597
3338862814;163598
3338883223;163599
3338903632;163600
3338924041;163601
3338944449;163602
3338964858;163603
3338985267;163604
3339005676;163605
3339026084;163606
3339046494;163607
3339066902;163608
3339087311;163609
3339107724;163610
3339128128;163611
3339148538;163612
3339168946;163613
3339189355;163614
3339209764;163615
3339230172;163616
3339250586;163617
3339270990;163618
3339291400;163619
3339311808;163620
3339332216;163621
3339352626;163622
3339373034;163623
3339393443;163624
3339413856;163625
3339434261;163626
3339454674;163627
3339475082;163628
3339495487;163629
3339515896;163630
3339536305;163631
3339556714;163632
3339577123;163633
3339597531;163634
3339617940;163635
3339638349;163636
3339658758;163637
3339679167;163638
3339699575;163639
3339719984;163640
3339740393;163641
3339760801;163642
3339781211;163643
3339801619;163644
3339822029;163645
3339842437;163646
3339862845;163647
3339883255;163648
3339903663;163649
3339924077;163650
3339944481;163651
3339964890;163652
3339985299;163653
3340005711;163654
3340026117;163655
3340046525;163656
3340066934;163657
3340087347;163658
3340107752;163659
3340128161;163660
3340148573;163661
3340168978;163662
3340189387;163663
3340209796;163664
3340230204;163665
3340250613;163666
3340271022;163667
3340291431;163668
3340311840;163669
3340332248;163670
3340352658;163671
3340373066;163672
3340393475;163673
3340413884;163674
3340434292;163675
3340454702;163676
3340475110;163677
3340495520;163678
3340515928;163679
3340536336;163680
3340556746;163681
3340577154;163682
3340597563;163683
3340617972;163684
3340638380;163685
3340658794;163686
3340679202;163687
3340699607;163688
3340720016;163689
3340740428;163690
3340760834;163691
3340781242;163692
3340801651;163693
3340822060;163694
3340842469;163695
3340862878;163696
3340883290;163697
3340903695;163698
3340924104;163699
3340944513;163700
3340964921;163701
3340985335;163702
3341005739;163703
3341026148;163704
3341046557;163705
3341066965;163706
3341087375;163707
3341107783;163708
3341128193;163709
3341148601;163710
3341169009;163711
3341189419;163712
3341209827;163713
3341230237;163714
3341250645;163715
3341271054;163716
3341291463;163717
3341311871;163718
3341332281;163719
3341352689;163720
3341373098;163721
3341393507;163722
3341413916;163723
3341434328;163724
3341454733;163725
3341475142;163726
3341495551;163727
3341515960;163728
3341536368;163729
3341556777;163730
3341577186;163731
3341597595;163732
3341618004;163733
3341638412;163734
3341658822;163735
3341679230;163736
3341699639;163737
3341720048;163738
3341740456;163739
3341760866;163740
3341781274;163741
3341801683;163742
3341822092;163743
3341842500;163744
3341862910;163745
3341883318;163746
3341903727;163747
3341924136;163748
3341944544;163749
3341964954;163750
3341985362;163751
3342005771;163752
3342026180;163753
3342046589;163754
3342067002;163755
3342087406;163756
3342107815;163757
3342128224;163758
3342148633;163759
3342169041;163760
3342189451;163761
3342209859;163762
3342230268;163763
3342250677;163764
3342271085;163765
3342291499;163766
3342311903;163767
3342332312;163768
3342352721;163769
3342373129;163770
3342393539;163771
3342413947;163772
3342434357;163773
3342454765;163774
3342475173;163775
3342495583;163776
3342515991;163777
3342536401;163778
3342556809;163779
3342577218;163780
3342597627;163781
3342618035;163782
3342638444;163783
3342658853;163784
3342679262;163785
3342699671;163786
3342720079;163787
3342740488;163788
3342760901;163789
3342781306;163790
3342801715;163791
3342822124;163792
3342842532;163793
3342862942;163794
3342883350;163795
3342903759;163796
3342924168;163797
3342944576;163798
3342964986;163799
3342985394;163800
3343005802;163801
3343026212;163802
3343046620;163803
3343067030;163804
3343087442;163805
3343107847;163806
3343128256;163807
3343148664;163808
3343169074;163809
3343189486;163810
3343209891;163811
3343230304;163812
3343250708;163813
3343271118;163814
3343291526;163815
3343311935;163816
3343332344;163817
3343352753;163818
3343373161;163819
3343393570;163820
