3328390836;163085
3328411244;163086
3328431654;163087
3328452062;163088
3328472475;163089
3328492881;163090
3328513289;163091
3328533699;163092
3328554108;163093
3328574517;163094
3328594930;163095
3328615335;163096
3328635744;163097
3328656153;163098
3328676563;163099
3328696971;163100
3328717381;163101
3328737790;163102
3328758198;163103
3328778608;163104
3328799017;163105
3328819425;163106
3328839835;163107
3328860243;163108
3328880653;163109
3328901062;163110
3328921471;163111
3328941880;163112
3328962289;163113
3328982698;163114
3329003107;163115
3329023517;163116
3329043925;163117
3329064334;163118
3329084744;163119
3329105152;163120
3329125562;163121
3329145971;163122
3329166379;163123
3329186789;163124
3329207198;163125
3329227607;163126
3329248016;163127
3329268425;163128
3329288834;163129
3329309243;163130
3329329656;163131
3329350061;163132
3329370471;163133
3329390879;163134
3329411288;163135
3329431698;163136
3329452106;163137
3329472516;163138
3329492929;163139
3329513333;163140
3329533743;163141
3329554152;163142
3329574561;163143
3329594970;163144
3329615379;163145
3329635788;163146
3329656197;163147
3329676606;163148
3329697015;163149
3329717425;163150
3329737833;163151
3329758242;163152
3329778652;163153
3329799060;163154
3329819469;163155
3329839883;163156
3329860287;163157
3329880697;163158
3329901106;163159
3329921515;163160
3329941924;163161
3329962333;163162
3329982742;163163
3330003151;163164
3330023560;163165
3330043969;163166
3330064378;163167
3330084787;163168
3330105196;163169
3330125606;163170
3330146014;163171
3330166424;163172
3330186833;163173
3330207241;163174
3330227651;163175
3330248060;163176
3330268473;163177
3330288878;163178
3330309291;163179
3330329700;163180
3330350105;163181
3330370515;163182
3330390923;163183
3330411332;163184
3330431741;163185
3330452150;163186
3330472560;163187
3330492968;163188
3330513377;163189
3330533787;163190
3330554195;163191
3330574605;163192
3330595014;163193
3330615423;163194
3330635832;163195
3330656241;163196
3330676650;163197
3330697059;163198
3330717469;163199
3330737877;163200
3330758286;163201
3330778695;163202
3330799104;163203
3330819514;163204
3330839922;163205
3330860335;163206
3330880741;163207
3330901149;163208
3330921559;163209
3330941968;163210
3330962376;163211
3330982786;163212
3331003195;163213
3331023604;163214
3331044013;163215
3331064422;163216
3331084831;163217
3331105240;163218
3331125650;163219
3331146058;163220
3331166468;163221
3331186876;163222
3331207285;163223
3331227699;163224
3331248103;163225
3331268513;163226
3331288922;163227
3331309330;163228
3331329740;163229
3331350149;163230
3331370558;163231
3331390967;163232
3331411376;163233
3331431785;163234
3331452194;163235
3331472604;163236
3331493012;163237
3331513421;163238
3331533830;163239
3331554239;163240
3331574649;163241
3331595057;163242
3331615467;163243
3331635876;163244
3331656284;163245
3331676694;163246
3331697103;163247
3331717516;163248
3331737921;163249
3331758330;163250
3331778739;163251
3331799148;163252
3331819562;163253
3331839966;163254
3331860375;163255
3331880785;163256
3331901197;163257
3331921603;163258
3331942011;163259
3331962421;163260
3331982830;163261
3332003238;163262
3332023648;163263
3332044057;163264
3332064466;163265
3332084875;163266
3332105284;163267
3332125693;163268
3332146102;163269
3332166512;163270
3332186920;163271
3332207329;163272
3332227743;163273
3332248151;163274
3332268557;163275
3332288966;163276
3332309375;163277
3332329784;163278
3332350192;163279
3332370602;163280
3332391011;163281
3332411420;163282
3332431829;163283
3332452238;163284
3332472647;163285
3332493056;163286
3332513466;163287
3332533874;163288
3332554287;163289
3332574693;163290
3332595101;163291
3332615511;163292
3332635920;163293
3332656328;163294
3332676738;163295
3332697146;163296
3332717556;163297
3332737965;163298
3332758373;163299
3332778783;163300
3332799192;163301
3332819601;163302
3332840010;163303
3332860420;163304
3332880828;163305
3332901237;163306
3332921647;163307
3332942055;163308
3332962465;163309
3332982874;163310
3333003282;163311
3333023692;163312
3333044101;163313
3333064510;163314
3333084919;163315
3333105328;163316
3333125737;163317
3333146146;163318
3333166555;163319
3333186964;163320
3333207374;163321
3333227782;163322
3333248195;163323
3333268601;163324
3333289009;163325
3333309419;163326
3333329828;163327
3333350236;163328
3333370646;163329
3333391055;163330
3333411464;163331
3333431873;163332
3333452281;163333
3333472691;163334
3333493100;163335
3333513509;163336
3333533918;163337
3333554327;163338
3333574740;163339
3333595145;163340
3333615555;163341
3333635963;163342
3333656376;163343
3333676782;163344
3333697190;163345
3333717600;163346
3333738009;163347
3333758417;163348
3333778827;163349
3333799240;163350
3333819645;163351
3333840054;163352
3333860463;163353
3333880872;163354
3333901281;163355
3333921690;163356
3333942103;163357
3333962509;163358
3333982917;163359
3334003326;163360
3334023739;163361
3334044144;163362
3334064554;163363
3334084963;163364
3334105372;163365
3334125781;163366
3334146190;163367
3334166599;163368
3334187008;163369
3334207418;163370
3334227826;163371
3334248235;163372
3334268647;163373
3334289053;163374
3334309463;163375
3334329871;163376
3334350280;163377
3334370690;163378
3334391098;163379
3334411508;163380
3334431917;163381
3334452329;163382
3334472735;163383
3334493144;163384
3334513553;163385
3334533966;163386
3334554372;163387
3334574780;163388
3334595189;163389
3334615598;163390
3334636007;163391
3334656417;163392
3334676825;163393
3334697234;163394
3334717644;163395
3334738052;163396
3334758462;163397
3334778871;163398
3334799279;163399
3334819689;163400
3334840098;163401
3334860507;163402
3334880916;163403
3334901326;163404
3334921734;163405
3334942143;163406
3334962553;163407
3334982961;163408
3335003370;163409
3335023779;163410
3335044188;163411
3335064598;163412
3335085006;163413
3335105416;163414
3335125825;163415
3335146233;163416
3335166643;163417
3335187052;163418
3335207465;163419
3335227874;163420
3335248279;163421
3335268688;163422
3335289097;163423
3335309507;163424
3335329915;163425
3335350325;163426
3335370733;163427
3335391142;163428
3335411552;163429
3335431960;163430
3335452369;163431
3335472779;163432
3335493187;163433
3335513597;163434
3335534006;163435
3335554415;163436
3335574824;163437
3335595233;163438
3335615642;163439
3335636051;163440
3335656461;163441
3335676869;163442
3335697278;163443
3335717688;163444
3335738100;163445
3335758506;163446
3335778914;163447
3335799323;163448
3335819733;163449
3335840141;163450
3335860555;163451
3335880960;163452
3335901368;163453
3335921778;163454
3335942187;163455
3335962600;163456
3335983005;163457
3336003415;163458
3336023823;163459
3336044232;163460
3336064642;163461
3336085050;163462
3336105460;163463
3336125869;163464
3336146277;163465
3336166687;163466
3336187095;163467
3336207505;163468
3336227918;163469
3336248322;163470
3336268732;163471
3336289141;163472
3336309550;163473
3336329959;163474
3336350368;163475
3336370777;163476
3336391186;163477
3336411596;163478
3336432004;163479
3336452414;163480
3336472823;163481
3336493231;163482
3336513641;163483
3336534049;163484
3336554459;163485
3336574872;163486
3336595280;163487
3336615686;163488
3336636095;163489
3336656504;163490
3336676913;163491
3336697322;163492
3336717731;163493
3336738140;163494
3336758550;163495
3336778958;163496
3336799368;163497
3336819777;163498
3336840185;163499
3336860595;163500
3336881004;163501
3336901413;163502
3336921822;163503
3336942234;163504
3336962640;163505
3336983053;163506
3337003458;163507
3337023867;163508
3337044276;163509
3337064685;163510
3337085094;163511
3337105504;163512
3337125912;163513
3337146321;163514
3337166731;163515
3337187139;163516
3337207549;163517
3337227958;163518
3337248370;163519
3337268776;163520
3337289185;163521
3337309594;163522
3337330003;163523
3337350412;163524
3337370694;163525
3337391102;163526
3337411512;163527
3337431920;163528
3337452329;163529
3337472738;163530
3337493146;163531
3337513556;163532
3337533964;163533
3337554373;163534
3337574782;163535
3337595190;163536
3337615600;163537
3337636008;163538
3337656417;163539
3337676826;163540
3337697235;163541
3337717643;163542
3337738056;163543
3337758461;163544
3337778870;163545
3337799279;163546
3337819687;163547
3337840096;163548
3337860505;163549
3337880914;163550
3337901323;163551
3337921731;163552
3337942140;163553
3337962553;163554
3337982958;163555
3338003367;163556
3338023775;163557
3338044185;163558
3338064593;163559
3338085001;163560
3338105411;163561
3338125819;163562
3338146229;163563
3338166637;163564
3338187045;163565
3338207455;163566
3338227863;163567
3338248273;163568
3338268681;163569
3338289089;163570
3338309499;163571
3338329907;163572
3338350317;163573
3338370725;163574
3338391133;163575
3338411543;163576
3338431951;163577
3338452361;163578
3338472769;163579
3338493177;163580
3338513587;163581
3338533995;163582
3338554404;163583
3338574813;163584
3338595222;163585
3338615631;163586
3338636039;163587
3338656448;163588
3338676857;163589
3338697266;163590
3338717675;163591
3338738083;163592
3338758492;163593
3338778905;163594
3338799310;163595
3338819719;163596
3338840131;163597
3338860536;163598
3338880945;163599
3338901354;163600
3338921762;163601
3338942171;163602
3338962580;163603
3338982989;163604
3339003398;163605
3339023810;163606
3339044215;163607
3339064624;163608
3339085033;163609
3339105442;163610
3339125850;163611
3339146260;163612
3339166668;163613
3339187077;163614
3339207486;163615
3339227894;163616
3339248304;163617
3339268712;163618
3339289120;163619
3339309530;163620
3339329938;163621
3339350348;163622
3339370756;163623
3339391164;163624
3339411574;163625
3339431982;163626
3339452392;163627
3339472800;163628
3339493209;163629
3339513618;163630
3339534026;163631
3339554436;163632
3339574844;163633
3339595257;163634
3339615662;163635
3339636070;163636
3339656480;163637
3339676888;163638
3339697297;163639
3339717706;163640
3339738114;163641
3339758523;163642
3339778932;163643
3339799341;163644
3339819750;163645
3339840159;163646
3339860567;163647
3339880976;163648
3339901385;163649
3339921794;163650
3339942203;163651
3339962611;163652
3339983020;163653
3340003429;163654
3340023838;163655
3340044247;163656
3340064655;163657
3340085064;163658
3340105473;163659
3340125881;163660
3340146291;163661
3340166699;163662
3340187108;163663
3340207517;163664
3340227925;163665
3340248335;163666
3340268743;163667
3340289152;163668
3340309561;163669
3340329969;163670
3340350383;163671
3340370787;163672
3340391197;163673
3340411605;163674
3340432017;163675
3340452423;163676
3340472831;163677
3340493240;163678
3340513649;163679
3340534057;163680
3340554467;163681
3340574875;163682
3340595284;163683
3340615693;163684
3340636101;163685
3340656511;163686
3340676919;163687
3340697328;163688
3340717737;163689
3340738146;163690
3340758555;163691
3340778963;163692
3340799372;163693
3340819785;163694
3340840189;163695
3340860599;163696
3340881007;163697
3340901420;163698
3340921825;163699
3340942234;163700
3340962642;163701
3340983051;163702
3341003460;163703
3341023869;163704
3341044278;163705
3341064686;163706
3341085095;163707
3341105504;163708
3341125913;163709
3341146322;163710
3341166730;163711
3341187139;163712
3341207548;163713
3341227957;163714
3341248366;163715
3341268778;163716
3341289183;163717
3341309592;163718
3341330000;163719
3341350410;163720
3341370818;163721
3341391228;163722
3341411636;163723
3341432044;163724
3341452454;163725
3341472862;163726
3341493272;163727
3341513680;163728
3341534088;163729
3341554498;163730
3341574906;163731
3341595316;163732
3341615724;163733
3341636132;163734
3341656542;163735
3341676950;163736
3341697359;163737
3341717768;163738
3341738176;163739
3341758586;163740
3341778994;163741
3341799403;163742
3341819812;163743
3341840220;163744
3341860630;163745
3341881038;163746
3341901447;163747
3341921856;163748
3341942264;163749
3341962674;163750
3341983086;163751
3342003491;163752
3342023900;163753
3342044308;163754
3342064718;163755
3342085126;163756
3342105535;163757
3342125944;163758
3342146353;163759
3342166761;163760
3342187170;163761
3342207579;163762
3342227988;163763
3342248397;163764
3342268805;163765
3342289214;163766
3342309623;163767
3342330032;163768
3342350441;163769
3342370849;163770
3342391258;163771
3342411667;163772
3342432080;163773
3342452485;163774
3342472893;163775
3342493303;163776
3342513711;163777
3342534119;163778
3342554529;163779
3342574937;163780
3342595347;163781
3342615755;163782
3342636167;163783
3342656573;163784
3342676981;163785
3342697391;163786
3342717799;163787
3342738207;163788
3342758617;163789
3342779025;163790
3342799435;163791
3342819843;163792
3342840251;163793
3342860661;163794
3342881069;163795
3342901478;163796
3342921887;163797
3342942295;163798
3342962705;163799
3342983113;163800
3343003522;163801
3343023931;163802
3343044340;163803
3343064749;163804
3343085157;163805
3343105566;163806
3343125975;163807
3343146384;163808
3343166793;163809
3343187201;163810
3343207610;163811
3343228019;163812
3343248428;163813
3343268836;163814
3343289245;163815
3343309654;163816
3343330063;163817
3343350472;163818
3343370880;163819
3343391289;163820
