3328390900;163085
3328411308;163086
3328431717;163087
3328452126;163088
3328472535;163089
3328492948;163090
3328513353;163091
3328533763;163092
3328554172;163093
3328574580;163094
3328594990;163095
3328615399;163096
3328635808;163097
3328656217;163098
3328676626;163099
3328697039;163100
3328717444;163101
3328737854;163102
3328758262;163103
3328778671;163104
3328799081;163105
3328819489;163106
3328839899;163107
3328860307;163108
3328880720;163109
3328901126;163110
3328921534;163111
3328941944;163112
3328962357;163113
3328982761;163114
3329003171;163115
3329023580;163116
3329043989;163117
3329064398;163118
3329084808;163119
3329105216;163120
3329125625;163121
3329146035;163122
3329166447;163123
3329186853;163124
3329207262;163125
3329227670;163126
3329248080;163127
3329268488;163128
3329288898;163129
3329309307;163130
3329329715;163131
3329350125;163132
3329370534;163133
3329390943;163134
3329411352;163135
3329431762;163136
3329452170;163137
3329472579;163138
3329492989;163139
3329513397;163140
3329533807;163141
3329554216;163142
3329574624;163143
3329595034;163144
3329615442;163145
3329635852;163146
3329656265;163147
3329676669;163148
3329697079;163149
3329717488;163150
3329737897;163151
3329758306;163152
3329778716;163153
3329799124;163154
3329819533;163155
3329839943;163156
3329860351;163157
3329880761;163158
3329901170;163159
3329921578;163160
3329941988;163161
3329962397;163162
3329982806;163163
3330003215;163164
3330023627;163165
3330044033;163166
3330064442;163167
3330084851;163168
3330105260;163169
3330125669;163170
3330146078;163171
3330166487;163172
3330186901;163173
3330207305;163174
3330227715;163175
3330248124;163176
3330268532;163177
3330288942;163178
3330309351;163179
3330329760;163180
3330350169;163181
3330370578;163182
3330390987;163183
3330411396;163184
3330431805;163185
3330452214;163186
3330472624;163187
3330493032;163188
3330513441;163189
3330533851;163190
3330554259;163191
3330574669;163192
3330595078;163193
3330615486;163194
3330635896;163195
3330656305;163196
3330676714;163197
3330697123;163198
3330717532;163199
3330737941;163200
3330758350;163201
3330778759;163202
3330799168;163203
3330819581;163204
3330839986;163205
3330860399;163206
3330880805;163207
3330901213;163208
3330921622;163209
3330942032;163210
3330962440;163211
3330982850;163212
3331003259;163213
3331023668;163214
3331044077;163215
3331064486;163216
3331084895;163217
3331105304;163218
3331125714;163219
3331146122;163220
3331166531;163221
3331186940;163222
3331207349;163223
3331227759;163224
3331248167;163225
3331268576;163226
3331288986;163227
3331309394;163228
3331329804;163229
3331350213;163230
3331370625;163231
3331391035;163232
3331411444;163233
3331431849;163234
3331452258;163235
3331472668;163236
3331493076;163237
3331513485;163238
3331533894;163239
3331554303;163240
3331574713;163241
3331595121;163242
3331615530;163243
3331635940;163244
3331656348;163245
3331676758;163246
3331697171;163247
3331717576;163248
3331737985;163249
3331758394;163250
3331778803;163251
3331799212;163252
3331819622;163253
3331840030;163254
3331860439;163255
3331880849;163256
3331901257;163257
3331921667;163258
3331942075;163259
3331962484;163260
3331982894;163261
3332003302;163262
3332023712;163263
3332044121;163264
3332064533;163265
3332084939;163266
3332105348;163267
3332125757;163268
3332146166;163269
3332166576;163270
3332186984;163271
3332207397;163272
3332227803;163273
3332248211;163274
3332268621;163275
3332289030;163276
3332309438;163277
3332329852;163278
3332350260;163279
3332370666;163280
3332391075;163281
3332411483;163282
3332431893;163283
3332452302;163284
3332472711;163285
3332493120;163286
3332513530;163287
3332533938;163288
3332554347;163289
3332574757;163290
3332595165;163291
3332615575;163292
3332635984;163293
3332656392;163294
3332676802;163295
3332697210;163296
3332717620;163297
3332738029;163298
3332758437;163299
3332778847;163300
3332799256;163301
3332819665;163302
3332840074;163303
3332860484;163304
3332880892;163305
3332901301;163306
3332921711;163307
3332942119;163308
3332962529;163309
3332982938;163310
3333003346;163311
3333023756;163312
3333044165;163313
3333064574;163314
3333084983;163315
3333105395;163316
3333125801;163317
3333146210;163318
3333166623;163319
3333187028;163320
3333207438;163321
3333227846;163322
3333248255;163323
3333268669;163324
3333289073;163325
3333309483;163326
3333329892;163327
3333350300;163328
3333370710;163329
3333391119;163330
3333411528;163331
3333431937;163332
3333452345;163333
3333472755;163334
3333493164;163335
3333513573;163336
3333533986;163337
3333554392;163338
3333574800;163339
3333595209;163340
3333615619;163341
3333636027;163342
3333656437;163343
3333676846;163344
3333697254;163345
3333717664;163346
3333738073;163347
3333758482;163348
3333778891;163349
3333799300;163350
3333819713;163351
3333840118;163352
3333860527;163353
3333880936;163354
3333901345;163355
3333921754;163356
3333942163;163357
3333962573;163358
3333982981;163359
3334003391;163360
3334023800;163361
3334044212;163362
3334064618;163363
3334085027;163364
3334105440;163365
3334125845;163366
3334146254;163367
3334166663;163368
3334187072;163369
3334207482;163370
3334227890;163371
3334248299;163372
3334268712;163373
3334289117;163374
3334309531;163375
3334329935;163376
3334350345;163377
3334370754;163378
3334391162;163379
3334411572;163380
3334431985;163381
3334452389;163382
3334472799;163383
3334493208;163384
3334513617;163385
3334534026;163386
3334554436;163387
3334574844;163388
3334595253;163389
3334615662;163390
3334636071;163391
3334656481;163392
3334676889;163393
3334697299;163394
3334717708;163395
3334738116;163396
3334758526;163397
3334778935;163398
3334799344;163399
3334819753;163400
3334840162;163401
3334860571;163402
3334880980;163403
3334901390;163404
3334921798;163405
3334942207;163406
3334962617;163407
3334983025;163408
3335003435;163409
3335023843;163410
3335044252;163411
3335064662;163412
3335085070;163413
3335105480;163414
3335125889;163415
3335146298;163416
3335166707;163417
3335187116;163418
3335207525;163419
3335227934;163420
3335248344;163421
3335268752;163422
3335289161;163423
3335309571;163424
3335329979;163425
3335350389;163426
3335370798;163427
3335391206;163428
3335411616;163429
3335432024;163430
3335452434;163431
3335472843;163432
3335493251;163433
3335513661;163434
3335534070;163435
3335554479;163436
3335574888;163437
3335595297;163438
3335615706;163439
3335636115;163440
3335656525;163441
3335676937;163442
3335697343;163443
3335717752;163444
3335738160;163445
3335758574;163446
3335778978;163447
3335799392;163448
3335819797;163449
3335840205;163450
3335860615;163451
3335881028;163452
3335901433;163453
3335921842;163454
3335942251;163455
3335962660;163456
3335983069;163457
3336003479;163458
3336023887;163459
3336044296;163460
3336064706;163461
3336085114;163462
3336105524;163463
3336125933;163464
3336146342;163465
3336166751;163466
3336187159;163467
3336207569;163468
3336227978;163469
3336248387;163470
3336268796;163471
3336289205;163472
3336309614;163473
3336330023;163474
3336350433;163475
3336370841;163476
3336391250;163477
3336411660;163478
3336432068;163479
3336452478;163480
3336472887;163481
3336493296;163482
3336513705;163483
3336534113;163484
3336554523;163485
3336574932;163486
3336595341;163487
3336615750;163488
3336636159;163489
3336656568;163490
3336676977;163491
3336697387;163492
3336717795;163493
3336738205;163494
3336758614;163495
3336779022;163496
3336799432;163497
3336819841;163498
3336840250;163499
3336860659;163500
3336881068;163501
3336901477;163502
3336921886;163503
3336942295;163504
3336962704;163505
3336983113;163506
3337003522;163507
3337023931;163508
3337044341;163509
3337064749;163510
3337085159;163511
3337105568;163512
3337125980;163513
3337146386;163514
3337166795;163515
3337187204;163516
3337207613;163517
3337228022;163518
3337248431;163519
3337268844;163520
3337289250;163521
3337309658;163522
3337330067;163523
3337350476;163524
3337370758;163525
3337391167;163526
3337411576;163527
3337431985;163528
3337452393;163529
3337472802;163530
3337493211;163531
3337513624;163532
3337534028;163533
3337554437;163534
3337574846;163535
3337595255;163536
3337615668;163537
3337636073;163538
3337656481;163539
3337676890;163540
3337697299;163541
3337717707;163542
3337738117;163543
3337758525;163544
3337778934;163545
3337799343;163546
3337819751;163547
3337840165;163548
3337860569;163549
3337880978;163550
3337901387;163551
3337921795;163552
3337942205;163553
3337962613;163554
3337983023;163555
3338003431;163556
3338023839;163557
3338044253;163558
3338064657;163559
3338085066;163560
3338105475;163561
3338125883;163562
3338146293;163563
3338166705;163564
3338187110;163565
3338207523;163566
3338227927;163567
3338248337;163568
3338268745;163569
3338289154;163570
3338309563;163571
3338329972;163572
3338350381;163573
3338370793;163574
3338391198;163575
3338411607;163576
3338432016;163577
3338452425;163578
3338472833;163579
3338493242;163580
3338513651;163581
3338534060;163582
3338554468;163583
3338574877;163584
3338595286;163585
3338615695;163586
3338636104;163587
3338656512;163588
3338676922;163589
3338697330;163590
3338717739;163591
3338738148;163592
3338758556;163593
3338778966;163594
3338799374;163595
3338819783;163596
3338840192;163597
3338860600;163598
3338881010;163599
3338901418;163600
3338921826;163601
3338942236;163602
3338962644;163603
3338983054;163604
3339003462;163605
3339023874;163606
3339044280;163607
3339064688;163608
3339085098;163609
3339105506;163610
3339125915;163611
3339146324;163612
3339166732;163613
3339187142;163614
3339207550;163615
3339227959;163616
3339248368;163617
3339268776;163618
3339289185;163619
3339309594;163620
3339330003;163621
3339350412;163622
3339370820;163623
3339391229;163624
3339411638;163625
3339432047;163626
3339452456;163627
3339472865;163628
3339493273;163629
3339513682;163630
3339534091;163631
3339554500;163632
3339574909;163633
3339595317;163634
3339615726;163635
3339636139;163636
3339656544;163637
3339676953;163638
3339697361;163639
3339717770;163640
3339738179;163641
3339758587;163642
3339778997;163643
3339799405;163644
3339819815;163645
3339840223;163646
3339860631;163647
3339881041;163648
3339901453;163649
3339921859;163650
3339942267;163651
3339962675;163652
3339983085;163653
3340003493;163654
3340023903;163655
3340044311;163656
3340064719;163657
3340085129;163658
3340105537;163659
3340125946;163660
3340146355;163661
3340166763;163662
3340187177;163663
3340207581;163664
3340227990;163665
3340248399;163666
3340268808;163667
3340289217;163668
3340309629;163669
3340330034;163670
3340350443;163671
3340370852;163672
3340391261;163673
3340411669;163674
3340432078;163675
3340452487;163676
3340472896;163677
3340493304;163678
3340513713;163679
3340534122;163680
3340554531;163681
3340574940;163682
3340595348;163683
3340615757;163684
3340636166;163685
3340656575;163686
3340676984;163687
3340697392;163688
3340717801;163689
3340738210;163690
3340758619;163691
3340779028;163692
3340799436;163693
3340819846;163694
3340840254;163695
3340860667;163696
3340881072;163697
3340901480;163698
3340921890;163699
3340942298;163700
3340962706;163701
3340983116;163702
3341003524;163703
3341023938;163704
3341044342;163705
3341064750;163706
3341085160;163707
3341105568;163708
3341125978;163709
3341146386;163710
3341166794;163711
3341187208;163712
3341207612;163713
3341228022;163714
3341248430;163715
3341268839;163716
3341289248;163717
3341309656;163718
3341330065;163719
3341350478;163720
3341370883;163721
3341391292;163722
3341411700;163723
3341432109;163724
3341452518;163725
3341472927;163726
3341493336;163727
3341513744;163728
3341534153;163729
3341554562;163730
3341574971;163731
3341595380;163732
3341615788;163733
3341636197;163734
3341656606;163735
3341677015;163736
3341697427;163737
3341717833;163738
3341738241;163739
3341758650;163740
3341779059;163741
3341799467;163742
3341819877;163743
3341840285;163744
3341860694;163745
3341881103;163746
3341901511;163747
3341921921;163748
3341942329;163749
3341962738;163750
3341983147;163751
3342003555;163752
3342023965;163753
3342044373;163754
3342064783;163755
3342085191;163756
3342105599;163757
3342126009;163758
3342146417;163759
3342166826;163760
3342187235;163761
3342207643;163762
3342228053;163763
3342248461;163764
3342268870;163765
3342289279;163766
3342309687;163767
3342330097;163768
3342350505;163769
3342370914;163770
3342391323;163771
3342411732;163772
3342432141;163773
3342452549;163774
3342472958;163775
3342493367;163776
3342513775;163777
3342534188;163778
3342554593;163779
3342575002;163780
3342595411;163781
3342615820;163782
3342636228;163783
3342656637;163784
3342677046;163785
3342697455;163786
3342717864;163787
3342738272;163788
3342758681;163789
3342779090;163790
3342799499;163791
3342819908;163792
3342840316;163793
3342860725;163794
3342881134;163795
3342901542;163796
3342921952;163797
3342942360;163798
3342962769;163799
3342983178;163800
3343003586;163801
3343023996;163802
3343044404;163803
3343064814;163804
3343085222;163805
3343105630;163806
3343126040;163807
3343146452;163808
3343166858;163809
3343187266;163810
3343207678;163811
3343228084;163812
3343248492;163813
3343268901;163814
3343289310;163815
3343309718;163816
3343330128;163817
3343350536;163818
3343370945;163819
3343391354;163820
