3231978756;158361
3231999165;158362
3232019574;158363
3232039983;158364
3232060393;158365
3232080801;158366
3232101210;158367
3232121619;158368
3232142028;158369
3232162437;158370
3232182846;158371
3232203254;158372
3232223664;158373
3232244072;158374
3232264482;158375
3232284890;158376
3232305299;158377
3232325712;158378
3232346117;158379
3232366527;158380
3232386939;158381
3232407345;158382
3232427753;158383
3232448162;158384
3232468571;158385
3232488980;158386
3232509389;158387
3232529798;158388
3232550206;158389
3232570616;158390
3232591024;158391
3232611434;158392
3232631843;158393
3232652251;158394
3232672661;158395
3232693069;158396
3232713479;158397
3232733887;158398
3232754297;158399
3232774705;158400
3232795114;158401
3232815523;158402
3232835932;158403
3232856344;158404
3232876750;158405
3232897159;158406
3232917572;158407
3232937977;158408
3232958386;158409
3232978799;158410
3232999204;158411
3233019613;158412
3233040021;158413
3233060431;158414
3233080839;158415
3233101248;158416
3233121657;158417
3233142066;158418
3233162475;158419
3233182884;158420
3233203294;158421
3233223702;158422
3233244111;158423
3233264520;158424
3233284929;158425
3233305338;158426
3233325747;158427
3233346155;158428
3233366565;158429
3233386973;158430
3233407383;158431
3233427795;158432
3233448200;158433
3233468614;158434
3233489018;158435
3233509428;158436
3233529836;158437
3233550245;158438
3233570654;158439
3233591063;158440
3233611476;158441
3233631881;158442
3233652290;158443
3233672703;158444
3233693107;158445
3233713517;158446
3233733926;158447
3233754335;158448
3233774744;158449
3233795152;158450
3233815562;158451
3233835970;158452
3233856380;158453
3233876788;158454
3233897198;158455
3233917606;158456
3233938015;158457
3233958428;158458
3233978833;158459
3233999242;158460
3234019651;158461
3234040060;158462
3234060469;158463
3234080878;158464
3234101287;158465
3234121696;158466
3234142104;158467
3234162514;158468
3234182926;158469
3234203335;158470
3234223740;158471
3234244149;158472
3234264558;158473
3234284967;158474
3234305377;158475
3234325785;158476
3234346194;158477
3234366603;158478
3234387012;158479
3234407425;158480
3234427830;158481
3234448239;158482
3234468648;158483
3234489056;158484
3234509466;158485
3234529874;158486
3234550284;158487
3234570693;158488
3234591101;158489
3234611511;158490
3234631919;158491
3234652329;158492
3234672737;158493
3234693147;158494
3234713555;158495
3234733964;158496
3234754373;158497
3234774782;158498
3234795190;158499
3234815600;158500
3234836008;158501
3234856418;158502
3234876827;158503
3234897236;158504
3234917645;158505
3234938053;158506
3234958463;158507
3234978871;158508
3234999281;158509
3235019693;158510
3235040098;158511
3235060507;158512
3235080916;158513
3235101325;158514
3235121734;158515
3235142143;158516
3235162552;158517
3235182961;158518
3235203370;158519
3235223779;158520
3235244188;158521
3235264597;158522
3235285005;158523
3235305415;158524
3235325823;158525
3235346233;158526
3235366641;158527
3235387050;158528
3235407460;158529
3235427868;158530
3235448278;158531
3235468686;158532
3235489095;158533
3235509504;158534
3235529913;158535
3235550322;158536
3235570731;158537
3235591140;158538
3235611549;158539
3235631957;158540
3235652367;158541
3235672776;158542
3235693185;158543
3235713594;158544
3235734002;158545
3235754412;158546
3235774820;158547
3235795230;158548
3235815642;158549
3235836047;158550
3235856456;158551
3235876865;158552
3235897274;158553
3235917687;158554
3235938092;158555
3235958501;158556
3235978914;158557
3235999319;158558
3236019728;158559
3236040137;158560
3236060546;158561
3236080954;158562
3236101364;158563
3236121776;158564
3236142182;158565
3236162590;158566
3236182999;158567
3236203408;158568
3236223821;158569
3236244227;158570
3236264639;158571
3236285044;158572
3236305453;158573
3236325862;158574
3236346271;158575
3236366680;158576
3236387089;158577
3236407498;158578
3236427906;158579
3236448316;158580
3236468724;158581
3236489134;158582
3236509543;158583
3236529951;158584
3236550361;158585
3236570769;158586
3236591179;158587
3236611587;158588
3236631996;158589
3236652405;158590
3236672814;158591
3236693223;158592
3236713632;158593
3236734040;158594
3236754450;158595
3236774858;158596
3236795272;158597
3236815677;158598
3236836086;158599
3236856495;158600
3236876903;158601
3236897313;158602
3236917721;158603
3236938131;158604
3236958539;158605
3236978948;158606
3236999357;158607
3237019766;158608
3237040175;158609
3237060584;158610
3237080993;158611
3237101402;158612
3237121811;158613
3237142220;158614
3237162629;158615
3237183037;158616
3237203447;158617
3237223855;158618
3237244265;158619
3237264673;158620
3237285086;158621
3237305491;158622
3237325900;158623
3237346341;158624
3237366753;158625
3237387159;158626
3237407571;158627
3237427976;158628
3237448386;158629
3237468794;158630
3237489204;158631
3237509612;158632
3237530021;158633
3237550431;158634
3237570843;158635
3237591249;158636
3237611657;158637
3237632067;158638
3237652476;158639
3237672884;158640
3237693294;158641
3237713702;158642
3237734112;158643
3237754521;158644
3237774929;158645
3237795339;158646
3237815747;158647
3237836157;158648
3237856566;158649
3237876974;158650
3237897384;158651
3237917792;158652
3237938202;158653
3237958611;158654
3237979019;158655
3237999429;158656
3238019837;158657
3238040251;158658
3238060656;158659
3238081065;158660
3238101474;158661
3238121882;158662
3238142292;158663
3238162701;158664
3238183110;158665
3238203519;158666
3238223927;158667
3238244337;158668
3238264746;158669
3238285155;158670
3238305564;158671
3238325973;158672
3238346382;158673
3238366791;158674
3238387200;158675
3238407613;158676
3238428017;158677
3238448427;158678
3238468836;158679
3238489245;158680
3238509654;158681
3238530063;158682
3238550472;158683
3238570881;158684
3238591290;158685
3238611699;158686
3238632112;158687
3238652517;158688
3238672926;158689
3238693335;158690
3238713744;158691
3238734153;158692
3238754562;158693
3238774971;158694
3238795380;158695
3238815789;158696
3238836198;158697
3238856607;158698
3238877017;158699
3238897425;158700
3238917834;158701
3238938243;158702
3238958652;158703
3238979062;158704
3238999470;158705
3239019879;158706
3239040288;158707
3239060697;158708
3239081107;158709
3239101515;158710
3239121925;158711
3239142333;158712
3239162742;158713
3239183152;158714
3239203560;158715
3239223969;158716
3239244378;158717
3239264787;158718
3239285197;158719
3239305605;158720
3239326015;158721
3239346423;158722
3239366832;158723
3239387242;158724
3239407650;158725
3239428060;158726
3239448468;158727
3239468877;158728
3239489287;158729
3239509695;158730
3239530105;158731
3239550513;158732
3239570923;158733
3239591332;158734
3239611740;158735
3239632150;158736
3239652558;158737
3239672968;158738
3239693377;158739
3239713785;158740
3239734195;158741
3239754603;158742
3239775013;158743
3239795422;158744
3239815830;158745
3239836240;158746
3239856648;158747
3239877058;158748
3239897467;158749
3239917876;158750
3239938285;158751
3239958693;158752
3239979103;158753
3239999512;158754
3240019920;158755
3240040330;158756
3240060738;158757
3240081152;158758
3240101557;158759
3240121966;158760
3240142375;158761
3240162787;158762
3240183193;158763
3240203602;158764
3240224011;158765
3240244424;158766
3240264828;158767
3240285238;158768
3240305647;158769
3240326056;158770
3240346465;158771
3240366874;158772
3240387283;158773
3240407692;158774
3240428101;158775
3240448510;158776
3240468919;158777
3240489328;158778
3240509737;158779
3240530146;158780
3240550555;158781
3240570968;158782
3240591373;158783
3240611782;158784
3240632191;158785
3240652600;158786
3240673009;158787
3240693418;158788
3240713827;158789
3240734236;158790
3240754645;158791
3240775054;158792
3240795463;158793
3240815873;158794
3240836281;158795
3240856690;158796
3240877099;158797
3240897508;158798
3240917918;158799
3240938326;158800
3240958735;158801
3240979144;158802
3240999553;158803
3241019963;158804
3241040371;158805
3241060780;158806
3241081193;158807
3241101598;158808
3241122008;158809
3241142416;158810
3241162825;158811
3241183234;158812
3241203643;158813
3241224053;158814
3241244461;158815
3241264870;158816
3241285279;158817
3241305688;158818
3241326098;158819
3241346506;158820
3241366916;158821
3241387324;158822
3241407733;158823
3241428143;158824
3241448551;158825
3241468961;158826
3241489369;158827
3241509778;158828
3241530188;158829
3241550596;158830
3241571006;158831
3241591414;158832
3241611824;158833
3241632233;158834
3241652641;158835
3241673051;158836
3241693459;158837
3241713868;158838
3241734278;158839
3241754686;158840
3241775096;158841
3241795504;158842
3241815914;158843
3241836323;158844
3241856731;158845
3241877145;158846
3241897549;158847
3241917959;158848
3241938368;158849
3241958776;158850
3241979186;158851
3241999594;158852
3242020004;158853
3242040413;158854
3242060822;158855
3242081231;158856
3242101639;158857
3242122049;158858
3242142458;158859
3242162867;158860
3242183280;158861
3242203684;158862
3242224094;158863
3242244507;158864
3242264912;158865
3242285321;158866
3242305729;158867
3242326139;158868
3242346548;158869
3242366957;158870
3242387366;158871
3242407774;158872
3242428184;158873
3242448593;158874
3242469002;158875
3242489411;158876
3242509820;158877
3242530229;158878
3242550638;158879
3242571047;158880
3242591456;158881
3242611865;158882
3242632274;158883
3242652683;158884
3242673092;158885
3242693505;158886
3242713910;158887
3242734319;158888
3242754729;158889
3242775137;158890
3242795546;158891
3242815955;158892
3242836364;158893
3242856774;158894
3242877182;158895
3242897595;158896
3242918000;158897
3242938409;158898
3242958819;158899
3242979227;158900
3242999636;158901
3243020045;158902
3243040454;158903
3243060864;158904
3243081272;158905
3243101681;158906
3243122090;158907
3243142499;158908
3243162909;158909
3243183317;158910
3243203726;158911
3243224135;158912
3243244544;158913
3243264954;158914
3243285362;158915
3243305775;158916
3243326180;158917
3243346589;158918
3243366999;158919
3243387407;158920
3243407817;158921
3243428225;158922
3243448634;158923
3243469044;158924
3243489452;158925
3243509862;158926
3243530274;158927
3243550680;158928
3243571089;158929
3243591497;158930
3243611907;158931
3243632315;158932
3243652725;158933
3243673134;158934
3243693542;158935
3243713956;158936
3243734360;158937
3243754770;158938
3243775179;158939
3243795587;158940
3243815997;158941
3243836405;158942
3243856815;158943
3243877224;158944
3243897632;158945
3243918042;158946
3243938450;158947
3243958860;158948
3243979269;158949
3243999677;158950
3244020087;158951
3244040495;158952
3244060905;158953
3244081314;158954
3244101723;158955
3244122136;158956
3244142540;158957
3244162950;158958
3244183359;158959
3244203768;158960
3244224177;158961
3244244585;158962
3244264995;158963
3244285404;158964
3244305813;158965
3244326222;158966
3244346630;158967
3244367040;158968
3244387449;158969
3244407858;158970
3244428267;158971
3244448675;158972
3244469085;158973
3244489494;158974
3244509903;158975
3244530312;158976
3244550720;158977
3244571130;158978
3244591539;158979
3244611948;158980
3244632357;158981
3244652766;158982
3244673175;158983
3244693584;158984
3244713993;158985
3244734402;158986
3244754811;158987
3244775220;158988
3244795629;158989
3244816038;158990
3244836447;158991
3244856856;158992
3244877265;158993
3244897674;158994
3244918083;158995
3244938492;158996
3244958901;158997
3244979310;158998
3244999720;158999
3245020128;159000
3245040537;159001
3245060946;159002
3245081355;159003
3245101765;159004
3245122173;159005
3245142582;159006
3245162991;159007
3245183400;159008
3245203810;159009
3245224218;159010
3245244628;159011
3245265036;159012
3245285445;159013
3245305855;159014
3245326263;159015
3245346672;159016
3245367081;159017
3245387494;159018
3245407900;159019
3245428308;159020
3245448721;159021
3245469126;159022
3245489535;159023
3245509945;159024
3245530353;159025
3245550763;159026
3245571171;159027
3245591580;159028
3245611990;159029
3245632398;159030
3245652808;159031
3245673220;159032
3245693625;159033
3245714035;159034
3245734443;159035
3245754853;159036
3245775261;159037
3245795671;159038
3245816080;159039
3245836488;159040
3245856898;159041
3245877306;159042
3245897719;159043
3245918125;159044
3245938533;159045
3245958943;159046
3245979351;159047
3245999761;159048
3246020170;159049
3246040579;159050
3246060988;159051
3246081396;159052
3246101806;159053
3246122215;159054
3246142624;159055
3246163033;159056
3246183441;159057
3246203855;159058
3246224260;159059
3246244672;159060
3246265078;159061
3246285486;159062
3246305896;159063
3246326305;159064
3246346718;159065
3246367127;159066
3246387531;159067
3246407941;159068
3246428350;159069
3246448759;159070
3246469168;159071
3246489577;159072
3246509986;159073
3246530395;159074
3246550804;159075
3246571213;159076
3246591621;159077
3246612031;159078
3246632440;159079
3246652849;159080
3246673258;159081
3246693667;159082
3246714076;159083
3246734485;159084
3246754894;159085
3246775303;159086
3246795712;159087
3246816121;159088
3246836530;159089
3246856939;159090
3246877348;159091
3246897757;159092
3246918166;159093
3246938576;159094
3246958984;159095
3246979393;159096
3246999802;159097
3247020215;159098
3247040621;159099
3247061029;159100
3247081438;159101
3247101847;159102
3247122256;159103
3247142666;159104
3247163074;159105
3247183483;159106
3247203892;159107
3247224301;159108
3247244711;159109
3247265119;159110
3247285532;159111
3247305937;159112
3247326346;159113
3247346728;159114
3247367136;159115
3247387546;159116
3247407954;159117
3247428363;159118
3247448772;159119
3247469181;159120
3247489590;159121
3247509999;159122
3247530407;159123
3247550821;159124
3247571229;159125
3247591635;159126
3247612044;159127
3247632452;159128
3247652862;159129
3247673270;159130
3247693680;159131
3247714088;159132
3247734498;159133
3247754910;159134
3247775315;159135
3247795724;159136
3247816133;159137
3247836543;159138
3247856951;159139
3247877360;159140
3247897769;159141
3247918182;159142
3247938587;159143
3247958996;159144
3247979404;159145
3247999814;159146
3248020222;159147
3248040632;159148
3248061045;159149
3248081450;159150
3248101859;159151
3248122267;159152
3248142680;159153
3248163085;159154
3248183495;159155
3248203903;159156
3248224312;159157
3248244721;159158
3248265130;159159
3248285539;159160
3248305948;159161
3248326357;159162
3248346766;159163
3248367175;159164
3248387584;159165
3248407993;159166
3248428401;159167
3248448811;159168
3248469219;159169
3248489629;159170
3248510037;159171
3248530447;159172
3248550856;159173
3248571264;159174
3248591674;159175
3248612082;159176
3248632491;159177
3248652900;159178
3248673313;159179
3248693718;159180
3248714127;159181
3248734536;159182
3248754945;159183
3248775354;159184
3248795767;159185
3248816172;159186
3248836581;159187
3248856990;159188
3248877398;159189
3248897808;159190
3248918216;159191
3248938626;159192
3248959034;159193
3248979443;159194
3248999856;159195
3249020261;159196
3249040671;159197
3249061079;159198
3249081489;159199
3249101897;159200
3249122306;159201
3249142715;159202
3249163124;159203
3249183533;159204
3249203946;159205
3249224350;159206
3249244760;159207
3249265169;159208
3249285578;159209
3249305987;159210
3249326395;159211
3249346805;159212
3249367213;159213
3249387623;159214
3249408031;159215
3249428441;159216
3249448849;159217
3249469258;159218
3249489668;159219
3249510076;159220
3249530486;159221
3249550894;159222
3249571303;159223
3249591712;159224
3249612121;159225
3249632530;159226
3249652939;159227
3249673348;159228
3249693757;159229
3249714165;159230
3249734575;159231
3249754984;159232
3249775397;159233
3249795802;159234
3249816210;159235
3249836620;159236
3249857028;159237
3249877438;159238
3249897846;159239
3249918255;159240
3249938664;159241
3249959077;159242
3249979483;159243
3249999891;159244
3250020300;159245
3250040709;159246
3250061118;159247
3250081527;159248
3250101936;159249
3250122345;159250
3250142754;159251
3250163162;159252
3250183572;159253
3250203981;159254
3250224390;159255
3250244799;159256
3250265211;159257
3250285617;159258
3250306025;159259
3250326435;159260
3250346843;159261
3250367252;159262
3250387661;159263
3250408070;159264
3250428479;159265
3250448888;159266
3250469297;159267
3250489706;159268
3250510115;159269
3250530524;159270
3250550933;159271
3250571342;159272
3250591751;159273
3250612159;159274
3250632569;159275
3250652977;159276
3250673387;159277
3250693796;159278
3250714204;159279
3250734614;159280
3250755026;159281
3250775432;159282
3250795840;159283
3250816250;159284
3250836658;159285
3250857071;159286
3250877476;159287
3250897885;159288
3250918295;159289
3250938703;159290
3250959112;159291
3250979521;159292
3250999930;159293
3251020339;159294
3251040748;159295
3251061156;159296
3251081566;159297
3251101978;159298
3251122384;159299
3251142792;159300
3251163201;159301
3251183611;159302
3251204019;159303
3251224429;159304
3251244841;159305
3251265247;159306
3251285655;159307
3251306064;159308
3251326473;159309
3251346882;159310
3251367291;159311
3251387700;159312
3251408109;159313
3251428518;159314
3251448927;159315
3251469336;159316
3251489745;159317
3251510153;159318
3251530563;159319
3251550971;159320
3251571385;159321
3251591789;159322
3251612198;159323
3251632608;159324
3251653016;159325
3251673426;159326
3251693838;159327
3251714243;159328
3251734652;159329
3251755061;159330
3251775470;159331
3251795879;159332
3251816288;159333
3251836697;159334
3251857105;159335
3251877519;159336
3251897924;159337
3251918333;159338
3251938742;159339
3251959150;159340
3251979560;159341
3251999972;159342
3252020378;159343
3252040786;159344
3252061195;159345
3252081604;159346
3252102013;159347
3252122427;159348
3252142831;159349
3252163241;159350
3252183649;159351
3252204058;159352
3252224467;159353
3252244876;159354
3252265288;159355
3252285694;159356
3252306102;159357
3252326512;159358
3252346921;159359
3252367330;159360
3252387739;159361
3252408147;159362
3252428557;159363
3252448965;159364
3252469375;159365
3252489783;159366
3252510196;159367
3252530601;159368
3252551010;159369
3252571419;159370
3252591828;159371
3252612238;159372
3252632646;159373
3252653055;159374
3252673464;159375
3252693873;159376
3252714282;159377
3252734691;159378
3252755099;159379
3252775509;159380
3252795917;159381
3252816327;159382
3252836736;159383
3252857144;159384
3252877554;159385
3252897962;159386
3252918372;159387
3252938780;159388
3252959190;159389
3252979598;159390
3253000007;159391
3253020420;159392
3253040825;159393
3253061238;159394
3253081643;159395
3253102052;159396
3253122461;159397
3253142870;159398
3253163279;159399
3253183688;159400
3253204096;159401
3253224510;159402
3253244914;159403
3253265324;159404
3253285732;159405
3253306142;159406
3253326551;159407
3253346959;159408
3253367369;159409
3253387777;159410
3253408186;159411
3253428595;159412
3253449004;159413
3253469413;159414
3253489822;159415
3253510231;159416
3253530640;159417
3253551049;159418
3253571458;159419
3253591867;159420
3253612276;159421
3253632685;159422
3253653093;159423
3253673503;159424
3253693911;159425
3253714321;159426
3253734729;159427
3253755139;159428
3253775548;159429
3253795956;159430
3253816370;159431
3253836774;159432
3253857184;159433
3253877592;159434
3253898005;159435
3253918410;159436
3253938819;159437
3253959231;159438
3253979637;159439
3254000045;159440
3254020455;159441
3254040868;159442
3254061273;159443
3254081682;159444
3254102090;159445
3254122500;159446
3254142908;159447
3254163318;159448
3254183726;159449
3254204139;159450
3254224544;159451
3254244953;159452
3254265363;159453
3254285771;159454
3254306180;159455
3254326589;159456
3254346998;159457
3254367407;159458
3254387816;159459
3254408225;159460
3254428634;159461
3254449042;159462
3254469452;159463
3254489861;159464
3254510270;159465
3254530683;159466
3254551091;159467
3254571497;159468
3254591905;159469
3254612315;159470
3254632723;159471
3254653133;159472
3254673541;159473
3254693950;159474
3254714359;159475
3254734768;159476
3254755178;159477
3254775590;159478
3254795995;159479
3254816404;159480
3254836813;159481
3254857222;159482
3254877631;159483
3254898039;159484
3254918449;159485
3254938857;159486
3254959267;159487
3254979676;159488
3255000085;159489
3255020494;159490
3255040902;159491
3255061312;159492
3255081720;159493
3255102130;159494
3255122538;159495
3255142947;159496
3255163356;159497
3255183765;159498
3255204175;159499
3255224583;159500
3255244992;159501
3255265401;159502
3255285810;159503
3255306219;159504
3255326628;159505
3255347036;159506
3255367446;159507
3255387854;159508
3255408264;159509
3255428672;159510
3255449085;159511
3255469491;159512
3255489899;159513
3255510309;159514
3255530717;159515
3255551127;159516
3255571535;159517
3255591944;159518
3255612353;159519
3255632762;159520
3255653171;159521
3255673580;159522
3255693989;159523
3255714398;159524
3255734807;159525
3255755216;159526
3255775625;159527
3255796033;159528
3255816443;159529
3255836851;159530
3255857261;159531
3255877669;159532
3255898082;159533
3255918488;159534
3255938896;159535
3255959306;159536
3255979714;159537
3256000124;159538
3256020532;159539
3256040941;159540
3256061350;159541
3256081759;159542
3256102168;159543
3256122577;159544
3256142985;159545
3256163395;159546
3256183804;159547
3256204213;159548
3256224622;159549
3256245030;159550
3256265440;159551
3256285848;159552
3256306258;159553
3256326666;159554
3256347075;159555
3256367484;159556
3256387893;159557
3256408303;159558
3256428711;159559
3256449121;159560
3256469529;159561
3256489938;159562
3256510347;159563
3256530756;159564
3256551169;159565
3256571574;159566
3256591982;159567
3256612392;159568
3256632801;159569
3256653214;159570
3256673619;159571
3256694028;159572
3256714437;159573
3256734845;159574
3256755255;159575
3256775663;159576
3256796073;159577
3256816481;159578
3256836890;159579
3256857299;159580
3256877708;159581
3256898118;159582
3256918526;159583
3256938935;159584
3256959344;159585
3256979753;159586
3257000162;159587
3257020571;159588
3257040980;159589
3257061389;159590
3257081797;159591
3257102207;159592
3257122616;159593
3257143024;159594
3257163434;159595
3257183842;159596
3257204252;159597
3257224660;159598
3257245070;159599
3257265478;159600
3257285887;159601
3257306296;159602
3257326705;159603
3257347110;159604
3257367518;159605
3257387927;159606
3257408336;159607
3257428745;159608
3257449154;159609
3257469563;159610
3257489972;159611
3257510381;159612
3257530789;159613
3257551199;159614
3257571611;159615
3257592017;159616
3257612425;159617
3257632834;159618
3257653243;159619
3257673652;159620
3257694065;159621
3257714470;159622
3257734879;159623
3257755288;159624
3257775697;159625
3257796106;159626
3257816515;159627
3257836923;159628
3257857333;159629
3257877741;159630
3257898151;159631
3257918559;159632
3257938969;159633
3257959377;159634
3257979786;159635
3258000196;159636
3258020608;159637
3258041014;159638
3258061422;159639
3258081831;159640
3258102240;159641
3258122649;159642
3258143058;159643
3258163467;159644
3258183875;159645
3258204285;159646
3258224693;159647
3258245103;159648
3258265511;159649
3258285920;159650
3258306330;159651
3258326738;159652
3258347152;159653
3258367556;159654
3258387966;159655
3258408374;159656
3258428783;159657
3258449192;159658
3258469601;159659
3258490010;159660
3258510419;159661
3258530827;159662
3258551237;159663
3258571645;159664
3258592055;159665
3258612464;159666
3258632872;159667
3258653282;159668
3258673690;159669
3258694100;159670
3258714508;159671
3258734918;159672
3258755326;159673
3258775735;159674
3258796144;159675
3258816553;159676
3258836962;159677
3258857371;159678
3258877779;159679
3258898189;159680
3258918598;159681
3258939007;159682
3258959416;159683
3258979824;159684
3259000237;159685
3259020642;159686
3259041052;159687
3259061464;159688
3259081870;159689
3259102282;159690
3259122687;159691
3259143096;159692
3259163505;159693
3259183913;159694
3259204323;159695
3259224732;159696
3259245141;159697
3259265550;159698
3259285959;159699
3259306368;159700
3259326776;159701
3259347186;159702
3259367594;159703
3259388004;159704
3259408412;159705
3259428821;159706
3259449230;159707
3259469639;159708
3259490048;159709
3259510457;159710
3259530866;159711
3259551275;159712
3259571684;159713
3259592093;159714
3259612502;159715
3259632911;159716
3259653320;159717
3259673728;159718
3259694138;159719
3259714546;159720
3259734956;159721
3259755364;159722
3259775773;159723
3259796182;159724
3259816591;159725
3259837000;159726
3259857409;159727
3259877818;159728
3259898227;159729
3259918636;159730
3259939045;159731
3259959454;159732
3259979866;159733
3260000272;159734
3260020680;159735
3260041090;159736
3260061498;159737
3260081908;159738
3260102316;159739
3260122725;159740
3260143134;159741
3260163543;159742
3260183952;159743
3260204361;159744
3260224770;159745
3260245179;159746
3260265588;159747
3260285997;159748
3260306410;159749
3260326814;159750
3260347224;159751
3260367632;159752
3260388042;159753
3260408450;159754
3260428859;159755
3260449268;159756
3260469677;159757
3260490087;159758
3260510495;159759
3260530905;159760
3260551313;159761
3260571722;159762
3260592131;159763
3260612540;159764
3260632948;159765
3260653358;159766
3260673766;159767
3260694180;159768
3260714584;159769
3260734994;159770
3260755402;159771
3260775815;159772
3260796221;159773
3260816629;159774
3260837039;159775
3260857447;159776
3260877856;159777
3260898265;159778
3260918674;159779
3260939083;159780
3260959492;159781
3260979900;159782
3261000310;159783
3261020718;159784
3261041128;159785
3261061536;159786
3261081945;159787
3261102355;159788
3261122763;159789
3261143173;159790
3261163581;159791
3261183991;159792
3261204399;159793
3261224808;159794
3261245217;159795
3261265626;159796
3261286035;159797
3261306444;159798
3261326852;159799
3261347266;159800
3261367670;159801
3261388080;159802
3261408488;159803
3261428901;159804
3261449307;159805
3261469715;159806
3261490125;159807
3261510533;159808
3261530943;159809
3261551351;159810
3261571760;159811
3261592169;159812
3261612578;159813
3261632987;159814
3261653396;159815
3261673804;159816
3261694214;159817
3261714622;159818
3261735032;159819
3261755441;159820
3261775853;159821
3261796259;159822
3261816667;159823
3261837077;159824
3261857485;159825
3261877894;159826
3261898303;159827
3261918712;159828
3261939121;159829
3261959530;159830
3261979939;159831
3262000348;159832
3262020756;159833
3262041166;159834
3262061575;159835
3262081984;159836
3262102393;159837
3262122801;159838
3262143215;159839
3262163619;159840
3262184029;159841
3262204437;159842
3262224846;159843
3262245255;159844
3262265664;159845
3262286077;159846
3262306482;159847
3262326890;159848
3262347300;159849
3262367709;159850
3262388118;159851
3262408527;159852
3262428935;159853
3262449345;159854
3262469753;159855
3262490163;159856
3262510571;159857
3262530981;159858
3262551389;159859
3262571798;159860
3262592207;159861
3262612620;159862
3262633025;159863
3262653434;159864
3262673843;159865
3262694252;159866
3262714661;159867
3262735074;159868
3262755479;159869
3262775887;159870
3262796297;159871
3262816705;159872
3262837115;159873
3262857527;159874
3262877933;159875
3262898341;159876
3262918750;159877
3262939159;159878
3262959568;159879
3262979978;159880
3263000386;159881
3263020795;159882
3263041204;159883
3263061613;159884
3263082022;159885
3263102431;159886
3263122839;159887
3263143249;159888
3263163657;159889
3263184067;159890
3263204475;159891
3263224884;159892
3263245293;159893
3263265702;159894
3263286112;159895
3263306520;159896
3263326930;159897
3263347338;159898
3263367747;159899
3263388156;159900
3263408565;159901
3263428974;159902
3263449383;159903
3263469791;159904
3263490201;159905
3263510609;159906
3263531019;159907
3263551427;159908
3263571836;159909
3263592245;159910
3263612654;159911
3263633064;159912
3263653472;159913
3263673882;159914
3263694290;159915
3263714699;159916
3263735108;159917
3263755517;159918
3263775926;159919
3263796335;159920
3263816747;159921
3263837153;159922
3263857561;159923
3263877971;159924
3263898379;159925
3263918788;159926
3263939198;159927
3263959606;159928
3263980016;159929
3264000424;159930
3264020834;159931
3264041242;159932
3264061651;159933
3264082060;159934
3264102469;159935
3264122878;159936
3264143287;159937
3264163695;159938
3264184105;159939
3264204513;159940
3264224923;159941
3264245332;159942
3264265740;159943
3264286150;159944
3264306558;159945
3264326968;159946
3264347376;159947
3264367785;159948
3264388194;159949
3264408603;159950
3264429012;159951
3264449421;159952
3264469829;159953
3264490239;159954
3264510647;159955
3264531057;159956
3264551466;159957
3264571875;159958
3264592284;159959
3264612692;159960
3264633102;159961
3264653510;159962
3264673920;159963
3264694328;159964
3264714737;159965
3264735146;159966
3264755555;159967
3264775964;159968
3264796373;159969
3264816781;159970
3264837191;159971
3264857600;159972
3264878009;159973
3264898418;159974
3264918827;159975
3264939236;159976
3264959644;159977
3264980054;159978
3265000462;159979
3265020872;159980
3265041280;159981
3265061689;159982
3265082098;159983
3265102507;159984
3265122916;159985
3265143325;159986
3265163738;159987
3265184143;159988
3265204552;159989
3265224961;159990
3265245370;159991
3265265778;159992
3265286188;159993
3265306596;159994
3265327006;159995
3265347414;159996
3265367823;159997
3265388236;159998
3265408641;159999
3265429050;160000
3265449463;160001
3265469868;160002
3265490277;160003
3265510686;160004
3265531095;160005
3265551504;160006
3265571917;160007
3265592322;160008
3265612730;160009
3265633144;160010
3265653548;160011
3265673958;160012
3265694366;160013
3265714775;160014
3265735184;160015
3265755593;160016
3265776002;160017
3265796411;160018
3265816821;160019
3265837229;160020
3265857642;160021
3265878047;160022
3265898456;160023
3265918865;160024
3265939274;160025
3265959682;160026
3265980092;160027
3266000500;160028
3266020909;160029
3266041318;160030
3266061727;160031
3266082136;160032
3266102545;160033
3266122955;160034
3266143367;160035
3266163773;160036
3266184181;160037
3266204590;160038
3266224999;160039
3266245408;160040
3266265820;160041
3266286226;160042
3266306634;160043
3266327044;160044
3266347452;160045
3266367862;160046
3266388270;160047
3266408679;160048
3266429089;160049
3266449497;160050
3266469907;160051
3266490315;160052
3266510725;160053
3266531133;160054
3266551546;160055
3266571951;160056
3266592360;160057
3266612769;160058
3266633178;160059
3266653586;160060
3266673996;160061
3266694404;160062
3266714814;160063
3266735223;160064
3266755631;160065
3266776041;160066
3266796449;160067
3266816859;160068
3266837267;160069
3266857676;160070
3266878085;160071
3266898494;160072
3266918907;160073
3266939312;160074
3266959724;160075
3266980130;160076
3267000538;160077
3267020948;160078
3267041357;160079
3267061765;160080
3267082175;160081
3267102583;160082
3267122993;160083
3267143401;160084
3267163811;160085
3267184219;160086
3267204628;160087
3267225037;160088
3267245446;160089
3267265855;160090
3267286264;160091
3267306672;160092
3267327082;160093
3267347538;160094
3267367947;160095
3267388356;160096
3267408765;160097
3267429174;160098
3267449583;160099
3267469992;160100
3267490401;160101
3267510811;160102
3267531219;160103
3267551628;160104
3267572037;160105
3267592446;160106
3267612856;160107
3267633268;160108
3267653673;160109
3267674083;160110
3267694491;160111
3267714901;160112
3267735309;160113
3267755718;160114
3267776128;160115
3267796540;160116
3267816946;160117
3267837355;160118
3267857763;160119
3267878173;160120
3267898581;160121
3267918991;160122
3267939400;160123
3267959809;160124
3267980218;160125
3268000627;160126
3268021036;160127
3268041445;160128
3268061854;160129
3268082263;160130
3268102672;160131
3268123081;160132
3268143490;160133
3268163900;160134
3268184308;160135
3268204718;160136
3268225127;160137
3268245535;160138
3268265945;160139
3268286353;160140
3268306763;160141
3268327172;160142
3268347580;160143
3268367990;160144
3268388399;160145
3268408808;160146
3268429217;160147
3268449625;160148
3268470035;160149
3268490444;160150
3268510853;160151
3268531262;160152
3268551671;160153
3268572080;160154
3268592489;160155
3268612898;160156
3268633307;160157
3268653716;160158
3268674125;160159
3268694534;160160
3268714944;160161
3268735356;160162
3268755762;160163
3268776170;160164
3268796583;160165
3268816989;160166
3268837397;160167
3268857807;160168
3268878216;160169
3268898624;160170
3268919034;160171
3268939443;160172
3268959852;160173
3268980261;160174
3269000669;160175
3269021079;160176
3269041492;160177
3269061897;160178
3269082306;160179
3269102715;160180
3269123124;160181
3269143533;160182
3269163942;160183
3269184351;160184
3269204761;160185
3269225169;160186
3269245578;160187
3269265988;160188
3269286396;160189
3269306806;160190
3269327214;160191
3269347623;160192
3269368033;160193
3269388441;160194
3269408851;160195
3269429260;160196
3269449668;160197
3269470078;160198
3269490486;160199
3269510896;160200
3269531305;160201
3269551713;160202
3269572123;160203
3269592532;160204
3269612941;160205
3269633350;160206
3269653759;160207
3269674168;160208
3269694577;160209
3269714986;160210
3269735399;160211
3269755805;160212
3269776213;160213
3269796622;160214
3269817032;160215
3269837440;160216
3269857850;160217
3269878258;160218
3269898667;160219
3269919077;160220
3269939485;160221
3269959895;160222
3269980304;160223
3270000713;160224
3270021122;160225
3270041530;160226
3270061940;160227
3270082349;160228
3270102761;160229
3270123167;160230
3270143576;160231
3270163985;160232
3270184394;160233
3270204802;160234
3270225212;160235
3270245621;160236
3270266030;160237
3270286439;160238
3270306849;160239
3270327257;160240
3270347666;160241
3270368076;160242
3270388484;160243
3270408894;160244
3270429302;160245
3270449711;160246
3270470121;160247
3270490529;160248
3270510939;160249
3270531348;160250
3270551756;160251
3270572166;160252
3270592574;160253
3270612984;160254
3270633397;160255
3270653802;160256
3270674211;160257
3270694620;160258
3270715029;160259
3270735438;160260
3270755847;160261
3270776256;160262
3270796665;160263
3270817074;160264
3270837483;160265
3270857893;160266
3270878301;160267
3270898710;160268
3270919119;160269
3270939528;160270
3270959938;160271
3270980346;160272
3271000755;160273
3271021165;160274
3271041573;160275
3271061983;160276
3271082392;160277
3271102800;160278
3271123210;160279
3271143618;160280
3271164028;160281
3271184441;160282
3271204846;160283
3271225255;160284
3271245664;160285
3271266073;160286
3271286482;160287
3271306891;160288
3271327300;160289
3271347709;160290
3271368118;160291
3271388527;160292
3271408937;160293
3271429345;160294
3271449754;160295
3271470167;160296
3271490572;160297
3271510982;160298
3271531390;160299
3271551800;160300
