3231975058;158361
3231995464;158362
3232015872;158363
3232036286;158364
3232056690;158365
3232077099;158366
3232097508;158367
3232117917;158368
3232138331;158369
3232158735;158370
3232179144;158371
3232199553;158372
3232219966;158373
3232240375;158374
3232260780;158375
3232281188;158376
3232301598;158377
3232322006;158378
3232342416;158379
3232362824;158380
3232383233;158381
3232403647;158382
3232424051;158383
3232444464;158384
3232464873;158385
3232485278;158386
3232505687;158387
3232526096;158388
3232546504;158389
3232566914;158390
3232587326;158391
3232607732;158392
3232628140;158393
3232648549;158394
3232668959;158395
3232689367;158396
3232709776;158397
3232730185;158398
3232750594;158399
3232771003;158400
3232791412;158401
3232811824;158402
3232832234;158403
3232852642;158404
3232873048;158405
3232893456;158406
3232913865;158407
3232934274;158408
3232954687;158409
3232975096;158410
3232995501;158411
3233015910;158412
3233036319;158413
3233056728;158414
3233077136;158415
3233097546;158416
3233117958;158417
3233138364;158418
3233158772;158419
3233179181;158420
3233199590;158421
3233219999;158422
3233240408;158423
3233260817;158424
3233281230;158425
3233301635;158426
3233322044;158427
3233342452;158428
3233362862;158429
3233383270;158430
3233403680;158431
3233424088;158432
3233444501;158433
3233464906;158434
3233485315;158435
3233505725;158436
3233526133;158437
3233546542;158438
3233566951;158439
3233587360;158440
3233607772;158441
3233628178;158442
3233648590;158443
3233669000;158444
3233689404;158445
3233709813;158446
3233730222;158447
3233750631;158448
3233771040;158449
3233791449;158450
3233811858;158451
3233832267;158452
3233852676;158453
3233873084;158454
3233893494;158455
3233913902;158456
3233934312;158457
3233954720;158458
3233975129;158459
3233995538;158460
3234015947;158461
3234036356;158462
3234056765;158463
3234077174;158464
3234097583;158465
3234117992;158466
3234138401;158467
3234158810;158468
3234179218;158469
3234199628;158470
3234220036;158471
3234240445;158472
3234260854;158473
3234281263;158474
3234301672;158475
3234322081;158476
3234342490;158477
3234362899;158478
3234383308;158479
3234403717;158480
3234424126;158481
3234444534;158482
3234464944;158483
3234485352;158484
3234505761;158485
3234526170;158486
3234546579;158487
3234566988;158488
3234587397;158489
3234607805;158490
3234628215;158491
3234648628;158492
3234669033;158493
3234689442;158494
3234709850;158495
3234730260;158496
3234750668;158497
3234771078;158498
3234791486;158499
3234811895;158500
3234832304;158501
3234852713;158502
3234873121;158503
3234893531;158504
3234913940;158505
3234934349;158506
3234954758;158507
3234975170;158508
3234995580;158509
3235015984;158510
3235036394;158511
3235056802;158512
3235077215;158513
3235097624;158514
3235118033;158515
3235138437;158516
3235158847;158517
3235179256;158518
3235199665;158519
3235220074;158520
3235240482;158521
3235260892;158522
3235281300;158523
3235301710;158524
3235322122;158525
3235342531;158526
3235362940;158527
3235383349;158528
3235403754;158529
3235424167;158530
3235444572;158531
3235464981;158532
3235485394;158533
3235505798;158534
3235526212;158535
3235546616;158536
3235567026;158537
3235587434;158538
3235607847;158539
3235628252;158540
3235648661;158541
3235669070;158542
3235689479;158543
3235709887;158544
3235730297;158545
3235750706;158546
3235771115;158547
3235791524;158548
3235811932;158549
3235832342;158550
3235852750;158551
3235873159;158552
3235893568;158553
3235913977;158554
3235934386;158555
3235954795;158556
3235975203;158557
3235995613;158558
3236016022;158559
3236036430;158560
3236056840;158561
3236077248;158562
3236097658;158563
3236118066;158564
3236138476;158565
3236158884;158566
3236179293;158567
3236199702;158568
3236220111;158569
3236240519;158570
3236260929;158571
3236281338;158572
3236301747;158573
3236322160;158574
3236342564;158575
3236362974;158576
3236383382;158577
3236403792;158578
3236424200;158579
3236444613;158580
3236465018;158581
3236485427;158582
3236505835;158583
3236526245;158584
3236546653;158585
3236567063;158586
3236587472;158587
3236607884;158588
3236628290;158589
3236648698;158590
3236669108;158591
3236689516;158592
3236709925;158593
3236730334;158594
3236750743;158595
3236771151;158596
3236791561;158597
3236811969;158598
3236832379;158599
3236852788;158600
3236873196;158601
3236893606;158602
3236914014;158603
3236934428;158604
3236954836;158605
3236975241;158606
3236995650;158607
3237016059;158608
3237036468;158609
3237056881;158610
3237077285;158611
3237097695;158612
3237118104;158613
3237138516;158614
3237158922;158615
3237179334;158616
3237199740;158617
3237220148;158618
3237240557;158619
3237260966;158620
3237281375;158621
3237301784;158622
3237322197;158623
3237342601;158624
3237363042;158625
3237383451;158626
3237403860;158627
3237424269;158628
3237444677;158629
3237465087;158630
3237485496;158631
3237505904;158632
3237526314;158633
3237546722;158634
3237567136;158635
3237587541;158636
3237607949;158637
3237628363;158638
3237648767;158639
3237669177;158640
3237689586;158641
3237709994;158642
3237730404;158643
3237750812;158644
3237771221;158645
3237791631;158646
3237812039;158647
3237832449;158648
3237852857;158649
3237873270;158650
3237893676;158651
3237914088;158652
3237934494;158653
3237954902;158654
3237975311;158655
3237995721;158656
3238016129;158657
3238036539;158658
3238056947;158659
3238077360;158660
3238097766;158661
3238118174;158662
3238138583;158663
3238158996;158664
3238179401;158665
3238199811;158666
3238220219;158667
3238240632;158668
3238261041;158669
3238281446;158670
3238301856;158671
3238322264;158672
3238342677;158673
3238363086;158674
3238383491;158675
3238403904;158676
3238424309;158677
3238444718;158678
3238465131;158679
3238485540;158680
3238505945;158681
3238526354;158682
3238546763;158683
3238567175;158684
3238587581;158685
3238607994;158686
3238628399;158687
3238648808;158688
3238669217;158689
3238689626;158690
3238710035;158691
3238730444;158692
3238750853;158693
3238771261;158694
3238791671;158695
3238812080;158696
3238832489;158697
3238852898;158698
3238873310;158699
3238893716;158700
3238914125;158701
3238934537;158702
3238954943;158703
3238975351;158704
3238995761;158705
3239016170;158706
3239036582;158707
3239056988;158708
3239077396;158709
3239097806;158710
3239118215;158711
3239138623;158712
3239159037;158713
3239179445;158714
3239199854;158715
3239220260;158716
3239240668;158717
3239261078;158718
3239281486;158719
3239301896;158720
3239322309;158721
3239342713;158722
3239363123;158723
3239383535;158724
3239403944;158725
3239424350;158726
3239444758;158727
3239465168;158728
3239485576;158729
3239505985;158730
3239526399;158731
3239546803;158732
3239567213;158733
3239587621;158734
3239608030;158735
3239628444;158736
3239648848;158737
3239669261;158738
3239689666;158739
3239710075;158740
3239730485;158741
3239750893;158742
3239771302;158743
3239791711;158744
3239812120;158745
3239832530;158746
3239852938;158747
3239873347;158748
3239893760;158749
3239914169;158750
3239934575;158751
3239954983;158752
3239975396;158753
3239995801;158754
3240016210;158755
3240036619;158756
3240057028;158757
3240077441;158758
3240097846;158759
3240118259;158760
3240138664;158761
3240159073;158762
3240179482;158763
3240199891;158764
3240220300;158765
3240240709;158766
3240261118;158767
3240281531;158768
3240301939;158769
3240322345;158770
3240342758;158771
3240363163;158772
3240383572;158773
3240403980;158774
3240424390;158775
3240444799;158776
3240465208;158777
3240485617;158778
3240506025;158779
3240526435;158780
3240546848;158781
3240567257;158782
3240587662;158783
3240608070;158784
3240628480;158785
3240648893;158786
3240669301;158787
3240689707;158788
3240710115;158789
3240730525;158790
3240750934;158791
3240771342;158792
3240791756;158793
3240812160;158794
3240832574;158795
3240852979;158796
3240873387;158797
3240893797;158798
3240914205;158799
3240934615;158800
3240955028;158801
3240975432;158802
3240995842;158803
3241016250;158804
3241036663;158805
3241057069;158806
3241077477;158807
3241097890;158808
3241118295;158809
3241138708;158810
3241159114;158811
3241179522;158812
3241199932;158813
3241220340;158814
3241240749;158815
3241261159;158816
3241281567;158817
3241301977;158818
3241322385;158819
3241342794;158820
3241363204;158821
3241383612;158822
3241404021;158823
3241424430;158824
3241444839;158825
3241465253;158826
3241485657;158827
3241506066;158828
3241526475;158829
3241546884;158830
3241567297;158831
3241587706;158832
3241608111;158833
3241628524;158834
3241648933;158835
3241669338;158836
3241689747;158837
3241710160;158838
3241730569;158839
3241750974;158840
3241771387;158841
3241791792;158842
3241812205;158843
3241832613;158844
3241853019;158845
3241873432;158846
3241893837;158847
3241914246;158848
3241934655;158849
3241955068;158850
3241975477;158851
3241995882;158852
3242016291;158853
3242036699;158854
3242057109;158855
3242077518;158856
3242097927;158857
3242118336;158858
3242138744;158859
3242159154;158860
3242179567;158861
3242199975;158862
3242220381;158863
3242240789;158864
3242261199;158865
3242281608;158866
3242302020;158867
3242322430;158868
3242342838;158869
3242363248;158870
3242383657;158871
3242404065;158872
3242424475;158873
3242444879;158874
3242465289;158875
3242485698;158876
3242506106;158877
3242526516;158878
3242546928;158879
3242567334;158880
3242587743;158881
3242608151;158882
3242628561;158883
3242648969;158884
3242669378;158885
3242689788;158886
3242710200;158887
3242730610;158888
3242751014;158889
3242771423;158890
3242791833;158891
3242812241;158892
3242832651;158893
3242853063;158894
3242873468;158895
3242893878;158896
3242914286;158897
3242934695;158898
3242955108;158899
3242975517;158900
3242995923;158901
3243016331;158902
3243036744;158903
3243057149;158904
3243077562;158905
3243097968;158906
3243118376;158907
3243138785;158908
3243159194;158909
3243179603;158910
3243200013;158911
3243220421;158912
3243240830;158913
3243261239;158914
3243281648;158915
3243302057;158916
3243322466;158917
3243342875;158918
3243363284;158919
3243383693;158920
3243404106;158921
3243424511;158922
3243444920;158923
3243465329;158924
3243485738;158925
3243506147;158926
3243526556;158927
3243546965;158928
3243567373;158929
3243587783;158930
3243608192;158931
3243628601;158932
3243649010;158933
3243669418;158934
3243689828;158935
3243710237;158936
3243730646;158937
3243751055;158938
3243771463;158939
3243791873;158940
3243812282;158941
3243832694;158942
3243853100;158943
3243873508;158944
3243893918;158945
3243914331;158946
3243934735;158947
3243955145;158948
3243975553;158949
3243995963;158950
3244016372;158951
3244036780;158952
3244057190;158953
3244077598;158954
3244098008;158955
3244118417;158956
3244138829;158957
3244159239;158958
3244179643;158959
3244200052;158960
3244220462;158961
3244240870;158962
3244261280;158963
3244281688;158964
3244302097;158965
3244322507;158966
3244342915;158967
3244363325;158968
3244383733;158969
3244404142;158970
3244424552;158971
3244444960;158972
3244465370;158973
3244485778;158974
3244506187;158975
3244526597;158976
3244547005;158977
3244567418;158978
3244587823;158979
3244608232;158980
3244628642;158981
3244649050;158982
3244669459;158983
3244689868;158984
3244710277;158985
3244730687;158986
3244751095;158987
3244771508;158988
3244791913;158989
3244812322;158990
3244832731;158991
3244853140;158992
3244873549;158993
3244893962;158994
3244914367;158995
3244934776;158996
3244955189;158997
3244975594;158998
3244996002;158999
3245016412;159000
3245036821;159001
3245057230;159002
3245077643;159003
3245098051;159004
3245118457;159005
3245138866;159006
3245159275;159007
3245179684;159008
3245200093;159009
3245220502;159010
3245240915;159011
3245261320;159012
3245281729;159013
3245302141;159014
3245322551;159015
3245342960;159016
3245363365;159017
3245383774;159018
3245404182;159019
3245424592;159020
3245445001;159021
3245465413;159022
3245485823;159023
3245506227;159024
3245526637;159025
3245547046;159026
3245567454;159027
3245587864;159028
3245608272;159029
3245628682;159030
3245649091;159031
3245669499;159032
3245689909;159033
3245710317;159034
3245730727;159035
3245751140;159036
3245771548;159037
3245791954;159038
3245812362;159039
3245832771;159040
3245853181;159041
3245873593;159042
3245893999;159043
3245914407;159044
3245934816;159045
3245955226;159046
3245975634;159047
3245996047;159048
3246016452;159049
3246036861;159050
3246057271;159051
3246077679;159052
3246098088;159053
3246118497;159054
3246138910;159055
3246159320;159056
3246179724;159057
3246200133;159058
3246220542;159059
3246240951;159060
3246261361;159061
3246281769;159062
3246302178;159063
3246322587;159064
3246342996;159065
3246363405;159066
3246383814;159067
3246404223;159068
3246424632;159069
3246445041;159070
3246465450;159071
3246485859;159072
3246506268;159073
3246526677;159074
3246547086;159075
3246567495;159076
3246587904;159077
3246608313;159078
3246628722;159079
3246649131;159080
3246669540;159081
3246689949;159082
3246710358;159083
3246730766;159084
3246751176;159085
3246771585;159086
3246791994;159087
3246812403;159088
3246832811;159089
3246853221;159090
3246873630;159091
3246894039;159092
3246914448;159093
3246934856;159094
3246955266;159095
3246975675;159096
3246996087;159097
3247016493;159098
3247036901;159099
3247057315;159100
3247077720;159101
3247098128;159102
3247118538;159103
3247138946;159104
3247159356;159105
3247179765;159106
3247200173;159107
3247220583;159108
3247240991;159109
3247261401;159110
3247281810;159111
3247302218;159112
3247322628;159113
3247343036;159114
3247363417;159115
3247383830;159116
3247404239;159117
3247424645;159118
3247445053;159119
3247465462;159120
3247485871;159121
3247506280;159122
3247526689;159123
3247547098;159124
3247567506;159125
3247587916;159126
3247608324;159127
3247628734;159128
3247649143;159129
3247669555;159130
3247689961;159131
3247710369;159132
3247730778;159133
3247751187;159134
3247771596;159135
3247792005;159136
3247812414;159137
3247832822;159138
3247853232;159139
3247873645;159140
3247894053;159141
3247914459;159142
3247934867;159143
3247955277;159144
3247975685;159145
3247996098;159146
3248016503;159147
3248036912;159148
3248057325;159149
3248077730;159150
3248098138;159151
3248118548;159152
3248138957;159153
3248159366;159154
3248179775;159155
3248200183;159156
3248220593;159157
3248241001;159158
3248261414;159159
3248281819;159160
3248302228;159161
3248322637;159162
3248343046;159163
3248363456;159164
3248383864;159165
3248404273;159166
3248424682;159167
3248445091;159168
3248465499;159169
3248485913;159170
3248506317;159171
3248526727;159172
3248547135;159173
3248567548;159174
3248587954;159175
3248608366;159176
3248628776;159177
3248649180;159178
3248669593;159179
3248689998;159180
3248710407;159181
3248730819;159182
3248751229;159183
3248771633;159184
3248792047;159185
3248812455;159186
3248832860;159187
3248853270;159188
3248873682;159189
3248894088;159190
3248914496;159191
3248934909;159192
3248955318;159193
3248975723;159194
3248996132;159195
3249016541;159196
3249036949;159197
3249057359;159198
3249077772;159199
3249098176;159200
3249118590;159201
3249138994;159202
3249159404;159203
3249179812;159204
3249200221;159205
3249220630;159206
3249241039;159207
3249261448;159208
3249281857;159209
3249302266;159210
3249322675;159211
3249343084;159212
3249363493;159213
3249383902;159214
3249404310;159215
3249424720;159216
3249445128;159217
3249465541;159218
3249485946;159219
3249506355;159220
3249526764;159221
3249547173;159222
3249567582;159223
3249587991;159224
3249608404;159225
3249628809;159226
3249649218;159227
3249669626;159228
3249690036;159229
3249710444;159230
3249730853;159231
3249751266;159232
3249771671;159233
3249792081;159234
3249812489;159235
3249832898;159236
3249853311;159237
3249873716;159238
3249894124;159239
3249914534;159240
3249934942;159241
3249955352;159242
3249975760;159243
3249996169;159244
3250016579;159245
3250036987;159246
3250057397;159247
3250077805;159248
3250098214;159249
3250118627;159250
3250139036;159251
3250159441;159252
3250179850;159253
3250200262;159254
3250220668;159255
3250241076;159256
3250261489;159257
3250281895;159258
3250302303;159259
3250322713;159260
3250343121;159261
3250363530;159262
3250383939;159263
3250404352;159264
3250424757;159265
3250445166;159266
3250465574;159267
3250485984;159268
3250506393;159269
3250526806;159270
3250547211;159271
3250567619;159272
3250588029;159273
3250608437;159274
3250628847;159275
3250649255;159276
3250669668;159277
3250690077;159278
3250710482;159279
3250730891;159280
3250751300;159281
3250771713;159282
3250792118;159283
3250812527;159284
3250832935;159285
3250853349;159286
3250873753;159287
3250894163;159288
3250914571;159289
3250934980;159290
3250955389;159291
3250975798;159292
3250996208;159293
3251016616;159294
3251037029;159295
3251057434;159296
3251077843;159297
3251098251;159298
3251118661;159299
3251139069;159300
3251159479;159301
3251179887;159302
3251200296;159303
3251220706;159304
3251241114;159305
3251261523;159306
3251281932;159307
3251302341;159308
3251322750;159309
3251343159;159310
3251363568;159311
3251383977;159312
3251404385;159313
3251424795;159314
3251445204;159315
3251465612;159316
3251486026;159317
3251506430;159318
3251526840;159319
3251547248;159320
3251567657;159321
3251588066;159322
3251608475;159323
3251628883;159324
3251649293;159325
3251669701;159326
3251690115;159327
3251710524;159328
3251730928;159329
3251751342;159330
3251771746;159331
3251792156;159332
3251812564;159333
3251832973;159334
3251853382;159335
3251873791;159336
3251894203;159337
3251914609;159338
3251935018;159339
3251955427;159340
3251975836;159341
3251996244;159342
3252016654;159343
3252037062;159344
3252057472;159345
3252077880;159346
3252098289;159347
3252118698;159348
3252139107;159349
3252159517;159350
3252179925;159351
3252200334;159352
3252220747;159353
3252241152;159354
3252261561;159355
3252281970;159356
3252302378;159357
3252322788;159358
3252343196;159359
3252363605;159360
3252384014;159361
3252404427;159362
3252424833;159363
3252445241;159364
3252465650;159365
3252486059;159366
3252506468;159367
3252526876;159368
3252547286;159369
3252567698;159370
3252588104;159371
3252608512;159372
3252628921;159373
3252649331;159374
3252669743;159375
3252690149;159376
3252710557;159377
3252730966;159378
3252751375;159379
3252771784;159380
3252792193;159381
3252812602;159382
3252833010;159383
3252853420;159384
3252873829;159385
3252894238;159386
3252914651;159387
3252935059;159388
3252955465;159389
3252975873;159390
3252996282;159391
3253016691;159392
3253037100;159393
3253057513;159394
3253077918;159395
3253098326;159396
3253118740;159397
3253139145;159398
3253159554;159399
3253179963;159400
3253200371;159401
3253220785;159402
3253241193;159403
3253261598;159404
3253282007;159405
3253302416;159406
3253322825;159407
3253343234;159408
3253363643;159409
3253384056;159410
3253404465;159411
3253424873;159412
3253445279;159413
3253465687;159414
3253486097;159415
3253506505;159416
3253526914;159417
3253547323;159418
3253567732;159419
3253588146;159420
3253608550;159421
3253628963;159422
3253649368;159423
3253669777;159424
3253690186;159425
3253710595;159426
3253731003;159427
3253751417;159428
3253771821;159429
3253792230;159430
3253812639;159431
3253833048;159432
3253853458;159433
3253873866;159434
3253894279;159435
3253914688;159436
3253935093;159437
3253955502;159438
3253975911;159439
3253996319;159440
3254016729;159441
3254037137;159442
3254057547;159443
3254077956;159444
3254098364;159445
3254118774;159446
3254139182;159447
3254159592;159448
3254180000;159449
3254200413;159450
3254220822;159451
3254241227;159452
3254261635;159453
3254282045;159454
3254302454;159455
3254322863;159456
3254343272;159457
3254363680;159458
3254384090;159459
3254404498;159460
3254424907;159461
3254445316;159462
3254465725;159463
3254486134;159464
3254506543;159465
3254526951;159466
3254547361;159467
3254567770;159468
3254588182;159469
3254608588;159470
3254629000;159471
3254649410;159472
3254669818;159473
3254690227;159474
3254710636;159475
3254731041;159476
3254751450;159477
3254771859;159478
3254792268;159479
3254812677;159480
3254833086;159481
3254853499;159482
3254873904;159483
3254894312;159484
3254914726;159485
3254935130;159486
3254955543;159487
3254975948;159488
3254996357;159489
3255016767;159490
3255037175;159491
3255057584;159492
3255077993;159493
3255098402;159494
3255118815;159495
3255139224;159496
3255159628;159497
3255180042;159498
3255200446;159499
3255220856;159500
3255241264;159501
3255261673;159502
3255282083;159503
3255302491;159504
3255322901;159505
3255343309;159506
3255363718;159507
3255384127;159508
3255404540;159509
3255424948;159510
3255445358;159511
3255465766;159512
3255486172;159513
3255506581;159514
3255526989;159515
3255547403;159516
3255567807;159517
3255588217;159518
3255608625;159519
3255629034;159520
3255649443;159521
3255669856;159522
3255690261;159523
3255710670;159524
3255731079;159525
3255751488;159526
3255771897;159527
3255792305;159528
3255812715;159529
3255833127;159530
3255853537;159531
3255873941;159532
3255894350;159533
3255914763;159534
3255935168;159535
3255955577;159536
3255975986;159537
3255996395;159538
3256016808;159539
3256037213;159540
3256057622;159541
3256078031;159542
3256098439;159543
3256118849;159544
3256139257;159545
3256159670;159546
3256180075;159547
3256200484;159548
3256220894;159549
3256241306;159550
3256261711;159551
3256282124;159552
3256302529;159553
3256322938;159554
3256343347;159555
3256363755;159556
3256384165;159557
3256404573;159558
3256424982;159559
3256445392;159560
3256465800;159561
3256486210;159562
3256506618;159563
3256527027;159564
3256547436;159565
3256567845;159566
3256588254;159567
3256608663;159568
3256629071;159569
3256649481;159570
3256669889;159571
3256690299;159572
3256710712;159573
3256731116;159574
3256751526;159575
3256771934;159576
3256792343;159577
3256812752;159578
3256833161;159579
3256853570;159580
3256873979;159581
3256894387;159582
3256914797;159583
3256935206;159584
3256955615;159585
3256976024;159586
3256996432;159587
3257016842;159588
3257037250;159589
3257057659;159590
3257078068;159591
3257098477;159592
3257118886;159593
3257139299;159594
3257159704;159595
3257180113;159596
3257200522;159597
3257220931;159598
3257241340;159599
3257261752;159600
3257282158;159601
3257302566;159602
3257322975;159603
3257343384;159604
3257363788;159605
3257384197;159606
3257404606;159607
3257425019;159608
3257445424;159609
3257465833;159610
3257486242;159611
3257506655;159612
3257527059;159613
3257547469;159614
3257567877;159615
3257588287;159616
3257608695;159617
3257629104;159618
3257649517;159619
3257669922;159620
3257690330;159621
3257710740;159622
3257731149;159623
3257751558;159624
3257771967;159625
3257792375;159626
3257812785;159627
3257833193;159628
3257853606;159629
3257874011;159630
3257894424;159631
3257914829;159632
3257935238;159633
3257955646;159634
3257976060;159635
3257996464;159636
3258016878;159637
3258037287;159638
3258057691;159639
3258078101;159640
3258098509;159641
3258118919;159642
3258139327;159643
3258159736;159644
3258180145;159645
3258200554;159646
3258220963;159647
3258241372;159648
3258261784;159649
3258282194;159650
3258302598;159651
3258323007;159652
3258343417;159653
3258363825;159654
3258384235;159655
3258404643;159656
3258425052;159657
3258445461;159658
3258465870;159659
3258486279;159660
3258506688;159661
3258527096;159662
3258547506;159663
3258567914;159664
3258588324;159665
3258608732;159666
3258629141;159667
3258649550;159668
3258669959;159669
3258690368;159670
3258710777;159671
3258731186;159672
3258751595;159673
3258772008;159674
3258792412;159675
3258812822;159676
3258833230;159677
3258853643;159678
3258874048;159679
3258894457;159680
3258914870;159681
3258935275;159682
3258955683;159683
3258976097;159684
3258996502;159685
3259016911;159686
3259037320;159687
3259057728;159688
3259078142;159689
3259098546;159690
3259118959;159691
3259139368;159692
3259159773;159693
3259180186;159694
3259200591;159695
3259220999;159696
3259241409;159697
3259261821;159698
3259282227;159699
3259302636;159700
3259323044;159701
3259343454;159702
3259363862;159703
3259384272;159704
3259404680;159705
3259425089;159706
3259445498;159707
3259465907;159708
3259486316;159709
3259506725;159710
3259527133;159711
3259547543;159712
3259567955;159713
3259588364;159714
3259608770;159715
3259629182;159716
3259649591;159717
3259669996;159718
3259690409;159719
3259710818;159720
3259731223;159721
3259751635;159722
3259772041;159723
3259792449;159724
3259812859;159725
3259833267;159726
3259853676;159727
3259874085;159728
3259894494;159729
3259914904;159730
3259935312;159731
3259955721;159732
3259976130;159733
3259996539;159734
3260016948;159735
3260037361;159736
3260057769;159737
3260078175;159738
3260098583;159739
3260118992;159740
3260139401;159741
3260159810;159742
3260180219;159743
3260200632;159744
3260221037;159745
3260241446;159746
3260261855;159747
3260282263;159748
3260302673;159749
3260323081;159750
3260343491;159751
3260363899;159752
3260384309;159753
3260404717;159754
3260425126;159755
3260445535;159756
3260465944;159757
3260486352;159758
3260506766;159759
3260527170;159760
3260547579;159761
3260567989;159762
3260588401;159763
3260608807;159764
3260629215;159765
3260649624;159766
3260670033;159767
3260690442;159768
3260710851;159769
3260731260;159770
3260751672;159771
3260772078;159772
3260792486;159773
3260812896;159774
3260833304;159775
3260853713;159776
3260874123;159777
3260894531;159778
3260914941;159779
3260935353;159780
3260955758;159781
3260976171;159782
3260996576;159783
3261016984;159784
3261037398;159785
3261057806;159786
3261078212;159787
3261098620;159788
3261119029;159789
3261139438;159790
3261159847;159791
3261180257;159792
3261200665;159793
3261221074;159794
3261241483;159795
3261261892;159796
3261282300;159797
3261302710;159798
3261323118;159799
3261343528;159800
3261363936;159801
3261384349;159802
3261404754;159803
3261425163;159804
3261445572;159805
3261465981;159806
3261486394;159807
3261506799;159808
3261527208;159809
3261547616;159810
3261568026;159811
3261588434;159812
3261608844;159813
3261629252;159814
3261649661;159815
3261670074;159816
3261690479;159817
3261710888;159818
3261731297;159819
3261751705;159820
3261772115;159821
3261792524;159822
3261812936;159823
3261833342;159824
3261853750;159825
3261874160;159826
3261894568;159827
3261914977;159828
3261935386;159829
3261955795;159830
3261976204;159831
3261996613;159832
3262017021;159833
3262037431;159834
3262057839;159835
3262078248;159836
3262098662;159837
3262119066;159838
3262139476;159839
3262159884;159840
3262180293;159841
3262200702;159842
3262221111;159843
3262241520;159844
3262261929;159845
3262282337;159846
3262302747;159847
3262323155;159848
3262343565;159849
3262363973;159850
3262384382;159851
3262404792;159852
3262425200;159853
3262445610;159854
3262466018;159855
3262486427;159856
3262506836;159857
3262527245;159858
3262547653;159859
3262568063;159860
3262588471;159861
3262608881;159862
3262629289;159863
3262649698;159864
3262670111;159865
3262690520;159866
3262710924;159867
3262731334;159868
3262751747;159869
3262772152;159870
3262792565;159871
3262812969;159872
3262833379;159873
3262853787;159874
3262874197;159875
3262894605;159876
3262915014;159877
3262935423;159878
3262955832;159879
3262976244;159880
3262996650;159881
3263017058;159882
3263037468;159883
3263057877;159884
3263078285;159885
3263098695;159886
3263119103;159887
3263139513;159888
3263159921;159889
3263180330;159890
3263200739;159891
3263221148;159892
3263241557;159893
3263261966;159894
3263282374;159895
3263302784;159896
3263323196;159897
3263343601;159898
3263364011;159899
3263384419;159900
3263404829;159901
3263425237;159902
3263445650;159903
3263466055;159904
3263486464;159905
3263506873;159906
3263527282;159907
3263547690;159908
3263568104;159909
3263588508;159910
3263608917;159911
3263629326;159912
3263649735;159913
3263670145;159914
3263690557;159915
3263710962;159916
3263731371;159917
3263751780;159918
3263772189;159919
3263792598;159920
3263813006;159921
3263833416;159922
3263853824;159923
3263874237;159924
3263894642;159925
3263915051;159926
3263935460;159927
3263955869;159928
3263976282;159929
3263996687;159930
3264017100;159931
3264037509;159932
3264057914;159933
3264078322;159934
3264098736;159935
3264119140;159936
3264139550;159937
3264159958;159938
3264180367;159939
3264200776;159940
3264221185;159941
3264241593;159942
3264262003;159943
3264282412;159944
3264302821;159945
3264323230;159946
3264343638;159947
3264364052;159948
3264384456;159949
3264404866;159950
3264425274;159951
3264445683;159952
3264466092;159953
3264486501;159954
3264506913;159955
3264527323;159956
3264547727;159957
3264568137;159958
3264588545;159959
3264608958;159960
3264629368;159961
3264649772;159962
3264670182;159963
3264690590;159964
3264710999;159965
3264731412;159966
3264751817;159967
3264772229;159968
3264792635;159969
3264813043;159970
3264833453;159971
3264853861;159972
3264874270;159973
3264894683;159974
3264915088;159975
3264935498;159976
3264955906;159977
3264976315;159978
3264996724;159979
3265017133;159980
3265037542;159981
3265057951;159982
3265078359;159983
3265098769;159984
3265119177;159985
3265139587;159986
3265159999;159987
3265180404;159988
3265200813;159989
3265221222;159990
3265241631;159991
3265262040;159992
3265282453;159993
3265302858;159994
3265323267;159995
3265343675;159996
3265364085;159997
3265384493;159998
3265404903;159999
3265425311;160000
3265445724;160001
3265466129;160002
3265486538;160003
3265506947;160004
3265527360;160005
3265547765;160006
3265568174;160007
3265588583;160008
3265608995;160009
3265629405;160010
3265649809;160011
3265670219;160012
3265690627;160013
3265711036;160014
3265731445;160015
3265751854;160016
3265772266;160017
3265792672;160018
3265813080;160019
3265833490;160020
3265853899;160021
3265874307;160022
3265894717;160023
3265915125;160024
3265935535;160025
3265955943;160026
3265976352;160027
3265996761;160028
3266017170;160029
3266037579;160030
3266057988;160031
3266078396;160032
3266098810;160033
3266119214;160034
3266139623;160035
3266160033;160036
3266180441;160037
3266200851;160038
3266221259;160039
3266241668;160040
3266262077;160041
3266282486;160042
3266302895;160043
3266323304;160044
3266343712;160045
3266364122;160046
3266384530;160047
3266404943;160048
3266425348;160049
3266445757;160050
3266466166;160051
3266486579;160052
3266506988;160053
3266527393;160054
3266547806;160055
3266568215;160056
3266588620;160057
3266609028;160058
3266629442;160059
3266649850;160060
3266670256;160061
3266690664;160062
3266711073;160063
3266731482;160064
3266751891;160065
3266772299;160066
3266792709;160067
3266813118;160068
3266833527;160069
3266853936;160070
3266874344;160071
3266894754;160072
3266915162;160073
3266935572;160074
3266955984;160075
3266976389;160076
3266996798;160077
3267017207;160078
3267037615;160079
3267058025;160080
3267078437;160081
3267098843;160082
3267119252;160083
3267139660;160084
3267160070;160085
3267180478;160086
3267200888;160087
3267221296;160088
3267241709;160089
3267262118;160090
3267282527;160091
3267302932;160092
3267323341;160093
3267343749;160094
3267364206;160095
3267384615;160096
3267405023;160097
3267425433;160098
3267445842;160099
3267466251;160100
3267486660;160101
3267507068;160102
3267527478;160103
3267547887;160104
3267568296;160105
3267588705;160106
3267609114;160107
3267629523;160108
3267649932;160109
3267670341;160110
3267690750;160111
3267711159;160112
3267731568;160113
3267751977;160114
3267772386;160115
3267792795;160116
3267813204;160117
3267833613;160118
3267854022;160119
3267874431;160120
3267894840;160121
3267915249;160122
3267935659;160123
3267956067;160124
3267976476;160125
3267996885;160126
3268017294;160127
3268037703;160128
3268058112;160129
3268078521;160130
3268098935;160131
3268119339;160132
3268139748;160133
3268160158;160134
3268180570;160135
3268200979;160136
3268221384;160137
3268241793;160138
3268262203;160139
3268282611;160140
3268303021;160141
3268323430;160142
3268343838;160143
3268364248;160144
3268384656;160145
3268405065;160146
3268425475;160147
3268445883;160148
3268466293;160149
3268486702;160150
3268507110;160151
3268527520;160152
3268547928;160153
3268568338;160154
3268588747;160155
3268609155;160156
3268629565;160157
3268649974;160158
3268670382;160159
3268690792;160160
3268711200;160161
3268731614;160162
3268752019;160163
3268772427;160164
3268792837;160165
3268813246;160166
3268833655;160167
3268854064;160168
3268874473;160169
3268894882;160170
3268915291;160171
3268935699;160172
3268956113;160173
3268976522;160174
3268996927;160175
3269017336;160176
3269037745;160177
3269058154;160178
3269078563;160179
3269098972;160180
3269119381;160181
3269139790;160182
3269160203;160183
3269180608;160184
3269201017;160185
3269221426;160186
3269241835;160187
3269262244;160188
3269282653;160189
3269303062;160190
3269323471;160191
3269343880;160192
3269364290;160193
3269384698;160194
3269405107;160195
3269425516;160196
3269445925;160197
3269466335;160198
3269486743;160199
3269507152;160200
3269527562;160201
3269547970;160202
3269568379;160203
3269588789;160204
3269609197;160205
3269629607;160206
3269650015;160207
3269670424;160208
3269690834;160209
3269711242;160210
3269731655;160211
3269752065;160212
3269772469;160213
3269792879;160214
3269813287;160215
3269833696;160216
3269854110;160217
3269874514;160218
3269894928;160219
3269915333;160220
3269935745;160221
3269956155;160222
3269976559;160223
3269996969;160224
3270017378;160225
3270037786;160226
3270058196;160227
3270078605;160228
3270099014;160229
3270119423;160230
3270139831;160231
3270160245;160232
3270180650;160233
3270201058;160234
3270221468;160235
3270241877;160236
3270262286;160237
3270282695;160238
3270303104;160239
3270323513;160240
3270343922;160241
3270364334;160242
3270384744;160243
3270405149;160244
3270425558;160245
3270445967;160246
3270466377;160247
3270486785;160248
3270507194;160249
3270527603;160250
3270548012;160251
3270568421;160252
3270588830;160253
3270609239;160254
3270629652;160255
3270650057;160256
3270670466;160257
3270690875;160258
3270711284;160259
3270731694;160260
3270752102;160261
3270772511;160262
3270792921;160263
3270813329;160264
3270833742;160265
3270854147;160266
3270874556;160267
3270894966;160268
3270915378;160269
3270935783;160270
3270956193;160271
3270976601;160272
3270997014;160273
3271017420;160274
3271037828;160275
3271058238;160276
3271078646;160277
3271099055;160278
3271119465;160279
3271139873;160280
3271160283;160281
3271180692;160282
3271201100;160283
3271221510;160284
3271241922;160285
3271262328;160286
3271282737;160287
3271303145;160288
3271323555;160289
3271343964;160290
3271364372;160291
3271384782;160292
3271405190;160293
3271425600;160294
3271446009;160295
3271466417;160296
3271486831;160297
3271507240;160298
3271527645;160299
3271548054;160300
