3231973835;158361
3231994245;158362
3232014653;158363
3232035063;158364
3232055471;158365
3232075880;158366
3232096289;158367
3232116698;158368
3232137107;158369
3232157516;158370
3232177925;158371
3232198334;158372
3232218743;158373
3232239151;158374
3232259561;158375
3232279969;158376
3232300379;158377
3232320787;158378
3232341196;158379
3232361605;158380
3232382014;158381
3232402422;158382
3232422832;158383
3232443241;158384
3232463650;158385
3232484059;158386
3232504467;158387
3232524877;158388
3232545289;158389
3232565694;158390
3232586103;158391
3232606512;158392
3232626921;158393
3232647330;158394
3232667738;158395
3232688148;158396
3232708557;158397
3232728966;158398
3232749375;158399
3232769783;158400
3232790193;158401
3232810601;158402
3232831010;158403
3232851423;158404
3232871828;158405
3232892237;158406
3232912646;158407
3232933054;158408
3232953464;158409
3232973873;158410
3232994281;158411
3233014691;158412
3233035099;158413
3233055509;158414
3233075917;158415
3233096326;158416
3233116735;158417
3233137144;158418
3233157552;158419
3233177962;158420
3233198370;158421
3233218780;158422
3233239189;158423
3233259597;158424
3233280007;158425
3233300415;158426
3233320825;158427
3233341233;158428
3233361646;158429
3233382051;158430
3233402460;158431
3233422868;158432
3233443278;158433
3233463686;158434
3233484096;158435
3233504504;158436
3233524913;158437
3233545323;158438
3233565731;158439
3233586140;158440
3233606549;158441
3233626958;158442
3233647367;158443
3233667776;158444
3233688184;158445
3233708594;158446
3233729006;158447
3233749411;158448
3233769824;158449
3233790229;158450
3233810639;158451
3233831047;158452
3233851456;158453
3233871865;158454
3233892274;158455
3233912682;158456
3233933092;158457
3233953500;158458
3233973910;158459
3233994318;158460
3234014731;158461
3234035136;158462
3234055545;158463
3234075955;158464
3234096363;158465
3234116772;158466
3234137181;158467
3234157590;158468
3234177998;158469
3234198408;158470
3234218816;158471
3234239226;158472
3234259634;158473
3234280043;158474
3234300452;158475
3234320861;158476
3234341270;158477
3234361679;158478
3234382088;158479
3234402497;158480
3234422906;158481
3234443314;158482
3234463724;158483
3234484132;158484
3234504541;158485
3234524950;158486
3234545359;158487
3234565768;158488
3234586177;158489
3234606585;158490
3234626995;158491
3234647404;158492
3234667813;158493
3234688222;158494
3234708630;158495
3234729040;158496
3234749448;158497
3234769857;158498
3234790266;158499
3234810675;158500
3234831084;158501
3234851493;158502
3234871901;158503
3234892311;158504
3234912724;158505
3234933128;158506
3234953538;158507
3234973950;158508
3234994359;158509
3235014764;158510
3235035173;158511
3235055582;158512
3235075991;158513
3235096399;158514
3235116809;158515
3235137217;158516
3235157627;158517
3235178035;158518
3235198444;158519
3235218854;158520
3235239262;158521
3235259672;158522
3235280080;158523
3235300489;158524
3235320898;158525
3235341307;158526
3235361715;158527
3235382125;158528
3235402533;158529
3235422943;158530
3235443351;158531
3235463764;158532
3235484170;158533
3235504578;158534
3235524987;158535
3235545396;158536
3235565805;158537
3235586214;158538
3235606623;158539
3235627031;158540
3235647441;158541
3235667849;158542
3235688258;158543
3235708667;158544
3235729076;158545
3235749486;158546
3235769894;158547
3235790303;158548
3235810712;158549
3235831121;158550
3235851530;158551
3235871939;158552
3235892347;158553
3235912757;158554
3235933165;158555
3235953574;158556
3235973983;158557
3235994392;158558
3236014801;158559
3236035210;158560
3236055619;158561
3236076028;158562
3236096437;158563
3236116849;158564
3236137255;158565
3236157663;158566
3236178073;158567
3236198481;158568
3236218890;158569
3236239299;158570
3236259708;158571
3236280116;158572
3236300526;158573
3236320935;158574
3236341344;158575
3236361753;158576
3236382161;158577
3236402575;158578
3236422979;158579
3236443392;158580
3236463797;158581
3236484206;158582
3236504615;158583
3236525024;158584
3236545432;158585
3236565842;158586
3236586251;158587
3236606660;158588
3236627069;158589
3236647477;158590
3236667887;158591
3236688295;158592
3236708704;158593
3236729113;158594
3236749522;158595
3236769931;158596
3236790340;158597
3236810748;158598
3236831158;158599
3236851567;158600
3236871976;158601
3236892385;158602
3236912793;158603
3236933203;158604
3236953611;158605
3236974020;158606
3236994429;158607
3237014838;158608
3237035247;158609
3237055656;158610
3237076068;158611
3237096474;158612
3237116882;158613
3237137291;158614
3237157701;158615
3237178109;158616
3237198519;158617
3237218927;158618
3237239336;158619
3237259745;158620
3237280154;158621
3237300562;158622
3237320972;158623
3237341380;158624
3237361821;158625
3237382230;158626
3237402638;158627
3237423048;158628
3237443456;158629
3237463866;158630
3237484275;158631
3237504683;158632
3237525093;158633
3237545501;158634
3237565910;158635
3237586320;158636
3237606728;158637
3237627138;158638
3237647546;158639
3237667955;158640
3237688365;158641
3237708773;158642
3237729183;158643
3237749591;158644
3237770000;158645
3237790410;158646
3237810818;158647
3237831227;158648
3237851636;158649
3237872045;158650
3237892455;158651
3237912863;158652
3237933272;158653
3237953681;158654
3237974090;158655
3237994499;158656
3238014908;158657
3238035321;158658
3238055726;158659
3238076135;158660
3238096544;158661
3238116953;158662
3238137362;158663
3238157774;158664
3238178180;158665
3238198593;158666
3238218998;158667
3238239411;158668
3238259819;158669
3238280225;158670
3238300634;158671
3238321042;158672
3238341452;158673
3238361860;158674
3238382270;158675
3238402679;158676
3238423087;158677
3238443497;158678
3238463905;158679
3238484315;158680
3238504724;158681
3238525132;158682
3238545542;158683
3238565950;158684
3238586359;158685
3238606769;158686
3238627177;158687
3238647587;158688
3238667995;158689
3238688404;158690
3238708814;158691
3238729222;158692
3238749631;158693
3238770040;158694
3238790449;158695
3238810859;158696
3238831267;158697
3238851676;158698
3238872085;158699
3238892494;158700
3238912903;158701
3238933312;158702
3238953721;158703
3238974130;158704
3238994539;158705
3239014948;158706
3239035357;158707
3239055766;158708
3239076175;158709
3239096584;158710
3239116993;158711
3239137402;158712
3239157811;158713
3239178219;158714
3239198629;158715
3239219038;158716
3239239447;158717
3239259860;158718
3239280264;158719
3239300674;158720
3239321083;158721
3239341491;158722
3239361901;158723
3239382309;158724
3239402719;158725
3239423128;158726
3239443536;158727
3239463946;158728
3239484354;158729
3239504763;158730
3239525173;158731
3239545581;158732
3239565991;158733
3239586399;158734
3239606808;158735
3239627218;158736
3239647626;158737
3239668036;158738
3239688444;158739
3239708857;158740
3239729263;158741
3239749675;158742
3239770081;158743
3239790489;158744
3239810898;158745
3239831308;158746
3239851716;158747
3239872125;158748
3239892534;158749
3239912947;158750
3239933353;158751
3239953761;158752
3239974170;158753
3239994579;158754
3240014988;158755
3240035397;158756
3240055806;158757
3240076215;158758
3240096624;158759
3240117033;158760
3240137442;158761
3240157855;158762
3240178260;158763
3240198668;158764
3240219078;158765
3240239487;158766
3240259896;158767
3240280305;158768
3240300713;158769
3240321123;158770
3240341532;158771
3240361941;158772
3240382350;158773
3240402758;158774
3240423168;158775
3240443577;158776
3240463985;158777
3240484395;158778
3240504803;158779
3240525213;158780
3240545622;158781
3240566030;158782
3240586440;158783
3240606848;158784
3240627257;158785
3240647671;158786
3240668075;158787
3240688485;158788
3240708893;158789
3240729302;158790
3240749712;158791
3240770124;158792
3240790529;158793
3240810938;158794
3240831347;158795
3240851757;158796
3240872165;158797
3240892574;158798
3240912983;158799
3240933392;158800
3240953801;158801
3240974214;158802
3240994623;158803
3241015028;158804
3241035437;158805
3241055846;158806
3241076255;158807
3241096664;158808
3241117073;158809
3241137482;158810
3241157891;158811
3241178300;158812
3241198709;158813
3241219117;158814
3241239531;158815
3241259936;158816
3241280345;158817
3241300754;158818
3241321162;158819
3241341572;158820
3241361981;158821
3241382389;158822
3241402799;158823
3241423211;158824
3241443617;158825
3241464026;158826
3241484434;158827
3241504844;158828
3241525252;158829
3241545661;158830
3241566071;158831
3241586479;158832
3241606893;158833
3241627297;158834
3241647706;158835
3241668120;158836
3241688524;158837
3241708934;158838
3241729342;158839
3241749751;158840
3241770161;158841
3241790569;158842
3241810978;158843
3241831387;158844
3241851796;158845
3241872206;158846
3241892614;158847
3241913023;158848
3241933432;158849
3241953841;158850
3241974251;158851
3241994659;158852
3242015068;158853
3242035477;158854
3242055886;158855
3242076295;158856
3242096704;158857
3242117113;158858
3242137525;158859
3242157931;158860
3242178340;158861
3242198749;158862
3242219158;158863
3242239566;158864
3242259976;158865
3242280385;158866
3242300794;158867
3242321203;158868
3242341615;158869
3242362021;158870
3242382430;158871
3242402839;158872
3242423252;158873
3242443656;158874
3242464066;158875
3242484475;158876
3242504883;158877
3242525293;158878
3242545701;158879
3242566110;158880
3242586520;158881
3242606928;158882
3242627338;158883
3242647746;158884
3242668155;158885
3242688565;158886
3242708973;158887
3242729383;158888
3242749791;158889
3242770200;158890
3242790610;158891
3242811018;158892
3242831427;158893
3242851836;158894
3242872245;158895
3242892655;158896
3242913063;158897
3242933472;158898
3242953881;158899
3242974290;158900
3242994699;158901
3243015112;158902
3243035517;158903
3243055926;158904
3243076335;158905
3243096744;158906
3243117153;158907
3243137562;158908
3243157971;158909
3243178380;158910
3243198789;158911
3243219198;158912
3243239611;158913
3243260015;158914
3243280425;158915
3243300834;158916
3243321243;158917
3243341652;158918
3243362060;158919
3243382470;158920
3243402879;158921
3243423288;158922
3243443697;158923
3243464105;158924
3243484515;158925
3243504924;158926
3243525332;158927
3243545742;158928
3243566150;158929
3243586560;158930
3243606969;158931
3243627377;158932
3243647787;158933
3243668195;158934
3243688604;158935
3243709018;158936
3243729426;158937
3243749835;158938
3243770240;158939
3243790649;158940
3243811059;158941
3243831467;158942
3243851876;158943
3243872285;158944
3243892694;158945
3243913104;158946
3243933512;158947
3243953921;158948
3243974330;158949
3243994739;158950
3244015148;158951
3244035557;158952
3244055966;158953
3244076375;158954
3244096784;158955
3244117193;158956
3244137602;158957
3244158011;158958
3244178419;158959
3244198829;158960
3244219242;158961
3244239647;158962
3244260056;158963
3244280464;158964
3244300874;158965
3244321283;158966
3244341696;158967
3244362101;158968
3244382509;158969
3244402919;158970
3244423332;158971
3244443736;158972
3244464146;158973
3244484554;158974
3244504964;158975
3244525373;158976
3244545781;158977
3244566191;158978
3244586599;158979
3244607008;158980
3244627418;158981
3244647826;158982
3244668236;158983
3244688644;158984
3244709053;158985
3244729463;158986
3244749871;158987
3244770280;158988
3244790689;158989
3244811098;158990
3244831508;158991
3244851916;158992
3244872325;158993
3244892734;158994
3244913143;158995
3244933552;158996
3244953961;158997
3244974370;158998
3244994783;158999
3245015192;159000
3245035597;159001
3245056006;159002
3245076415;159003
3245096824;159004
3245117233;159005
3245137642;159006
3245158051;159007
3245178460;159008
3245198869;159009
3245219278;159010
3245239687;159011
3245260096;159012
3245280505;159013
3245300913;159014
3245321323;159015
3245341732;159016
3245362141;159017
3245382550;159018
3245402958;159019
3245423368;159020
3245443777;159021
3245464185;159022
3245484595;159023
3245505003;159024
3245525413;159025
3245545822;159026
3245566230;159027
3245586640;159028
3245607048;159029
3245627457;159030
3245647867;159031
3245668275;159032
3245688689;159033
3245709093;159034
3245729502;159035
3245749916;159036
3245770320;159037
3245790729;159038
3245811138;159039
3245831547;159040
3245851957;159041
3245872365;159042
3245892774;159043
3245913183;159044
3245933592;159045
3245954002;159046
3245974410;159047
3245994819;159048
3246015228;159049
3246035637;159050
3246056046;159051
3246076455;159052
3246096864;159053
3246117273;159054
3246137682;159055
3246158091;159056
3246178500;159057
3246198909;159058
3246219317;159059
3246239727;159060
3246260136;159061
3246280545;159062
3246300954;159063
3246321362;159064
3246341772;159065
3246362181;159066
3246382589;159067
3246402999;159068
3246423407;159069
3246443817;159070
3246464226;159071
3246484634;159072
3246505044;159073
3246525452;159074
3246545862;159075
3246566271;159076
3246586679;159077
3246607089;159078
3246627497;159079
3246647906;159080
3246668316;159081
3246688724;159082
3246709134;159083
3246729542;159084
3246749951;159085
3246770361;159086
3246790769;159087
3246811178;159088
3246831591;159089
3246852000;159090
3246872406;159091
3246892814;159092
3246913223;159093
3246933632;159094
3246954041;159095
3246974454;159096
3246994859;159097
3247015268;159098
3247035677;159099
3247056086;159100
3247076495;159101
3247096904;159102
3247117313;159103
3247137722;159104
3247158131;159105
3247178540;159106
3247198949;159107
3247219362;159108
3247239766;159109
3247260176;159110
3247280585;159111
3247300994;159112
3247321403;159113
3247341811;159114
3247362193;159115
3247382601;159116
3247403011;159117
3247423420;159118
3247443828;159119
3247464238;159120
3247484650;159121
3247505055;159122
3247525464;159123
3247545873;159124
3247566282;159125
3247586691;159126
3247607099;159127
3247627509;159128
3247647918;159129
3247668326;159130
3247688736;159131
3247709144;159132
3247729554;159133
3247749962;159134
3247770371;159135
3247790780;159136
3247811189;159137
3247831601;159138
3247852007;159139
3247872415;159140
3247892825;159141
3247913234;159142
3247933642;159143
3247954052;159144
3247974460;159145
3247994869;159146
3248015278;159147
3248035687;159148
3248056096;159149
3248076505;159150
3248096913;159151
3248117323;159152
3248137732;159153
3248158141;159154
3248178554;159155
3248198958;159156
3248219368;159157
3248239776;159158
3248260185;159159
3248280594;159160
3248301003;159161
3248321412;159162
3248341821;159163
3248362230;159164
3248382639;159165
3248403048;159166
3248423457;159167
3248443866;159168
3248464274;159169
3248484684;159170
3248505092;159171
3248525505;159172
3248545910;159173
3248566319;159174
3248586728;159175
3248607137;159176
3248627546;159177
3248647955;159178
3248668364;159179
3248688772;159180
3248709182;159181
3248729590;159182
3248750000;159183
3248770408;159184
3248790817;159185
3248811226;159186
3248831635;159187
3248852045;159188
3248872453;159189
3248892862;159190
3248913271;159191
3248933680;159192
3248954088;159193
3248974498;159194
3248994906;159195
3249015315;159196
3249035724;159197
3249056133;159198
3249076543;159199
3249096951;159200
3249117360;159201
3249137773;159202
3249158178;159203
3249178587;159204
3249198996;159205
3249219404;159206
3249239814;159207
3249260222;159208
3249280631;159209
3249301040;159210
3249321449;159211
3249341859;159212
3249362267;159213
3249382676;159214
3249403085;159215
3249423494;159216
3249443903;159217
3249464312;159218
3249484720;159219
3249505130;159220
3249525538;159221
3249545951;159222
3249566361;159223
3249586765;159224
3249607175;159225
3249627583;159226
3249647992;159227
3249668401;159228
3249688810;159229
3249709218;159230
3249729628;159231
3249750036;159232
3249770446;159233
3249790855;159234
3249811263;159235
3249831673;159236
3249852081;159237
3249872491;159238
3249892899;159239
3249913308;159240
3249933717;159241
3249954130;159242
3249974538;159243
3249994944;159244
3250015352;159245
3250035761;159246
3250056171;159247
3250076579;159248
3250096989;159249
3250117397;159250
3250137806;159251
3250158219;159252
3250178624;159253
3250199033;159254
3250219442;159255
3250239850;159256
3250260260;159257
3250280669;159258
3250301077;159259
3250321487;159260
3250341895;159261
3250362305;159262
3250382717;159263
3250403122;159264
3250423531;159265
3250443940;159266
3250464348;159267
3250484758;159268
3250505167;159269
3250525576;159270
3250545985;159271
3250566393;159272
3250586803;159273
3250607211;159274
3250627621;159275
3250648029;159276
3250668438;159277
3250688847;159278
3250709256;159279
3250729664;159280
3250750074;159281
3250770483;159282
3250790891;159283
3250811301;159284
3250831709;159285
3250852119;159286
3250872527;159287
3250892936;159288
3250913345;159289
3250933754;159290
3250954163;159291
3250974572;159292
3250994981;159293
3251015390;159294
3251035803;159295
3251056208;159296
3251076617;159297
3251097025;159298
3251117435;159299
3251137843;159300
3251158252;159301
3251178661;159302
3251199074;159303
3251219480;159304
3251239888;159305
3251260301;159306
3251280706;159307
3251301115;159308
3251321523;159309
3251341933;159310
3251362341;159311
3251382751;159312
3251403159;159313
3251423568;159314
3251443977;159315
3251464386;159316
3251484795;159317
3251505204;159318
3251525613;159319
3251546022;159320
3251566431;159321
3251586839;159322
3251607249;159323
3251627657;159324
3251648066;159325
3251668475;159326
3251688884;159327
3251709298;159328
3251729706;159329
3251750111;159330
3251770520;159331
3251790929;159332
3251811337;159333
3251831747;159334
3251852155;159335
3251872565;159336
3251892973;159337
3251913382;159338
3251933792;159339
3251954200;159340
3251974610;159341
3251995018;159342
3252015427;159343
3252035836;159344
3252056245;159345
3252076657;159346
3252097063;159347
3252117471;159348
3252137881;159349
3252158289;159350
3252178698;159351
3252199108;159352
3252219520;159353
3252239925;159354
3252260334;159355
3252280743;159356
3252301152;159357
3252321561;159358
3252341969;159359
3252362379;159360
3252382787;159361
3252403197;159362
3252423606;159363
3252444014;159364
3252464424;159365
3252484832;159366
3252505241;159367
3252525650;159368
3252546059;159369
3252566468;159370
3252586877;159371
3252607285;159372
3252627695;159373
3252648104;159374
3252668512;159375
3252688922;159376
3252709334;159377
3252729740;159378
3252750148;159379
3252770557;159380
3252790966;159381
3252811375;159382
3252831783;159383
3252852193;159384
3252872601;159385
3252893011;159386
3252913420;159387
3252933828;159388
3252954238;159389
3252974646;159390
3252995059;159391
3253015464;159392
3253035873;159393
3253056282;159394
3253076691;159395
3253097099;159396
3253117509;159397
3253137922;159398
3253158330;159399
3253178736;159400
3253199144;159401
3253219554;159402
3253239962;159403
3253260375;159404
3253280780;159405
3253301189;159406
3253321598;159407
3253342007;159408
3253362416;159409
3253382825;159410
3253403234;159411
3253423643;159412
3253444052;159413
3253464460;159414
3253484870;159415
3253505278;159416
3253525687;159417
3253546096;159418
3253566505;159419
3253586913;159420
3253607323;159421
3253627732;159422
3253648141;159423
3253668550;159424
3253688958;159425
3253709368;159426
3253729776;159427
3253750186;159428
3253770594;159429
3253791003;159430
3253811412;159431
3253831821;159432
3253852230;159433
3253872639;159434
3253893048;159435
3253913457;159436
3253933866;159437
3253954274;159438
3253974684;159439
3253995096;159440
3254015502;159441
3254035910;159442
3254056319;159443
3254076729;159444
3254097137;159445
3254117546;159446
3254137955;159447
3254158364;159448
3254178777;159449
3254199182;159450
3254219590;159451
3254240000;159452
3254260408;159453
3254280818;159454
3254301226;159455
3254321635;159456
3254342045;159457
3254362453;159458
3254382862;159459
3254403271;159460
3254423680;159461
3254444089;159462
3254464498;159463
3254484906;159464
3254505316;159465
3254525724;159466
3254546133;159467
3254566543;159468
3254586951;159469
3254607361;159470
3254627769;159471
3254648178;159472
3254668587;159473
3254688996;159474
3254709404;159475
3254729814;159476
3254750222;159477
3254770632;159478
3254791041;159479
3254811449;159480
3254831859;159481
3254852267;159482
3254872676;159483
3254893085;159484
3254913494;159485
3254933903;159486
3254954312;159487
3254974720;159488
3254995130;159489
3255015538;159490
3255035947;159491
3255056357;159492
3255076765;159493
3255097175;159494
3255117583;159495
3255137992;159496
3255158401;159497
3255178814;159498
3255199219;159499
3255219628;159500
3255240036;159501
3255260446;159502
3255280855;159503
3255301263;159504
3255321673;159505
3255342081;159506
3255362491;159507
3255382899;159508
3255403308;159509
3255423717;159510
3255444126;159511
3255464538;159512
3255484944;159513
3255505353;159514
3255525762;159515
3255546171;159516
3255566579;159517
3255586989;159518
3255607397;159519
3255627807;159520
3255648215;159521
3255668624;159522
3255689033;159523
3255709442;159524
3255729850;159525
3255750260;159526
3255770669;159527
3255791078;159528
3255811487;159529
3255831895;159530
3255852305;159531
3255872713;159532
3255893122;159533
3255913531;159534
3255933944;159535
3255954349;159536
3255974758;159537
3255995167;159538
3256015576;159539
3256035989;159540
3256056394;159541
3256076803;159542
3256097211;159543
3256117621;159544
3256138029;159545
3256158438;159546
3256178847;159547
3256199256;159548
3256219666;159549
3256240074;159550
3256260483;159551
3256280892;159552
3256301301;159553
3256321709;159554
3256342119;159555
3256362527;159556
3256382941;159557
3256403349;159558
3256423754;159559
3256444163;159560
3256464572;159561
3256484982;159562
3256505390;159563
3256525803;159564
3256546208;159565
3256566617;159566
3256587025;159567
3256607435;159568
3256627843;159569
3256648253;159570
3256668661;159571
3256689070;159572
3256709480;159573
3256729888;159574
3256750297;159575
3256770706;159576
3256791115;159577
3256811524;159578
3256831937;159579
3256852341;159580
3256872751;159581
3256893159;159582
3256913568;159583
3256933978;159584
3256954386;159585
3256974796;159586
3256995204;159587
3257015613;159588
3257036026;159589
3257056431;159590
3257076839;159591
3257097249;159592
3257117657;159593
3257138067;159594
3257158475;159595
3257178884;159596
3257199294;159597
3257219702;159598
3257240115;159599
3257260520;159600
3257280933;159601
3257301338;159602
3257321747;159603
3257342155;159604
3257362560;159605
3257382968;159606
3257403378;159607
3257423787;159608
3257444195;159609
3257464605;159610
3257485013;159611
3257505422;159612
3257525831;159613
3257546240;159614
3257566649;159615
3257587058;159616
3257607466;159617
3257627876;159618
3257648284;159619
3257668693;159620
3257689102;159621
3257709511;159622
3257729920;159623
3257750329;159624
3257770738;159625
3257791147;159626
3257811556;159627
3257831965;159628
3257852374;159629
3257872782;159630
3257893192;159631
3257913600;159632
3257934009;159633
3257954418;159634
3257974827;159635
3257995235;159636
3258015645;159637
3258036053;159638
3258056463;159639
3258076872;159640
3258097284;159641
3258117690;159642
3258138098;159643
3258158511;159644
3258178916;159645
3258199325;159646
3258219734;159647
3258240143;159648
3258260551;159649
3258280961;159650
3258301369;159651
3258321779;159652
3258342187;159653
3258362596;159654
3258383006;159655
3258403414;159656
3258423824;159657
3258444232;159658
3258464641;159659
3258485050;159660
3258505463;159661
3258525867;159662
3258546277;159663
3258566685;159664
3258587095;159665
3258607503;159666
3258627912;159667
3258648321;159668
3258668730;159669
3258689139;159670
3258709548;159671
3258729957;159672
3258750366;159673
3258770775;159674
3258791183;159675
3258811593;159676
3258832001;159677
3258852410;159678
3258872819;159679
3258893228;159680
3258913637;159681
3258934046;159682
3258954454;159683
3258974864;159684
3258995273;159685
3259015682;159686
3259036091;159687
3259056499;159688
3259076909;159689
3259097317;159690
3259117726;159691
3259138135;159692
3259158544;159693
3259178953;159694
3259199362;159695
3259219770;159696
3259240184;159697
3259260588;159698
3259280997;159699
3259301407;159700
3259321815;159701
3259342225;159702
3259362637;159703
3259383042;159704
3259403451;159705
3259423864;159706
3259444268;159707
3259464678;159708
3259485086;159709
3259505496;159710
3259525904;159711
3259546313;159712
3259566722;159713
3259587131;159714
3259607539;159715
3259627949;159716
3259648358;159717
3259668767;159718
3259689176;159719
3259709584;159720
3259729994;159721
3259750402;159722
3259770812;159723
3259791220;159724
3259811629;159725
3259832038;159726
3259852447;159727
3259872855;159728
3259893269;159729
3259913673;159730
3259934083;159731
3259954492;159732
3259974900;159733
3259995310;159734
3260015718;159735
3260036131;159736
3260056536;159737
3260076945;159738
3260097354;159739
3260117763;159740
3260138171;159741
3260158581;159742
3260178993;159743
3260199398;159744
3260219807;159745
3260240220;159746
3260260626;159747
3260281034;159748
3260301443;159749
3260321852;159750
3260342261;159751
3260362669;159752
3260383079;159753
3260403487;159754
3260423897;159755
3260444305;159756
3260464714;159757
3260485123;159758
3260505532;159759
3260525941;159760
3260546350;159761
3260566759;159762
3260587168;159763
3260607577;159764
3260627985;159765
3260648395;159766
3260668803;159767
3260689213;159768
3260709621;159769
3260730030;159770
3260750439;159771
3260770852;159772
3260791256;159773
3260811666;159774
3260832074;159775
3260852484;159776
3260872893;159777
3260893301;159778
3260913711;159779
3260934119;159780
3260954528;159781
3260974937;159782
3260995346;159783
3261015755;159784
3261036164;159785
3261056572;159786
3261076982;159787
3261097390;159788
3261117799;159789
3261138208;159790
3261158617;159791
3261179027;159792
3261199435;159793
3261219844;159794
3261240253;159795
3261260662;159796
3261281071;159797
3261301480;159798
3261321888;159799
3261342298;159800
3261362706;159801
3261383115;159802
3261403524;159803
3261423933;159804
3261444342;159805
3261464751;159806
3261485163;159807
3261505573;159808
3261525978;159809
3261546386;159810
3261566796;159811
3261587204;159812
3261607614;159813
3261628022;159814
3261648431;159815
3261668840;159816
3261689253;159817
3261709657;159818
3261730067;159819
3261750475;159820
3261770885;159821
3261791293;159822
3261811702;159823
3261832112;159824
3261852520;159825
3261872929;159826
3261893338;159827
3261913747;159828
3261934156;159829
3261954565;159830
3261974973;159831
3261995383;159832
3262015791;159833
3262036201;159834
3262056609;159835
3262077018;159836
3262097427;159837
3262117836;159838
3262138245;159839
3262158654;159840
3262179063;159841
3262199472;159842
3262219881;159843
3262240289;159844
3262260699;159845
3262281107;159846
3262301520;159847
3262321925;159848
3262342334;159849
3262362743;159850
3262383152;159851
3262403560;159852
3262423970;159853
3262444379;159854
3262464788;159855
3262485201;159856
3262505605;159857
3262526015;159858
3262546423;159859
3262566836;159860
3262587241;159861
3262607650;159862
3262628058;159863
3262648468;159864
3262668876;159865
3262689286;159866
3262709694;159867
3262730103;159868
3262750513;159869
3262770921;159870
3262791331;159871
3262811739;159872
3262832148;159873
3262852557;159874
3262872966;159875
3262893374;159876
3262913788;159877
3262934192;159878
3262954602;159879
3262975014;159880
3262995423;159881
3263015828;159882
3263036237;159883
3263056646;159884
3263077059;159885
3263097464;159886
3263117873;159887
3263138282;159888
3263158690;159889
3263179100;159890
3263199512;159891
3263219917;159892
3263240326;159893
3263260735;159894
3263281144;159895
3263301557;159896
3263321961;159897
3263342371;159898
3263362780;159899
3263383189;159900
3263403602;159901
3263424006;159902
3263444420;159903
3263464824;159904
3263485233;159905
3263505642;159906
3263526051;159907
3263546460;159908
3263566869;159909
3263587277;159910
3263607687;159911
3263628095;159912
3263648504;159913
3263668913;159914
3263689322;159915
3263709732;159916
3263730144;159917
3263750549;159918
3263770958;159919
3263791367;159920
3263811775;159921
3263832185;159922
3263852593;159923
3263873003;159924
3263893411;159925
3263913820;159926
3263934233;159927
3263954638;159928
3263975047;159929
3263995456;159930
3264015869;159931
3264036274;159932
3264056683;159933
3264077091;159934
3264097501;159935
3264117909;159936
3264138319;159937
3264158727;159938
3264179136;159939
3264199549;159940
3264219958;159941
3264240363;159942
3264260772;159943
3264281180;159944
3264301590;159945
3264321999;159946
3264342407;159947
3264362817;159948
3264383225;159949
3264403634;159950
3264424043;159951
3264444452;159952
3264464861;159953
3264485270;159954
3264505678;159955
3264526088;159956
3264546496;159957
3264566905;159958
3264587314;159959
3264607723;159960
3264628133;159961
3264648541;159962
3264668950;159963
3264689359;159964
3264709768;159965
3264730177;159966
3264750590;159967
3264770994;159968
3264791404;159969
3264811812;159970
3264832222;159971
3264852630;159972
3264873039;159973
3264893448;159974
3264913861;159975
3264934266;159976
3264954675;159977
3264975084;159978
3264995492;159979
3265015902;159980
3265036310;159981
3265056720;159982
3265077128;159983
3265097537;159984
3265117946;159985
3265138355;159986
3265158764;159987
3265179173;159988
3265199581;159989
3265219991;159990
3265240400;159991
3265260808;159992
3265281218;159993
3265301626;159994
3265322036;159995
3265342444;159996
3265362853;159997
3265383262;159998
3265403675;159999
3265424079;160000
3265444489;160001
3265464897;160002
3265485311;160003
3265505715;160004
3265526124;160005
3265546533;160006
3265566942;160007
3265587352;160008
3265607760;160009
3265628169;160010
3265648578;160011
3265668987;160012
3265689395;160013
3265709805;160014
3265730213;160015
3265750622;160016
3265771031;160017
3265791440;160018
3265811849;160019
3265832258;160020
3265852666;160021
3265873076;160022
3265893489;160023
3265913894;160024
3265934303;160025
3265954711;160026
3265975121;160027
3265995529;160028
3266015942;160029
3266036347;160030
3266056756;160031
3266077165;160032
3266097574;160033
3266117982;160034
3266138392;160035
3266158800;160036
3266179210;160037
3266199619;160038
3266220027;160039
3266240437;160040
3266260845;160041
3266281254;160042
3266301663;160043
3266322072;160044
3266342481;160045
3266362890;160046
3266383298;160047
3266403708;160048
3266424116;160049
3266444526;160050
3266464934;160051
3266485343;160052
3266505753;160053
3266526161;160054
3266546570;160055
3266566979;160056
3266587388;160057
3266607800;160058
3266628206;160059
3266648614;160060
3266669024;160061
3266689432;160062
3266709841;160063
3266730250;160064
3266750659;160065
3266771068;160066
3266791477;160067
3266811886;160068
3266832295;160069
3266852704;160070
3266873113;160071
3266893526;160072
3266913930;160073
3266934340;160074
3266954748;160075
3266975157;160076
3266995566;160077
3267015975;160078
3267036383;160079
3267056793;160080
3267077201;160081
3267097611;160082
3267118020;160083
3267138428;160084
3267158838;160085
3267179246;160086
3267199659;160087
3267220068;160088
3267240473;160089
3267260882;160090
3267281291;160091
3267301703;160092
3267322109;160093
3267342517;160094
3267362974;160095
3267383383;160096
3267403791;160097
3267424201;160098
3267444613;160099
3267465022;160100
3267485432;160101
3267505840;160102
3267526246;160103
3267546655;160104
3267567063;160105
3267587473;160106
3267607882;160107
3267628291;160108
3267648700;160109
3267669108;160110
3267689518;160111
3267709927;160112
3267730335;160113
3267750745;160114
3267771154;160115
3267791563;160116
3267811972;160117
3267832380;160118
3267852790;160119
3267873199;160120
3267893607;160121
3267914017;160122
3267934426;160123
3267954835;160124
3267975244;160125
3267995652;160126
3268016066;160127
3268036471;160128
3268056879;160129
3268077289;160130
3268097702;160131
3268118107;160132
3268138520;160133
3268158924;160134
3268179334;160135
3268199743;160136
3268220151;160137
3268240561;160138
3268260974;160139
3268281379;160140
3268301788;160141
3268322201;160142
3268342606;160143
3268363019;160144
3268383424;160145
3268403833;160146
3268424242;160147
3268444651;160148
3268465060;160149
3268485469;160150
3268505878;160151
3268526287;160152
3268546696;160153
3268567105;160154
3268587514;160155
3268607923;160156
3268628332;160157
3268648741;160158
3268669150;160159
3268689563;160160
3268709968;160161
3268730381;160162
3268750786;160163
3268771195;160164
3268791604;160165
3268812017;160166
3268832422;160167
3268852831;160168
3268873240;160169
3268893649;160170
3268914058;160171
3268934467;160172
3268954876;160173
3268975286;160174
3268995694;160175
3269016103;160176
3269036517;160177
3269056925;160178
3269077330;160179
3269097743;160180
3269118152;160181
3269138558;160182
3269158970;160183
3269179375;160184
3269199785;160185
3269220193;160186
3269240602;160187
3269261015;160188
3269281420;160189
3269301830;160190
3269322242;160191
3269342647;160192
3269363057;160193
3269383465;160194
3269403874;160195
3269424283;160196
3269444692;160197
3269465102;160198
3269485510;160199
3269505919;160200
3269526329;160201
3269546737;160202
3269567147;160203
3269587559;160204
3269607968;160205
3269628374;160206
3269648782;160207
3269669191;160208
3269689601;160209
3269710009;160210
3269730423;160211
3269750828;160212
3269771236;160213
3269791646;160214
3269812054;160215
3269832463;160216
3269852873;160217
3269873281;160218
3269893695;160219
3269914100;160220
3269934508;160221
3269954918;160222
3269975326;160223
3269995735;160224
3270016145;160225
3270036553;160226
3270056963;160227
3270077372;160228
3270097780;160229
3270118190;160230
3270138598;160231
3270159008;160232
3270179417;160233
3270199825;160234
3270220239;160235
3270240644;160236
3270261052;160237
3270281462;160238
3270301870;160239
3270322279;160240
3270342689;160241
3270363097;160242
3270383507;160243
3270403916;160244
3270424324;160245
3270444734;160246
3270465143;160247
3270485552;160248
3270505961;160249
3270526373;160250
3270546779;160251
3270567188;160252
3270587596;160253
3270608006;160254
3270628415;160255
3270648824;160256
3270669233;160257
3270689641;160258
3270710051;160259
3270730460;160260
3270750868;160261
3270771278;160262
3270791687;160263
3270812096;160264
3270832505;160265
3270852913;160266
3270873323;160267
3270893732;160268
3270914141;160269
3270934550;160270
3270954959;160271
3270975368;160272
3270995777;160273
3271016185;160274
3271036595;160275
3271057004;160276
3271077413;160277
3271097822;160278
3271118231;160279
3271138640;160280
3271159049;160281
3271179458;160282
3271199867;160283
3271220276;160284
3271240685;160285
3271261094;160286
3271281507;160287
3271301912;160288
3271322321;160289
3271342731;160290
3271363139;160291
3271383548;160292
3271403957;160293
3271424366;160294
3271444775;160295
3271465184;160296
3271485593;160297
3271506002;160298
3271526411;160299
3271546820;160300
