3231976026;158361
3231996439;158362
3232016844;158363
3232037253;158364
3232057665;158365
3232078071;158366
3232098484;158367
3232118889;158368
3232139298;158369
3232159706;158370
3232180116;158371
3232200524;158372
3232220934;158373
3232241342;158374
3232261751;158375
3232282160;158376
3232302569;158377
3232322977;158378
3232343387;158379
3232363795;158380
3232384205;158381
3232404614;158382
3232425026;158383
3232445432;158384
3232465840;158385
3232486250;158386
3232506658;158387
3232527071;158388
3232547476;158389
3232567885;158390
3232588298;158391
3232608707;158392
3232629111;158393
3232649521;158394
3232669930;158395
3232690339;158396
3232710748;158397
3232731160;158398
3232751570;158399
3232771974;158400
3232792384;158401
3232812792;158402
3232833201;158403
3232853610;158404
3232874019;158405
3232894427;158406
3232914837;158407
3232935246;158408
3232955655;158409
3232976068;158410
3232996472;158411
3233016886;158412
3233037294;158413
3233057700;158414
3233078108;158415
3233098517;158416
3233118926;158417
3233139335;158418
3233159744;158419
3233180153;158420
3233200561;158421
3233220971;158422
3233241380;158423
3233261789;158424
3233282198;158425
3233302606;158426
3233323016;158427
3233343424;158428
3233363834;158429
3233384242;158430
3233404651;158431
3233425060;158432
3233445469;158433
3233465877;158434
3233486287;158435
3233506696;158436
3233527105;158437
3233547514;158438
3233567922;158439
3233588332;158440
3233608744;158441
3233629150;158442
3233649558;158443
3233669971;158444
3233690376;158445
3233710785;158446
3233731194;158447
3233751603;158448
3233772012;158449
3233792421;158450
3233812830;158451
3233833239;158452
3233853652;158453
3233874056;158454
3233894466;158455
3233914874;158456
3233935284;158457
3233955692;158458
3233976105;158459
3233996510;158460
3234016919;158461
3234037328;158462
3234057737;158463
3234078146;158464
3234098555;158465
3234118964;158466
3234139373;158467
3234159782;158468
3234180190;158469
3234200599;158470
3234221008;158471
3234241418;158472
3234261826;158473
3234282235;158474
3234302644;158475
3234323053;158476
3234343462;158477
3234363871;158478
3234384284;158479
3234404689;158480
3234425098;158481
3234445506;158482
3234465916;158483
3234486324;158484
3234506734;158485
3234527142;158486
3234547551;158487
3234567960;158488
3234588369;158489
3234608779;158490
3234629187;158491
3234649596;158492
3234670005;158493
3234690414;158494
3234710823;158495
3234731232;158496
3234751640;158497
3234772050;158498
3234792458;158499
3234812867;158500
3234833276;158501
3234853685;158502
3234874095;158503
3234894503;158504
3234914913;158505
3234935321;158506
3234955734;158507
3234976143;158508
3234996548;158509
3235016956;158510
3235037366;158511
3235057774;158512
3235078184;158513
3235098592;158514
3235119002;158515
3235139410;158516
3235159819;158517
3235180229;158518
3235200637;158519
3235221046;158520
3235241455;158521
3235261864;158522
3235282273;158523
3235302682;158524
3235323094;158525
3235343500;158526
3235363908;158527
3235384318;158528
3235404726;158529
3235425135;158530
3235445545;158531
3235465953;158532
3235486363;158533
3235506775;158534
3235527180;158535
3235547589;158536
3235567998;158537
3235588407;158538
3235608820;158539
3235629228;158540
3235649634;158541
3235670042;158542
3235690452;158543
3235710865;158544
3235731269;158545
3235751679;158546
3235772087;158547
3235792496;158548
3235812909;158549
3235833314;158550
3235853723;158551
3235874132;158552
3235894540;158553
3235914950;158554
3235935358;158555
3235955768;158556
3235976180;158557
3235996585;158558
3236016995;158559
3236037403;158560
3236057813;158561
3236078221;158562
3236098630;158563
3236119039;158564
3236139448;158565
3236159856;158566
3236180266;158567
3236200674;158568
3236221084;158569
3236241496;158570
3236261902;158571
3236282311;158572
3236302719;158573
3236323133;158574
3236343541;158575
3236363946;158576
3236384359;158577
3236404764;158578
3236425173;158579
3236445582;158580
3236465990;158581
3236486400;158582
3236506808;158583
3236527218;158584
3236547627;158585
3236568036;158586
3236588445;158587
3236608857;158588
3236629263;158589
3236649670;158590
3236670080;158591
3236690489;158592
3236710898;158593
3236731307;158594
3236751716;158595
3236772124;158596
3236792534;158597
3236812942;158598
3236833352;158599
3236853765;158600
3236874169;158601
3236894579;158602
3236914987;158603
3236935397;158604
3236955809;158605
3236976214;158606
3236996627;158607
3237017036;158608
3237037441;158609
3237057850;158610
3237078258;158611
3237098668;158612
3237119077;158613
3237139485;158614
3237159899;158615
3237180303;158616
3237200713;158617
3237221121;158618
3237241530;158619
3237261939;158620
3237282348;158621
3237302757;158622
3237323166;158623
3237343574;158624
3237364015;158625
3237384428;158626
3237404833;158627
3237425242;158628
3237445654;158629
3237466060;158630
3237486469;158631
3237506878;158632
3237527287;158633
3237547695;158634
3237568109;158635
3237588514;158636
3237608923;158637
3237629332;158638
3237649740;158639
3237670150;158640
3237690559;158641
3237710968;158642
3237731377;158643
3237751785;158644
3237772195;158645
3237792604;158646
3237813012;158647
3237833422;158648
3237853830;158649
3237874240;158650
3237894649;158651
3237915057;158652
3237935467;158653
3237955875;158654
3237976285;158655
3237996698;158656
3238017106;158657
3238037512;158658
3238057920;158659
3238078334;158660
3238098739;158661
3238119147;158662
3238139557;158663
3238159965;158664
3238180375;158665
3238200784;158666
3238221192;158667
3238241602;158668
3238262010;158669
3238282424;158670
3238302829;158671
3238323237;158672
3238343647;158673
3238364055;158674
3238384464;158675
3238404874;158676
3238425282;158677
3238445692;158678
3238466100;158679
3238486509;158680
3238506923;158681
3238527327;158682
3238547737;158683
3238568145;158684
3238588554;158685
3238608964;158686
3238629372;158687
3238649786;158688
3238670194;158689
3238690603;158690
3238711009;158691
3238731417;158692
3238751831;158693
3238772239;158694
3238792644;158695
3238813054;158696
3238833462;158697
3238853876;158698
3238874280;158699
3238894689;158700
3238915099;158701
3238935507;158702
3238955917;158703
3238976325;158704
3238996734;158705
3239017144;158706
3239037552;158707
3239057962;158708
3239078370;158709
3239098779;158710
3239119189;158711
3239139601;158712
3239160006;158713
3239180415;158714
3239200824;158715
3239221234;158716
3239241642;158717
3239262052;158718
3239282460;158719
3239302869;158720
3239323279;158721
3239343687;158722
3239364096;158723
3239384505;158724
3239404914;158725
3239425324;158726
3239445736;158727
3239466145;158728
3239486550;158729
3239506959;158730
3239527373;158731
3239547781;158732
3239568186;158733
3239588595;158734
3239609004;158735
3239629414;158736
3239649826;158737
3239670231;158738
3239690640;158739
3239711049;158740
3239731459;158741
3239751867;158742
3239772276;158743
3239792685;158744
3239813094;158745
3239833504;158746
3239853912;158747
3239874321;158748
3239894730;158749
3239915139;158750
3239935549;158751
3239955957;158752
3239976366;158753
3239996775;158754
3240017188;158755
3240037593;158756
3240058002;158757
3240078411;158758
3240098820;158759
3240119229;158760
3240139638;158761
3240160047;158762
3240180456;158763
3240200865;158764
3240221274;158765
3240241683;158766
3240262092;158767
3240282501;158768
3240302910;158769
3240323319;158770
3240343732;158771
3240364137;158772
3240384546;158773
3240404955;158774
3240425364;158775
3240445773;158776
3240466182;158777
3240486591;158778
3240507000;158779
3240527413;158780
3240547822;158781
3240568227;158782
3240588636;158783
3240609048;158784
3240629454;158785
3240649863;158786
3240670272;158787
3240690681;158788
3240711090;158789
3240731499;158790
3240751908;158791
3240772317;158792
3240792726;158793
3240813134;158794
3240833548;158795
3240853953;158796
3240874362;158797
3240894775;158798
3240915179;158799
3240935589;158800
3240955998;158801
3240976407;158802
3240996816;158803
3241017224;158804
3241037634;158805
3241058043;158806
3241078452;158807
3241098861;158808
3241119269;158809
3241139679;158810
3241160088;158811
3241180497;158812
3241200906;158813
3241221314;158814
3241241724;158815
3241262133;158816
3241282542;158817
3241302955;158818
3241323363;158819
3241343769;158820
3241364178;158821
3241384586;158822
3241404996;158823
3241425404;158824
3241445814;158825
3241466223;158826
3241486631;158827
3241507041;158828
3241527449;158829
3241547859;158830
3241568268;158831
3241588676;158832
3241609086;158833
3241629494;158834
3241649904;158835
3241670313;158836
3241690721;158837
3241711131;158838
3241731543;158839
3241751949;158840
3241772358;158841
3241792766;158842
3241813176;158843
3241833584;158844
3241853997;158845
3241874403;158846
3241894811;158847
3241915221;158848
3241935629;158849
3241956039;158850
3241976448;158851
3241996856;158852
3242017270;158853
3242037674;158854
3242058083;158855
3242078493;158856
3242098901;158857
3242119315;158858
3242139723;158859
3242160128;158860
3242180538;158861
3242200946;158862
3242221356;158863
3242241764;158864
3242262173;158865
3242282583;158866
3242302991;158867
3242323401;158868
3242343809;158869
3242364218;158870
3242384632;158871
3242405036;158872
3242425446;158873
3242445854;158874
3242466263;158875
3242486677;158876
3242507081;158877
3242527491;158878
3242547899;158879
3242568308;158880
3242588722;158881
3242609126;158882
3242629535;158883
3242649944;158884
3242670353;158885
3242690763;158886
3242711171;158887
3242731581;158888
3242751989;158889
3242772398;158890
3242792808;158891
3242813216;158892
3242833625;158893
3242854034;158894
3242874443;158895
3242894853;158896
3242915261;158897
3242935670;158898
3242956079;158899
3242976488;158900
3242996898;158901
3243017310;158902
3243037715;158903
3243058124;158904
3243078533;158905
3243098943;158906
3243119351;158907
3243139760;158908
3243160169;158909
3243180578;158910
3243200988;158911
3243221396;158912
3243241805;158913
3243262218;158914
3243282627;158915
3243303033;158916
3243323441;158917
3243343850;158918
3243364259;158919
3243384668;158920
3243405078;158921
3243425486;158922
3243445895;158923
3243466304;158924
3243486717;158925
3243507123;158926
3243527535;158927
3243547944;158928
3243568349;158929
3243588762;158930
3243609168;158931
3243629576;158932
3243649985;158933
3243670394;158934
3243690803;158935
3243711212;158936
3243731621;158937
3243752030;158938
3243772439;158939
3243792848;158940
3243813261;158941
3243833666;158942
3243854079;158943
3243874488;158944
3243894893;158945
3243915302;158946
3243935715;158947
3243956120;158948
3243976529;158949
3243996938;158950
3244017347;158951
3244037756;158952
3244058165;158953
3244078573;158954
3244098983;158955
3244119396;158956
3244139801;158957
3244160210;158958
3244180619;158959
3244201028;158960
3244221437;158961
3244241846;158962
3244262259;158963
3244282663;158964
3244303073;158965
3244323482;158966
3244343891;158967
3244364300;158968
3244384708;158969
3244405118;158970
3244425527;158971
3244445940;158972
3244466349;158973
3244486753;158974
3244507163;158975
3244527572;158976
3244547981;158977
3244568390;158978
3244588798;158979
3244609208;158980
3244629617;158981
3244650029;158982
3244670435;158983
3244690843;158984
3244711253;158985
3244731662;158986
3244752071;158987
3244772480;158988
3244792888;158989
3244813302;158990
3244833707;158991
3244854116;158992
3244874525;158993
3244894937;158994
3244915343;158995
3244935752;158996
3244956160;158997
3244976570;158998
3244996982;158999
3245017388;159000
3245037801;159001
3245058205;159002
3245078615;159003
3245099023;159004
3245119433;159005
3245139842;159006
3245160254;159007
3245180660;159008
3245201068;159009
3245221481;159010
3245241887;159011
3245262299;159012
3245282705;159013
3245303113;159014
3245323526;159015
3245343932;159016
3245364340;159017
3245384750;159018
3245405158;159019
3245425571;159020
3245445977;159021
3245466385;159022
3245486799;159023
3245507203;159024
3245527612;159025
3245548022;159026
3245568430;159027
3245588840;159028
3245609248;159029
3245629661;159030
3245650067;159031
3245670475;159032
3245690885;159033
3245711293;159034
3245731702;159035
3245752112;159036
3245772524;159037
3245792930;159038
3245813342;159039
3245833747;159040
3245854157;159041
3245874565;159042
3245894975;159043
3245915383;159044
3245935792;159045
3245956202;159046
3245976610;159047
3245997020;159048
3246017428;159049
3246037837;159050
3246058247;159051
3246078655;159052
3246099068;159053
3246119473;159054
3246139886;159055
3246160296;159056
3246180704;159057
3246201110;159058
3246221518;159059
3246241931;159060
3246262337;159061
3246282745;159062
3246303154;159063
3246323563;159064
3246343972;159065
3246364386;159066
3246384790;159067
3246405199;159068
3246425608;159069
3246446017;159070
3246466427;159071
3246486835;159072
3246507244;159073
3246527653;159074
3246548062;159075
3246568472;159076
3246588880;159077
3246609289;159078
3246629698;159079
3246650107;159080
3246670517;159081
3246690925;159082
3246711338;159083
3246731743;159084
3246752152;159085
3246772562;159086
3246792970;159087
3246813383;159088
3246833792;159089
3246854197;159090
3246874606;159091
3246895015;159092
3246915424;159093
3246935837;159094
3246956246;159095
3246976651;159096
3246997064;159097
3247017469;159098
3247037878;159099
3247058287;159100
3247078696;159101
3247099105;159102
3247119514;159103
3247139923;159104
3247160332;159105
3247180741;159106
3247201150;159107
3247221559;159108
3247241968;159109
3247262381;159110
3247282786;159111
3247303195;159112
3247323604;159113
3247344013;159114
3247364394;159115
3247384803;159116
3247405212;159117
3247425625;159118
3247446030;159119
3247466439;159120
3247486847;159121
3247507257;159122
3247527669;159123
3247548074;159124
3247568483;159125
3247588892;159126
3247609301;159127
3247629714;159128
3247650119;159129
3247670528;159130
3247690937;159131
3247711346;159132
3247731759;159133
3247752163;159134
3247772573;159135
3247792981;159136
3247813391;159137
3247833803;159138
3247854208;159139
3247874622;159140
3247895026;159141
3247915436;159142
3247935844;159143
3247956253;159144
3247976662;159145
3247997071;159146
3248017480;159147
3248037889;159148
3248058297;159149
3248078707;159150
3248099116;159151
3248119525;159152
3248139934;159153
3248160342;159154
3248180756;159155
3248201160;159156
3248221569;159157
3248241978;159158
3248262387;159159
3248282796;159160
3248303205;159161
3248323613;159162
3248344023;159163
3248364432;159164
3248384841;159165
3248405250;159166
3248425658;159167
3248446068;159168
3248466480;159169
3248486890;159170
3248507294;159171
3248527703;159172
3248548112;159173
3248568525;159174
3248588935;159175
3248609343;159176
3248629748;159177
3248650157;159178
3248670570;159179
3248690979;159180
3248711384;159181
3248731792;159182
3248752202;159183
3248772614;159184
3248793020;159185
3248813429;159186
3248833841;159187
3248854247;159188
3248874659;159189
3248895068;159190
3248915473;159191
3248935882;159192
3248956291;159193
3248976700;159194
3248997109;159195
3249017518;159196
3249037930;159197
3249058340;159198
3249078745;159199
3249099153;159200
3249119563;159201
3249139971;159202
3249160381;159203
3249180789;159204
3249201198;159205
3249221607;159206
3249242016;159207
3249262425;159208
3249282838;159209
3249303247;159210
3249323652;159211
3249344061;159212
3249364470;159213
3249384879;159214
3249405291;159215
3249425701;159216
3249446109;159217
3249466515;159218
3249486923;159219
3249507332;159220
3249527742;159221
3249548150;159222
3249568560;159223
3249588968;159224
3249609381;159225
3249629786;159226
3249650195;159227
3249670603;159228
3249691017;159229
3249711421;159230
3249731831;159231
3249752239;159232
3249772652;159233
3249793058;159234
3249813466;159235
3249833880;159236
3249854284;159237
3249874694;159238
3249895106;159239
3249915511;159240
3249935920;159241
3249956329;159242
3249976737;159243
3249997147;159244
3250017556;159245
3250037965;159246
3250058374;159247
3250078782;159248
3250099192;159249
3250119600;159250
3250140010;159251
3250160422;159252
3250180831;159253
3250201236;159254
3250221645;159255
3250242055;159256
3250262463;159257
3250282872;159258
3250303281;159259
3250323690;159260
3250344099;159261
3250364508;159262
3250384916;159263
3250405326;159264
3250425734;159265
3250446143;159266
3250466552;159267
3250486965;159268
3250507371;159269
3250527783;159270
3250548192;159271
3250568601;159272
3250589006;159273
3250609415;159274
3250629824;159275
3250650232;159276
3250670642;159277
3250691050;159278
3250711460;159279
3250731869;159280
3250752277;159281
3250772687;159282
3250793095;159283
3250813505;159284
3250833913;159285
3250854322;159286
3250874731;159287
3250895140;159288
3250915549;159289
3250935958;159290
3250956367;159291
3250976776;159292
3250997185;159293
3251017598;159294
3251038007;159295
3251058415;159296
3251078825;159297
3251099229;159298
3251119638;159299
3251140047;159300
3251160456;159301
3251180865;159302
3251201278;159303
3251221684;159304
3251242092;159305
3251262501;159306
3251282910;159307
3251303323;159308
3251323727;159309
3251344137;159310
3251364545;159311
3251384955;159312
3251405363;159313
3251425772;159314
3251446186;159315
3251466594;159316
3251487003;159317
3251507412;159318
3251527817;159319
3251548226;159320
3251568639;159321
3251589044;159322
3251609457;159323
3251629865;159324
3251650271;159325
3251670680;159326
3251691092;159327
3251711498;159328
3251731910;159329
3251752316;159330
3251772724;159331
3251793133;159332
3251813542;159333
3251833951;159334
3251854360;159335
3251874773;159336
3251895177;159337
3251915587;159338
3251936000;159339
3251956405;159340
3251976814;159341
3251997222;159342
3252017632;159343
3252038040;159344
3252058453;159345
3252078862;159346
3252099267;159347
3252119676;159348
3252140089;159349
3252160495;159350
3252180903;159351
3252201312;159352
3252221721;159353
3252242130;159354
3252262539;159355
3252282948;159356
3252303356;159357
3252323766;159358
3252344178;159359
3252364587;159360
3252384997;159361
3252405401;159362
3252425811;159363
3252446223;159364
3252466628;159365
3252487041;159366
3252507446;159367
3252527855;159368
3252548264;159369
3252568672;159370
3252589082;159371
3252609490;159372
3252629900;159373
3252650309;159374
3252670717;159375
3252691127;159376
3252711539;159377
3252731945;159378
3252752353;159379
3252772762;159380
3252793171;159381
3252813580;159382
3252833989;159383
3252854398;159384
3252874807;159385
3252895216;159386
3252915625;159387
3252936034;159388
3252956443;159389
3252976851;159390
3252997261;159391
3253017669;159392
3253038079;159393
3253058487;159394
3253078896;159395
3253099306;159396
3253119714;159397
3253140123;159398
3253160532;159399
3253180941;159400
3253201350;159401
3253221759;159402
3253242171;159403
3253262577;159404
3253282985;159405
3253303395;159406
3253323803;159407
3253344212;159408
3253364626;159409
3253385030;159410
3253405440;159411
3253425848;159412
3253446257;159413
3253466666;159414
3253487075;159415
3253507484;159416
3253527893;159417
3253548305;159418
3253568711;159419
3253589120;159420
3253609529;159421
3253629938;159422
3253650350;159423
3253670760;159424
3253691164;159425
3253711574;159426
3253731982;159427
3253752391;159428
3253772800;159429
3253793209;159430
3253813618;159431
3253834031;159432
3253854436;159433
3253874845;159434
3253895254;159435
3253915666;159436
3253936072;159437
3253956480;159438
3253976890;159439
3253997298;159440
3254017707;159441
3254038116;159442
3254058525;159443
3254078935;159444
3254099343;159445
3254119752;159446
3254140161;159447
3254160570;159448
3254180979;159449
3254201388;159450
3254221796;159451
3254242206;159452
3254262614;159453
3254283024;159454
3254303433;159455
3254323841;159456
3254344251;159457
3254364659;159458
3254385069;159459
3254405477;159460
3254425886;159461
3254446295;159462
3254466704;159463
3254487112;159464
3254507522;159465
3254527931;159466
3254548340;159467
3254568749;159468
3254589158;159469
3254609567;159470
3254629975;159471
3254650385;159472
3254670793;159473
3254691202;159474
3254711615;159475
3254732024;159476
3254752429;159477
3254772838;159478
3254793247;159479
3254813656;159480
3254834065;159481
3254854474;159482
3254874883;159483
3254895291;159484
3254915701;159485
3254936113;159486
3254956519;159487
3254976927;159488
3254997336;159489
3255017746;159490
3255038154;159491
3255058563;159492
3255078972;159493
3255099381;159494
3255119790;159495
3255140199;159496
3255160607;159497
3255181017;159498
3255201425;159499
3255221835;159500
3255242244;159501
3255262652;159502
3255283062;159503
3255303470;159504
3255323880;159505
3255344288;159506
3255364697;159507
3255385106;159508
3255405515;159509
3255425924;159510
3255446333;159511
3255466741;159512
3255487151;159513
3255507560;159514
3255527972;159515
3255548378;159516
3255568786;159517
3255589196;159518
3255609604;159519
3255630017;159520
3255650422;159521
3255670831;159522
3255691240;159523
3255711649;159524
3255732058;159525
3255752467;159526
3255772876;159527
3255793285;159528
3255813694;159529
3255834102;159530
3255854512;159531
3255874920;159532
3255895330;159533
3255915742;159534
3255936147;159535
3255956557;159536
3255976965;159537
3255997375;159538
3256017783;159539
3256038192;159540
3256058601;159541
3256079010;159542
3256099419;159543
3256119828;159544
3256140236;159545
3256160646;159546
3256181054;159547
3256201464;159548
3256221873;159549
3256242281;159550
3256262691;159551
3256283099;159552
3256303509;159553
3256323921;159554
3256344326;159555
3256364735;159556
3256385144;159557
3256405553;159558
3256425962;159559
3256446375;159560
3256466780;159561
3256487189;159562
3256507598;159563
3256528007;159564
3256548415;159565
3256568829;159566
3256589233;159567
3256609642;159568
3256630051;159569
3256650460;159570
3256670870;159571
3256691278;159572
3256711687;159573
3256732096;159574
3256752505;159575
3256772914;159576
3256793323;159577
3256813731;159578
3256834141;159579
3256854549;159580
3256874959;159581
3256895367;159582
3256915776;159583
3256936186;159584
3256956594;159585
3256977004;159586
3256997412;159587
3257017825;159588
3257038234;159589
3257058639;159590
3257079048;159591
3257099457;159592
3257119865;159593
3257140275;159594
3257160684;159595
3257181093;159596
3257201502;159597
3257221910;159598
3257242320;159599
3257262728;159600
3257283137;159601
3257303546;159602
3257323955;159603
3257344364;159604
3257364772;159605
3257385176;159606
3257405586;159607
3257425995;159608
3257446404;159609
3257466813;159610
3257487221;159611
3257507631;159612
3257528039;159613
3257548449;159614
3257568857;159615
3257589266;159616
3257609675;159617
3257630084;159618
3257650493;159619
3257670902;159620
3257691314;159621
3257711724;159622
3257732129;159623
3257752538;159624
3257772947;159625
3257793355;159626
3257813765;159627
3257834173;159628
3257854583;159629
3257874991;159630
3257895400;159631
3257915809;159632
3257936218;159633
3257956627;159634
3257977036;159635
3257997444;159636
3258017854;159637
3258038267;159638
3258058675;159639
3258079081;159640
3258099489;159641
3258119899;159642
3258140307;159643
3258160716;159644
3258181125;159645
3258201534;159646
3258221943;159647
3258242352;159648
3258262760;159649
3258283170;159650
3258303578;159651
3258323988;159652
3258344401;159653
3258364805;159654
3258385215;159655
3258405623;159656
3258426033;159657
3258446445;159658
3258466850;159659
3258487259;159660
3258507672;159661
3258528076;159662
3258548486;159663
3258568894;159664
3258589304;159665
3258609712;159666
3258630121;159667
3258650535;159668
3258670939;159669
3258691349;159670
3258711757;159671
3258732166;159672
3258752575;159673
3258772984;159674
3258793393;159675
3258813802;159676
3258834214;159677
3258854620;159678
3258875028;159679
3258895438;159680
3258915850;159681
3258936255;159682
3258956665;159683
3258977073;159684
3258997483;159685
3259017891;159686
3259038300;159687
3259058709;159688
3259079118;159689
3259099526;159690
3259119936;159691
3259140348;159692
3259160754;159693
3259181162;159694
3259201571;159695
3259221980;159696
3259242389;159697
3259262798;159698
3259283211;159699
3259303620;159700
3259324025;159701
3259344434;159702
3259364843;159703
3259385252;159704
3259405660;159705
3259426070;159706
3259446478;159707
3259466888;159708
3259487296;159709
3259507705;159710
3259528114;159711
3259548523;159712
3259568932;159713
3259589345;159714
3259609754;159715
3259630163;159716
3259650568;159717
3259670977;159718
3259691386;159719
3259711798;159720
3259732204;159721
3259752612;159722
3259773025;159723
3259793430;159724
3259813839;159725
3259834248;159726
3259854657;159727
3259875069;159728
3259895475;159729
3259915884;159730
3259936296;159731
3259956702;159732
3259977110;159733
3259997520;159734
3260017928;159735
3260038338;159736
3260058750;159737
3260079155;159738
3260099564;159739
3260119977;159740
3260140382;159741
3260160791;159742
3260181199;159743
3260201613;159744
3260222022;159745
3260242427;159746
3260262836;159747
3260283244;159748
3260303654;159749
3260324062;159750
3260344471;159751
3260364884;159752
3260385289;159753
3260405698;159754
3260426111;159755
3260446515;159756
3260466925;159757
3260487333;159758
3260507747;159759
3260528156;159760
3260548560;159761
3260568970;159762
3260589378;159763
3260609791;159764
3260630196;159765
3260650609;159766
3260671014;159767
3260691423;159768
3260711832;159769
3260732241;159770
3260752649;159771
3260773059;159772
3260793467;159773
3260813880;159774
3260834286;159775
3260854698;159776
3260875104;159777
3260895512;159778
3260915921;159779
3260936330;159780
3260956739;159781
3260977148;159782
3260997557;159783
3261017965;159784
3261038375;159785
3261058787;159786
3261079193;159787
3261099601;159788
3261120010;159789
3261140420;159790
3261160828;159791
3261181238;159792
3261201646;159793
3261222055;159794
3261242464;159795
3261262873;159796
3261283282;159797
3261303695;159798
3261324099;159799
3261344509;159800
3261364917;159801
3261385327;159802
3261405735;159803
3261426144;159804
3261446553;159805
3261466962;159806
3261487372;159807
3261507780;159808
3261528189;159809
3261548598;159810
3261569007;159811
3261589415;159812
3261609829;159813
3261630233;159814
3261650647;159815
3261671051;159816
3261691460;159817
3261711869;159818
3261732282;159819
3261752687;159820
3261773100;159821
3261793505;159822
3261813918;159823
3261834323;159824
3261854732;159825
3261875145;159826
3261895549;159827
3261915963;159828
3261936367;159829
3261956776;159830
3261977185;159831
3261997594;159832
3262018007;159833
3262038412;159834
3262058824;159835
3262079230;159836
3262099639;159837
3262120052;159838
3262140457;159839
3262160865;159840
3262181275;159841
3262201683;159842
3262222096;159843
3262242501;159844
3262262910;159845
3262283319;159846
3262303728;159847
3262324137;159848
3262344546;159849
3262364958;159850
3262385364;159851
3262405773;159852
3262426182;159853
3262446591;159854
3262466999;159855
3262487409;159856
3262507817;159857
3262528227;159858
3262548635;159859
3262569048;159860
3262589453;159861
3262609866;159862
3262630274;159863
3262650680;159864
3262671088;159865
3262691502;159866
3262711907;159867
3262732315;159868
3262752725;159869
3262773133;159870
3262793547;159871
3262813951;159872
3262834364;159873
3262854769;159874
3262875178;159875
3262895587;159876
3262915996;159877
3262936404;159878
3262956814;159879
3262977222;159880
3262997635;159881
3263018041;159882
3263038449;159883
3263058859;159884
3263079267;159885
3263099677;159886
3263120085;159887
3263140494;159888
3263160903;159889
3263181316;159890
3263201724;159891
3263222130;159892
3263242538;159893
3263262948;159894
3263283356;159895
3263303765;159896
3263324174;159897
3263344583;159898
3263364993;159899
3263385401;159900
3263405810;159901
3263426219;159902
3263446628;159903
3263467037;159904
3263487446;159905
3263507854;159906
3263528264;159907
3263548672;159908
3263569082;159909
3263589490;159910
3263609899;159911
3263630308;159912
3263650717;159913
3263671127;159914
3263691535;159915
3263711948;159916
3263732353;159917
3263752766;159918
3263773170;159919
3263793580;159920
3263813988;159921
3263834398;159922
3263854810;159923
3263875215;159924
3263895624;159925
3263916033;159926
3263936442;159927
3263956851;159928
3263977260;159929
3263997669;159930
3264018078;159931
3264038491;159932
3264058900;159933
3264079308;159934
3264099718;159935
3264120126;159936
3264140532;159937
3264160940;159938
3264181349;159939
3264201758;159940
3264222167;159941
3264242576;159942
3264262985;159943
3264283394;159944
3264303803;159945
3264324212;159946
3264344624;159947
3264365034;159948
3264385442;159949
3264405847;159950
3264426256;159951
3264446665;159952
3264467074;159953
3264487483;159954
3264507892;159955
3264528301;159956
3264548709;159957
3264569119;159958
3264589528;159959
3264609941;159960
3264630346;159961
3264650754;159962
3264671164;159963
3264691572;159964
3264711982;159965
3264732390;159966
3264752799;159967
3264773208;159968
3264793617;159969
3264814030;159970
3264834439;159971
3264854847;159972
3264875253;159973
3264895662;159974
3264916071;159975
3264936484;159976
3264956888;159977
3264977298;159978
3264997706;159979
3265018116;159980
3265038524;159981
3265058933;159982
3265079342;159983
3265099751;159984
3265120160;159985
3265140569;159986
3265160977;159987
3265181387;159988
3265201795;159989
3265222208;159990
3265242614;159991
3265263022;159992
3265283432;159993
3265303840;159994
3265324249;159995
3265344658;159996
3265365067;159997
3265385476;159998
3265405889;159999
3265426297;160000
3265446703;160001
3265467111;160002
3265487521;160003
3265507929;160004
3265528338;160005
3265548748;160006
3265569160;160007
3265589569;160008
3265609978;160009
3265630383;160010
3265650792;160011
3265671201;160012
3265691610;160013
3265712019;160014
3265732427;160015
3265752837;160016
3265773245;160017
3265793658;160018
3265814063;160019
3265834472;160020
3265854882;160021
3265875290;160022
3265895699;160023
3265916108;160024
3265936517;160025
3265956926;160026
3265977335;160027
3265997747;160028
3266018157;160029
3266038561;160030
3266058971;160031
3266079379;160032
3266099788;160033
3266120197;160034
3266140606;160035
3266161016;160036
3266181424;160037
3266201833;160038
3266222242;160039
3266242651;160040
3266263060;160041
3266283469;160042
3266303877;160043
3266324287;160044
3266344695;160045
3266365105;160046
3266385517;160047
3266405926;160048
3266426331;160049
3266446744;160050
3266467149;160051
3266487558;160052
3266507967;160053
3266528376;160054
3266548785;160055
3266569193;160056
3266589603;160057
3266610011;160058
3266630421;160059
3266650829;160060
3266671238;160061
3266691647;160062
3266712060;160063
3266732468;160064
3266752874;160065
3266773283;160066
3266793692;160067
3266814101;160068
3266834510;160069
3266854919;160070
3266875327;160071
3266895737;160072
3266916145;160073
3266936558;160074
3266956967;160075
3266977372;160076
3266997781;160077
3267018190;160078
3267038599;160079
3267059008;160080
3267079417;160081
3267099826;160082
3267120235;160083
3267140644;160084
3267161053;160085
3267181461;160086
3267201871;160087
3267222279;160088
3267242689;160089
3267263097;160090
3267283506;160091
3267303915;160092
3267324324;160093
3267344732;160094
3267365189;160095
3267385598;160096
3267406007;160097
3267426416;160098
3267446825;160099
3267467234;160100
3267487643;160101
3267508051;160102
3267528461;160103
3267548870;160104
3267569279;160105
3267589688;160106
3267610098;160107
3267630506;160108
3267650919;160109
3267671324;160110
3267691737;160111
3267712142;160112
3267732551;160113
3267752964;160114
3267773370;160115
3267793778;160116
3267814187;160117
3267834600;160118
3267855005;160119
3267875415;160120
3267895823;160121
3267916233;160122
3267936642;160123
3267957050;160124
3267977460;160125
3267997869;160126
3268018277;160127
3268038691;160128
3268059095;160129
3268079505;160130
3268099914;160131
3268120322;160132
3268140732;160133
3268161141;160134
3268181550;160135
3268201963;160136
3268222367;160137
3268242777;160138
3268263186;160139
3268283594;160140
3268304004;160141
3268324413;160142
3268344826;160143
3268365231;160144
3268385640;160145
3268406049;160146
3268426458;160147
3268446871;160148
3268467280;160149
3268487685;160150
3268508094;160151
3268528503;160152
3268548912;160153
3268569321;160154
3268589731;160155
3268610139;160156
3268630548;160157
3268650958;160158
3268671366;160159
3268691775;160160
3268712189;160161
3268732593;160162
3268753003;160163
3268773411;160164
3268793820;160165
3268814230;160166
3268834638;160167
3268855048;160168
3268875457;160169
3268895865;160170
3268916275;160171
3268936687;160172
3268957093;160173
3268977502;160174
3268997910;160175
3269018320;160176
3269038729;160177
3269059141;160178
3269079547;160179
3269099955;160180
3269120365;160181
3269140774;160182
3269161183;160183
3269181592;160184
3269202001;160185
3269222410;160186
3269242819;160187
3269263227;160188
3269283637;160189
3269304046;160190
3269324455;160191
3269344864;160192
3269365273;160193
3269385682;160194
3269406091;160195
3269426500;160196
3269446909;160197
3269467318;160198
3269487727;160199
3269508136;160200
3269528546;160201
3269548958;160202
3269569363;160203
3269589773;160204
3269610181;160205
3269630590;160206
3269650999;160207
3269671408;160208
3269691818;160209
3269712230;160210
3269732635;160211
3269753049;160212
3269773453;160213
3269793863;160214
3269814271;160215
3269834680;160216
3269855090;160217
3269875498;160218
3269895908;160219
3269916317;160220
3269936725;160221
3269957135;160222
3269977543;160223
3269997953;160224
3270018362;160225
3270038774;160226
3270059180;160227
3270079589;160228
3270099997;160229
3270120407;160230
3270140816;160231
3270161225;160232
3270181634;160233
3270202042;160234
3270222452;160235
3270242861;160236
3270263270;160237
3270283679;160238
3270304088;160239
3270324497;160240
3270344906;160241
3270365319;160242
3270385724;160243
3270406133;160244
3270426542;160245
3270446951;160246
3270467361;160247
3270487769;160248
3270508178;160249
3270528587;160250
3270548996;160251
3270569406;160252
3270589814;160253
3270610223;160254
3270630633;160255
3270651045;160256
3270671451;160257
3270691859;160258
3270712268;160259
3270732678;160260
3270753086;160261
3270773495;160262
3270793905;160263
3270814317;160264
3270834727;160265
3270855132;160266
3270875540;160267
3270895950;160268
3270916358;160269
3270936768;160270
3270957181;160271
3270977589;160272
3270997999;160273
3271018404;160274
3271038813;160275
3271059222;160276
3271079630;160277
3271100040;160278
3271120449;160279
3271140858;160280
3271161267;160281
3271181676;160282
3271202089;160283
3271222494;160284
3271242903;160285
3271263316;160286
3271283721;160287
3271304134;160288
3271324539;160289
3271344948;160290
3271365357;160291
3271385766;160292
3271406175;160293
3271426584;160294
3271446994;160295
3271467402;160296
3271487811;160297
3271508225;160298
3271528629;160299
3271549042;160300
