3231975362;158357
3231995772;158358
3232016180;158359
3232036590;158360
3232056999;158361
3232077413;158362
3232097818;158363
3232118228;158364
3232138638;158365
3232159047;158366
3232179457;158367
3232199866;158368
3232220276;158369
3232240684;158370
3232261094;158371
3232281503;158372
3232301913;158373
3232322322;158374
3232342732;158375
3232363145;158376
3232383551;158377
3232403961;158378
3232424370;158379
3232444779;158380
3232465192;158381
3232485598;158382
3232506007;158383
3232526417;158384
3232546830;158385
3232567236;158386
3232587645;158387
3232608055;158388
3232628464;158389
3232648877;158390
3232669283;158391
3232689692;158392
3232710102;158393
3232730511;158394
3232750921;158395
3232771330;158396
3232791740;158397
3232812149;158398
3232832559;158399
3232852967;158400
3232873377;158401
3232893786;158402
3232914196;158403
3232934609;158404
3232955015;158405
3232975425;158406
3232995834;158407
3233016244;158408
3233036652;158409
3233057066;158410
3233077472;158411
3233097881;158412
3233118290;158413
3233138700;158414
3233159109;158415
3233179519;158416
3233199928;158417
3233220338;158418
3233240748;158419
3233261157;158420
3233281567;158421
3233301975;158422
3233322385;158423
3233342794;158424
3233363204;158425
3233383613;158426
3233404023;158427
3233424432;158428
3233444842;158429
3233465251;158430
3233485664;158431
3233506070;158432
3233526479;158433
3233546889;158434
3233567298;158435
3233587708;158436
3233608117;158437
3233628531;158438
3233648936;158439
3233669346;158440
3233689755;158441
3233710164;158442
3233730573;158443
3233750983;158444
3233771393;158445
3233791802;158446
3233812212;158447
3233832621;158448
3233853031;158449
3233873440;158450
3233893850;158451
3233914259;158452
3233934668;158453
3233955077;158454
3233975487;158455
3233995896;158456
3234016306;158457
3234036715;158458
3234057125;158459
3234077535;158460
3234097944;158461
3234118354;158462
3234138762;158463
3234159172;158464
3234179585;158465
3234199991;158466
3234220400;158467
3234240810;158468
3234261219;158469
3234281629;158470
3234302038;158471
3234322448;158472
3234342858;158473
3234363266;158474
3234383676;158475
3234404085;158476
3234424495;158477
3234444904;158478
3234465314;158479
3234485723;158480
3234506133;158481
3234526546;158482
3234546952;158483
3234567360;158484
3234587770;158485
3234608180;158486
3234628589;158487
3234648999;158488
3234669408;158489
3234689822;158490
3234710227;158491
3234730637;158492
3234751050;158493
3234771456;158494
3234791864;158495
3234812274;158496
3234832683;158497
3234853093;158498
3234873502;158499
3234893912;158500
3234914322;158501
3234934731;158502
3234955141;158503
3234975550;158504
3234995959;158505
3235016368;158506
3235036778;158507
3235057187;158508
3235077597;158509
3235098006;158510
3235118416;158511
3235138825;158512
3235159235;158513
3235179648;158514
3235200054;158515
3235220463;158516
3235240872;158517
3235261282;158518
3235281691;158519
3235302101;158520
3235322514;158521
3235342920;158522
3235363329;158523
3235383739;158524
3235404147;158525
3235424561;158526
3235444967;158527
3235465376;158528
3235485786;158529
3235506195;158530
3235526605;158531
3235547014;158532
3235567424;158533
3235587833;158534
3235608243;158535
3235628651;158536
3235649061;158537
3235669470;158538
3235689880;158539
3235710289;158540
3235730699;158541
3235751109;158542
3235771518;158543
3235791928;158544
3235812337;158545
3235832746;158546
3235853159;158547
3235873569;158548
3235893974;158549
3235914384;158550
3235934793;158551
3235955207;158552
3235975616;158553
3235996022;158554
3236016432;158555
3236036841;158556
3236057250;158557
3236077659;158558
3236098073;158559
3236118478;158560
3236138888;158561
3236159297;158562
3236179707;158563
3236200116;158564
3236220526;158565
3236240935;158566
3236261345;158567
3236281754;158568
3236302163;158569
3236322573;158570
3236342982;158571
3236363392;158572
3236383801;158573
3236404211;158574
3236424620;158575
3236445030;158576
3236465439;158577
3236485848;158578
3236506257;158579
3236526667;158580
3236547076;158581
3236567486;158582
3236587896;158583
3236608305;158584
3236628715;158585
3236649124;158586
3236669534;158587
3236689943;158588
3236710352;158589
3236730761;158590
3236751171;158591
3236771580;158592
3236791990;158593
3236812399;158594
3236832809;158595
3236853219;158596
3236873628;158597
3236894038;158598
3236914446;158599
3236934856;158600
3236955265;158601
3236975675;158602
3236996084;158603
3237016498;158604
3237036903;158605
3237057317;158606
3237077722;158607
3237098135;158608
3237118541;158609
3237138950;158610
3237159360;158611
3237179769;158612
3237200179;158613
3237220588;158614
3237240998;158615
3237261407;158616
3237281817;158617
3237302226;158618
3237322636;158619
3237343044;158620
3237363485;158621
3237383895;158622
3237404304;158623
3237424714;158624
3237445123;158625
3237465533;158626
3237485943;158627
3237506352;158628
3237526762;158629
3237547170;158630
3237567580;158631
3237587990;158632
3237608403;158633
3237628809;158634
3237649218;158635
3237669628;158636
3237690038;158637
3237710447;158638
3237730857;158639
3237751266;158640
3237771679;158641
3237792085;158642
3237812494;158643
3237832904;158644
3237853313;158645
3237873723;158646
3237894133;158647
3237914542;158648
3237934956;158649
3237955361;158650
3237975770;158651
3237996184;158652
3238016589;158653
3238036999;158654
3238057408;158655
3238077818;158656
3238098228;158657
3238118637;158658
3238139047;158659
3238159456;158660
3238179866;158661
3238200275;158662
3238220684;158663
3238241094;158664
3238261503;158665
3238281913;158666
3238302323;158667
3238322732;158668
3238343142;158669
3238363551;158670
3238383961;158671
3238404370;158672
3238424779;158673
3238445189;158674
3238465598;158675
3238486008;158676
3238506418;158677
3238526831;158678
3238547237;158679
3238567646;158680
3238588056;158681
3238608466;158682
3238628874;158683
3238649284;158684
3238669693;158685
3238690103;158686
3238710513;158687
3238730922;158688
3238751332;158689
3238771741;158690
3238792151;158691
3238812561;158692
3238832969;158693
3238853379;158694
3238873788;158695
3238894198;158696
3238914612;158697
3238935017;158698
3238955427;158699
3238975836;158700
3238996246;158701
3239016656;158702
3239037068;158703
3239057474;158704
3239077883;158705
3239098293;158706
3239118703;158707
3239139116;158708
3239159522;158709
3239179931;158710
3239200341;158711
3239220751;158712
3239241160;158713
3239261573;158714
3239281978;158715
3239302388;158716
3239322798;158717
3239343207;158718
3239363617;158719
3239384026;158720
3239404436;158721
3239424846;158722
3239445255;158723
3239465665;158724
3239486073;158725
3239506483;158726
3239526893;158727
3239547302;158728
3239567712;158729
3239588121;158730
3239608531;158731
3239628941;158732
3239649350;158733
3239669760;158734
3239690168;158735
3239710578;158736
3239730988;158737
3239751397;158738
3239771807;158739
3239792216;158740
3239812630;158741
3239833036;158742
3239853445;158743
3239873855;158744
3239894264;158745
3239914673;158746
3239935083;158747
3239955492;158748
3239975902;158749
3239996311;158750
3240016721;158751
3240037131;158752
3240057540;158753
3240077950;158754
3240098358;158755
3240118768;158756
3240139178;158757
3240159587;158758
3240179997;158759
3240200406;158760
3240220816;158761
3240241230;158762
3240261635;158763
3240282045;158764
3240302454;158765
3240322863;158766
3240343273;158767
3240363682;158768
3240384092;158769
3240404501;158770
3240424911;158771
3240445321;158772
3240465730;158773
3240486140;158774
3240506549;158775
3240526959;158776
3240547368;158777
3240567777;158778
3240588187;158779
3240608596;158780
3240629006;158781
3240649416;158782
3240669825;158783
3240690235;158784
3240710648;158785
3240731054;158786
3240751464;158787
3240771872;158788
3240792282;158789
3240812691;158790
3240833101;158791
3240853511;158792
3240873920;158793
3240894330;158794
3240914739;158795
3240935149;158796
3240955559;158797
3240975967;158798
3240996381;158799
3241016786;158800
3241037196;158801
3241057606;158802
3241078015;158803
3241098425;158804
3241118834;158805
3241139244;158806
3241159653;158807
3241180062;158808
3241200472;158809
3241220881;158810
3241241291;158811
3241261701;158812
3241282110;158813
3241302520;158814
3241322929;158815
3241343339;158816
3241363749;158817
3241384157;158818
3241404567;158819
3241424980;158820
3241445386;158821
3241465800;158822
3241486205;158823
3241506615;158824
3241527024;158825
3241547434;158826
3241567844;158827
3241588253;158828
3241608662;158829
3241629071;158830
3241649481;158831
3241669891;158832
3241690300;158833
3241710710;158834
3241731119;158835
3241751529;158836
3241771939;158837
3241792351;158838
3241812757;158839
3241833166;158840
3241853576;158841
3241873986;158842
3241894399;158843
3241914805;158844
3241935214;158845
3241955624;158846
3241976034;158847
3241996443;158848
3242016853;158849
3242037262;158850
3242057671;158851
3242078081;158852
3242098490;158853
3242118900;158854
3242139309;158855
3242159719;158856
3242180129;158857
3242200538;158858
3242220948;158859
3242241356;158860
3242261766;158861
3242282176;158862
3242302585;158863
3242322995;158864
3242343404;158865
3242363814;158866
3242384224;158867
3242404633;158868
3242425046;158869
3242445452;158870
3242465865;158871
3242486271;158872
3242506684;158873
3242527090;158874
3242547499;158875
3242567909;158876
3242588319;158877
3242608728;158878
3242629138;158879
3242649547;158880
3242669957;158881
3242690366;158882
3242710775;158883
3242731185;158884
3242751594;158885
3242772004;158886
3242792414;158887
3242812823;158888
3242833237;158889
3242853642;158890
3242874055;158891
3242894461;158892
3242914870;158893
3242935280;158894
3242955689;158895
3242976103;158896
3242996509;158897
3243016918;158898
3243037332;158899
3243057737;158900
3243078150;158901
3243098556;158902
3243118965;158903
3243139375;158904
3243159784;158905
3243180194;158906
3243200604;158907
3243221013;158908
3243241427;158909
3243261836;158910
3243282242;158911
3243302652;158912
3243323060;158913
3243343470;158914
3243363879;158915
3243384289;158916
3243404699;158917
3243425108;158918
3243445518;158919
3243465927;158920
3243486337;158921
3243506747;158922
3243527155;158923
3243547569;158924
3243567974;158925
3243588388;158926
3243608794;158927
3243629203;158928
3243649613;158929
3243670022;158930
3243690432;158931
3243710842;158932
3243731250;158933
3243751660;158934
3243772069;158935
3243792483;158936
3243812889;158937
3243833298;158938
3243853708;158939
3243874117;158940
3243894527;158941
3243914937;158942
3243935345;158943
3243955755;158944
3243976168;158945
3243996574;158946
3244016984;158947
3244037393;158948
3244057803;158949
3244078212;158950
3244098622;158951
3244119032;158952
3244139441;158953
3244159851;158954
3244180263;158955
3244200673;158956
3244221079;158957
3244241488;158958
3244261898;158959
3244282307;158960
3244302717;158961
3244323127;158962
3244343536;158963
3244363946;158964
3244384354;158965
3244404764;158966
3244425174;158967
3244445583;158968
3244465993;158969
3244486402;158970
3244506812;158971
3244527222;158972
3244547631;158973
3244568041;158974
3244588449;158975
3244608859;158976
3244629269;158977
3244649678;158978
3244670088;158979
3244690497;158980
3244710907;158981
3244731317;158982
3244751726;158983
3244772136;158984
3244792544;158985
3244812954;158986
3244833364;158987
3244853773;158988
3244874183;158989
3244894592;158990
3244915002;158991
3244935412;158992
3244955825;158993
3244976235;158994
3244996640;158995
3245017049;158996
3245037459;158997
3245057868;158998
3245078278;158999
3245098687;159000
3245119097;159001
3245139507;159002
3245159916;159003
3245180326;159004
3245200735;159005
3245221144;159006
3245241554;159007
3245261967;159008
3245282373;159009
3245302782;159010
3245323192;159011
3245343606;159012
3245364011;159013
3245384421;159014
3245404830;159015
3245425240;159016
3245445649;159017
3245466058;159018
3245486472;159019
3245506877;159020
3245527287;159021
3245547697;159022
3245568110;159023
3245588516;159024
3245608925;159025
3245629335;159026
3245649748;159027
3245670153;159028
3245690563;159029
3245710976;159030
3245731382;159031
3245751792;159032
3245772201;159033
3245792611;159034
3245813020;159035
3245833430;159036
3245853840;159037
3245874248;159038
3245894658;159039
3245915067;159040
3245935477;159041
3245955887;159042
3245976296;159043
3245996706;159044
3246017115;159045
3246037525;159046
3246057935;159047
3246078343;159048
3246098753;159049
3246119162;159050
3246139572;159051
3246159982;159052
3246180391;159053
3246200801;159054
3246221210;159055
3246241620;159056
3246262030;159057
3246282439;159058
3246302848;159059
3246323257;159060
3246343667;159061
3246364077;159062
3246384486;159063
3246404896;159064
3246425305;159065
3246445715;159066
3246466125;159067
3246486534;159068
3246506947;159069
3246527352;159070
3246547762;159071
3246568172;159072
3246588581;159073
3246608991;159074
3246629400;159075
3246649810;159076
3246670220;159077
3246690633;159078
3246711039;159079
3246731447;159080
3246751857;159081
3246772267;159082
3246792676;159083
3246813086;159084
3246833495;159085
3246853905;159086
3246874315;159087
3246894724;159088
3246915134;159089
3246935542;159090
3246955952;159091
3246976362;159092
3246996771;159093
3247017181;159094
3247037590;159095
3247058004;159096
3247078410;159097
3247098823;159098
3247119229;159099
3247139638;159100
3247160047;159101
3247180457;159102
3247200866;159103
3247221276;159104
3247241685;159105
3247262095;159106
3247282505;159107
3247302914;159108
3247323324;159109
3247343732;159110
3247364114;159111
3247384524;159112
3247404933;159113
3247425343;159114
3247445756;159115
3247466162;159116
3247486575;159117
3247506981;159118
3247527390;159119
3247547800;159120
3247568209;159121
3247588618;159122
3247609027;159123
3247629437;159124
3247649847;159125
3247670256;159126
3247690666;159127
3247711075;159128
3247731485;159129
3247751894;159130
3247772303;159131
3247792712;159132
3247813122;159133
3247833531;159134
3247853941;159135
3247874351;159136
3247894760;159137
3247915170;159138
3247935579;159139
3247955989;159140
3247976398;159141
3247996807;159142
3248017216;159143
3248037626;159144
3248058035;159145
3248078445;159146
3248098855;159147
3248119264;159148
3248139674;159149
3248160083;159150
3248180497;159151
3248200901;159152
3248221311;159153
3248241720;159154
3248262130;159155
3248282539;159156
3248302949;159157
3248323358;159158
3248343768;159159
3248364178;159160
3248384587;159161
3248404997;159162
3248425405;159163
3248445815;159164
3248466224;159165
3248486638;159166
3248507043;159167
3248527453;159168
3248547866;159169
3248568272;159170
3248588682;159171
3248609091;159172
3248629501;159173
3248649909;159174
3248670319;159175
3248690728;159176
3248711138;159177
3248731547;159178
3248751957;159179
3248772366;159180
3248792776;159181
3248813186;159182
3248833595;159183
3248854008;159184
3248874413;159185
3248894823;159186
3248915232;159187
3248935642;159188
3248956051;159189
3248976461;159190
3248996870;159191
3249017280;159192
3249037689;159193
3249058098;159194
3249078508;159195
3249098917;159196
3249119327;159197
3249139736;159198
3249160150;159199
3249180555;159200
3249200965;159201
3249221374;159202
3249241788;159203
3249262193;159204
3249282602;159205
3249303012;159206
3249323421;159207
3249343831;159208
3249364240;159209
3249384654;159210
3249405059;159211
3249425469;159212
3249445878;159213
3249466288;159214
3249486696;159215
3249507106;159216
3249527516;159217
3249547925;159218
3249568335;159219
3249588744;159220
3249609154;159221
3249629563;159222
3249649973;159223
3249670382;159224
3249690792;159225
3249711200;159226
3249731610;159227
3249752019;159228
3249772429;159229
3249792839;159230
3249813252;159231
3249833658;159232
3249854067;159233
3249874477;159234
3249894886;159235
3249915295;159236
3249935704;159237
3249956114;159238
3249976523;159239
3249996933;159240
3250017343;159241
3250037752;159242
3250058162;159243
3250078571;159244
3250098981;159245
3250119390;159246
3250139799;159247
3250160208;159248
3250180622;159249
3250201027;159250
3250221441;159251
3250241847;159252
3250262256;159253
3250282666;159254
3250303075;159255
3250323485;159256
3250343894;159257
3250364303;159258
3250384712;159259
3250405122;159260
3250425531;159261
3250445941;159262
3250466350;159263
3250486760;159264
3250507170;159265
3250527579;159266
3250547989;159267
3250568397;159268
3250588807;159269
3250609216;159270
3250629626;159271
3250650035;159272
3250670445;159273
3250690854;159274
3250711264;159275
3250731678;159276
3250752082;159277
3250772493;159278
3250792901;159279
3250813311;159280
3250833720;159281
3250854134;159282
3250874539;159283
3250894949;159284
3250915358;159285
3250935768;159286
3250956178;159287
3250976587;159288
3250996996;159289
3251017405;159290
3251037815;159291
3251058224;159292
3251078634;159293
3251099043;159294
3251119453;159295
3251139866;159296
3251160272;159297
3251180681;159298
3251201090;159299
3251221500;159300
3251241909;159301
3251262319;159302
3251282728;159303
3251303138;159304
3251323547;159305
3251343957;159306
3251364366;159307
3251384776;159308
3251405185;159309
3251425594;159310
3251446004;159311
3251466413;159312
3251486823;159313
3251507236;159314
3251527642;159315
3251548051;159316
3251568461;159317
3251588870;159318
3251609280;159319
3251629689;159320
3251650098;159321
3251670508;159322
3251690921;159323
3251711327;159324
3251731736;159325
3251752146;159326
3251772555;159327
3251792965;159328
3251813374;159329
3251833784;159330
3251854192;159331
3251874602;159332
3251895011;159333
3251915421;159334
3251935831;159335
3251956240;159336
3251976650;159337
3251997059;159338
3252017469;159339
3252037878;159340
3252058287;159341
3252078696;159342
3252099106;159343
3252119515;159344
3252139925;159345
3252160335;159346
3252180744;159347
3252201154;159348
3252221563;159349
3252241973;159350
3252262381;159351
3252282791;159352
3252303200;159353
3252323610;159354
3252344019;159355
3252364429;159356
3252384839;159357
3252405248;159358
3252425662;159359
3252446067;159360
3252466480;159361
3252486885;159362
3252507299;159363
3252527704;159364
3252548114;159365
3252568523;159366
3252588937;159367
3252609342;159368
3252629752;159369
3252650162;159370
3252670571;159371
3252690980;159372
3252711389;159373
3252731799;159374
3252752208;159375
3252772618;159376
3252793027;159377
3252813437;159378
3252833846;159379
3252854256;159380
3252874666;159381
3252895075;159382
3252915484;159383
3252935893;159384
3252956303;159385
3252976712;159386
3252997122;159387
3253017531;159388
3253037941;159389
3253058350;159390
3253078760;159391
3253099169;159392
3253119582;159393
3253139988;159394
3253160397;159395
3253180807;159396
3253201216;159397
3253221626;159398
3253242039;159399
3253262445;159400
3253282854;159401
3253303264;159402
3253323672;159403
3253344082;159404
3253364492;159405
3253384901;159406
3253405311;159407
3253425720;159408
3253446130;159409
3253466543;159410
3253486949;159411
3253507358;159412
3253527768;159413
3253548176;159414
3253568586;159415
3253588996;159416
3253609409;159417
3253629815;159418
3253650224;159419
3253670634;159420
3253691043;159421
3253711453;159422
3253731862;159423
3253752271;159424
3253772680;159425
3253793090;159426
3253813504;159427
3253833909;159428
3253854319;159429
3253874728;159430
3253895138;159431
3253915547;159432
3253935957;159433
3253956365;159434
3253976775;159435
3253997184;159436
3254017594;159437
3254038003;159438
3254058413;159439
3254078823;159440
3254099232;159441
3254119642;159442
3254140051;159443
3254160461;159444
3254180869;159445
3254201279;159446
3254221692;159447
3254242098;159448
3254262507;159449
3254282917;159450
3254303327;159451
3254323736;159452
3254344146;159453
3254364555;159454
3254384965;159455
3254405373;159456
3254425783;159457
3254446192;159458
3254466602;159459
3254487011;159460
3254507421;159461
3254527831;159462
3254548240;159463
3254568650;159464
3254589059;159465
3254609468;159466
3254629877;159467
3254650287;159468
3254670696;159469
3254691106;159470
3254711515;159471
3254731925;159472
3254752334;159473
3254772744;159474
3254793154;159475
3254813566;159476
3254833972;159477
3254854381;159478
3254874791;159479
3254895200;159480
3254915610;159481
3254936019;159482
3254956429;159483
3254976842;159484
3254997251;159485
3255017658;159486
3255038066;159487
3255058476;159488
3255078885;159489
3255099295;159490
3255119704;159491
3255140114;159492
3255160523;159493
3255180933;159494
3255201346;159495
3255221752;159496
3255242161;159497
3255262570;159498
3255282980;159499
3255303389;159500
3255323799;159501
3255344208;159502
3255364618;159503
3255385027;159504
3255405441;159505
3255425846;159506
3255446259;159507
3255466664;159508
3255487074;159509
3255507484;159510
3255527893;159511
3255548303;159512
3255568712;159513
3255589122;159514
3255609531;159515
3255629941;159516
3255650350;159517
3255670759;159518
3255691168;159519
3255711578;159520
3255731988;159521
3255752397;159522
3255772807;159523
3255793220;159524
3255813626;159525
3255834039;159526
3255854449;159527
3255874853;159528
3255895263;159529
3255915676;159530
3255936082;159531
3255956492;159532
3255976901;159533
3255997311;159534
3256017720;159535
3256038130;159536
3256058543;159537
3256078952;159538
3256099357;159539
3256119767;159540
3256140176;159541
3256160586;159542
3256180995;159543
3256201405;159544
3256221815;159545
3256242224;159546
3256262634;159547
3256283043;159548
3256303453;159549
3256323861;159550
3256344275;159551
3256364680;159552
3256385090;159553
3256405503;159554
3256425909;159555
3256446323;159556
3256466728;159557
3256487138;159558
3256507547;159559
3256527956;159560
3256548365;159561
3256568775;159562
3256589184;159563
3256609594;159564
3256630003;159565
3256650417;159566
3256670823;159567
3256691232;159568
3256711642;159569
3256732051;159570
3256752460;159571
3256772869;159572
3256793279;159573
3256813688;159574
3256834102;159575
3256854507;159576
3256874917;159577
3256895326;159578
3256915739;159579
3256936146;159580
3256956554;159581
3256976964;159582
3256997377;159583
3257017783;159584
3257038192;159585
3257058602;159586
3257079011;159587
3257099421;159588
3257119830;159589
3257140239;159590
3257160650;159591
3257181058;159592
3257201468;159593
3257221881;159594
3257242287;159595
3257262696;159596
3257283106;159597
3257303515;159598
3257323925;159599
3257344334;159600
3257364738;159601
3257385147;159602
3257405557;159603
3257425967;159604
3257446376;159605
3257466786;159606
3257487199;159607
3257507605;159608
3257528014;159609
3257548424;159610
3257568833;159611
3257589242;159612
3257609655;159613
3257630061;159614
3257650470;159615
3257670880;159616
3257691289;159617
3257711699;159618
3257732109;159619
3257752518;159620
3257772928;159621
3257793336;159622
3257813746;159623
3257834155;159624
3257854565;159625
3257874974;159626
3257895384;159627
3257915793;159628
3257936203;159629
3257956612;159630
3257977022;159631
3257997430;159632
3258017840;159633
3258038250;159634
3258058659;159635
3258079069;159636
3258099482;159637
3258119888;159638
3258140297;159639
3258160707;159640
3258181116;159641
3258201526;159642
3258221934;159643
3258242344;159644
3258262753;159645
3258283163;159646
3258303576;159647
3258323982;159648
3258344392;159649
3258364801;159650
3258385211;159651
3258405620;159652
3258426030;159653
3258446438;159654
3258466848;159655
3258487257;159656
3258507667;159657
3258528080;159658
3258548486;159659
3258568895;159660
3258589305;159661
3258609718;159662
3258630124;159663
3258650533;159664
3258670942;159665
3258691352;159666
3258711761;159667
3258732171;159668
3258752580;159669
3258772990;159670
3258793399;159671
3258813809;159672
3258834218;159673
3258854627;159674
3258875036;159675
3258895446;159676
3258915855;159677
3258936265;159678
3258956675;159679
3258977084;159680
3258997494;159681
3259017903;159682
3259038313;159683
3259058722;159684
3259079131;159685
3259099544;159686
3259119950;159687
3259140363;159688
3259160773;159689
3259181178;159690
3259201588;159691
3259221997;159692
3259242407;159693
3259262816;159694
3259283225;159695
3259303635;159696
3259324044;159697
3259344454;159698
3259364863;159699
3259385273;159700
3259405682;159701
3259426092;159702
3259446501;159703
3259466911;159704
3259487319;159705
3259507729;159706
3259528138;159707
3259548548;159708
3259568957;159709
3259589367;159710
3259609777;159711
3259630186;159712
3259650596;159713
3259671005;159714
3259691414;159715
3259711823;159716
3259732233;159717
3259752642;159718
3259773052;159719
3259793461;159720
3259813871;159721
3259834280;159722
3259854690;159723
3259875099;159724
3259895509;159725
3259915918;159726
3259936327;159727
3259956737;159728
3259977146;159729
3259997556;159730
3260017965;159731
3260038375;159732
3260058784;159733
3260079194;159734
3260099606;159735
3260120012;159736
3260140421;159737
3260160831;159738
3260181240;159739
3260201650;159740
3260222060;159741
3260242469;159742
3260262879;159743
3260283288;159744
3260303698;159745
3260324107;159746
3260344516;159747
3260364925;159748
3260385335;159749
3260405744;159750
3260426154;159751
3260446563;159752
3260466973;159753
3260487386;159754
3260507795;159755
3260528202;159756
3260548610;159757
3260569020;159758
3260589429;159759
3260609839;159760
3260630248;159761
3260650658;159762
3260671067;159763
3260691477;159764
3260711886;159765
3260732296;159766
3260752704;159767
3260773114;159768
3260793523;159769
3260813933;159770
3260834347;159771
3260854752;159772
3260875162;159773
3260895571;159774
3260915981;159775
3260936390;159776
3260956799;159777
3260977208;159778
3260997618;159779
3261018027;159780
3261038437;159781
3261058850;159782
3261079256;159783
3261099669;159784
3261120075;159785
3261140485;159786
3261160894;159787
3261181303;159788
3261201712;159789
3261222122;159790
3261242531;159791
3261262941;159792
3261283350;159793
3261303764;159794
3261324169;159795
3261344579;159796
3261364987;159797
3261385397;159798
3261405806;159799
3261426216;159800
3261446625;159801
3261467035;159802
3261487445;159803
3261507854;159804
3261528264;159805
3261548673;159806
3261569083;159807
3261589491;159808
3261609905;159809
3261630310;159810
3261650720;159811
3261671129;159812
3261691539;159813
3261711948;159814
3261732358;159815
3261752767;159816
3261773177;159817
3261793590;159818
3261813999;159819
3261834405;159820
3261854814;159821
3261875224;159822
3261895633;159823
3261916043;159824
3261936452;159825
3261956862;159826
3261977274;159827
3261997681;159828
3262018089;159829
3262038499;159830
3262058908;159831
3262079318;159832
3262099728;159833
3262120137;159834
3262140547;159835
3262160956;159836
3262181366;159837
3262201775;159838
3262222184;159839
3262242593;159840
3262263003;159841
3262283412;159842
3262303822;159843
3262324231;159844
3262344645;159845
3262365050;159846
3262385460;159847
3262405870;159848
3262426279;159849
3262446688;159850
3262467097;159851
3262487507;159852
3262507916;159853
3262528326;159854
3262548735;159855
3262569145;159856
3262589554;159857
3262609964;159858
3262630373;159859
3262650782;159860
3262671191;159861
3262691601;159862
3262712011;159863
3262732424;159864
3262752834;159865
3262773239;159866
3262793649;159867
3262814058;159868
3262834471;159869
3262854877;159870
3262875286;159871
3262895695;159872
3262916105;159873
3262936514;159874
3262956924;159875
3262977333;159876
3262997743;159877
3263018153;159878
3263038562;159879
3263058972;159880
3263079380;159881
3263099790;159882
3263120199;159883
3263140609;159884
3263161018;159885
3263181428;159886
3263201837;159887
3263222251;159888
3263242656;159889
3263263066;159890
3263283478;159891
3263303884;159892
3263324293;159893
3263344703;159894
3263365113;159895
3263385522;159896
3263405932;159897
3263426341;159898
3263446751;159899
3263467163;159900
3263487569;159901
3263507978;159902
3263528388;159903
3263548797;159904
3263569207;159905
3263589616;159906
3263610026;159907
3263630435;159908
3263650845;159909
3263671255;159910
3263691667;159911
3263712073;159912
3263732482;159913
3263752892;159914
3263773301;159915
3263793711;159916
3263814120;159917
3263834534;159918
3263854939;159919
3263875349;159920
3263895758;159921
3263916167;159922
3263936576;159923
3263956986;159924
3263977396;159925
3263997805;159926
3264018215;159927
3264038624;159928
3264059034;159929
3264079443;159930
3264099853;159931
3264120262;159932
3264140671;159933
3264161080;159934
3264181490;159935
3264201899;159936
3264222309;159937
3264242718;159938
3264263128;159939
3264283538;159940
3264303951;159941
3264324357;159942
3264344769;159943
3264365175;159944
3264385584;159945
3264405994;159946
3264426407;159947
3264446813;159948
3264467222;159949
3264487632;159950
3264508041;159951
3264528451;159952
3264548859;159953
3264569269;159954
3264589679;159955
3264610088;159956
3264630498;159957
3264650907;159958
3264671317;159959
3264691726;159960
3264712136;159961
3264732545;159962
3264752955;159963
3264773363;159964
3264793773;159965
3264814182;159966
3264834592;159967
3264855001;159968
3264875411;159969
3264895821;159970
3264916230;159971
3264936640;159972
3264957049;159973
3264977458;159974
3264997867;159975
3265018277;159976
3265038686;159977
3265059096;159978
3265079505;159979
3265099915;159980
3265120324;159981
3265140734;159982
3265161143;159983
3265181552;159984
3265201962;159985
3265222371;159986
3265242781;159987
3265263190;159988
3265283600;159989
3265304009;159990
3265324419;159991
3265344828;159992
3265365238;159993
3265385646;159994
3265406056;159995
3265426465;159996
3265446875;159997
3265467284;159998
3265487698;159999
3265508103;160000
3265528513;160001
3265548923;160002
3265569332;160003
3265589742;160004
3265610151;160005
3265630560;160006
3265650969;160007
3265671379;160008
3265691788;160009
3265712198;160010
3265732611;160011
3265753017;160012
3265773426;160013
3265793836;160014
3265814245;160015
3265834654;160016
3265855064;160017
3265875473;160018
3265895887;160019
3265916292;160020
3265936702;160021
3265957111;160022
3265977521;160023
3265997930;160024
3266018340;160025
3266038748;160026
3266059158;160027
3266079567;160028
3266099977;160029
3266120386;160030
3266140796;160031
3266161206;160032
3266181615;160033
3266202025;160034
3266222434;160035
3266242848;160036
3266263253;160037
3266283662;160038
3266304071;160039
3266324481;160040
3266344890;160041
3266365300;160042
3266385709;160043
3266406119;160044
3266426532;160045
3266446938;160046
3266467347;160047
3266487756;160048
3266508166;160049
3266528575;160050
3266548985;160051
3266569394;160052
3266589808;160053
3266610213;160054
3266630627;160055
3266651032;160056
3266671441;160057
3266691850;160058
3266712260;160059
3266732669;160060
3266753079;160061
3266773489;160062
3266793898;160063
3266814308;160064
3266834717;160065
3266855127;160066
3266875536;160067
3266895945;160068
3266916358;160069
3266936764;160070
3266957177;160071
3266977583;160072
3266997992;160073
3267018402;160074
3267038811;160075
3267059221;160076
3267079631;160077
3267100040;160078
3267120449;160079
3267140858;160080
3267161268;160081
3267181677;160082
3267202087;160083
3267222496;160084
3267242906;160085
3267263315;160086
3267283725;160087
3267304134;160088
3267324543;160089
3267344952;160090
3267365409;160091
3267385819;160092
3267406228;160093
3267426638;160094
3267447048;160095
3267467457;160096
3267487867;160097
3267508279;160098
3267528686;160099
3267549095;160100
3267569504;160101
3267589914;160102
3267610324;160103
3267630733;160104
3267651143;160105
3267671552;160106
3267691962;160107
3267712372;160108
3267732781;160109
3267753190;160110
3267773600;160111
3267794013;160112
3267814419;160113
3267834829;160114
3267855238;160115
3267875648;160116
3267896057;160117
3267916467;160118
3267936877;160119
3267957286;160120
3267977695;160121
3267998105;160122
3268018518;160123
3268038924;160124
3268059333;160125
3268079743;160126
3268100153;160127
3268120562;160128
3268140972;160129
3268161381;160130
3268181790;160131
3268202200;160132
3268222609;160133
3268243023;160134
3268263429;160135
3268283842;160136
3268304248;160137
3268324658;160138
3268345067;160139
3268365476;160140
3268385889;160141
3268406295;160142
3268426709;160143
3268447118;160144
3268467524;160145
3268487934;160146
3268508343;160147
3268528753;160148
3268549163;160149
3268569572;160150
3268589981;160151
3268610390;160152
3268630800;160153
3268651210;160154
3268671619;160155
3268692029;160156
3268712439;160157
3268732848;160158
3268753262;160159
3268773671;160160
3268794076;160161
3268814487;160162
3268834895;160163
3268855305;160164
3268875715;160165
3268896124;160166
3268916534;160167
3268936943;160168
3268957353;160169
3268977763;160170
3268998172;160171
3269018581;160172
3269038991;160173
3269059400;160174
3269079810;160175
3269100219;160176
3269120629;160177
3269141039;160178
3269161448;160179
3269181858;160180
3269202268;160181
3269222677;160182
3269243086;160183
3269263496;160184
3269283905;160185
3269304315;160186
3269324724;160187
3269345134;160188
3269365544;160189
3269385953;160190
3269406363;160191
3269426773;160192
3269447181;160193
3269467591;160194
3269488000;160195
3269508410;160196
3269528820;160197
3269549229;160198
3269569639;160199
3269590049;160200
3269610462;160201
3269630868;160202
3269651276;160203
3269671686;160204
3269692096;160205
3269712505;160206
3269732915;160207
3269753325;160208
3269773734;160209
3269794144;160210
3269814553;160211
3269834963;160212
3269855373;160213
3269875781;160214
3269896191;160215
3269916601;160216
3269937010;160217
3269957420;160218
3269977834;160219
3269998239;160220
3270018649;160221
3270039058;160222
3270059467;160223
3270079877;160224
3270100286;160225
3270120696;160226
3270141106;160227
3270161515;160228
3270181925;160229
3270202334;160230
3270222744;160231
3270243154;160232
3270263563;160233
3270283972;160234
3270304382;160235
3270324791;160236
3270345201;160237
3270365614;160238
3270386020;160239
3270406430;160240
3270426839;160241
3270447249;160242
3270467662;160243
3270488068;160244
3270508477;160245
3270528886;160246
3270549296;160247
3270569706;160248
3270590115;160249
3270610525;160250
3270630935;160251
3270651344;160252
3270671754;160253
3270692164;160254
3270712572;160255
3270732982;160256
3270753391;160257
3270773801;160258
3270794211;160259
3270814620;160260
3270835030;160261
3270855440;160262
3270875849;160263
3270896259;160264
3270916667;160265
3270937077;160266
3270957487;160267
3270977896;160268
3270998306;160269
3271018716;160270
3271039125;160271
3271059535;160272
3271079944;160273
3271100354;160274
3271120764;160275
3271141176;160276
3271161582;160277
3271181992;160278
3271202401;160279
3271222811;160280
3271243220;160281
3271263630;160282
3271284040;160283
3271304453;160284
3271324862;160285
3271345268;160286
3271365677;160287
3271386087;160288
3271406501;160289
3271426906;160290
3271447316;160291
3271467729;160292
3271488135;160293
3271508545;160294
3271528954;160295
3271549367;160296
