3231977187;158361
3231997597;158362
3232018005;158363
3232038414;158364
3232058823;158365
3232079232;158366
3232099646;158367
3232120050;158368
3232140459;158369
3232160868;158370
3232181277;158371
3232201686;158372
3232222095;158373
3232242503;158374
3232262913;158375
3232283321;158376
3232303731;158377
3232324139;158378
3232344548;158379
3232364958;158380
3232385366;158381
3232405776;158382
3232426184;158383
3232446597;158384
3232467002;158385
3232487411;158386
3232507820;158387
3232528229;158388
3232548637;158389
3232569047;158390
3232589455;158391
3232609865;158392
3232630273;158393
3232650686;158394
3232671092;158395
3232691500;158396
3232711910;158397
3232732318;158398
3232752728;158399
3232773136;158400
3232793545;158401
3232813954;158402
3232834363;158403
3232854772;158404
3232875181;158405
3232895593;158406
3232915999;158407
3232936408;158408
3232956816;158409
3232977226;158410
3232997634;158411
3233018044;158412
3233038452;158413
3233058861;158414
3233079270;158415
3233099679;158416
3233120088;158417
3233140497;158418
3233160909;158419
3233181315;158420
3233201724;158421
3233222133;158422
3233242542;158423
3233262950;158424
3233283360;158425
3233303772;158426
3233324178;158427
3233344586;158428
3233364995;158429
3233385404;158430
3233405813;158431
3233426222;158432
3233446631;158433
3233467039;158434
3233487449;158435
3233507858;158436
3233528267;158437
3233548676;158438
3233569084;158439
3233589494;158440
3233609902;158441
3233630312;158442
3233650720;158443
3233671129;158444
3233691538;158445
3233711947;158446
3233732360;158447
3233752765;158448
3233773174;158449
3233793583;158450
3233813992;158451
3233834401;158452
3233854810;158453
3233875222;158454
3233895628;158455
3233916036;158456
3233936446;158457
3233956854;158458
3233977264;158459
3233997672;158460
3234018081;158461
3234038491;158462
3234058899;158463
3234079308;158464
3234099717;158465
3234120126;158466
3234140535;158467
3234160944;158468
3234181352;158469
3234201762;158470
3234222170;158471
3234242580;158472
3234262988;158473
3234283397;158474
3234303807;158475
3234324215;158476
3234344625;158477
3234365033;158478
3234385446;158479
3234405851;158480
3234426260;158481
3234446669;158482
3234467078;158483
3234487487;158484
3234507896;158485
3234528304;158486
3234548714;158487
3234569122;158488
3234589531;158489
3234609941;158490
3234630349;158491
3234650759;158492
3234671167;158493
3234691576;158494
3234711985;158495
3234732394;158496
3234752803;158497
3234773212;158498
3234793620;158499
3234814030;158500
3234834438;158501
3234854848;158502
3234875257;158503
3234895666;158504
3234916075;158505
3234936483;158506
3234956893;158507
3234977301;158508
3234997710;158509
3235018119;158510
3235038528;158511
3235058937;158512
3235079346;158513
3235099755;158514
3235120164;158515
3235140573;158516
3235160982;158517
3235181391;158518
3235201800;158519
3235222209;158520
3235242617;158521
3235263031;158522
3235283435;158523
3235303848;158524
3235324253;158525
3235344662;158526
3235365071;158527
3235385480;158528
3235405889;158529
3235426298;158530
3235446707;158531
3235467116;158532
3235487525;158533
3235507933;158534
3235528347;158535
3235548751;158536
3235569161;158537
3235589569;158538
3235609979;158539
3235630387;158540
3235650796;158541
3235671209;158542
3235691614;158543
3235712024;158544
3235732432;158545
3235752841;158546
3235773250;158547
3235793659;158548
3235814068;158549
3235834477;158550
3235854889;158551
3235875295;158552
3235895703;158553
3235916113;158554
3235936521;158555
3235956934;158556
3235977340;158557
3235997748;158558
3236018158;158559
3236038566;158560
3236058975;158561
3236079384;158562
3236099793;158563
3236120202;158564
3236140611;158565
3236161019;158566
3236181429;158567
3236201837;158568
3236222247;158569
3236242655;158570
3236263064;158571
3236283474;158572
3236303882;158573
3236324292;158574
3236344700;158575
3236365109;158576
3236385518;158577
3236405927;158578
3236426336;158579
3236446745;158580
3236467153;158581
3236487562;158582
3236507971;158583
3236528381;158584
3236548790;158585
3236569198;158586
3236589608;158587
3236610016;158588
3236630426;158589
3236650834;158590
3236671243;158591
3236691652;158592
3236712061;158593
3236732470;158594
3236752879;158595
3236773287;158596
3236793697;158597
3236814106;158598
3236834515;158599
3236854924;158600
3236875332;158601
3236895742;158602
3236916150;158603
3236936560;158604
3236956972;158605
3236977377;158606
3236997786;158607
3237018195;158608
3237038604;158609
3237059013;158610
3237079421;158611
3237099831;158612
3237120240;158613
3237140649;158614
3237161058;158615
3237181466;158616
3237201876;158617
3237222284;158618
3237242694;158619
3237263102;158620
3237283511;158621
3237303920;158622
3237324329;158623
3237344770;158624
3237365178;158625
3237385587;158626
3237405996;158627
3237426405;158628
3237446814;158629
3237467223;158630
3237487632;158631
3237508041;158632
3237528450;158633
3237548859;158634
3237569268;158635
3237589677;158636
3237610086;158637
3237630495;158638
3237650904;158639
3237671313;158640
3237691722;158641
3237712131;158642
3237732540;158643
3237752949;158644
3237773362;158645
3237793767;158646
3237814176;158647
3237834585;158648
3237854994;158649
3237875403;158650
3237895812;158651
3237916221;158652
3237936630;158653
3237957039;158654
3237977448;158655
3237997861;158656
3238018266;158657
3238038675;158658
3238059084;158659
3238079493;158660
3238099902;158661
3238120311;158662
3238140720;158663
3238161129;158664
3238181538;158665
3238201947;158666
3238222356;158667
3238242765;158668
3238263174;158669
3238283587;158670
3238303992;158671
3238324401;158672
3238344810;158673
3238365219;158674
3238385628;158675
3238406037;158676
3238426446;158677
3238446855;158678
3238467264;158679
3238487673;158680
3238508082;158681
3238528491;158682
3238548900;158683
3238569309;158684
3238589718;158685
3238610127;158686
3238630536;158687
3238650945;158688
3238671354;158689
3238691763;158690
3238712173;158691
3238732581;158692
3238752990;158693
3238773399;158694
3238793812;158695
3238814217;158696
3238834626;158697
3238855035;158698
3238875444;158699
3238895853;158700
3238916263;158701
3238936675;158702
3238957080;158703
3238977489;158704
3238997898;158705
3239018308;158706
3239038716;158707
3239059125;158708
3239079534;158709
3239099943;158710
3239120356;158711
3239140761;158712
3239161170;158713
3239181579;158714
3239201988;158715
3239222398;158716
3239242806;158717
3239263215;158718
3239283624;158719
3239304033;158720
3239324443;158721
3239344851;158722
3239365260;158723
3239385669;158724
3239406078;158725
3239426487;158726
3239446896;158727
3239467305;158728
3239487714;158729
3239508123;158730
3239528532;158731
3239548941;158732
3239569350;158733
3239589759;158734
3239610168;158735
3239630578;158736
3239650986;158737
3239671395;158738
3239691804;158739
3239712213;158740
3239732623;158741
3239753031;158742
3239773440;158743
3239793849;158744
3239814258;158745
3239834668;158746
3239855076;158747
3239875485;158748
3239895894;158749
3239916303;158750
3239936713;158751
3239957121;158752
3239977530;158753
3239997939;158754
3240018348;158755
3240038758;158756
3240059166;158757
3240079575;158758
3240099984;158759
3240120393;158760
3240140803;158761
3240161211;158762
3240181620;158763
3240202029;158764
3240222438;158765
3240242852;158766
3240263256;158767
3240283665;158768
3240304074;158769
3240324483;158770
3240344893;158771
3240365301;158772
3240385710;158773
3240406123;158774
3240426528;158775
3240446942;158776
3240467346;158777
3240487755;158778
3240508164;158779
3240528573;158780
3240548983;158781
3240569391;158782
3240589800;158783
3240610209;158784
3240630618;158785
3240651028;158786
3240671436;158787
3240691849;158788
3240712254;158789
3240732663;158790
3240753073;158791
3240773481;158792
3240793890;158793
3240814299;158794
3240834708;158795
3240855118;158796
3240875526;158797
3240895935;158798
3240916344;158799
3240936753;158800
3240957163;158801
3240977571;158802
3240997980;158803
3241018389;158804
3241038798;158805
3241059208;158806
3241079616;158807
3241100025;158808
3241120434;158809
3241140843;158810
3241161257;158811
3241181661;158812
3241202070;158813
3241222479;158814
3241242888;158815
3241263298;158816
3241283706;158817
3241304115;158818
3241324524;158819
3241344933;158820
3241365343;158821
3241385751;158822
3241406160;158823
3241426569;158824
3241446982;158825
3241467392;158826
3241487796;158827
3241508205;158828
3241528614;158829
3241549023;158830
3241569433;158831
3241589841;158832
3241610250;158833
3241630659;158834
3241651068;158835
3241671478;158836
3241691886;158837
3241712295;158838
3241732704;158839
3241753113;158840
3241773523;158841
3241793931;158842
3241814341;158843
3241834749;158844
3241855158;158845
3241875568;158846
3241895976;158847
3241916386;158848
3241936794;158849
3241957203;158850
3241977613;158851
3241998021;158852
3242018431;158853
3242038839;158854
3242059248;158855
3242079658;158856
3242100066;158857
3242120475;158858
3242140884;158859
3242161293;158860
3242181703;158861
3242202115;158862
3242222520;158863
3242242929;158864
3242263338;158865
3242283748;158866
3242304156;158867
3242324566;158868
3242344978;158869
3242365383;158870
3242385793;158871
3242406205;158872
3242426611;158873
3242447019;158874
3242467428;158875
3242487838;158876
3242508246;158877
3242528655;158878
3242549064;158879
3242569473;158880
3242589883;158881
3242610291;158882
3242630701;158883
3242651109;158884
3242671518;158885
3242691927;158886
3242712336;158887
3242732746;158888
3242753154;158889
3242773563;158890
3242793973;158891
3242814381;158892
3242834791;158893
3242855199;158894
3242875608;158895
3242896018;158896
3242916426;158897
3242936839;158898
3242957244;158899
3242977653;158900
3242998063;158901
3243018471;158902
3243038881;158903
3243059289;158904
3243079698;158905
3243100108;158906
3243120520;158907
3243140926;158908
3243161334;158909
3243181743;158910
3243202153;158911
3243222561;158912
3243242971;158913
3243263379;158914
3243283788;158915
3243304202;158916
3243324606;158917
3243345016;158918
3243365424;158919
3243385833;158920
3243406243;158921
3243426651;158922
3243447061;158923
3243467469;158924
3243487878;158925
3243508288;158926
3243528700;158927
3243549106;158928
3243569514;158929
3243589923;158930
3243610333;158931
3243630741;158932
3243651151;158933
3243671559;158934
3243691972;158935
3243712378;158936
3243732786;158937
3243753196;158938
3243773604;158939
3243794017;158940
3243814427;158941
3243834831;158942
3243855241;158943
3243875649;158944
3243896058;158945
3243916468;158946
3243936876;158947
3243957286;158948
3243977694;158949
3243998103;158950
3244018513;158951
3244038921;158952
3244059331;158953
3244079739;158954
3244100148;158955
3244120558;158956
3244140966;158957
3244161376;158958
3244181784;158959
3244202193;158960
3244222603;158961
3244243011;158962
3244263421;158963
3244283833;158964
3244304238;158965
3244324648;158966
3244345056;158967
3244365469;158968
3244385874;158969
3244406283;158970
3244426693;158971
3244447101;158972
3244467511;158973
3244487919;158974
3244508328;158975
3244528738;158976
3244549146;158977
3244569556;158978
3244589964;158979
3244610373;158980
3244630783;158981
3244651191;158982
3244671601;158983
3244692009;158984
3244712418;158985
3244732828;158986
3244753236;158987
3244773646;158988
3244794054;158989
3244814463;158990
3244834873;158991
3244855281;158992
3244875691;158993
3244896099;158994
3244916508;158995
3244936918;158996
3244957326;158997
3244977736;158998
3244998144;158999
3245018553;159000
3245038963;159001
3245059371;159002
3245079781;159003
3245100193;159004
3245120599;159005
3245141008;159006
3245161416;159007
3245181826;159008
3245202234;159009
3245222643;159010
3245243053;159011
3245263461;159012
3245283871;159013
3245304279;159014
3245324688;159015
3245345102;159016
3245365506;159017
3245385916;159018
3245406324;159019
3245426737;159020
3245447143;159021
3245467551;159022
3245487961;159023
3245508373;159024
3245528779;159025
3245549188;159026
3245569596;159027
3245590006;159028
3245610414;159029
3245630823;159030
3245651233;159031
3245671641;159032
3245692051;159033
3245712459;159034
3245732868;159035
3245753278;159036
3245773686;159037
3245794096;159038
3245814504;159039
3245834913;159040
3245855323;159041
3245875735;159042
3245896141;159043
3245916553;159044
3245936958;159045
3245957367;159046
3245977776;159047
3245998186;159048
3246018594;159049
3246039003;159050
3246059413;159051
3246079821;159052
3246100235;159053
3246120639;159054
3246141048;159055
3246161458;159056
3246181870;159057
3246202276;159058
3246222684;159059
3246243093;159060
3246263503;159061
3246283911;159062
3246304325;159063
3246324729;159064
3246345139;159065
3246365548;159066
3246385956;159067
3246406366;159068
3246426774;159069
3246447184;159070
3246467593;159071
3246488001;159072
3246508411;159073
3246528819;159074
3246549228;159075
3246569638;159076
3246590046;159077
3246610460;159078
3246630864;159079
3246651273;159080
3246671683;159081
3246692091;159082
3246712501;159083
3246732909;159084
3246753318;159085
3246773728;159086
3246794136;159087
3246814546;159088
3246834954;159089
3246855363;159090
3246875773;159091
3246896181;159092
3246916591;159093
3246937003;159094
3246957408;159095
3246977822;159096
3246998226;159097
3247018636;159098
3247039044;159099
3247059453;159100
3247079863;159101
3247100271;159102
3247120681;159103
3247141089;159104
3247161502;159105
3247181908;159106
3247202316;159107
3247222726;159108
3247243134;159109
3247263543;159110
3247283953;159111
3247304361;159112
3247324771;159113
3247345152;159114
3247365560;159115
3247385970;159116
3247406378;159117
3247426788;159118
3247447196;159119
3247467606;159120
3247488018;159121
3247508423;159122
3247528832;159123
3247549241;159124
3247569650;159125
3247590059;159126
3247610468;159127
3247630877;159128
3247651286;159129
3247671694;159130
3247692104;159131
3247712512;159132
3247732922;159133
3247753330;159134
3247773739;159135
3247794148;159136
3247814557;159137
3247834966;159138
3247855375;159139
3247875784;159140
3247896193;159141
3247916602;159142
3247937011;159143
3247957420;159144
3247977829;159145
3247998238;159146
3248018646;159147
3248039056;159148
3248059464;159149
3248079874;159150
3248100283;159151
3248120691;159152
3248141101;159153
3248161509;159154
3248181919;159155
3248202327;159156
3248222740;159157
3248243145;159158
3248263554;159159
3248283963;159160
3248304372;159161
3248324781;159162
3248345190;159163
3248365599;159164
3248386008;159165
3248406417;159166
3248426825;159167
3248447235;159168
3248467643;159169
3248488053;159170
3248508461;159171
3248528870;159172
3248549279;159173
3248569688;159174
3248590098;159175
3248610506;159176
3248630915;159177
3248651324;159178
3248671733;159179
3248692142;159180
3248712551;159181
3248732959;159182
3248753369;159183
3248773777;159184
3248794187;159185
3248814596;159186
3248835008;159187
3248855414;159188
3248875822;159189
3248896232;159190
3248916640;159191
3248937049;159192
3248957458;159193
3248977867;159194
3248998280;159195
3249018685;159196
3249039094;159197
3249059503;159198
3249079912;159199
3249100321;159200
3249120730;159201
3249141138;159202
3249161548;159203
3249181956;159204
3249202370;159205
3249222774;159206
3249243183;159207
3249263592;159208
3249284001;159209
3249304411;159210
3249324819;159211
3249345228;159212
3249365637;159213
3249386046;159214
3249406455;159215
3249426864;159216
3249447272;159217
3249467686;159218
3249488090;159219
3249508500;159220
3249528909;159221
3249549317;159222
3249569727;159223
3249590135;159224
3249610549;159225
3249630953;159226
3249651362;159227
3249671771;159228
3249692180;159229
3249712589;159230
3249732998;159231
3249753408;159232
3249773816;159233
3249794225;159234
3249814634;159235
3249835043;159236
3249855451;159237
3249875861;159238
3249896269;159239
3249916679;159240
3249937087;159241
3249957497;159242
3249977905;159243
3249998318;159244
3250018724;159245
3250039132;159246
3250059541;159247
3250079950;159248
3250100363;159249
3250120768;159250
3250141177;159251
3250161586;159252
3250181995;159253
3250202403;159254
3250222813;159255
3250243222;159256
3250263631;159257
3250284040;159258
3250304448;159259
3250324858;159260
3250345266;159261
3250365675;159262
3250386084;159263
3250406493;159264
3250426902;159265
3250447311;159266
3250467720;159267
3250488129;159268
3250508538;159269
3250528947;159270
3250549356;159271
3250569764;159272
3250590174;159273
3250610582;159274
3250630992;159275
3250651400;159276
3250671809;159277
3250692218;159278
3250712627;159279
3250733037;159280
3250753445;159281
3250773858;159282
3250794267;159283
3250814672;159284
3250835081;159285
3250855490;159286
3250875899;159287
3250896308;159288
3250916716;159289
3250937126;159290
3250957535;159291
3250977943;159292
3250998353;159293
3251018761;159294
3251039171;159295
3251059579;159296
3251079989;159297
3251100397;159298
3251120806;159299
3251141215;159300
3251161624;159301
3251182033;159302
3251202442;159303
3251222851;159304
3251243260;159305
3251263669;159306
3251284078;159307
3251304487;159308
3251324895;159309
3251345305;159310
3251365717;159311
3251386123;159312
3251406531;159313
3251426940;159314
3251447350;159315
3251467758;159316
3251488167;159317
3251508576;159318
3251528985;159319
3251549394;159320
3251569803;159321
3251590212;159322
3251610621;159323
3251631029;159324
3251651439;159325
3251671848;159326
3251692256;159327
3251712666;159328
3251733074;159329
3251753484;159330
3251773892;159331
3251794302;159332
3251814710;159333
3251835119;159334
3251855528;159335
3251875941;159336
3251896347;159337
3251916755;159338
3251937164;159339
3251957573;159340
3251977982;159341
3251998391;159342
3252018800;159343
3252039208;159344
3252059618;159345
3252080030;159346
3252100436;159347
3252120844;159348
3252141253;159349
3252161663;159350
3252182071;159351
3252202481;159352
3252222889;159353
3252243298;159354
3252263707;159355
3252284120;159356
3252304525;159357
3252324934;159358
3252345342;159359
3252365752;159360
3252386161;159361
3252406570;159362
3252426979;159363
3252447387;159364
3252467797;159365
3252488205;159366
3252508615;159367
3252529023;159368
3252549432;159369
3252569841;159370
3252590250;159371
3252610660;159372
3252631068;159373
3252651477;159374
3252671886;159375
3252692295;159376
3252712704;159377
3252733113;159378
3252753521;159379
3252773931;159380
3252794339;159381
3252814749;159382
3252835157;159383
3252855566;159384
3252875976;159385
3252896384;159386
3252916794;159387
3252937202;159388
3252957611;159389
3252978020;159390
3252998429;159391
3253018838;159392
3253039247;159393
3253059655;159394
3253080065;159395
3253100474;159396
3253120883;159397
3253141292;159398
3253161704;159399
3253182110;159400
3253202522;159401
3253222928;159402
3253243336;159403
3253263745;159404
3253284154;159405
3253304563;159406
3253324973;159407
3253345381;159408
3253365790;159409
3253386203;159410
3253406608;159411
3253427017;159412
3253447426;159413
3253467834;159414
3253488244;159415
3253508652;159416
3253529062;159417
3253549470;159418
3253569879;159419
3253590289;159420
3253610697;159421
3253631107;159422
3253651515;159423
3253671924;159424
3253692333;159425
3253712742;159426
3253733151;159427
3253753560;159428
3253773968;159429
3253794378;159430
3253814787;159431
3253835196;159432
3253855605;159433
3253876013;159434
3253896423;159435
3253916831;159436
3253937241;159437
3253957649;159438
3253978058;159439
3253998467;159440
3254018876;159441
3254039286;159442
3254059694;159443
3254080103;159444
3254100512;159445
3254120921;159446
3254141330;159447
3254161743;159448
3254182147;159449
3254202557;159450
3254222965;159451
3254243375;159452
3254263783;159453
3254284192;159454
3254304602;159455
3254325010;159456
3254345420;159457
3254365828;159458
3254386238;159459
3254406646;159460
3254427055;159461
3254447464;159462
3254467873;159463
3254488281;159464
3254508691;159465
3254529100;159466
3254549509;159467
3254569918;159468
3254590326;159469
3254610736;159470
3254631144;159471
3254651558;159472
3254671962;159473
3254692371;159474
3254712780;159475
3254733189;159476
3254753599;159477
3254774007;159478
3254794420;159479
3254814825;159480
3254835234;159481
3254855643;159482
3254876052;159483
3254896464;159484
3254916870;159485
3254937278;159486
3254957688;159487
3254978096;159488
3254998506;159489
3255018915;159490
3255039323;159491
3255059733;159492
3255080141;159493
3255100550;159494
3255120959;159495
3255141368;159496
3255161777;159497
3255182186;159498
3255202594;159499
3255223004;159500
3255243413;159501
3255263821;159502
3255284231;159503
3255304639;159504
3255325049;159505
3255345457;159506
3255365867;159507
3255386275;159508
3255406684;159509
3255427093;159510
3255447502;159511
3255467912;159512
3255488320;159513
3255508729;159514
3255529138;159515
3255549547;159516
3255569956;159517
3255590364;159518
3255610774;159519
3255631183;159520
3255651591;159521
3255672001;159522
3255692409;159523
3255712818;159524
3255733228;159525
3255753636;159526
3255774046;159527
3255794454;159528
3255814863;159529
3255835272;159530
3255855681;159531
3255876090;159532
3255896503;159533
3255916908;159534
3255937317;159535
3255957726;159536
3255978135;159537
3255998544;159538
3256018953;159539
3256039362;159540
3256059770;159541
3256080180;159542
3256100588;159543
3256120998;159544
3256141406;159545
3256161815;159546
3256182225;159547
3256202633;159548
3256223042;159549
3256243451;159550
3256263860;159551
3256284269;159552
3256304678;159553
3256325087;159554
3256345500;159555
3256365904;159556
3256386314;159557
3256406722;159558
3256427132;159559
3256447545;159560
3256467953;159561
3256488359;159562
3256508767;159563
3256529177;159564
3256549585;159565
3256569994;159566
3256590403;159567
3256610812;159568
3256631221;159569
3256651630;159570
3256672039;159571
3256692448;159572
3256712857;159573
3256733266;159574
3256753675;159575
3256774083;159576
3256794493;159577
3256814905;159578
3256835311;159579
3256855719;159580
3256876128;159581
3256896538;159582
3256916946;159583
3256937356;159584
3256957764;159585
3256978173;159586
3256998582;159587
3257018991;159588
3257039400;159589
3257059809;159590
3257080217;159591
3257100627;159592
3257121035;159593
3257141445;159594
3257161858;159595
3257182262;159596
3257202672;159597
3257223080;159598
3257243490;159599
3257263898;159600
3257284307;159601
3257304716;159602
3257325125;159603
3257345530;159604
3257365938;159605
3257386347;159606
3257406756;159607
3257427165;159608
3257447574;159609
3257467983;159610
3257488391;159611
3257508801;159612
3257529209;159613
3257549623;159614
3257570027;159615
3257590436;159616
3257610849;159617
3257631254;159618
3257651666;159619
3257672072;159620
3257692481;159621
3257712890;159622
3257733299;159623
3257753708;159624
3257774117;159625
3257794525;159626
3257814935;159627
3257835343;159628
3257855753;159629
3257876161;159630
3257896574;159631
3257916983;159632
3257937388;159633
3257957797;159634
3257978206;159635
3257998615;159636
3258019024;159637
3258039433;159638
3258059842;159639
3258080251;159640
3258100659;159641
3258121069;159642
3258141477;159643
3258161887;159644
3258182295;159645
3258202704;159646
3258223113;159647
3258243522;159648
3258263931;159649
3258284340;159650
3258304748;159651
3258325158;159652
3258345567;159653
3258365976;159654
3258386385;159655
3258406793;159656
3258427203;159657
3258447611;159658
3258468025;159659
3258488429;159660
3258508838;159661
3258529247;159662
3258549656;159663
3258570065;159664
3258590474;159665
3258610882;159666
3258631292;159667
3258651701;159668
3258672110;159669
3258692519;159670
3258712927;159671
3258733337;159672
3258753745;159673
3258774155;159674
3258794563;159675
3258814972;159676
3258835381;159677
3258855790;159678
3258876199;159679
3258896608;159680
3258917016;159681
3258937426;159682
3258957835;159683
3258978244;159684
3258998653;159685
3259019061;159686
3259039471;159687
3259059879;159688
3259080289;159689
3259100697;159690
3259121106;159691
3259141515;159692
3259161924;159693
3259182333;159694
3259202742;159695
3259223150;159696
3259243560;159697
3259263969;159698
3259284378;159699
3259304787;159700
3259325195;159701
3259345605;159702
3259366013;159703
3259386426;159704
3259406835;159705
3259427240;159706
3259447649;159707
3259468058;159708
3259488467;159709
3259508876;159710
3259529284;159711
3259549694;159712
3259570103;159713
3259590512;159714
3259610921;159715
3259631329;159716
3259651739;159717
3259672147;159718
3259692557;159719
3259712965;159720
3259733378;159721
3259753783;159722
3259774192;159723
3259794601;159724
3259815010;159725
3259835418;159726
3259855828;159727
3259876237;159728
3259896646;159729
3259917055;159730
3259937463;159731
3259957877;159732
3259978281;159733
3259998691;159734
3260019099;159735
3260039508;159736
3260059917;159737
3260080330;159738
3260100735;159739
3260121144;159740
3260141552;159741
3260161962;159742
3260182370;159743
3260202780;159744
3260223189;159745
3260243597;159746
3260264007;159747
3260284419;159748
3260304825;159749
3260325233;159750
3260345642;159751
3260366051;159752
3260386460;159753
3260406869;159754
3260427278;159755
3260447686;159756
3260468096;159757
3260488504;159758
3260508914;159759
3260529323;159760
3260549731;159761
3260570141;159762
3260590549;159763
3260610959;159764
3260631367;159765
3260651780;159766
3260672185;159767
3260692594;159768
3260713003;159769
3260733412;159770
3260753820;159771
3260774230;159772
3260794638;159773
3260815048;159774
3260835457;159775
3260855865;159776
3260876275;159777
3260896683;159778
3260917093;159779
3260937501;159780
3260957914;159781
3260978323;159782
3260998728;159783
3261019137;159784
3261039546;159785
3261059954;159786
3261080364;159787
3261100772;159788
3261121182;159789
3261141591;159790
3261161999;159791
3261182409;159792
3261202817;159793
3261223227;159794
3261243635;159795
3261264044;159796
3261284457;159797
3261304862;159798
3261325271;159799
3261345680;159800
3261366088;159801
3261386498;159802
3261406906;159803
3261427316;159804
3261447729;159805
3261468133;159806
3261488547;159807
3261508951;159808
3261529361;159809
3261549769;159810
3261570178;159811
3261590587;159812
3261610996;159813
3261631405;159814
3261651814;159815
3261672222;159816
3261692632;159817
3261713040;159818
3261733450;159819
3261753863;159820
3261774267;159821
3261794677;159822
3261815085;159823
3261835495;159824
3261855903;159825
3261876312;159826
3261896725;159827
3261917130;159828
3261937539;159829
3261957952;159830
3261978356;159831
3261998770;159832
3262019174;159833
3262039584;159834
3262059993;159835
3262080405;159836
3262100811;159837
3262121219;159838
3262141629;159839
3262162041;159840
3262182446;159841
3262202855;159842
3262223264;159843
3262243677;159844
3262264082;159845
3262284490;159846
3262304900;159847
3262325308;159848
3262345718;159849
3262366126;159850
3262386535;159851
3262406949;159852
3262427353;159853
3262447763;159854
3262468171;159855
3262488580;159856
3262508989;159857
3262529398;159858
3262549807;159859
3262570220;159860
3262590624;159861
3262611034;159862
3262631442;159863
3262651852;159864
3262672260;159865
3262692669;159866
3262713079;159867
3262733487;159868
3262753897;159869
3262774305;159870
3262794718;159871
3262815127;159872
3262835532;159873
3262855941;159874
3262876350;159875
3262896758;159876
3262917168;159877
3262937576;159878
3262957986;159879
3262978394;159880
3262998803;159881
3263019213;159882
3263039621;159883
3263060031;159884
3263080439;159885
3263100848;159886
3263121257;159887
3263141666;159888
3263162075;159889
3263182484;159890
3263202892;159891
3263223302;159892
3263243710;159893
3263264120;159894
3263284528;159895
3263304937;159896
3263325351;159897
3263345755;159898
3263366165;159899
3263386573;159900
3263406982;159901
3263427391;159902
3263447800;159903
3263468209;159904
3263488618;159905
3263509026;159906
3263529436;159907
3263549844;159908
3263570254;159909
3263590662;159910
3263611071;159911
3263631481;159912
3263651889;159913
3263672299;159914
3263692707;159915
3263713116;159916
3263733525;159917
3263753938;159918
3263774343;159919
3263794752;159920
3263815160;159921
3263835570;159922
3263855978;159923
3263876388;159924
3263896796;159925
3263917209;159926
3263937615;159927
3263958023;159928
3263978433;159929
3263998841;159930
3264019250;159931
3264039659;159932
3264060068;159933
3264080477;159934
3264100886;159935
3264121294;159936
3264141704;159937
3264162112;159938
3264182522;159939
3264202930;159940
3264223339;159941
3264243748;159942
3264264157;159943
3264284567;159944
3264304975;159945
3264325384;159946
3264345793;159947
3264366202;159948
3264386611;159949
3264407020;159950
3264427432;159951
3264447838;159952
3264468246;159953
3264488656;159954
3264509064;159955
3264529474;159956
3264549882;159957
3264570291;159958
3264590701;159959
3264611109;159960
3264631518;159961
3264651927;159962
3264672336;159963
3264692745;159964
3264713154;159965
3264733562;159966
3264753972;159967
3264774380;159968
3264794790;159969
3264815198;159970
3264835607;159971
3264856016;159972
3264876425;159973
3264896835;159974
3264917247;159975
3264937652;159976
3264958061;159977
3264978470;159978
3264998879;159979
3265019288;159980
3265039696;159981
3265060106;159982
3265080514;159983
3265100924;159984
3265121332;159985
3265141741;159986
3265162150;159987
3265182559;159988
3265202969;159989
3265223377;159990
3265243786;159991
3265264195;159992
3265284604;159993
3265305013;159994
3265325422;159995
3265345830;159996
3265366240;159997
3265386648;159998
3265407058;159999
3265427466;160000
3265447875;160001
3265468284;160002
3265488693;160003
3265509103;160004
3265529511;160005
3265549921;160006
3265570329;160007
3265590738;160008
3265611147;160009
3265631556;160010
3265651964;160011
3265672374;160012
3265692782;160013
3265713192;160014
3265733600;160015
3265754010;160016
3265774418;160017
3265794827;160018
3265815237;160019
3265835645;160020
3265856054;160021
3265876463;160022
3265896876;160023
3265917281;160024
3265937690;160025
3265958098;160026
3265978508;160027
3265998916;160028
3266019326;160029
3266039734;160030
3266060143;160031
3266080552;160032
3266100961;160033
3266121370;160034
3266141779;160035
3266162188;160036
3266182597;160037
3266203006;160038
3266223415;160039
3266243824;160040
3266264232;160041
3266284642;160042
3266305050;160043
3266325460;160044
3266345868;160045
3266366281;160046
3266386686;160047
3266407095;160048
3266427504;160049
3266447913;160050
3266468322;160051
3266488731;160052
3266509140;160053
3266529549;160054
3266549958;160055
3266570366;160056
3266590776;160057
3266611184;160058
3266631594;160059
3266652002;160060
3266672412;160061
3266692820;160062
3266713229;160063
3266733638;160064
3266754047;160065
3266774457;160066
3266794865;160067
3266815274;160068
3266835683;160069
3266856092;160070
3266876501;160071
3266896910;160072
3266917318;160073
3266937728;160074
3266958136;160075
3266978546;160076
3266998954;160077
3267019363;160078
3267039776;160079
3267060181;160080
3267080591;160081
3267100999;160082
3267121412;160083
3267141817;160084
3267162226;160085
3267182634;160086
3267203044;160087
3267223452;160088
3267243866;160089
3267264270;160090
3267284683;160091
3267305088;160092
3267325497;160093
3267345954;160094
3267366362;160095
3267386772;160096
3267407180;160097
3267427593;160098
3267448003;160099
3267468411;160100
3267488817;160101
3267509229;160102
3267529634;160103
3267550044;160104
3267570452;160105
3267590862;160106
3267611271;160107
3267631679;160108
3267652089;160109
3267672498;160110
3267692907;160111
3267713316;160112
3267733724;160113
3267754134;160114
3267774543;160115
3267794952;160116
3267815361;160117
3267835770;160118
3267856179;160119
3267876588;160120
3267896997;160121
3267917410;160122
3267937815;160123
3267958224;160124
3267978633;160125
3267999043;160126
3268019451;160127
3268039864;160128
3268060269;160129
3268080678;160130
3268101088;160131
3268121496;160132
3268141905;160133
3268162315;160134
3268182723;160135
3268203133;160136
3268223541;160137
3268243950;160138
3268264360;160139
3268284768;160140
3268305178;160141
3268325587;160142
3268345999;160143
3268366405;160144
3268386814;160145
3268407223;160146
3268427632;160147
3268448040;160148
3268468450;160149
3268488859;160150
3268509268;160151
3268529677;160152
3268550086;160153
3268570499;160154
3268590904;160155
3268611313;160156
3268631722;160157
3268652131;160158
3268672540;160159
3268692949;160160
3268713359;160161
3268733767;160162
3268754176;160163
3268774585;160164
3268794994;160165
3268815404;160166
3268835812;160167
3268856221;160168
3268876631;160169
3268897039;160170
3268917449;160171
3268937857;160172
3268958266;160173
3268978676;160174
3268999084;160175
3269019494;160176
3269039903;160177
3269060311;160178
3269080721;160179
3269101130;160180
3269121539;160181
3269141948;160182
3269162356;160183
3269182766;160184
3269203175;160185
3269223584;160186
3269243997;160187
3269264402;160188
3269284811;160189
3269305220;160190
3269325629;160191
3269346038;160192
3269366447;160193
3269386856;160194
3269407265;160195
3269427675;160196
3269448083;160197
3269468492;160198
3269488905;160199
3269509310;160200
3269529720;160201
3269550128;160202
3269570537;160203
3269590947;160204
3269611355;160205
3269631765;160206
3269652173;160207
3269672582;160208
3269692992;160209
3269713400;160210
3269733810;160211
3269754223;160212
3269774627;160213
3269795041;160214
3269815446;160215
3269835855;160216
3269856264;160217
3269876672;160218
3269897082;160219
3269917491;160220
3269937900;160221
3269958309;160222
3269978718;160223
3269999127;160224
3270019536;160225
3270039945;160226
3270060354;160227
3270080763;160228
3270101172;160229
3270121581;160230
3270141991;160231
3270162399;160232
3270182808;160233
3270203217;160234
3270223626;160235
3270244036;160236
3270264444;160237
3270284853;160238
3270305263;160239
3270325671;160240
3270346081;160241
3270366489;160242
3270386898;160243
3270407308;160244
3270427716;160245
3270448126;160246
3270468535;160247
3270488943;160248
3270509357;160249
3270529762;160250
3270550171;160251
3270570580;160252
3270590988;160253
3270611398;160254
3270631807;160255
3270652216;160256
3270672625;160257
3270693034;160258
3270713443;160259
3270733852;160260
3270754261;160261
3270774670;160262
3270795079;160263
3270815488;160264
3270835897;160265
3270856307;160266
3270876715;160267
3270897124;160268
3270917533;160269
3270937946;160270
3270958352;160271
3270978760;160272
3270999169;160273
3271019579;160274
3271039987;160275
3271060400;160276
3271080805;160277
3271101214;160278
3271121624;160279
3271142032;160280
3271162442;160281
3271182851;160282
3271203259;160283
3271223669;160284
3271244078;160285
3271264487;160286
3271284900;160287
3271305304;160288
3271325714;160289
3271346123;160290
3271366532;160291
3271386941;160292
3271407350;160293
3271427759;160294
3271448168;160295
3271468577;160296
3271488986;160297
3271509395;160298
3271529804;160299
3271550213;160300
