3007007983;147338
3007028393;147339
3007048801;147340
3007069210;147341
3007089619;147342
3007110028;147343
3007130440;147344
3007150846;147345
3007171255;147346
3007191668;147347
3007212073;147348
3007232481;147349
3007252891;147350
3007273299;147351
3007293709;147352
3007314117;147353
3007334576;147354
3007354985;147355
3007375398;147356
3007395803;147357
3007416212;147358
3007436621;147359
3007457030;147360
3007477443;147361
3007497849;147362
3007518257;147363
3007538666;147364
3007559075;147365
3007579484;147366
3007599894;147367
3007620302;147368
3007640715;147369
3007661120;147370
3007681533;147371
3007701939;147372
3007722351;147373
3007742756;147374
3007763169;147375
3007783574;147376
3007803983;147377
3007824392;147378
3007844801;147379
3007865211;147380
3007885619;147381
3007906032;147382
3007926437;147383
3007946846;147384
3007967256;147385
3007987664;147386
3008008073;147387
3008028482;147388
3008048895;147389
3008069305;147390
3008089709;147391
3008110118;147392
3008130531;147393
3008150936;147394
3008171346;147395
3008191754;147396
3008212163;147397
3008232573;147398
3008252981;147399
3008273391;147400
3008293799;147401
3008314208;147402
3008334618;147403
3008355026;147404
3008375439;147405
3008395844;147406
3008416253;147407
3008436663;147408
3008457071;147409
3008477481;147410
3008497890;147411
3008518298;147412
3008538708;147413
3008559116;147414
3008579525;147415
3008599935;147416
3008620343;147417
3008640753;147418
3008661161;147419
3008681570;147420
3008701980;147421
3008722388;147422
3008742798;147423
3008763206;147424
3008783615;147425
3008804025;147426
3008824433;147427
3008844843;147428
3008865256;147429
3008885660;147430
3008906070;147431
3008926482;147432
3008946891;147433
3008967297;147434
3008987705;147435
3009008115;147436
3009028527;147437
3009048933;147438
3009069346;147439
3009089750;147440
3009110164;147441
3009130568;147442
3009150977;147443
3009171391;147444
3009191795;147445
3009212205;147446
3009232614;147447
3009253022;147448
3009273432;147449
3009293840;147450
3009314250;147451
3009334663;147452
3009355067;147453
3009375477;147454
3009395889;147455
3009416295;147456
3009436704;147457
3009457112;147458
3009477526;147459
3009497931;147460
3009518343;147461
3009538749;147462
3009559161;147463
3009579567;147464
3009599976;147465
3009620385;147466
3009640794;147467
3009661206;147468
3009681612;147469
3009702021;147470
3009722429;147471
3009742839;147472
3009763247;147473
3009783657;147474
3009804066;147475
3009824474;147476
3009844888;147477
3009865293;147478
3009885702;147479
3009906111;147480
3009926519;147481
3009946933;147482
3009967338;147483
3009987747;147484
3010008156;147485
3010028564;147486
3010048974;147487
3010069383;147488
3010089792;147489
3010110201;147490
3010130609;147491
3010151019;147492
3010171428;147493
3010191837;147494
3010212246;147495
3010232655;147496
3010253064;147497
3010273473;147498
3010293882;147499
3010314291;147500
3010334700;147501
3010355109;147502
3010375518;147503
3010395927;147504
3010416336;147505
3010436745;147506
3010457154;147507
3010477563;147508
3010497972;147509
3010518381;147510
3010538790;147511
3010559199;147512
3010579608;147513
3010600017;147514
3010620426;147515
3010640835;147516
3010661244;147517
3010681653;147518
3010702062;147519
3010722471;147520
3010742880;147521
3010763289;147522
3010783698;147523
3010804107;147524
3010824516;147525
3010844925;147526
3010865335;147527
3010885743;147528
3010906152;147529
3010926561;147530
3010946970;147531
3010967379;147532
3010987792;147533
3011008197;147534
3011028606;147535
3011049015;147536
3011069424;147537
3011089833;147538
3011110242;147539
3011130651;147540
3011151060;147541
3011171469;147542
3011191882;147543
3011212287;147544
3011232697;147545
3011253105;147546
3011273514;147547
3011293923;147548
3011314332;147549
3011334745;147550
3011355150;147551
3011375559;147552
3011395968;147553
3011416377;147554
3011436787;147555
3011457195;147556
3011477604;147557
3011498014;147558
3011518426;147559
3011538831;147560
3011559240;147561
3011579653;147562
3011600059;147563
3011620467;147564
3011640876;147565
3011661285;147566
3011681698;147567
3011702104;147568
3011722512;147569
3011742921;147570
3011763330;147571
3011783739;147572
3011804152;147573
3011824557;147574
3011844966;147575
3011865376;147576
3011885784;147577
3011906197;147578
3011926606;147579
3011947011;147580
3011967421;147581
3011987833;147582
3012008239;147583
3012028647;147584
3012049056;147585
3012069470;147586
3012089874;147587
3012110287;147588
3012130696;147589
3012151101;147590
3012171515;147591
3012191919;147592
3012212328;147593
3012232738;147594
3012253150;147595
3012273560;147596
3012293964;147597
3012314374;147598
3012334783;147599
3012355191;147600
3012375605;147601
3012396009;147602
3012416422;147603
3012436832;147604
3012457236;147605
3012477646;147606
3012498054;147607
3012518463;147608
3012538873;147609
3012559281;147610
3012579691;147611
3012600100;147612
3012620508;147613
3012640918;147614
3012661326;147615
3012681736;147616
3012702149;147617
3012722553;147618
3012742963;147619
3012763375;147620
3012783784;147621
3012804190;147622
3012824598;147623
3012845008;147624
3012865417;147625
3012885826;147626
3012906235;147627
3012926643;147628
3012947053;147629
3012967462;147630
3012987870;147631
3013008280;147632
3013028688;147633
3013049102;147634
3013069511;147635
3013089916;147636
3013110325;147637
3013130737;147638
3013151143;147639
3013171552;147640
3013191960;147641
3013212370;147642
3013232779;147643
3013253188;147644
3013273597;147645
3013294005;147646
3013314415;147647
3013334824;147648
3013355233;147649
3013375642;147650
3013396054;147651
3013416460;147652
3013436873;147653
3013457278;147654
3013477691;147655
3013498095;147656
3013518505;147657
3013538914;147658
3013559322;147659
3013579736;147660
3013600141;147661
3013620550;147662
3013640959;147663
3013661367;147664
3013681777;147665
3013702186;147666
3013722595;147667
3013743004;147668
3013763412;147669
3013783822;147670
3013804231;147671
3013824640;147672
3013845049;147673
3013865458;147674
3013885871;147675
3013906276;147676
3013926685;147677
3013947094;147678
3013967503;147679
3013987912;147680
3014008321;147681
3014028730;147682
3014049139;147683
3014069548;147684
3014089961;147685
3014110366;147686
3014130775;147687
3014151184;147688
3014171593;147689
3014192006;147690
3014212415;147691
3014232821;147692
3014253229;147693
3014273638;147694
3014294047;147695
3014314456;147696
3014334866;147697
3014355274;147698
3014375683;147699
3014396092;147700
3014416501;147701
3014436914;147702
3014457319;147703
3014477728;147704
3014498137;147705
3014518546;147706
3014538955;147707
3014559368;147708
3014579773;147709
3014600183;147710
3014620595;147711
3014641000;147712
3014661413;147713
3014681818;147714
3014702228;147715
3014722636;147716
3014743045;147717
3014763458;147718
3014783863;147719
3014804277;147720
3014824681;147721
3014845090;147722
3014865500;147723
3014885908;147724
3014906317;147725
3014926726;147726
3014947135;147727
3014967545;147728
3014987953;147729
3015008363;147730
3015028771;147731
3015049184;147732
3015069590;147733
3015089998;147734
3015110408;147735
3015130816;147736
3015151225;147737
3015171635;147738
3015192043;147739
3015212452;147740
3015232862;147741
3015253270;147742
3015273680;147743
3015294088;147744
3015314501;147745
3015334907;147746
3015355315;147747
3015375725;147748
3015396133;147749
3015416546;147750
3015436952;147751
3015457360;147752
3015477770;147753
3015498178;147754
3015518587;147755
3015538997;147756
3015559409;147757
3015579819;147758
3015600224;147759
3015620632;147760
3015641046;147761
3015661450;147762
3015681860;147763
3015702269;147764
3015722681;147765
3015743087;147766
3015763495;147767
3015783905;147768
3015804314;147769
3015824722;147770
3015845136;147771
3015865541;147772
3015885950;147773
3015906359;147774
3015926767;147775
3015947177;147776
3015967586;147777
3015987994;147778
3016008404;147779
3016028812;147780
3016049222;147781
3016069631;147782
3016090043;147783
3016110449;147784
3016130857;147785
3016151267;147786
3016171676;147787
3016192084;147788
3016212494;147789
3016232903;147790
3016253312;147791
3016273721;147792
3016294129;147793
3016314539;147794
3016334948;147795
3016355357;147796
3016375766;147797
3016396174;147798
3016416584;147799
3016436997;147800
3016457402;147801
3016477811;147802
3016498219;147803
3016518629;147804
3016539038;147805
3016559447;147806
3016579856;147807
3016600265;147808
3016620674;147809
3016641083;147810
3016661492;147811
3016681901;147812
3016702310;147813
3016722719;147814
3016743128;147815
3016763540;147816
3016783950;147817
3016804355;147818
3016824764;147819
3016845173;147820
3016865582;147821
3016885995;147822
3016906400;147823
3016926809;147824
3016947218;147825
3016967627;147826
3016988036;147827
3017008445;147828
3017028854;147829
3017049263;147830
3017069672;147831
3017090085;147832
3017110490;147833
3017130899;147834
3017151312;147835
3017171717;147836
3017192126;147837
3017212535;147838
3017232945;147839
3017253353;147840
3017273762;147841
3017294171;147842
3017314580;147843
3017334938;147844
3017355347;147845
3017375756;147846
3017396165;147847
3017416574;147848
3017436982;147849
3017457396;147850
3017477800;147851
3017498214;147852
3017518618;147853
3017539027;147854
3017559436;147855
3017579845;147856
3017600254;147857
3017620667;147858
3017641071;147859
3017661485;147860
3017681889;147861
3017702299;147862
3017722707;147863
3017743120;147864
3017763525;147865
3017783934;147866
3017804343;147867
3017824752;147868
3017845160;147869
3017865570;147870
3017885978;147871
3017906387;147872
3017926796;147873
3017947205;147874
3017967614;147875
3017988023;147876
3018008432;147877
3018028841;147878
3018049249;147879
3018069659;147880
3018090067;147881
3018110480;147882
3018130889;147883
3018151294;147884
3018171703;147885
3018192112;147886
3018212520;147887
3018232934;147888
3018253338;147889
3018273748;147890
3018294160;147891
3018314565;147892
3018334974;147893
3018355387;147894
3018375792;147895
3018396205;147896
3018416614;147897
3018437023;147898
3018457432;147899
3018477837;147900
3018498246;147901
3018518654;147902
3018539064;147903
3018559472;147904
3018579885;147905
3018600290;147906
3018620699;147907
3018641108;147908
3018661517;147909
3018681929;147910
3018702335;147911
3018722743;147912
3018743153;147913
3018763561;147914
3018783970;147915
3018804379;147916
3018824788;147917
3018845197;147918
3018865606;147919
3018886014;147920
3018906424;147921
3018926832;147922
3018947242;147923
3018967650;147924
3018988059;147925
3019008468;147926
3019028877;147927
3019049289;147928
3019069695;147929
3019090103;147930
3019110513;147931
3019130921;147932
3019151331;147933
3019171743;147934
3019192152;147935
3019212561;147936
3019232970;147937
3019253374;147938
3019273784;147939
3019294192;147940
3019314602;147941
3019335010;147942
3019355420;147943
3019375828;147944
3019396237;147945
3019416646;147946
3019437055;147947
3019457463;147948
3019477873;147949
3019498285;147950
3019518691;147951
3019539099;147952
3019559508;147953
3019579917;147954
3019600326;147955
3019620735;147956
3019641144;147957
3019661553;147958
3019681962;147959
3019702375;147960
3019722780;147961
3019743193;147962
3019763597;147963
3019784007;147964
3019804415;147965
3019824825;147966
3019845233;147967
3019865642;147968
3019886051;147969
3019906460;147970
3019926869;147971
3019947278;147972
3019967690;147973
3019988100;147974
3020008504;147975
3020028917;147976
3020049322;147977
3020069731;147978
3020090140;147979
3020110549;147980
3020130957;147981
3020151367;147982
3020171775;147983
3020192185;147984
3020212593;147985
3020233006;147986
3020253415;147987
3020273820;147988
3020294229;147989
3020314642;147990
3020335046;147991
3020355456;147992
3020375864;147993
3020396277;147994
3020416682;147995
3020437095;147996
3020457500;147997
3020477909;147998
3020498321;147999
3020518727;148000
3020539135;148001
3020559545;148002
3020579953;148003
3020600363;148004
3020620771;148005
3020641180;148006
3020661593;148007
3020682002;148008
3020702410;148009
3020722820;148010
3020743224;148011
3020763634;148012
3020784042;148013
3020804451;148014
3020824860;148015
3020845273;148016
3020865678;148017
3020886087;148018
3020906496;148019
3020926905;148020
3020947314;148021
3020967723;148022
3020988132;148023
3021008540;148024
3021028950;148025
3021049358;148026
3021069768;148027
3021090180;148028
3021110589;148029
3021130994;148030
3021151403;148031
3021171812;148032
3021192221;148033
3021212629;148034
3021233039;148035
3021253447;148036
3021273857;148037
3021294265;148038
3021314674;148039
3021335083;148040
3021355492;148041
3021375901;148042
3021396314;148043
3021416722;148044
3021437128;148045
3021457536;148046
3021477945;148047
3021498354;148048
3021518763;148049
3021539172;148050
3021559581;148051
3021579990;148052
3021600399;148053
3021620807;148054
3021641217;148055
3021661625;148056
3021682035;148057
3021702443;148058
3021722852;148059
3021743261;148060
3021763674;148061
3021784078;148062
3021804488;148063
3021824896;148064
3021845306;148065
3021865714;148066
3021886123;148067
3021906532;148068
3021926941;148069
3021947350;148070
3021967759;148071
3021988171;148072
3022008577;148073
3022028985;148074
3022049395;148075
3022069803;148076
3022090212;148077
3022110621;148078
3022131034;148079
3022151440;148080
3022171848;148081
3022192257;148082
3022212666;148083
3022233075;148084
3022253484;148085
3022273893;148086
3022294301;148087
3022314711;148088
3022335123;148089
3022355529;148090
3022375937;148091
3022396346;148092
3022416755;148093
3022437164;148094
3022457572;148095
3022477982;148096
3022498390;148097
3022518804;148098
3022539208;148099
3022559617;148100
3022580026;148101
3022600439;148102
3022620844;148103
3022641257;148104
3022661661;148105
3022682075;148106
3022702479;148107
3022722889;148108
3022743297;148109
3022763706;148110
3022784115;148111
3022804524;148112
3022824933;148113
3022845342;148114
3022865750;148115
3022886160;148116
3022906568;148117
3022926978;148118
3022947386;148119
3022967795;148120
3022988204;148121
3023008613;148122
3023029021;148123
3023049431;148124
3023069843;148125
3023090249;148126
3023110657;148127
3023131066;148128
3023151475;148129
3023171888;148130
3023192293;148131
3023212702;148132
3023233114;148133
3023253520;148134
3023273932;148135
3023294338;148136
3023314750;148137
3023335155;148138
3023355564;148139
3023375973;148140
3023396382;148141
3023416791;148142
3023437200;148143
3023457613;148144
3023478018;148145
3023498427;148146
3023518836;148147
3023539244;148148
3023559654;148149
3023580062;148150
3023600472;148151
3023620884;148152
3023641289;148153
3023661698;148154
3023682107;148155
3023702516;148156
3023722925;148157
3023743333;148158
3023763747;148159
3023784151;148160
3023804560;148161
3023824969;148162
3023845382;148163
3023865787;148164
3023886200;148165
3023906608;148166
3023927014;148167
3023947426;148168
3023967836;148169
3023988240;148170
3024008653;148171
3024029058;148172
3024049467;148173
3024069876;148174
3024090285;148175
3024110697;148176
3024131103;148177
3024151511;148178
3024171924;148179
3024192329;148180
3024212738;148181
3024233147;148182
3024253556;148183
3024273965;148184
3024294374;148185
3024314786;148186
3024335192;148187
3024355600;148188
3024376009;148189
3024396422;148190
3024416827;148191
3024437236;148192
3024457645;148193
3024478054;148194
3024498463;148195
3024518871;148196
3024539281;148197
3024559689;148198
3024580099;148199
3024600507;148200
3024620916;148201
3024641325;148202
3024661738;148203
3024682143;148204
3024702556;148205
3024722961;148206
3024743370;148207
3024763779;148208
3024784187;148209
3024804597;148210
3024825009;148211
3024845415;148212
3024865823;148213
3024886232;148214
3024906645;148215
3024927054;148216
3024947459;148217
3024967868;148218
3024988276;148219
3025008686;148220
3025029094;148221
3025049504;148222
3025069912;148223
3025090321;148224
3025110730;148225
3025131139;148226
3025151548;148227
3025171957;148228
3025192369;148229
3025212779;148230
3025233187;148231
3025253596;148232
3025274001;148233
3025294410;148234
3025314823;148235
3025335232;148236
3025355636;148237
3025376046;148238
3025396454;148239
3025416864;148240
3025437276;148241
3025457681;148242
3025478094;148243
3025498499;148244
3025518908;148245
3025539317;148246
3025559725;148247
3025580135;148248
3025600543;148249
3025620953;148250
3025641365;148251
3025661770;148252
3025682179;148253
3025702588;148254
3025722997;148255
3025743410;148256
3025763814;148257
3025784224;148258
3025804632;148259
3025825042;148260
3025845450;148261
3025865859;148262
3025886268;148263
3025906677;148264
3025927090;148265
3025947495;148266
3025967904;148267
3025988313;148268
3026008722;148269
3026029130;148270
3026049540;148271
3026069948;148272
3026090358;148273
3026110766;148274
3026131175;148275
3026151584;148276
3026171993;148277
3026192402;148278
3026212811;148279
3026233219;148280
3026253629;148281
3026274037;148282
3026294450;148283
3026314855;148284
3026335264;148285
3026355677;148286
3026376086;148287
3026396491;148288
3026416900;148289
3026437308;148290
3026457718;148291
3026478126;148292
3026498535;148293
3026518944;148294
3026539353;148295
3026559762;148296
3026580171;148297
3026600580;148298
3026620989;148299
3026641397;148300
3026661807;148301
3026682215;148302
3026702624;148303
3026723037;148304
3026743442;148305
3026763851;148306
3026784264;148307
3026804668;148308
3026825078;148309
3026845486;148310
3026865896;148311
3026886304;148312
3026906713;148313
3026927122;148314
3026947531;148315
3026967940;148316
3026988349;148317
3027008757;148318
3027029167;148319
3027049575;148320
3027069984;148321
3027090393;148322
3027110806;148323
3027131211;148324
3027151620;148325
3027172029;148326
3027192438;148327
3027212847;148328
3027233260;148329
3027253665;148330
3027274073;148331
3027294483;148332
3027314891;148333
3027335357;148334
3027355765;148335
3027376178;148336
3027396583;148337
3027416992;148338
3027437402;148339
3027457814;148340
3027478223;148341
3027498629;148342
3027519037;148343
3027539450;148344
3027559855;148345
3027580264;148346
3027600678;148347
3027621082;148348
3027641492;148349
3027661901;148350
3027682309;148351
3027702719;148352
3027723127;148353
3027743537;148354
3027763946;148355
3027784354;148356
3027804764;148357
3027825173;148358
3027845581;148359
3027865991;148360
3027886399;148361
3027906813;148362
3027927218;148363
3027947626;148364
3027968036;148365
3027988445;148366
3028008854;148367
3028029263;148368
3028049671;148369
3028070081;148370
3028090490;148371
3028110903;148372
3028131308;148373
3028151716;148374
3028172126;148375
3028192535;148376
3028212944;148377
3028233357;148378
3028253762;148379
3028274171;148380
3028294580;148381
3028314988;148382
3028335398;148383
3028355807;148384
3028376216;148385
3028396625;148386
3028417034;148387
3028437443;148388
3028457852;148389
3028478265;148390
3028498670;148391
3028519080;148392
3028539488;148393
3028559897;148394
3028580307;148395
3028600715;148396
3028621124;148397
3028641533;148398
3028661942;148399
3028682352;148400
3028702760;148401
3028723169;148402
3028743579;148403
3028763987;148404
3028784397;148405
3028804805;148406
3028825214;148407
3028845624;148408
3028866032;148409
3028886442;148410
3028906851;148411
3028927259;148412
3028947669;148413
3028968081;148414
3028988487;148415
3029008896;148416
3029029304;148417
3029049714;148418
3029070122;148419
3029090531;148420
3029110945;148421
3029131349;148422
3029151759;148423
3029172168;148424
3029192577;148425
3029212986;148426
3029233394;148427
3029253804;148428
3029274213;148429
3029294621;148430
3029315031;148431
3029335440;148432
3029355849;148433
3029376258;148434
3029396670;148435
3029417076;148436
3029437485;148437
3029457894;148438
3029478307;148439
3029498716;148440
3029519121;148441
3029539530;148442
3029559939;148443
3029580352;148444
3029600757;148445
3029621166;148446
3029641579;148447
3029661985;148448
3029682393;148449
3029702802;148450
3029723211;148451
3029743620;148452
3029764033;148453
3029784437;148454
3029804847;148455
3029825257;148456
3029845665;148457
3029866074;148458
3029886483;148459
3029906892;148460
3029927302;148461
3029947710;148462
3029968120;148463
3029988529;148464
3030008937;148465
3030029347;148466
3030049755;148467
3030070164;148468
3030090574;148469
3030110982;148470
3030131392;148471
3030151804;148472
3030172209;148473
3030192623;148474
3030213027;148475
3030233437;148476
3030253846;148477
3030274254;148478
3030294664;148479
3030315072;148480
3030335482;148481
3030355891;148482
3030376303;148483
3030396709;148484
3030417118;148485
3030437527;148486
3030457936;148487
3030478344;148488
3030498754;148489
3030519163;148490
3030539575;148491
3030559985;148492
3030580390;148493
3030600803;148494
3030621212;148495
3030641620;148496
3030662026;148497
3030682435;148498
3030702844;148499
3030723257;148500
3030743666;148501
3030764071;148502
3030784480;148503
3030804889;148504
3030825298;148505
3030845711;148506
3030866116;148507
3030886525;148508
3030906935;148509
3030927343;148510
3030947752;148511
3030968161;148512
3030988574;148513
3031008980;148514
3031029388;148515
3031049797;148516
3031070210;148517
3031090619;148518
3031111025;148519
3031131437;148520
3031151846;148521
3031172252;148522
3031192660;148523
3031213070;148524
3031233478;148525
3031253887;148526
3031274297;148527
3031294709;148528
3031315118;148529
3031335524;148530
3031355932;148531
3031376346;148532
3031396750;148533
3031417159;148534
3031437573;148535
3031457977;148536
3031478391;148537
3031498796;148538
3031519204;148539
3031539614;148540
3031560022;148541
3031580432;148542
3031600841;148543
3031621249;148544
3031641659;148545
3031662068;148546
3031682477;148547
3031702886;148548
3031723294;148549
3031743708;148550
3031764113;148551
3031784521;148552
3031804931;148553
3031825344;148554
3031845753;148555
3031866158;148556
3031886566;148557
3031906980;148558
3031927389;148559
3031947794;148560
3031968203;148561
3031988612;148562
3032009025;148563
3032029430;148564
3032049839;148565
3032070248;148566
3032090657;148567
3032111066;148568
3032131475;148569
3032151884;148570
3032172293;148571
3032192702;148572
3032213111;148573
3032233520;148574
3032253930;148575
3032274338;148576
3032294747;148577
3032315156;148578
3032335569;148579
3032355975;148580
3032376383;148581
3032396792;148582
3032417202;148583
3032437610;148584
3032458019;148585
3032478428;148586
3032498837;148587
3032519247;148588
3032539655;148589
3032560064;148590
3032580474;148591
3032600882;148592
3032621292;148593
3032641700;148594
3032662110;148595
3032682519;148596
3032702927;148597
3032723337;148598
3032743750;148599
3032764154;148600
3032784564;148601
3032804972;148602
3032825382;148603
3032845791;148604
3032866199;148605
3032886613;148606
3032907018;148607
3032927431;148608
3032947836;148609
3032968244;148610
3032988658;148611
3033009067;148612
3033029472;148613
3033049885;148614
3033070293;148615
3033090699;148616
3033111112;148617
3033131517;148618
3033151926;148619
3033172335;148620
3033192744;148621
3033213153;148622
3033233561;148623
3033253971;148624
3033274380;148625
3033294789;148626
3033315198;148627
3033335607;148628
3033356016;148629
3033376425;148630
3033396834;148631
3033417243;148632
3033437652;148633
3033458061;148634
3033478470;148635
3033498880;148636
3033519288;148637
3033539701;148638
3033560106;148639
3033580515;148640
3033600925;148641
3033621333;148642
3033641742;148643
3033662152;148644
3033682560;148645
3033702970;148646
3033723378;148647
3033743787;148648
3033764201;148649
3033784605;148650
3033805015;148651
3033825424;148652
3033845832;148653
3033866242;148654
3033886650;148655
3033907060;148656
3033927469;148657
3033947877;148658
3033968287;148659
3033988696;148660
3034009105;148661
3034029514;148662
3034049922;148663
3034070336;148664
3034090741;148665
3034111153;148666
3034131559;148667
3034151967;148668
3034172377;148669
3034192790;148670
3034213194;148671
3034233608;148672
3034254013;148673
3034274422;148674
3034294831;148675
3034315243;148676
3034335653;148677
3034356062;148678
3034376467;148679
3034396876;148680
3034417285;148681
3034437698;148682
3034458103;148683
3034478512;148684
3034498925;148685
3034519330;148686
3034539739;148687
3034560148;148688
3034580561;148689
3034600966;148690
3034621375;148691
3034641788;148692
3034662193;148693
3034682602;148694
3034703011;148695
3034723420;148696
3034743830;148697
3034764238;148698
3034784647;148699
3034805056;148700
3034825465;148701
3034845875;148702
3034866283;148703
3034886692;148704
3034907102;148705
3034927510;148706
3034947920;148707
3034968332;148708
3034988737;148709
3035009147;148710
3035029555;148711
3035049965;148712
3035070373;148713
3035090782;148714
3035111192;148715
3035131600;148716
3035152010;148717
3035172423;148718
3035192827;148719
3035213241;148720
3035233645;148721
3035254055;148722
3035274464;148723
3035294872;148724
3035315282;148725
3035335691;148726
3035356100;148727
3035376509;148728
3035396917;148729
3035417327;148730
3035437736;148731
3035458144;148732
3035478554;148733
3035498967;148734
3035519372;148735
3035539781;148736
3035560189;148737
3035580599;148738
3035601008;148739
3035621417;148740
3035641826;148741
3035662235;148742
3035682644;148743
3035703053;148744
3035723462;148745
3035743871;148746
3035764280;148747
3035784689;148748
3035805098;148749
3035825508;148750
3035845916;148751
3035866329;148752
3035886734;148753
3035907143;148754
3035927553;148755
3035947961;148756
3035968370;148757
3035988780;148758
3036009188;148759
3036029598;148760
3036050006;148761
3036070415;148762
3036090829;148763
3036111233;148764
3036131646;148765
3036152051;148766
3036172460;148767
3036192870;148768
3036213282;148769
3036233687;148770
3036254097;148771
3036274505;148772
3036294915;148773
3036315323;148774
3036335732;148775
3036356142;148776
3036376550;148777
3036396960;148778
3036417369;148779
3036437777;148780
3036458187;148781
3036478595;148782
3036499005;148783
3036519418;148784
3036539822;148785
3036560232;148786
3036580641;148787
3036601050;148788
3036621459;148789
3036641867;148790
3036662281;148791
3036682686;148792
3036703095;148793
3036723504;148794
3036743913;148795
3036764322;148796
3036784735;148797
3036805139;148798
3036825549;148799
3036845958;148800
3036866367;148801
3036886780;148802
3036907186;148803
3036927594;148804
3036948003;148805
3036968412;148806
3036988821;148807
3037009230;148808
3037029639;148809
3037050048;148810
3037070457;148811
3037090866;148812
3037111279;148813
3037131684;148814
3037152093;148815
3037172503;148816
3037192911;148817
3037213320;148818
3037233729;148819
3037254138;148820
3037274552;148821
3037294956;148822
3037315365;148823
3037335781;148824
3037356189;148825
3037376599;148826
3037397007;148827
3037417416;148828
3037437826;148829
3037458234;148830
3037478644;148831
3037499053;148832
3037519465;148833
3037539871;148834
3037560280;148835
3037580689;148836
3037601098;148837
3037621510;148838
3037641916;148839
3037662325;148840
3037682733;148841
3037703143;148842
3037723552;148843
3037743961;148844
3037764370;148845
3037784780;148846
3037805188;148847
3037825597;148848
3037846006;148849
3037866415;148850
3037886824;148851
3037907233;148852
3037927642;148853
3037948056;148854
3037968460;148855
3037988873;148856
3038009279;148857
3038029687;148858
3038050097;148859
3038070505;148860
3038090914;148861
3038111324;148862
3038131732;148863
3038152142;148864
3038172551;148865
3038192959;148866
3038213369;148867
3038233778;148868
3038254190;148869
3038274596;148870
3038295004;148871
3038315414;148872
3038335823;148873
3038356232;148874
3038376641;148875
3038397050;148876
3038417459;148877
3038437868;148878
3038458276;148879
3038478686;148880
3038499095;148881
3038519504;148882
3038539913;148883
3038560322;148884
3038580731;148885
3038601144;148886
3038621554;148887
3038641958;148888
3038662367;148889
3038682776;148890
3038703185;148891
3038723595;148892
3038744003;148893
3038764412;148894
3038784822;148895
3038805230;148896
3038825640;148897
3038846049;148898
3038866457;148899
3038886867;148900
3038907275;148901
3038927685;148902
3038948098;148903
3038968502;148904
3038988912;148905
3039009325;148906
3039029730;148907
3039050139;148908
3039070548;148909
3039090961;148910
3039111366;148911
3039131774;148912
3039152184;148913
3039172593;148914
3039193002;148915
3039213411;148916
3039233820;148917
3039254229;148918
3039274638;148919
3039295048;148920
3039315456;148921
3039335869;148922
3039356274;148923
3039376683;148924
3039397093;148925
3039417505;148926
3039437910;148927
3039458320;148928
3039478732;148929
3039499138;148930
3039519546;148931
3039539955;148932
3039560365;148933
3039580777;148934
3039601183;148935
3039621592;148936
3039642000;148937
3039662410;148938
3039682819;148939
3039703228;148940
3039723637;148941
3039744045;148942
3039764455;148943
3039784868;148944
3039805273;148945
3039825682;148946
3039846095;148947
3039866500;148948
3039886909;148949
3039907322;148950
3039927731;148951
3039948136;148952
3039968545;148953
3039988954;148954
3040009363;148955
3040029772;148956
3040050181;148957
3040070591;148958
3040090999;148959
3040111412;148960
3040131818;148961
3040152226;148962
3040172636;148963
3040193044;148964
3040213457;148965
3040233863;148966
3040254271;148967
3040274681;148968
3040295090;148969
3040315498;148970
3040335908;148971
3040356317;148972
3040376726;148973
3040397135;148974
3040417543;148975
3040437953;148976
3040458362;148977
3040478771;148978
3040499184;148979
3040519589;148980
3040539998;148981
3040560407;148982
3040580817;148983
3040601225;148984
3040621634;148985
3040642043;148986
3040662452;148987
3040682865;148988
3040703270;148989
3040723679;148990
3040744089;148991
3040764497;148992
3040784906;148993
3040805315;148994
3040825724;148995
3040846134;148996
3040866542;148997
3040886951;148998
3040907361;148999
3040927773;149000
3040948179;149001
3040968588;149002
3040988996;149003
3041009406;149004
3041029818;149005
3041050224;149006
3041070633;149007
3041091041;149008
3041111451;149009
3041131860;149010
3041152273;149011
3041172678;149012
3041193087;149013
3041213496;149014
3041233905;149015
3041254313;149016
3041274723;149017
3041295132;149018
3041315541;149019
3041335950;149020
3041356359;149021
3041376768;149022
3041397177;149023
3041417591;149024
3041437995;149025
3041458404;149026
3041478813;149027
3041499222;149028
3041519632;149029
3041540040;149030
3041560449;149031
3041580859;149032
3041601267;149033
3041621677;149034
3041642086;149035
3041662494;149036
3041682904;149037
3041703312;149038
3041723722;149039
3041744131;149040
3041764543;149041
3041784949;149042
3041805358;149043
3041825766;149044
3041846176;149045
3041866584;149046
3041886994;149047
3041907403;149048
3041927811;149049
3041948225;149050
3041968630;149051
3041989039;149052
3042009448;149053
3042029858;149054
3042050266;149055
3042070675;149056
3042091084;149057
3042111493;149058
3042131902;149059
3042152311;149060
3042172720;149061
3042193130;149062
3042213538;149063
3042233947;149064
3042254357;149065
3042274769;149066
3042295179;149067
3042315583;149068
3042335992;149069
3042356402;149070
3042376810;149071
3042397220;149072
3042417633;149073
3042438037;149074
3042458447;149075
3042478856;149076
3042499264;149077
3042519674;149078
3042540082;149079
3042560492;149080
3042580901;149081
3042601309;149082
3042621719;149083
3042642132;149084
3042662537;149085
3042682946;149086
3042703355;149087
3042723764;149088
3042744173;149089
3042764582;149090
3042784991;149091
3042805400;149092
3042825809;149093
3042846218;149094
3042866628;149095
3042887036;149096
3042907445;149097
3042927854;149098
3042948263;149099
3042968673;149100
3042989081;149101
3043009490;149102
3043029904;149103
3043050308;149104
3043070721;149105
3043091127;149106
3043111535;149107
3043131945;149108
3043152353;149109
3043172763;149110
3043193172;149111
3043213580;149112
3043233990;149113
3043254399;149114
3043274807;149115
3043295217;149116
3043315630;149117
3043336035;149118
3043356444;149119
3043376852;149120
3043397262;149121
3043417671;149122
3043438080;149123
3043458489;149124
3043478898;149125
3043499307;149126
3043519720;149127
3043540126;149128
3043560534;149129
3043580943;149130
3043601352;149131
3043621761;149132
3043642175;149133
3043662579;149134
3043682988;149135
3043703398;149136
3043723806;149137
3043744216;149138
3043764625;149139
3043785033;149140
3043805443;149141
3043825855;149142
3043846260;149143
3043866670;149144
3043887078;149145
3043907488;149146
3043927897;149147
3043948306;149148
3043968715;149149
3043989127;149150
3044009533;149151
3044029942;149152
3044050354;149153
3044070764;149154
3044091169;149155
3044111578;149156
3044131987;149157
3044152396;149158
3044172805;149159
3044193214;149160
3044213623;149161
3044234032;149162
3044254441;149163
3044274850;149164
3044295259;149165
3044315669;149166
3044336077;149167
3044356486;149168
3044376896;149169
3044397304;149170
3044417714;149171
3044438122;149172
3044458531;149173
3044478941;149174
3044499349;149175
3044519759;149176
3044540168;149177
3044560576;149178
3044580986;149179
3044601395;149180
3044621803;149181
3044642212;149182
3044662621;149183
3044683035;149184
3044703440;149185
3044723848;149186
3044744258;149187
3044764667;149188
3044785076;149189
3044805485;149190
3044825894;149191
3044846303;149192
3044866712;149193
3044887121;149194
3044907534;149195
3044927943;149196
3044948348;149197
3044968761;149198
3044989171;149199
3045009575;149200
3045029984;149201
3045050393;149202
3045070802;149203
3045091212;149204
3045111620;149205
3045132029;149206
3045152439;149207
3045172847;149208
3045193257;149209
3045213666;149210
3045234074;149211
3045254484;149212
3045274896;149213
3045295301;149214
3045315715;149215
3045336119;149216
3045356529;149217
3045376938;149218
3045397346;149219
3045417756;149220
3045438165;149221
3045458574;149222
3045478983;149223
3045499391;149224
3045519801;149225
3045540210;149226
3045560619;149227
3045581028;149228
3045601437;149229
3045621846;149230
3045642259;149231
3045662665;149232
3045683073;149233
3045703482;149234
3045723891;149235
3045744300;149236
3045764710;149237
3045785118;149238
3045805527;149239
3045825937;149240
3045846345;149241
3045866755;149242
3045887164;149243
3045907572;149244
3045927982;149245
3045948390;149246
3045968799;149247
3045989209;149248
3046009617;149249
3046030027;149250
3046050436;149251
3046070844;149252
3046091254;149253
3046111667;149254
3046132076;149255
3046152481;149256
3046172893;149257
3046193299;149258
3046213708;149259
3046234121;149260
3046254526;149261
3046274935;149262
3046295344;149263
3046315753;149264
3046336162;149265
3046356571;149266
3046376980;149267
3046397393;149268
3046417798;149269
3046438211;149270
3046458616;149271
3046479025;149272
3046499435;149273
3046519843;149274
3046540252;149275
3046560661;149276
3046581074;149277
3046601480;149278
3046621888;149279
3046642297;149280
3046662707;149281
3046683115;149282
3046703525;149283
3046723938;149284
3046744343;149285
3046764756;149286
3046785160;149287
3046805570;149288
3046825979;149289
3046846387;149290
3046866797;149291
3046887206;149292
3046907615;149293
3046928024;149294
3046948433;149295
3046968842;149296
3046989251;149297
3047009660;149298
3047030069;149299
3047050482;149300
3047070887;149301
3047091296;149302
3047111706;149303
3047132114;149304
3047152527;149305
3047172933;149306
3047193341;149307
3047213751;149308
3047234159;149309
3047254568;149310
3047274978;149311
3047295386;149312
3047315795;149313
3047336140;149314
3047356548;149315
3047376958;149316
3047397366;149317
3047417779;149318
3047438184;149319
3047458597;149320
3047479006;149321
3047499411;149322
3047519819;149323
3047540229;149324
3047560641;149325
3047581047;149326
3047601455;149327
3047621864;149328
3047642273;149329
3047662682;149330
3047683091;149331
3047703500;149332
3047723908;149333
3047744318;149334
3047764726;149335
3047785136;149336
3047805544;149337
3047825957;149338
3047846362;149339
3047866775;149340
3047887180;149341
3047907593;149342
3047927997;149343
3047948407;149344
3047968815;149345
3047989225;149346
3048009633;149347
3048030046;149348
3048050451;149349
3048070860;149350
3048091269;149351
3048111678;149352
3048132086;149353
3048152496;149354
3048172904;149355
3048193313;149356
3048213726;149357
3048234135;149358
3048254544;149359
3048274949;149360
3048295357;149361
3048315767;149362
3048336175;149363
3048356589;149364
3048376993;149365
3048397406;149366
3048417811;149367
3048438220;149368
3048458629;149369
3048479038;149370
3048499446;149371
3048519860;149372
3048540268;149373
3048560674;149374
3048581082;149375
3048601491;149376
3048621900;149377
3048642309;149378
3048662718;149379
3048683131;149380
3048703539;149381
3048723945;149382
3048744357;149383
3048764762;149384
3048785171;149385
3048805580;149386
3048825989;149387
3048846402;149388
3048866810;149389
3048887216;149390
3048907624;149391
3048928034;149392
3048948442;149393
3048968851;149394
3048989260;149395
3049009669;149396
3049030078;149397
3049050487;149398
3049070895;149399
3049091309;149400
3049111713;149401
3049132126;149402
3049152531;149403
3049172940;149404
3049193349;149405
3049213758;149406
3049234167;149407
3049254576;149408
3049274984;149409
3049295394;149410
3049315806;149411
3049336211;149412
3049356620;149413
3049377029;149414
3049397438;149415
3049417847;149416
3049438259;149417
3049458665;149418
3049479073;149419
3049499483;149420
3049519891;149421
3049540300;149422
3049560709;149423
3049581122;149424
3049601531;149425
