3007000179;147334
3007020588;147335
3007041001;147336
3007061407;147337
3007081816;147338
3007102226;147339
3007122635;147340
3007143045;147341
3007163454;147342
3007183864;147343
3007204272;147344
3007224682;147345
3007245091;147346
3007265501;147347
3007285914;147348
3007306320;147349
3007326729;147350
3007347189;147351
3007367599;147352
3007388007;147353
3007408417;147354
3007428826;147355
3007449240;147356
3007469646;147357
3007490055;147358
3007510469;147359
3007530874;147360
3007551284;147361
3007571694;147362
3007592106;147363
3007612516;147364
3007632922;147365
3007653331;147366
3007673745;147367
3007694150;147368
3007714560;147369
3007734970;147370
3007755379;147371
3007775789;147372
3007796197;147373
3007816607;147374
3007837017;147375
3007857430;147376
3007877836;147377
3007898246;147378
3007918659;147379
3007939065;147380
3007959474;147381
3007979884;147382
3008000293;147383
3008020702;147384
3008041112;147385
3008061521;147386
3008081931;147387
3008102341;147388
3008122754;147389
3008143160;147390
3008163569;147391
3008183978;147392
3008204388;147393
3008224797;147394
3008245207;147395
3008265617;147396
3008286026;147397
3008306436;147398
3008326845;147399
3008347255;147400
3008367668;147401
3008388073;147402
3008408483;147403
3008428892;147404
3008449306;147405
3008469712;147406
3008490121;147407
3008510531;147408
3008530940;147409
3008551349;147410
3008571759;147411
3008592168;147412
3008612578;147413
3008632988;147414
3008653397;147415
3008673807;147416
3008694216;147417
3008714626;147418
3008735036;147419
3008755444;147420
3008775854;147421
3008796263;147422
3008816673;147423
3008837083;147424
3008857492;147425
3008877902;147426
3008898312;147427
3008918721;147428
3008939131;147429
3008959539;147430
3008979949;147431
3009000359;147432
3009020768;147433
3009041178;147434
3009061587;147435
3009081997;147436
3009102411;147437
3009122816;147438
3009143225;147439
3009163634;147440
3009184044;147441
3009204454;147442
3009224863;147443
3009245273;147444
3009265683;147445
3009286092;147446
3009306502;147447
3009326911;147448
3009347320;147449
3009367730;147450
3009388143;147451
3009408549;147452
3009428958;147453
3009449368;147454
3009469782;147455
3009490187;147456
3009510597;147457
3009531005;147458
3009551415;147459
3009571825;147460
3009592234;147461
3009612644;147462
3009633058;147463
3009653463;147464
3009673873;147465
3009694286;147466
3009714695;147467
3009735101;147468
3009755510;147469
3009775920;147470
3009796333;147471
3009816739;147472
3009837149;147473
3009857558;147474
3009877968;147475
3009898378;147476
3009918787;147477
3009939200;147478
3009959605;147479
3009980015;147480
3010000429;147481
3010020834;147482
3010041248;147483
3010061653;147484
3010082063;147485
3010102473;147486
3010122881;147487
3010143291;147488
3010163700;147489
3010184114;147490
3010204520;147491
3010224929;147492
3010245339;147493
3010265753;147494
3010286158;147495
3010306568;147496
3010326980;147497
3010347390;147498
3010367796;147499
3010388205;147500
3010408615;147501
3010429024;147502
3010449434;147503
3010469844;147504
3010490252;147505
3010510662;147506
3010531071;147507
3010551481;147508
3010571891;147509
3010592300;147510
3010612710;147511
3010633120;147512
3010653529;147513
3010673939;147514
3010694351;147515
3010714757;147516
3010735171;147517
3010755576;147518
3010775986;147519
3010796395;147520
3010816809;147521
3010837215;147522
3010857628;147523
3010878034;147524
3010898443;147525
3010918852;147526
3010939262;147527
3010959671;147528
3010980085;147529
3011000491;147530
3011020900;147531
3011041314;147532
3011061719;147533
3011082128;147534
3011102538;147535
3011122951;147536
3011143361;147537
3011163766;147538
3011184176;147539
3011204586;147540
3011224995;147541
3011245405;147542
3011265815;147543
3011286223;147544
3011306633;147545
3011327042;147546
3011347452;147547
3011367866;147548
3011388275;147549
3011408681;147550
3011429090;147551
3011449500;147552
3011469909;147553
3011490322;147554
3011510728;147555
3011531141;147556
3011551547;147557
3011571957;147558
3011592366;147559
3011612776;147560
3011633186;147561
3011653595;147562
3011674005;147563
3011694413;147564
3011714827;147565
3011735233;147566
3011755642;147567
3011776052;147568
3011796461;147569
3011816875;147570
3011837281;147571
3011857690;147572
3011878099;147573
3011898509;147574
3011918922;147575
3011939328;147576
3011959741;147577
3011980147;147578
3012000557;147579
3012020966;147580
3012041376;147581
3012061784;147582
3012082194;147583
3012102604;147584
3012123013;147585
3012143423;147586
3012163832;147587
3012184242;147588
3012204652;147589
3012225061;147590
3012245470;147591
3012265880;147592
3012286289;147593
3012306699;147594
3012327108;147595
3012347518;147596
3012367928;147597
3012388337;147598
3012408747;147599
3012429156;147600
3012449565;147601
3012469975;147602
3012490384;147603
3012510794;147604
3012531207;147605
3012551613;147606
3012572023;147607
3012592436;147608
3012612845;147609
3012633252;147610
3012653660;147611
3012674070;147612
3012694479;147613
3012714889;147614
3012735299;147615
3012755708;147616
3012776118;147617
3012796527;147618
3012816937;147619
3012837347;147620
3012857755;147621
3012878169;147622
3012898575;147623
3012918984;147624
3012939394;147625
3012959803;147626
3012980213;147627
3013000623;147628
3013021032;147629
3013041445;147630
3013061850;147631
3013082260;147632
3013102670;147633
3013123079;147634
3013143489;147635
3013163898;147636
3013184308;147637
3013204718;147638
3013225130;147639
3013245536;147640
3013265946;147641
3013286355;147642
3013306765;147643
3013327174;147644
3013347584;147645
3013367994;147646
3013388403;147647
3013408816;147648
3013429221;147649
3013449631;147650
3013470041;147651
3013490450;147652
3013510860;147653
3013531273;147654
3013551679;147655
3013572089;147656
3013592498;147657
3013612907;147658
3013633317;147659
3013653726;147660
3013674136;147661
3013694545;147662
3013714955;147663
3013735365;147664
3013755774;147665
3013776184;147666
3013796593;147667
3013817003;147668
3013837412;147669
3013857821;147670
3013878235;147671
3013898645;147672
3013919054;147673
3013939460;147674
3013959869;147675
3013980279;147676
3014000689;147677
3014021097;147678
3014041511;147679
3014061916;147680
3014082326;147681
3014102736;147682
3014123145;147683
3014143555;147684
3014163968;147685
3014184374;147686
3014204783;147687
3014225192;147688
3014245602;147689
3014266012;147690
3014286421;147691
3014306831;147692
3014327240;147693
3014347650;147694
3014368060;147695
3014388469;147696
3014408878;147697
3014429287;147698
3014449697;147699
3014470107;147700
3014490516;147701
3014510926;147702
3014531339;147703
3014551745;147704
3014572155;147705
3014592563;147706
3014612977;147707
3014633387;147708
3014653792;147709
3014674202;147710
3014694611;147711
3014715021;147712
3014735431;147713
3014755840;147714
3014776249;147715
3014796658;147716
3014817068;147717
3014837478;147718
3014857891;147719
3014878301;147720
3014898707;147721
3014919116;147722
3014939526;147723
3014959935;147724
3014980344;147725
3015000754;147726
3015021163;147727
3015041573;147728
3015061982;147729
3015082392;147730
3015102802;147731
3015123211;147732
3015143621;147733
3015164030;147734
3015184439;147735
3015204849;147736
3015225258;147737
3015245672;147738
3015266078;147739
3015286487;147740
3015306901;147741
3015327306;147742
3015347716;147743
3015368126;147744
3015388534;147745
3015408944;147746
3015429353;147747
3015449763;147748
3015470177;147749
3015490582;147750
3015510992;147751
3015531401;147752
3015551814;147753
3015572220;147754
3015592629;147755
3015613039;147756
3015633449;147757
3015653858;147758
3015674268;147759
3015694677;147760
3015715091;147761
3015735497;147762
3015755909;147763
3015776315;147764
3015796724;147765
3015817134;147766
3015837548;147767
3015857953;147768
3015878363;147769
3015898773;147770
3015919182;147771
3015939595;147772
3015960000;147773
3015980410;147774
3016000820;147775
3016021229;147776
3016041639;147777
3016062048;147778
3016082458;147779
3016102868;147780
3016123277;147781
3016143686;147782
3016164095;147783
3016184505;147784
3016204919;147785
3016225328;147786
3016245738;147787
3016266144;147788
3016286553;147789
3016306967;147790
3016327371;147791
3016347781;147792
3016368195;147793
3016388600;147794
3016409010;147795
3016429423;147796
3016449833;147797
3016470239;147798
3016490648;147799
3016511058;147800
3016531466;147801
3016551876;147802
3016572286;147803
3016592695;147804
3016613105;147805
3016633515;147806
3016653924;147807
3016674334;147808
3016694743;147809
3016715152;147810
3016735562;147811
3016755971;147812
3016776381;147813
3016796790;147814
3016817200;147815
3016837610;147816
3016858023;147817
3016878429;147818
3016898839;147819
3016919247;147820
3016939661;147821
3016960066;147822
3016980476;147823
3017000886;147824
3017021295;147825
3017041709;147826
3017062114;147827
3017082524;147828
3017102934;147829
3017123342;147830
3017143752;147831
3017164161;147832
3017184571;147833
3017204985;147834
3017225390;147835
3017245800;147836
3017266210;147837
3017286619;147838
3017307028;147839
3017327437;147840
3017347796;147841
3017368205;147842
3017388615;147843
3017409028;147844
3017429434;147845
3017449843;147846
3017470253;147847
3017490661;147848
3017511071;147849
3017531480;147850
3017551890;147851
3017572299;147852
3017592713;147853
3017613119;147854
3017633528;147855
3017653938;147856
3017674347;147857
3017694756;147858
3017715165;147859
3017735579;147860
3017755988;147861
3017776394;147862
3017796807;147863
3017817213;147864
3017837626;147865
3017858032;147866
3017878444;147867
3017898850;147868
3017919259;147869
3017939669;147870
3017960078;147871
3017980492;147872
3018000897;147873
3018021307;147874
3018041716;147875
3018062126;147876
3018082535;147877
3018102944;147878
3018123353;147879
3018143763;147880
3018164172;147881
3018184582;147882
3018204991;147883
3018225401;147884
3018245810;147885
3018266223;147886
3018286628;147887
3018307038;147888
3018327447;147889
3018347857;147890
3018368266;147891
3018388676;147892
3018409085;147893
3018429495;147894
3018449908;147895
3018470313;147896
3018490722;147897
3018511136;147898
3018531541;147899
3018551951;147900
3018572360;147901
3018592770;147902
3018613179;147903
3018633589;147904
3018653998;147905
3018674407;147906
3018694816;147907
3018715226;147908
3018735635;147909
3018756045;147910
3018776454;147911
3018796864;147912
3018817273;147913
3018837683;147914
3018858092;147915
3018878501;147916
3018898911;147917
3018919324;147918
3018939730;147919
3018960139;147920
3018980553;147921
3019000958;147922
3019021368;147923
3019041777;147924
3019062190;147925
3019082599;147926
3019103005;147927
3019123414;147928
3019143824;147929
3019164233;147930
3019184643;147931
3019205052;147932
3019225462;147933
3019245870;147934
3019266280;147935
3019286689;147936
3019307099;147937
3019327512;147938
3019347918;147939
3019368327;147940
3019388737;147941
3019409146;147942
3019429556;147943
3019449964;147944
3019470374;147945
3019490783;147946
3019511193;147947
3019531602;147948
3019552012;147949
3019572421;147950
3019592831;147951
3019613240;147952
3019633650;147953
3019654058;147954
3019674472;147955
3019694877;147956
3019715287;147957
3019735700;147958
3019756110;147959
3019776515;147960
3019796925;147961
3019817337;147962
3019837743;147963
3019858152;147964
3019878562;147965
3019898975;147966
3019919381;147967
3019939790;147968
3019960200;147969
3019980609;147970
3020001019;147971
3020021428;147972
3020041837;147973
3020062246;147974
3020082656;147975
3020103066;147976
3020123475;147977
3020143885;147978
3020164294;147979
3020184704;147980
3020205113;147981
3020225522;147982
3020245935;147983
3020266345;147984
3020286750;147985
3020307160;147986
3020327569;147987
3020347979;147988
3020368388;147989
3020388798;147990
3020409207;147991
3020429616;147992
3020450025;147993
3020470435;147994
3020490844;147995
3020511254;147996
3020531663;147997
3020552073;147998
3020572482;147999
3020592892;148000
3020613300;148001
3020633710;148002
3020654119;148003
3020674529;148004
3020694938;148005
3020715348;148006
3020735757;148007
3020756167;148008
3020776576;148009
3020796986;148010
3020817394;148011
3020837804;148012
3020858213;148013
3020878623;148014
3020899032;148015
3020919442;148016
3020939851;148017
3020960261;148018
3020980669;148019
3021001080;148020
3021021488;148021
3021041898;148022
3021062307;148023
3021082717;148024
3021103130;148025
3021123536;148026
3021143945;148027
3021164359;148028
3021184764;148029
3021205173;148030
3021225582;148031
3021245992;148032
3021266401;148033
3021286815;148034
3021307224;148035
3021327634;148036
3021348039;148037
3021368449;148038
3021388859;148039
3021409267;148040
3021429677;148041
3021450086;148042
3021470496;148043
3021490905;148044
3021511319;148045
3021531724;148046
3021552138;148047
3021572546;148048
3021592952;148049
3021613361;148050
3021633771;148051
3021654180;148052
3021674594;148053
3021694999;148054
3021715409;148055
3021735818;148056
3021756228;148057
3021776636;148058
3021797046;148059
3021817455;148060
3021837865;148061
3021858274;148062
3021878684;148063
3021899093;148064
3021919503;148065
3021939912;148066
3021960322;148067
3021980730;148068
3022001140;148069
3022021549;148070
3022041963;148071
3022062368;148072
3022082778;148073
3022103187;148074
3022123597;148075
3022144006;148076
3022164416;148077
3022184824;148078
3022205234;148079
3022225643;148080
3022246053;148081
3022266462;148082
3022286872;148083
3022307281;148084
3022327691;148085
3022348100;148086
3022368513;148087
3022388918;148088
3022409328;148089
3022429737;148090
3022450151;148091
3022470556;148092
3022490966;148093
3022511375;148094
3022531785;148095
3022552193;148096
3022572603;148097
3022593012;148098
3022613426;148099
3022633832;148100
3022654241;148101
3022674651;148102
3022695060;148103
3022715470;148104
3022735879;148105
3022756288;148106
3022776701;148107
3022797107;148108
3022817516;148109
3022837926;148110
3022858335;148111
3022878745;148112
3022899154;148113
3022919564;148114
3022939973;148115
3022960382;148116
3022980791;148117
3023001201;148118
3023021610;148119
3023042024;148120
3023062429;148121
3023082839;148122
3023103248;148123
3023123662;148124
3023144066;148125
3023164476;148126
3023184885;148127
3023205295;148128
3023225704;148129
3023246114;148130
3023266523;148131
3023286933;148132
3023307342;148133
3023327752;148134
3023348160;148135
3023368570;148136
3023388979;148137
3023409389;148138
3023429798;148139
3023450212;148140
3023470617;148141
3023491027;148142
3023511440;148143
3023531845;148144
3023552254;148145
3023572668;148146
3023593073;148147
3023613483;148148
3023633892;148149
3023654302;148150
3023674711;148151
3023695121;148152
3023715529;148153
3023735939;148154
3023756348;148155
3023776758;148156
3023797167;148157
3023817577;148158
3023837986;148159
3023858400;148160
3023878806;148161
3023899215;148162
3023919628;148163
3023940033;148164
3023960443;148165
3023980852;148166
3024001262;148167
3024021671;148168
3024042081;148169
3024062490;148170
3024082900;148171
3024103312;148172
3024123722;148173
3024144127;148174
3024164537;148175
3024184946;148176
3024205356;148177
3024225765;148178
3024246179;148179
3024266584;148180
3024286994;148181
3024307403;148182
3024327812;148183
3024348221;148184
3024368631;148185
3024389040;148186
3024409450;148187
3024429859;148188
3024450269;148189
3024470678;148190
3024491088;148191
3024511496;148192
3024531910;148193
3024552315;148194
3024572725;148195
3024593134;148196
3024613544;148197
3024633953;148198
3024654363;148199
3024674772;148200
3024695181;148201
3024715590;148202
3024736000;148203
3024756409;148204
3024776819;148205
3024797232;148206
3024817638;148207
3024838047;148208
3024858457;148209
3024878866;148210
3024899275;148211
3024919684;148212
3024940094;148213
3024960503;148214
3024980913;148215
3025001326;148216
3025021732;148217
3025042141;148218
3025062551;148219
3025082959;148220
3025103369;148221
3025123779;148222
3025144188;148223
3025164598;148224
3025185007;148225
3025205421;148226
3025225826;148227
3025246236;148228
3025266645;148229
3025287054;148230
3025307463;148231
3025327873;148232
3025348282;148233
3025368696;148234
3025389101;148235
3025409511;148236
3025429920;148237
3025450330;148238
3025470739;148239
3025491148;148240
3025511557;148241
3025531967;148242
3025552376;148243
3025572786;148244
3025593195;148245
3025613605;148246
3025634014;148247
3025654424;148248
3025674832;148249
3025695246;148250
3025715651;148251
3025736065;148252
3025756470;148253
3025776880;148254
3025797289;148255
3025817699;148256
3025838112;148257
3025858518;148258
3025878926;148259
3025899336;148260
3025919745;148261
3025940155;148262
3025960564;148263
3025980974;148264
3026001383;148265
3026021793;148266
3026042202;148267
3026062611;148268
3026083020;148269
3026103430;148270
3026123839;148271
3026144249;148272
3026164658;148273
3026185068;148274
3026205477;148275
3026225887;148276
3026246295;148277
3026266709;148278
3026287114;148279
3026307524;148280
3026327933;148281
3026348343;148282
3026368753;148283
3026389162;148284
3026409576;148285
3026429981;148286
3026450390;148287
3026470803;148288
3026491213;148289
3026511618;148290
3026532028;148291
3026552437;148292
3026572847;148293
3026593256;148294
3026613666;148295
3026634074;148296
3026654484;148297
3026674893;148298
3026695303;148299
3026715712;148300
3026736122;148301
3026756531;148302
3026776941;148303
3026797350;148304
3026817760;148305
3026838168;148306
3026858578;148307
3026878987;148308
3026899397;148309
3026919806;148310
3026940216;148311
3026960625;148312
3026981035;148313
3027001444;148314
3027021854;148315
3027042266;148316
3027062676;148317
3027083081;148318
3027103491;148319
3027123900;148320
3027144310;148321
3027164719;148322
3027185129;148323
3027205538;148324
3027225951;148325
3027246356;148326
3027266766;148327
3027287175;148328
3027307585;148329
3027327994;148330
3027348460;148331
3027368870;148332
3027389279;148333
3027409688;148334
3027430097;148335
3027450507;148336
3027470917;148337
3027491326;148338
3027511736;148339
3027532146;148340
3027552555;148341
3027572965;148342
3027593377;148343
3027613783;148344
3027634193;148345
3027654602;148346
3027675012;148347
3027695426;148348
3027715831;148349
3027736241;148350
3027756650;148351
3027777060;148352
3027797470;148353
3027817878;148354
3027838288;148355
3027858698;148356
3027879107;148357
3027899517;148358
3027919926;148359
3027940336;148360
3027960750;148361
3027981155;148362
3028001564;148363
3028021978;148364
3028042383;148365
3028062793;148366
3028083202;148367
3028103612;148368
3028124022;148369
3028144431;148370
3028164841;148371
3028185251;148372
3028205659;148373
3028226069;148374
3028246478;148375
3028266888;148376
3028287298;148377
3028307707;148378
3028328117;148379
3028348526;148380
3028368936;148381
3028389345;148382
3028409754;148383
3028430168;148384
3028450574;148385
3028470983;148386
3028491393;148387
3028511802;148388
3028532212;148389
3028552622;148390
3028573031;148391
3028593440;148392
3028613850;148393
3028634259;148394
3028654669;148395
3028675078;148396
3028695488;148397
3028715898;148398
3028736307;148399
3028756717;148400
3028777127;148401
3028797535;148402
3028817945;148403
3028838358;148404
3028858764;148405
3028879174;148406
3028899583;148407
3028919993;148408
3028940407;148409
3028960812;148410
3028981221;148411
3029001630;148412
3029022040;148413
3029042450;148414
3029062859;148415
3029083269;148416
3029103683;148417
3029124088;148418
3029144498;148419
3029164906;148420
3029185316;148421
3029205726;148422
3029226135;148423
3029246545;148424
3029266955;148425
3029287364;148426
3029307774;148427
3029328183;148428
3029348593;148429
3029369002;148430
3029389411;148431
3029409825;148432
3029430230;148433
3029450644;148434
3029471050;148435
3029491463;148436
3029511869;148437
3029532279;148438
3029552687;148439
3029573097;148440
3029593510;148441
3029613920;148442
3029634326;148443
3029654735;148444
3029675145;148445
3029695559;148446
3029715964;148447
3029736374;148448
3029756782;148449
3029777192;148450
3029797602;148451
3029818011;148452
3029838421;148453
3029858831;148454
3029879240;148455
3029899650;148456
3029920059;148457
3029940472;148458
3029960878;148459
3029981287;148460
3030001697;148461
3030022107;148462
3030042516;148463
3030062926;148464
3030083335;148465
3030103745;148466
3030124155;148467
3030144563;148468
3030164973;148469
3030185383;148470
3030205792;148471
3030226202;148472
3030246611;148473
3030267021;148474
3030287431;148475
3030307840;148476
3030328250;148477
3030348662;148478
3030369068;148479
3030389478;148480
3030409887;148481
3030430297;148482
3030450707;148483
3030471116;148484
3030491526;148485
3030511935;148486
3030532344;148487
3030552754;148488
3030573163;148489
3030593577;148490
3030613983;148491
3030634392;148492
3030654802;148493
3030675211;148494
3030695621;148495
3030716034;148496
3030736439;148497
3030756849;148498
3030777259;148499
3030797668;148500
3030818078;148501
3030838487;148502
3030858897;148503
3030879307;148504
3030899716;148505
3030920126;148506
3030940535;148507
3030960944;148508
3030981354;148509
3031001763;148510
3031022177;148511
3031042583;148512
3031062992;148513
3031083402;148514
3031103811;148515
3031124220;148516
3031144630;148517
3031165039;148518
3031185449;148519
3031205863;148520
3031226268;148521
3031246678;148522
3031267092;148523
3031287497;148524
3031307906;148525
3031328315;148526
3031348725;148527
3031369135;148528
3031389544;148529
3031409954;148530
3031430363;148531
3031450773;148532
3031471183;148533
3031491592;148534
3031512001;148535
3031532415;148536
3031552820;148537
3031573230;148538
3031593639;148539
3031614053;148540
3031634459;148541
3031654868;148542
3031675278;148543
3031695691;148544
3031716096;148545
3031736506;148546
3031756915;148547
3031777329;148548
3031797735;148549
3031818144;148550
3031838554;148551
3031858964;148552
3031879376;148553
3031899782;148554
3031920191;148555
3031940601;148556
3031961011;148557
3031981420;148558
3032001830;148559
3032022240;148560
3032042649;148561
3032063063;148562
3032083468;148563
3032103877;148564
3032124287;148565
3032144696;148566
3032165106;148567
3032185516;148568
3032205925;148569
3032226339;148570
3032246744;148571
3032267153;148572
3032287567;148573
3032307972;148574
3032328382;148575
3032348791;148576
3032369205;148577
3032389611;148578
3032410020;148579
3032430430;148580
3032450843;148581
3032471248;148582
3032491658;148583
3032512067;148584
3032532481;148585
3032552887;148586
3032573296;148587
3032593706;148588
3032614116;148589
3032634525;148590
3032654934;148591
3032675343;148592
3032695757;148593
3032716163;148594
3032736572;148595
3032756982;148596
3032777392;148597
3032797801;148598
3032818215;148599
3032838620;148600
3032859029;148601
3032879443;148602
3032899848;148603
3032920258;148604
3032940668;148605
3032961077;148606
3032981487;148607
3033001896;148608
3033022306;148609
3033042715;148610
3033063124;148611
3033083534;148612
3033103944;148613
3033124353;148614
3033144763;148615
3033165172;148616
3033185582;148617
3033205992;148618
3033226401;148619
3033246810;148620
3033267220;148621
3033287629;148622
3033308043;148623
3033328448;148624
3033348858;148625
3033369268;148626
3033389677;148627
3033410091;148628
3033430496;148629
3033450909;148630
3033471315;148631
3033491724;148632
3033512134;148633
3033532544;148634
3033552953;148635
3033573363;148636
3033593772;148637
3033614182;148638
3033634595;148639
3033655000;148640
3033675410;148641
3033695820;148642
3033716229;148643
3033736639;148644
3033757048;148645
3033777458;148646
3033797868;148647
3033818277;148648
3033838686;148649
3033859100;148650
3033879505;148651
3033899915;148652
3033920324;148653
3033940734;148654
3033961144;148655
3033981553;148656
3034001963;148657
3034022372;148658
3034042785;148659
3034063191;148660
3034083600;148661
3034104010;148662
3034124420;148663
3034144829;148664
3034165239;148665
3034185649;148666
3034206058;148667
3034226467;148668
3034246876;148669
3034267286;148670
3034287696;148671
3034308105;148672
3034328515;148673
3034348924;148674
3034369334;148675
3034389744;148676
3034410153;148677
3034430562;148678
3034450972;148679
3034471381;148680
3034491791;148681
3034512200;148682
3034532610;148683
3034553020;148684
3034573429;148685
3034593839;148686
3034614248;148687
3034634657;148688
3034655067;148689
3034675476;148690
3034695886;148691
3034716296;148692
3034736705;148693
3034757115;148694
3034777525;148695
3034797933;148696
3034818343;148697
3034838752;148698
3034859162;148699
3034879572;148700
3034899981;148701
3034920391;148702
3034940801;148703
3034961210;148704
3034981620;148705
3035002028;148706
3035022438;148707
3035042848;148708
3035063257;148709
3035083667;148710
3035104077;148711
3035124486;148712
3035144896;148713
3035165305;148714
3035185714;148715
3035206128;148716
3035226537;148717
3035246943;148718
3035267353;148719
3035287762;148720
3035308172;148721
3035328581;148722
3035348991;148723
3035369401;148724
3035389809;148725
3035410223;148726
3035430628;148727
3035451038;148728
3035471448;148729
3035491861;148730
3035512267;148731
3035532681;148732
3035553086;148733
3035573496;148734
3035593904;148735
3035614314;148736
3035634724;148737
3035655133;148738
3035675543;148739
3035695953;148740
3035716362;148741
3035736772;148742
3035757181;148743
3035777590;148744
3035798000;148745
3035818409;148746
3035838819;148747
3035859229;148748
3035879638;148749
3035900048;148750
3035920457;148751
3035940867;148752
3035961277;148753
3035981685;148754
3036002099;148755
3036022505;148756
3036042914;148757
3036063324;148758
3036083733;148759
3036104143;148760
3036124553;148761
3036144962;148762
3036165371;148763
3036185781;148764
3036206190;148765
3036226600;148766
3036247009;148767
3036267419;148768
3036287829;148769
3036308238;148770
3036328648;148771
3036349057;148772
3036369470;148773
3036389876;148774
3036410285;148775
3036430699;148776
3036451105;148777
3036471514;148778
3036491924;148779
3036512333;148780
3036532743;148781
3036553152;148782
3036573561;148783
3036593971;148784
3036614381;148785
3036634790;148786
3036655200;148787
3036675609;148788
3036696019;148789
3036716429;148790
3036736837;148791
3036757247;148792
3036777657;148793
3036798070;148794
3036818476;148795
3036838885;148796
3036859295;148797
3036879709;148798
3036900114;148799
3036920524;148800
3036940933;148801
3036961346;148802
3036981752;148803
3037002161;148804
3037022571;148805
3037042981;148806
3037063390;148807
3037083800;148808
3037104210;148809
3037124619;148810
3037145028;148811
3037165437;148812
3037185847;148813
3037206257;148814
3037226666;148815
3037247076;148816
3037267486;148817
3037287899;148818
3037308308;148819
3037328713;148820
3037349129;148821
3037369539;148822
3037389948;148823
3037410358;148824
3037430768;148825
3037451177;148826
3037471591;148827
3037491996;148828
3037512406;148829
3037532815;148830
3037553228;148831
3037573638;148832
3037594044;148833
3037614453;148834
3037634863;148835
3037655277;148836
3037675686;148837
3037696096;148838
3037716501;148839
3037736910;148840
3037757320;148841
3037777729;148842
3037798139;148843
3037818549;148844
3037838958;148845
3037859368;148846
3037879778;148847
3037900187;148848
3037920596;148849
3037941005;148850
3037961415;148851
3037981825;148852
3038002238;148853
3038022648;148854
3038043053;148855
3038063463;148856
3038083873;148857
3038104282;148858
3038124691;148859
3038145101;148860
3038165510;148861
3038185920;148862
3038206330;148863
3038226739;148864
3038247149;148865
3038267559;148866
3038287968;148867
3038308377;148868
3038328786;148869
3038349196;148870
3038369610;148871
3038390015;148872
3038410425;148873
3038430835;148874
3038451244;148875
3038471654;148876
3038492063;148877
3038512472;148878
3038532882;148879
3038553291;148880
3038573701;148881
3038594111;148882
3038614520;148883
3038634930;148884
3038655340;148885
3038675749;148886
3038696162;148887
3038716568;148888
3038736977;148889
3038757387;148890
3038777796;148891
3038798206;148892
3038818616;148893
3038839025;148894
3038859439;148895
3038879844;148896
3038900253;148897
3038920667;148898
3038941073;148899
3038961482;148900
3038981892;148901
3039002301;148902
3039022711;148903
3039043121;148904
3039063530;148905
3039083939;148906
3039104349;148907
3039124758;148908
3039145168;148909
3039165577;148910
3039185991;148911
3039206397;148912
3039226806;148913
3039247216;148914
3039267625;148915
3039288034;148916
3039308444;148917
3039328858;148918
3039349263;148919
3039369673;148920
3039390082;148921
3039410492;148922
3039430902;148923
3039451311;148924
3039471724;148925
3039492130;148926
3039512539;148927
3039532949;148928
3039553359;148929
3039573768;148930
3039594178;148931
3039614591;148932
3039634997;148933
3039655407;148934
3039675815;148935
3039696225;148936
3039716635;148937
3039737044;148938
3039757454;148939
3039777864;148940
3039798273;148941
3039818683;148942
3039839092;148943
3039859501;148944
3039879911;148945
3039900324;148946
3039920730;148947
3039941144;148948
3039961549;148949
3039981959;148950
3040002373;148951
3040022778;148952
3040043188;148953
3040063596;148954
3040084006;148955
3040104420;148956
3040124829;148957
3040145235;148958
3040165645;148959
3040186054;148960
3040206464;148961
3040226876;148962
3040247283;148963
3040267692;148964
3040288101;148965
3040308511;148966
3040328921;148967
3040349334;148968
3040369740;148969
3040390150;148970
3040410559;148971
3040430969;148972
3040451381;148973
3040471787;148974
3040492197;148975
3040512610;148976
3040533020;148977
3040553426;148978
3040573835;148979
3040594249;148980
3040614655;148981
3040635063;148982
3040655473;148983
3040675882;148984
3040696292;148985
3040716702;148986
3040737111;148987
3040757521;148988
3040777931;148989
3040798340;148990
3040818750;148991
3040839159;148992
3040859568;148993
3040879978;148994
3040900387;148995
3040920797;148996
3040941207;148997
3040961620;148998
3040982030;148999
3041002436;149000
3041022844;149001
3041043254;149002
3041063664;149003
3041084073;149004
3041104483;149005
3041124892;149006
3041145302;149007
3041165712;149008
3041186121;149009
3041206531;149010
3041226940;149011
3041247349;149012
3041267759;149013
3041288168;149014
3041308578;149015
3041328988;149016
3041349397;149017
3041369807;149018
3041390217;149019
3041410625;149020
3041431035;149021
3041451445;149022
3041471854;149023
3041492268;149024
3041512673;149025
3041533083;149026
3041553493;149027
3041573906;149028
3041594312;149029
3041614721;149030
3041635134;149031
3041655540;149032
3041675950;149033
3041696359;149034
3041716769;149035
3041737182;149036
3041757588;149037
3041777998;149038
3041798410;149039
3041818816;149040
3041839226;149041
3041859635;149042
3041880049;149043
3041900455;149044
3041920868;149045
3041941278;149046
3041961683;149047
3041982093;149048
3042002502;149049
3042022911;149050
3042043321;149051
3042063731;149052
3042084140;149053
3042104554;149054
3042124960;149055
3042145369;149056
3042165779;149057
3042186188;149058
3042206597;149059
3042227007;149060
3042247416;149061
3042267830;149062
3042288236;149063
3042308645;149064
3042329055;149065
3042349465;149066
3042369874;149067
3042390283;149068
3042410692;149069
3042431102;149070
3042451512;149071
3042471921;149072
3042492331;149073
3042512745;149074
3042533150;149075
3042553560;149076
3042573969;149077
3042594378;149078
3042614788;149079
3042635197;149080
3042655607;149081
3042676017;149082
3042696426;149083
3042716836;149084
3042737250;149085
3042757658;149086
3042778068;149087
3042798473;149088
3042818883;149089
3042839293;149090
3042859702;149091
3042880112;149092
3042900522;149093
3042920931;149094
3042941341;149095
3042961751;149096
3042982159;149097
3043002569;149098
3043022978;149099
3043043388;149100
3043063798;149101
3043084211;149102
3043104617;149103
3043125027;149104
3043145436;149105
3043165845;149106
3043186259;149107
3043206664;149108
3043227074;149109
3043247483;149110
3043267893;149111
3043288303;149112
3043308712;149113
3043329122;149114
3043349532;149115
3043369940;149116
3043390350;149117
3043410760;149118
3043431169;149119
3043451579;149120
3043471988;149121
3043492398;149122
3043512812;149123
3043533221;149124
3043553630;149125
3043574036;149126
3043594445;149127
3043614855;149128
3043635264;149129
3043655674;149130
3043676084;149131
3043696493;149132
3043716907;149133
3043737312;149134
3043757721;149135
3043778131;149136
3043798541;149137
3043818950;149138
3043839360;149139
3043859769;149140
3043880179;149141
3043900593;149142
3043920998;149143
3043941411;149144
3043961821;149145
3043982226;149146
3044002636;149147
3044023046;149148
3044043459;149149
3044063865;149150
3044084274;149151
3044104684;149152
3044125094;149153
3044145506;149154
3044165916;149155
3044186322;149156
3044206731;149157
3044227141;149158
3044247551;149159
3044267960;149160
3044288374;149161
3044308779;149162
3044329192;149163
3044349598;149164
3044370007;149165
3044390417;149166
3044410827;149167
3044431236;149168
3044451646;149169
3044472056;149170
3044492465;149171
3044512875;149172
3044533283;149173
3044553693;149174
3044574103;149175
3044594512;149176
3044614922;149177
3044635332;149178
3044655741;149179
3044676151;149180
3044696560;149181
3044716969;149182
3044737379;149183
3044757788;149184
3044778198;149185
3044798608;149186
3044819017;149187
3044839427;149188
3044859837;149189
3044880246;149190
3044900659;149191
3044921064;149192
3044941474;149193
3044961884;149194
3044982293;149195
3045002703;149196
3045023113;149197
3045043522;149198
3045063932;149199
3045084342;149200
3045104750;149201
3045125160;149202
3045145569;149203
3045165979;149204
3045186389;149205
3045206798;149206
3045227208;149207
3045247618;149208
3045268027;149209
3045288437;149210
3045308846;149211
3045329255;149212
3045349665;149213
3045370074;149214
3045390488;149215
3045410894;149216
3045431307;149217
3045451713;149218
3045472123;149219
3045492532;149220
3045512941;149221
3045533351;149222
3045553760;149223
3045574170;149224
3045594579;149225
3045614989;149226
3045635399;149227
3045655808;149228
3045676218;149229
3045696631;149230
3045717036;149231
3045737446;149232
3045757855;149233
3045778265;149234
3045798675;149235
3045819084;149236
3045839494;149237
3045859904;149238
3045880313;149239
3045900726;149240
3045921132;149241
3045941545;149242
3045961951;149243
3045982360;149244
3046002770;149245
3046023180;149246
3046043588;149247
3046063999;149248
3046084408;149249
3046104817;149250
3046125227;149251
3046145637;149252
3046166046;149253
3046186456;149254
3046206865;149255
3046227275;149256
3046247685;149257
3046268094;149258
3046288507;149259
3046308913;149260
3046329322;149261
3046349732;149262
3046370142;149263
3046390551;149264
3046410961;149265
3046431370;149266
3046451780;149267
3046472189;149268
3046492598;149269
3046513008;149270
3046533422;149271
3046553827;149272
3046574237;149273
3046594651;149274
3046615056;149275
3046635469;149276
3046655874;149277
3046676288;149278
3046696694;149279
3046717103;149280
3046737513;149281
3046757927;149282
3046778332;149283
3046798742;149284
3046819152;149285
3046839561;149286
3046859970;149287
3046880379;149288
3046900789;149289
3046921199;149290
3046941608;149291
3046962018;149292
3046982428;149293
3047002837;149294
3047023247;149295
3047043655;149296
3047064065;149297
3047084479;149298
3047104884;149299
3047125294;149300
3047145704;149301
3047166113;149302
3047186527;149303
3047206937;149304
3047227342;149305
3047247751;149306
3047268160;149307
3047288570;149308
3047308980;149309
3047329393;149310
3047349738;149311
3047370143;149312
3047390553;149313
3047410962;149314
3047431371;149315
3047451780;149316
3047472190;149317
3047492599;149318
3047513009;149319
3047533418;149320
3047553828;149321
3047574237;149322
3047594647;149323
3047615055;149324
3047635465;149325
3047655874;149326
3047676284;149327
3047696693;149328
3047717107;149329
3047737512;149330
3047757922;149331
3047778331;149332
3047798741;149333
3047819149;149334
3047839559;149335
3047859968;149336
3047880378;149337
3047900787;149338
3047921197;149339
3047941606;149340
3047962020;149341
3047982429;149342
3048002835;149343
3048023243;149344
3048043653;149345
3048064062;149346
3048084472;149347
3048104881;149348
3048125291;149349
3048145704;149350
3048166110;149351
3048186519;149352
3048206929;149353
3048227337;149354
3048247747;149355
3048268156;149356
3048288566;149357
3048308975;149358
3048329385;149359
3048349794;149360
3048370204;149361
3048390613;149362
3048411026;149363
3048431432;149364
3048451841;149365
3048472255;149366
3048492660;149367
3048513070;149368
3048533479;149369
3048553889;149370
3048574298;149371
3048594711;149372
3048615116;149373
3048635526;149374
3048655939;149375
3048676345;149376
3048696754;149377
3048717168;149378
3048737573;149379
3048757987;149380
3048778392;149381
3048798801;149382
3048819214;149383
3048839624;149384
3048860029;149385
3048880439;149386
3048900848;149387
3048921258;149388
3048941671;149389
3048962077;149390
3048982486;149391
3049002895;149392
3049023304;149393
3049043714;149394
3049064123;149395
3049084533;149396
3049104942;149397
3049125352;149398
3049145765;149399
3049166175;149400
3049186579;149401
3049206989;149402
3049227398;149403
3049247808;149404
3049268217;149405
3049288627;149406
3049309040;149407
3049329446;149408
3049349855;149409
3049370265;149410
3049390677;149411
3049411083;149412
3049431492;149413
3049451906;149414
3049472311;149415
3049492721;149416
3049513130;149417
3049533540;149418
3049553949;149419
3049574358;149420
3049594767;149421
