3007010537;147338
3007030946;147339
3007051355;147340
3007071764;147341
3007092177;147342
3007112582;147343
3007132991;147344
3007153400;147345
3007173809;147346
3007194217;147347
3007214627;147348
3007235039;147349
3007255445;147350
3007275853;147351
3007296262;147352
3007316671;147353
3007337130;147354
3007357539;147355
3007377948;147356
3007398357;147357
3007418766;147358
3007439175;147359
3007459584;147360
3007479993;147361
3007500402;147362
3007520811;147363
3007541220;147364
3007561629;147365
3007582038;147366
3007602452;147367
3007622856;147368
3007643265;147369
3007663674;147370
3007684083;147371
3007704493;147372
3007724901;147373
3007745310;147374
3007765720;147375
3007786128;147376
3007806538;147377
3007826946;147378
3007847356;147379
3007867765;147380
3007888173;147381
3007908583;147382
3007928991;147383
3007949401;147384
3007969810;147385
3007990218;147386
3008010628;147387
3008031036;147388
3008051446;147389
3008071855;147390
3008092263;147391
3008112673;147392
3008133082;147393
3008153491;147394
3008173900;147395
3008194308;147396
3008214718;147397
3008235127;147398
3008255536;147399
3008275945;147400
3008296353;147401
3008316763;147402
3008337172;147403
3008357581;147404
3008377990;147405
3008398400;147406
3008418808;147407
3008439217;147408
3008459626;147409
3008480035;147410
3008500445;147411
3008520853;147412
3008541262;147413
3008561671;147414
3008582080;147415
3008602490;147416
3008622898;147417
3008643307;147418
3008663716;147419
3008684125;147420
3008704535;147421
3008724943;147422
3008745352;147423
3008765762;147424
3008786170;147425
3008806580;147426
3008826988;147427
3008847398;147428
3008867807;147429
3008888219;147430
3008908625;147431
3008929033;147432
3008949443;147433
3008969852;147434
3008990260;147435
3009010670;147436
3009031078;147437
3009051488;147438
3009071897;147439
3009092305;147440
3009112719;147441
3009133124;147442
3009153533;147443
3009173942;147444
3009194351;147445
3009214760;147446
3009235169;147447
3009255578;147448
3009275987;147449
3009296396;147450
3009316805;147451
3009337214;147452
3009357623;147453
3009378032;147454
3009398442;147455
3009418850;147456
3009439259;147457
3009459668;147458
3009480077;147459
3009500491;147460
3009520895;147461
3009541305;147462
3009561713;147463
3009582122;147464
3009602536;147465
3009622944;147466
3009643350;147467
3009663758;147468
3009684167;147469
3009704577;147470
3009724985;147471
3009745395;147472
3009765804;147473
3009786212;147474
3009806622;147475
3009827030;147476
3009847440;147477
3009867849;147478
3009888257;147479
3009908667;147480
3009929075;147481
3009949485;147482
3009969894;147483
3009990303;147484
3010010712;147485
3010031120;147486
3010051530;147487
3010071943;147488
3010092348;147489
3010112757;147490
3010133166;147491
3010153575;147492
3010173984;147493
3010194397;147494
3010214802;147495
3010235211;147496
3010255620;147497
3010276029;147498
3010296438;147499
3010316847;147500
3010337256;147501
3010357669;147502
3010378074;147503
3010398484;147504
3010418892;147505
3010439302;147506
3010459710;147507
3010480119;147508
3010500529;147509
3010520941;147510
3010541347;147511
3010561755;147512
3010582164;147513
3010602578;147514
3010622982;147515
3010643392;147516
3010663800;147517
3010684209;147518
3010704619;147519
3010725027;147520
3010745437;147521
3010765846;147522
3010786255;147523
3010806664;147524
3010827072;147525
3010847482;147526
3010867891;147527
3010888300;147528
3010908709;147529
3010929117;147530
3010949531;147531
3010969936;147532
3010990345;147533
3011010754;147534
3011031166;147535
3011051572;147536
3011071981;147537
3011092390;147538
3011112799;147539
3011133208;147540
3011153621;147541
3011174026;147542
3011194435;147543
3011214848;147544
3011235257;147545
3011255662;147546
3011276071;147547
3011296480;147548
3011316889;147549
3011337299;147550
3011357707;147551
3011378116;147552
3011398526;147553
3011418934;147554
3011439344;147555
3011459752;147556
3011480161;147557
3011500571;147558
3011520979;147559
3011541389;147560
3011561797;147561
3011582206;147562
3011602616;147563
3011623024;147564
3011643434;147565
3011663842;147566
3011684251;147567
3011704661;147568
3011725069;147569
3011745479;147570
3011765888;147571
3011786297;147572
3011806706;147573
3011827114;147574
3011847524;147575
3011867933;147576
3011888342;147577
3011908751;147578
3011929159;147579
3011949569;147580
3011969978;147581
3011990387;147582
3012010796;147583
3012031204;147584
3012051614;147585
3012072023;147586
3012092432;147587
3012112841;147588
3012133251;147589
3012153659;147590
3012174068;147591
3012194477;147592
3012214886;147593
3012235296;147594
3012255708;147595
3012276113;147596
3012296522;147597
3012316931;147598
3012337345;147599
3012357753;147600
3012378158;147601
3012398568;147602
3012418976;147603
3012439390;147604
3012459794;147605
3012480204;147606
3012500613;147607
3012521021;147608
3012541431;147609
3012561839;147610
3012582249;147611
3012602658;147612
3012623066;147613
3012643476;147614
3012663884;147615
3012684294;147616
3012704703;147617
3012725111;147618
3012745521;147619
3012765930;147620
3012786343;147621
3012806748;147622
3012827157;147623
3012847566;147624
3012867975;147625
3012888384;147626
3012908793;147627
3012929202;147628
3012949611;147629
3012970020;147630
3012990429;147631
3013010842;147632
3013031247;147633
3013051656;147634
3013072065;147635
3013092474;147636
3013112883;147637
3013133293;147638
3013153701;147639
3013174111;147640
3013194519;147641
3013214928;147642
3013235338;147643
3013255746;147644
3013276155;147645
3013296564;147646
3013316973;147647
3013337383;147648
3013357791;147649
3013378201;147650
3013398610;147651
3013419018;147652
3013439428;147653
3013459840;147654
3013480246;147655
3013500655;147656
3013521063;147657
3013541473;147658
3013561881;147659
3013582291;147660
3013602700;147661
3013623109;147662
3013643518;147663
3013663926;147664
3013684336;147665
3013704745;147666
3013725154;147667
3013745563;147668
3013765972;147669
3013786385;147670
3013806790;147671
3013827199;147672
3013847608;147673
3013868017;147674
3013888426;147675
3013908835;147676
3013929244;147677
3013949653;147678
3013970062;147679
3013990475;147680
3014010884;147681
3014031289;147682
3014051698;147683
3014072108;147684
3014092516;147685
3014112925;147686
3014133335;147687
3014153743;147688
3014174153;147689
3014194561;147690
3014214970;147691
3014235384;147692
3014255788;147693
3014276198;147694
3014296606;147695
3014317015;147696
3014337425;147697
3014357833;147698
3014378243;147699
3014398652;147700
3014419060;147701
3014439470;147702
3014459878;147703
3014480288;147704
3014500697;147705
3014521106;147706
3014541515;147707
3014561923;147708
3014582333;147709
3014602742;147710
3014623151;147711
3014643560;147712
3014663968;147713
3014684378;147714
3014704787;147715
3014725200;147716
3014745605;147717
3014766014;147718
3014786423;147719
3014806832;147720
3014827241;147721
3014847650;147722
3014868060;147723
3014888468;147724
3014908881;147725
3014929286;147726
3014949695;147727
3014970105;147728
3014990513;147729
3015010926;147730
3015031331;147731
3015051740;147732
3015072150;147733
3015092558;147734
3015112967;147735
3015133377;147736
3015153785;147737
3015174195;147738
3015194603;147739
3015215013;147740
3015235422;147741
3015255830;147742
3015276240;147743
3015296648;147744
3015317058;147745
3015337471;147746
3015357875;147747
3015378285;147748
3015398694;147749
3015419103;147750
3015439516;147751
3015459920;147752
3015480330;147753
3015500739;147754
3015521148;147755
3015541557;147756
3015561966;147757
3015582375;147758
3015602788;147759
3015623193;147760
3015643602;147761
3015664011;147762
3015684424;147763
3015704829;147764
3015725238;147765
3015745647;147766
3015766057;147767
3015786469;147768
3015806874;147769
3015827283;147770
3015847692;147771
3015868102;147772
3015888510;147773
3015908919;147774
3015929328;147775
3015949737;147776
3015970147;147777
3015990559;147778
3016010965;147779
3016031373;147780
3016051782;147781
3016072192;147782
3016092600;147783
3016113010;147784
3016133419;147785
3016153827;147786
3016174237;147787
3016194645;147788
3016215055;147789
3016235468;147790
3016255876;147791
3016276282;147792
3016296690;147793
3016317100;147794
3016337509;147795
3016357918;147796
3016378327;147797
3016398736;147798
3016419145;147799
3016439554;147800
3016459963;147801
3016480376;147802
3016500785;147803
3016521190;147804
3016541599;147805
3016562008;147806
3016582417;147807
3016602826;147808
3016623239;147809
3016643644;147810
3016664053;147811
3016684462;147812
3016704872;147813
3016725280;147814
3016745689;147815
3016766099;147816
3016786507;147817
3016806917;147818
3016827329;147819
3016847734;147820
3016868144;147821
3016888552;147822
3016908962;147823
3016929370;147824
3016949779;147825
3016970189;147826
3016990597;147827
3017011007;147828
3017031415;147829
3017051825;147830
3017072234;147831
3017092642;147832
3017113052;147833
3017133461;147834
3017153870;147835
3017174279;147836
3017194687;147837
3017215097;147838
3017235506;147839
3017255915;147840
3017276324;147841
3017296732;147842
3017317142;147843
3017337500;147844
3017357909;147845
3017378318;147846
3017398726;147847
3017419136;147848
3017439544;147849
3017459958;147850
3017480362;147851
3017500772;147852
3017521184;147853
3017541589;147854
3017561998;147855
3017582407;147856
3017602816;147857
3017623225;147858
3017643633;147859
3017664043;147860
3017684451;147861
3017704861;147862
3017725269;147863
3017745678;147864
3017766087;147865
3017786496;147866
3017806905;147867
3017827314;147868
3017847723;147869
3017868132;147870
3017888540;147871
3017908950;147872
3017929358;147873
3017949768;147874
3017970176;147875
3017990589;147876
3018010994;147877
3018031403;147878
3018051812;147879
3018072221;147880
3018092629;147881
3018113043;147882
3018133447;147883
3018153857;147884
3018174265;147885
3018194674;147886
3018215083;147887
3018235492;147888
3018255902;147889
3018276310;147890
3018296719;147891
3018317128;147892
3018337537;147893
3018357946;147894
3018378355;147895
3018398764;147896
3018419173;147897
3018439581;147898
3018459991;147899
3018480399;147900
3018500809;147901
3018521217;147902
3018541626;147903
3018562035;147904
3018582444;147905
3018602853;147906
3018623262;147907
3018643670;147908
3018664080;147909
3018684488;147910
3018704898;147911
3018725306;147912
3018745715;147913
3018766124;147914
3018786533;147915
3018806942;147916
3018827351;147917
3018847760;147918
3018868169;147919
3018888577;147920
3018908987;147921
3018929395;147922
3018949805;147923
3018970213;147924
3018990622;147925
3019011031;147926
3019031440;147927
3019051849;147928
3019072258;147929
3019092666;147930
3019113080;147931
3019133484;147932
3019153894;147933
3019174302;147934
3019194712;147935
3019215120;147936
3019235529;147937
3019255938;147938
3019276347;147939
3019296756;147940
3019317165;147941
3019337573;147942
3019357983;147943
3019378391;147944
3019398801;147945
3019419209;147946
3019439618;147947
3019460027;147948
3019480436;147949
3019500846;147950
3019521254;147951
3019541664;147952
3019562072;147953
3019582481;147954
3019602890;147955
3019623299;147956
3019643708;147957
3019664117;147958
3019684525;147959
3019704935;147960
3019725343;147961
3019745753;147962
3019766161;147963
3019786570;147964
3019806979;147965
3019827388;147966
3019847797;147967
3019868206;147968
3019888615;147969
3019909024;147970
3019929432;147971
3019949842;147972
3019970250;147973
3019990660;147974
3020011068;147975
3020031477;147976
3020051886;147977
3020072295;147978
3020092704;147979
3020113113;147980
3020133521;147981
3020153931;147982
3020174339;147983
3020194749;147984
3020215157;147985
3020235566;147986
3020255975;147987
3020276388;147988
3020296793;147989
3020317202;147990
3020337610;147991
3020358020;147992
3020378428;147993
3020398838;147994
3020419246;147995
3020439656;147996
3020460064;147997
3020480473;147998
3020500882;147999
3020521291;148000
3020541700;148001
3020562109;148002
3020582517;148003
3020602927;148004
3020623335;148005
3020643745;148006
3020664153;148007
3020684562;148008
3020704971;148009
3020725380;148010
3020745794;148011
3020766198;148012
3020786608;148013
3020807016;148014
3020827425;148015
3020847834;148016
3020868243;148017
3020888652;148018
3020909061;148019
3020929469;148020
3020949879;148021
3020970287;148022
3020990697;148023
3021011105;148024
3021031514;148025
3021051923;148026
3021072332;148027
3021092741;148028
3021113150;148029
3021133559;148030
3021153968;148031
3021174376;148032
3021194786;148033
3021215198;148034
3021235604;148035
3021256016;148036
3021276421;148037
3021296830;148038
3021317239;148039
3021337648;148040
3021358057;148041
3021378465;148042
3021398875;148043
3021419283;148044
3021439693;148045
3021460101;148046
3021480511;148047
3021500919;148048
3021521328;148049
3021541737;148050
3021562150;148051
3021582555;148052
3021602964;148053
3021623376;148054
3021643782;148055
3021664190;148056
3021684600;148057
3021705008;148058
3021725417;148059
3021745826;148060
3021766235;148061
3021786644;148062
3021807053;148063
3021827461;148064
3021847871;148065
3021868279;148066
3021888689;148067
3021909097;148068
3021929507;148069
3021949915;148070
3021970324;148071
3021990734;148072
3022011142;148073
3022031552;148074
3022051960;148075
3022072369;148076
3022092778;148077
3022113187;148078
3022133596;148079
3022154005;148080
3022174413;148081
3022194823;148082
3022215231;148083
3022235641;148084
3022256049;148085
3022276462;148086
3022296867;148087
3022317276;148088
3022337685;148089
3022358094;148090
3022378503;148091
3022398912;148092
3022419320;148093
3022439730;148094
3022460138;148095
3022480548;148096
3022500956;148097
3022521365;148098
3022541778;148099
3022562183;148100
3022582592;148101
3022603001;148102
3022623410;148103
3022643819;148104
3022664227;148105
3022684637;148106
3022705045;148107
3022725455;148108
3022745863;148109
3022766272;148110
3022786681;148111
3022807090;148112
3022827499;148113
3022847908;148114
3022868316;148115
3022888726;148116
3022909134;148117
3022929544;148118
3022949956;148119
3022970362;148120
3022990770;148121
3023011179;148122
3023031592;148123
3023051997;148124
3023072409;148125
3023092815;148126
3023113223;148127
3023133633;148128
3023154041;148129
3023174451;148130
3023194859;148131
3023215268;148132
3023235677;148133
3023256086;148134
3023276496;148135
3023296908;148136
3023317313;148137
3023337722;148138
3023358131;148139
3023378540;148140
3023398949;148141
3023419357;148142
3023439767;148143
3023460179;148144
3023480589;148145
3023500993;148146
3023521403;148147
3023541811;148148
3023562224;148149
3023582629;148150
3023603038;148151
3023623447;148152
3023643856;148153
3023664264;148154
3023684678;148155
3023705082;148156
3023725492;148157
3023745900;148158
3023766309;148159
3023786722;148160
3023807127;148161
3023827536;148162
3023847945;148163
3023868354;148164
3023888763;148165
3023909171;148166
3023929585;148167
3023949989;148168
3023970399;148169
3023990807;148170
3024011216;148171
3024031629;148172
3024052038;148173
3024072443;148174
3024092852;148175
3024113264;148176
3024133670;148177
3024154078;148178
3024174488;148179
3024194896;148180
3024215306;148181
3024235714;148182
3024256123;148183
3024276536;148184
3024296941;148185
3024317350;148186
3024337759;148187
3024358167;148188
3024378577;148189
3024398985;148190
3024419395;148191
3024439803;148192
3024460213;148193
3024480621;148194
3024501030;148195
3024521440;148196
3024541848;148197
3024562257;148198
3024582666;148199
3024603075;148200
3024623484;148201
3024643893;148202
3024664302;148203
3024684711;148204
3024705119;148205
3024725529;148206
3024745937;148207
3024766347;148208
3024786755;148209
3024807164;148210
3024827573;148211
3024847982;148212
3024868395;148213
3024888800;148214
3024909208;148215
3024929618;148216
3024950026;148217
3024970436;148218
3024990844;148219
3025011254;148220
3025031662;148221
3025052071;148222
3025072480;148223
3025092889;148224
3025113298;148225
3025133707;148226
3025154115;148227
3025174525;148228
3025194937;148229
3025215343;148230
3025235751;148231
3025256160;148232
3025276569;148233
3025296978;148234
3025317387;148235
3025337796;148236
3025358205;148237
3025378614;148238
3025399022;148239
3025419432;148240
3025439840;148241
3025460254;148242
3025480658;148243
3025501067;148244
3025521476;148245
3025541885;148246
3025562294;148247
3025582703;148248
3025603115;148249
3025623521;148250
3025643929;148251
3025664339;148252
3025684747;148253
3025705156;148254
3025725565;148255
3025745974;148256
3025766384;148257
3025786792;148258
3025807202;148259
3025827610;148260
3025848019;148261
3025868428;148262
3025888837;148263
3025909246;148264
3025929655;148265
3025950063;148266
3025970473;148267
3025990881;148268
3026011291;148269
3026031699;148270
3026052112;148271
3026072517;148272
3026092926;148273
3026113335;148274
3026133744;148275
3026154153;148276
3026174562;148277
3026194970;148278
3026215380;148279
3026235788;148280
3026256197;148281
3026276606;148282
3026297015;148283
3026317424;148284
3026337833;148285
3026358242;148286
3026378651;148287
3026399059;148288
3026419469;148289
3026439877;148290
3026460287;148291
3026480695;148292
3026501104;148293
3026521513;148294
3026541922;148295
3026562331;148296
3026582740;148297
3026603148;148298
3026623558;148299
3026643966;148300
3026664376;148301
3026684784;148302
3026705194;148303
3026725602;148304
3026746011;148305
3026766420;148306
3026786829;148307
3026807238;148308
3026827647;148309
3026848055;148310
3026868465;148311
3026888873;148312
3026909283;148313
3026929695;148314
3026950100;148315
3026970513;148316
3026990918;148317
3027011328;148318
3027031736;148319
3027052149;148320
3027072554;148321
3027092963;148322
3027113372;148323
3027133781;148324
3027154190;148325
3027174599;148326
3027195007;148327
3027215417;148328
3027235825;148329
3027256235;148330
3027276643;148331
3027297052;148332
3027317461;148333
3027337926;148334
3027358339;148335
3027378744;148336
3027399153;148337
3027419562;148338
3027439971;148339
3027460384;148340
3027480789;148341
3027501198;148342
3027521607;148343
3027542020;148344
3027562426;148345
3027582834;148346
3027603244;148347
3027623652;148348
3027644061;148349
3027664471;148350
3027684879;148351
3027705289;148352
3027725697;148353
3027746106;148354
3027766516;148355
3027786924;148356
3027807338;148357
3027827743;148358
3027848151;148359
3027868565;148360
3027888969;148361
3027909379;148362
3027929788;148363
3027950197;148364
3027970606;148365
3027991015;148366
3028011424;148367
3028031833;148368
3028052246;148369
3028072651;148370
3028093060;148371
3028113469;148372
3028133878;148373
3028154288;148374
3028174696;148375
3028195105;148376
3028215514;148377
3028235923;148378
3028256333;148379
3028276741;148380
3028297150;148381
3028317560;148382
3028337968;148383
3028358378;148384
3028378790;148385
3028399196;148386
3028419605;148387
3028440013;148388
3028460423;148389
3028480832;148390
3028501241;148391
3028521650;148392
3028542062;148393
3028562468;148394
3028582877;148395
3028603286;148396
3028623695;148397
3028644104;148398
3028664513;148399
3028684922;148400
3028705331;148401
3028725740;148402
3028746150;148403
3028766558;148404
3028786967;148405
3028807376;148406
3028827785;148407
3028848195;148408
3028868603;148409
3028889016;148410
3028909422;148411
3028929830;148412
3028950240;148413
3028970648;148414
3028991057;148415
3029011467;148416
3029031879;148417
3029052289;148418
3029072694;148419
3029093102;148420
3029113512;148421
3029133920;148422
3029154334;148423
3029174739;148424
3029195148;148425
3029215557;148426
3029235966;148427
3029256375;148428
3029276788;148429
3029297193;148430
3029317602;148431
3029338011;148432
3029358420;148433
3029378833;148434
3029399239;148435
3029419647;148436
3029440057;148437
3029460465;148438
3029480874;148439
3029501284;148440
3029521692;148441
3029542101;148442
3029562511;148443
3029582919;148444
3029603329;148445
3029623737;148446
3029644147;148447
3029664556;148448
3029684968;148449
3029705374;148450
3029725782;148451
3029746192;148452
3029766601;148453
3029787009;148454
3029807419;148455
3029827828;148456
3029848237;148457
3029868646;148458
3029889054;148459
3029909464;148460
3029929873;148461
3029950282;148462
3029970691;148463
3029991101;148464
3030011509;148465
3030031918;148466
3030052331;148467
3030072736;148468
3030093149;148469
3030113554;148470
3030133963;148471
3030154373;148472
3030174781;148473
3030195191;148474
3030215599;148475
3030236008;148476
3030256418;148477
3030276826;148478
3030297236;148479
3030317645;148480
3030338054;148481
3030358463;148482
3030378871;148483
3030399281;148484
3030419690;148485
3030440099;148486
3030460508;148487
3030480917;148488
3030501326;148489
3030521735;148490
3030542144;148491
3030562553;148492
3030582962;148493
3030603371;148494
3030623780;148495
3030644190;148496
3030664598;148497
3030685011;148498
3030705416;148499
3030725825;148500
3030746239;148501
3030766643;148502
3030787056;148503
3030807461;148504
3030827870;148505
3030848284;148506
3030868688;148507
3030889098;148508
3030909507;148509
3030929915;148510
3030950325;148511
3030970733;148512
3030991147;148513
3031011552;148514
3031031960;148515
3031052370;148516
3031072779;148517
3031093188;148518
3031113597;148519
3031134009;148520
3031154415;148521
3031174824;148522
3031195233;148523
3031215642;148524
3031236051;148525
3031256460;148526
3031276873;148527
3031297278;148528
3031317691;148529
3031338097;148530
3031358505;148531
3031378914;148532
3031399324;148533
3031419732;148534
3031440142;148535
3031460550;148536
3031480959;148537
3031501369;148538
3031521777;148539
3031542187;148540
3031562596;148541
3031583005;148542
3031603418;148543
3031623822;148544
3031644232;148545
3031664641;148546
3031685050;148547
3031705459;148548
3031725867;148549
3031746277;148550
3031766686;148551
3031787095;148552
3031807504;148553
3031827913;148554
3031848322;148555
3031868731;148556
3031889140;148557
3031909549;148558
3031929959;148559
3031950367;148560
3031970776;148561
3031991186;148562
3032011594;148563
3032032004;148564
3032052412;148565
3032072821;148566
3032093235;148567
3032113639;148568
3032134049;148569
3032154462;148570
3032174866;148571
3032195276;148572
3032215684;148573
3032236094;148574
3032256503;148575
3032276911;148576
3032297321;148577
3032317730;148578
3032338139;148579
3032358548;148580
3032378960;148581
3032399366;148582
3032419775;148583
3032440184;148584
3032460593;148585
3032481003;148586
3032501411;148587
3032521820;148588
3032542229;148589
3032562638;148590
3032583048;148591
3032603456;148592
3032623865;148593
3032644275;148594
3032664683;148595
3032685093;148596
3032705501;148597
3032725910;148598
3032746320;148599
3032766728;148600
3032787138;148601
3032807546;148602
3032827956;148603
3032848365;148604
3032868773;148605
3032889183;148606
3032909592;148607
3032930001;148608
3032950410;148609
3032970818;148610
3032991228;148611
3033011637;148612
3033032049;148613
3033052455;148614
3033072864;148615
3033093273;148616
3033113682;148617
3033134091;148618
3033154500;148619
3033174909;148620
3033195318;148621
3033215727;148622
3033236137;148623
3033256545;148624
3033276955;148625
3033297363;148626
3033317772;148627
3033338182;148628
3033358590;148629
3033379000;148630
3033399409;148631
3033419817;148632
3033440231;148633
3033460635;148634
3033481045;148635
3033501454;148636
3033521863;148637
3033542272;148638
3033562681;148639
3033583090;148640
3033603499;148641
3033623908;148642
3033644317;148643
3033664726;148644
3033685135;148645
3033705544;148646
3033725953;148647
3033746362;148648
3033766771;148649
3033787180;148650
3033807589;148651
3033827999;148652
3033848407;148653
3033868816;148654
3033889225;148655
3033909634;148656
3033930044;148657
3033950452;148658
3033970862;148659
3033991271;148660
3034011679;148661
3034032089;148662
3034052497;148663
3034072907;148664
3034093316;148665
3034113724;148666
3034134134;148667
3034154543;148668
3034174956;148669
3034195361;148670
3034215769;148671
3034236179;148672
3034256588;148673
3034276997;148674
3034297410;148675
3034317815;148676
3034338224;148677
3034358633;148678
3034379042;148679
3034399451;148680
3034419861;148681
3034440269;148682
3034460678;148683
3034481088;148684
3034501496;148685
3034521906;148686
3034542314;148687
3034562723;148688
3034583133;148689
3034603541;148690
3034623951;148691
3034644360;148692
3034664768;148693
3034685178;148694
3034705586;148695
3034725996;148696
3034746405;148697
3034766813;148698
3034787223;148699
3034807631;148700
3034828041;148701
3034848450;148702
3034868859;148703
3034889268;148704
3034909677;148705
3034930086;148706
3034950495;148707
3034970904;148708
3034991313;148709
3035011722;148710
3035032131;148711
3035052544;148712
3035072950;148713
3035093358;148714
3035113767;148715
3035134176;148716
3035154585;148717
3035174995;148718
3035195403;148719
3035215813;148720
3035236222;148721
3035256630;148722
3035277040;148723
3035297448;148724
3035317861;148725
3035338267;148726
3035358675;148727
3035379085;148728
3035399494;148729
3035419903;148730
3035440312;148731
3035460721;148732
3035481130;148733
3035501539;148734
3035521952;148735
3035542357;148736
3035562766;148737
3035583179;148738
3035603584;148739
3035623993;148740
3035644402;148741
3035664812;148742
3035685224;148743
3035705629;148744
3035726038;148745
3035746447;148746
3035766857;148747
3035787265;148748
3035807674;148749
3035828084;148750
3035848492;148751
3035868902;148752
3035889310;148753
3035909719;148754
3035930133;148755
3035950537;148756
3035970947;148757
3035991356;148758
3036011765;148759
3036032174;148760
3036052582;148761
3036072992;148762
3036093401;148763
3036113810;148764
3036134219;148765
3036154628;148766
3036175037;148767
3036195446;148768
3036215855;148769
3036236264;148770
3036256673;148771
3036277082;148772
3036297495;148773
3036317905;148774
3036338309;148775
3036358718;148776
3036379127;148777
3036399536;148778
3036419946;148779
3036440354;148780
3036460764;148781
3036481173;148782
3036501581;148783
3036521991;148784
3036542399;148785
3036562809;148786
3036583218;148787
3036603626;148788
3036624036;148789
3036644445;148790
3036664854;148791
3036685263;148792
3036705672;148793
3036726081;148794
3036746490;148795
3036766899;148796
3036787308;148797
3036807717;148798
3036828126;148799
3036848535;148800
3036868944;148801
3036889353;148802
3036909763;148803
3036930171;148804
3036950580;148805
3036970989;148806
3036991398;148807
3037011808;148808
3037032216;148809
3037052625;148810
3037073035;148811
3037093443;148812
3037113853;148813
3037134261;148814
3037154674;148815
3037175080;148816
3037195488;148817
3037215898;148818
3037236307;148819
3037256716;148820
3037277125;148821
3037297533;148822
3037317943;148823
3037338362;148824
3037358767;148825
3037379176;148826
3037399586;148827
3037419994;148828
3037440403;148829
3037460812;148830
3037481221;148831
3037501631;148832
3037522039;148833
3037542448;148834
3037562858;148835
3037583266;148836
3037603676;148837
3037624085;148838
3037644493;148839
3037664907;148840
3037685311;148841
3037705721;148842
3037726130;148843
3037746538;148844
3037766948;148845
3037787357;148846
3037807770;148847
3037828175;148848
3037848585;148849
3037868993;148850
3037889402;148851
3037909811;148852
3037930224;148853
3037950630;148854
3037971038;148855
3037991447;148856
3038011857;148857
3038032265;148858
3038052675;148859
3038073084;148860
3038093493;148861
3038113902;148862
3038134310;148863
3038154720;148864
3038175129;148865
3038195541;148866
3038215947;148867
3038236356;148868
3038256765;148869
3038277174;148870
3038297583;148871
3038317992;148872
3038338401;148873
3038358810;148874
3038379219;148875
3038399629;148876
3038420037;148877
3038440446;148878
3038460856;148879
3038481264;148880
3038501674;148881
3038522082;148882
3038542491;148883
3038562901;148884
3038583309;148885
3038603719;148886
3038624128;148887
3038644536;148888
3038664946;148889
3038685355;148890
3038705764;148891
3038726177;148892
3038746582;148893
3038766991;148894
3038787400;148895
3038807809;148896
3038828218;148897
3038848628;148898
3038869040;148899
3038889445;148900
3038909859;148901
3038930263;148902
3038950673;148903
3038971081;148904
3038991490;148905
3039011904;148906
3039032308;148907
3039052718;148908
3039073127;148909
3039093536;148910
3039113945;148911
3039134354;148912
3039154763;148913
3039175172;148914
3039195581;148915
3039215990;148916
3039236399;148917
3039256808;148918
3039277217;148919
3039297627;148920
3039318035;148921
3039338444;148922
3039358854;148923
3039379262;148924
3039399672;148925
3039420080;148926
3039440490;148927
3039460899;148928
3039481307;148929
3039501717;148930
3039522126;148931
3039542535;148932
3039562944;148933
3039583352;148934
3039603762;148935
3039624171;148936
3039644580;148937
3039664993;148938
3039685398;148939
3039705807;148940
3039726216;148941
3039746626;148942
3039767034;148943
3039787444;148944
3039807852;148945
3039828261;148946
3039848671;148947
3039869079;148948
3039889489;148949
3039909898;148950
3039930306;148951
3039950716;148952
3039971125;148953
3039991534;148954
3040011943;148955
3040032351;148956
3040052765;148957
3040073170;148958
3040093579;148959
3040113988;148960
3040134397;148961
3040154806;148962
3040175215;148963
3040195625;148964
3040216033;148965
3040236443;148966
3040256851;148967
3040277260;148968
3040297670;148969
3040318078;148970
3040338488;148971
3040358897;148972
3040379305;148973
3040399715;148974
3040420128;148975
3040440533;148976
3040460942;148977
3040481350;148978
3040501760;148979
3040522169;148980
3040542578;148981
3040562987;148982
3040583397;148983
3040603805;148984
3040624214;148985
3040644627;148986
3040665032;148987
3040685442;148988
3040705850;148989
3040726259;148990
3040746669;148991
3040767077;148992
3040787487;148993
3040807896;148994
3040828304;148995
3040848714;148996
3040869122;148997
3040889532;148998
3040909941;148999
3040930350;149000
3040950759;149001
3040971168;149002
3040991581;149003
3041011986;149004
3041032396;149005
3041052804;149006
3041073213;149007
3041093626;149008
3041114031;149009
3041134445;149010
3041154849;149011
3041175258;149012
3041195668;149013
3041216076;149014
3041236486;149015
3041256895;149016
3041277303;149017
3041297713;149018
3041318121;149019
3041338531;149020
3041358940;149021
3041379349;149022
3041399758;149023
3041420167;149024
3041440576;149025
3041460985;149026
3041481394;149027
3041501803;149028
3041522216;149029
3041542621;149030
3041563030;149031
3041583444;149032
3041603848;149033
3041624257;149034
3041644667;149035
3041665075;149036
3041685485;149037
3041705893;149038
3041726302;149039
3041746712;149040
3041767124;149041
3041787534;149042
3041807943;149043
3041828348;149044
3041848757;149045
3041869166;149046
3041889579;149047
3041909984;149048
3041930393;149049
3041950802;149050
3041971211;149051
3041991620;149052
3042012029;149053
3042032439;149054
3042052847;149055
3042073256;149056
3042093666;149057
3042114074;149058
3042134488;149059
3042154892;149060
3042175302;149061
3042195711;149062
3042216119;149063
3042236529;149064
3042256938;149065
3042277346;149066
3042297756;149067
3042318165;149068
3042338574;149069
3042358983;149070
3042379392;149071
3042399801;149072
3042420210;149073
3042440619;149074
3042461032;149075
3042481438;149076
3042501846;149077
3042522255;149078
3042542665;149079
3042563073;149080
3042583483;149081
3042603891;149082
3042624300;149083
3042644710;149084
3042665118;149085
3042685528;149086
3042705937;149087
3042726346;149088
3042746755;149089
3042767163;149090
3042787573;149091
3042807982;149092
3042828390;149093
3042848800;149094
3042869209;149095
3042889618;149096
3042910031;149097
3042930437;149098
3042950845;149099
3042971254;149100
3042991663;149101
3043012072;149102
3043032482;149103
3043052890;149104
3043073299;149105
3043093709;149106
3043114117;149107
3043134527;149108
3043154936;149109
3043175345;149110
3043195754;149111
3043216162;149112
3043236572;149113
3043256981;149114
3043277390;149115
3043297799;149116
3043318208;149117
3043338617;149118
3043359026;149119
3043379436;149120
3043399844;149121
3043420254;149122
3043440662;149123
3043461071;149124
3043481481;149125
3043501893;149126
3043522298;149127
3043542708;149128
3043563116;149129
3043583530;149130
3043603935;149131
3043624343;149132
3043644753;149133
3043665161;149134
3043685571;149135
3043705980;149136
3043726393;149137
3043746798;149138
3043767211;149139
3043787616;149140
3043808025;149141
3043828434;149142
3043848843;149143
3043869252;149144
3043889661;149145
3043910070;149146
3043930480;149147
3043950888;149148
3043971297;149149
3043991707;149150
3044012115;149151
3044032525;149152
3044052933;149153
3044073343;149154
3044093752;149155
3044114160;149156
3044134570;149157
3044154979;149158
3044175388;149159
3044195797;149160
3044216207;149161
3044236615;149162
3044257024;149163
3044277433;149164
3044297842;149165
3044318251;149166
3044338660;149167
3044359069;149168
3044379479;149169
3044399887;149170
3044420297;149171
3044440706;149172
3044461114;149173
3044481524;149174
3044501932;149175
3044522342;149176
3044542751;149177
3044563159;149178
3044583569;149179
3044603978;149180
3044624387;149181
3044644796;149182
3044665205;149183
3044685614;149184
3044706023;149185
3044726432;149186
3044746841;149187
3044767251;149188
3044787659;149189
3044808068;149190
3044828478;149191
3044848886;149192
3044869296;149193
3044889705;149194
3044910113;149195
3044930523;149196
3044950931;149197
3044971341;149198
3044991750;149199
3045012158;149200
3045032568;149201
3045052977;149202
3045073386;149203
3045093795;149204
3045114203;149205
3045134613;149206
3045155022;149207
3045175431;149208
3045195840;149209
3045216250;149210
3045236658;149211
3045257067;149212
3045277477;149213
3045297885;149214
3045318295;149215
3045338707;149216
3045359116;149217
3045379522;149218
3045399930;149219
3045420340;149220
3045440749;149221
3045461158;149222
3045481567;149223
3045501976;149224
3045522385;149225
3045542794;149226
3045563202;149227
3045583612;149228
3045604021;149229
3045624430;149230
3045644839;149231
3045665249;149232
3045685657;149233
3045706066;149234
3045726480;149235
3045746884;149236
3045767294;149237
3045787702;149238
3045808111;149239
3045828521;149240
3045848929;149241
3045869339;149242
3045889748;149243
3045910157;149244
3045930566;149245
3045950975;149246
3045971384;149247
3045991793;149248
3046012202;149249
3046032611;149250
3046053020;149251
3046073429;149252
3046093838;149253
3046114248;149254
3046134656;149255
3046155065;149256
3046175474;149257
3046195883;149258
3046216293;149259
3046236701;149260
3046257110;149261
3046277520;149262
3046297928;149263
3046318338;149264
3046338747;149265
3046359155;149266
3046379565;149267
3046399973;149268
3046420383;149269
3046440792;149270
3046461201;149271
3046481610;149272
3046502019;149273
3046522432;149274
3046542837;149275
3046563247;149276
3046583655;149277
3046604064;149278
3046624473;149279
3046644882;149280
3046665292;149281
3046685700;149282
3046706110;149283
3046726519;149284
3046746927;149285
3046767337;149286
3046787746;149287
3046808155;149288
3046828568;149289
3046848972;149290
3046869382;149291
3046889791;149292
3046910200;149293
3046930609;149294
3046951018;149295
3046971427;149296
3046991836;149297
3047012246;149298
3047032654;149299
3047053063;149300
3047073472;149301
3047093881;149302
3047114291;149303
3047134703;149304
3047155109;149305
3047175518;149306
3047195926;149307
3047216336;149308
3047236744;149309
3047257154;149310
3047277563;149311
3047297971;149312
3047318381;149313
3047338725;149314
3047359134;149315
3047379543;149316
3047399951;149317
3047420361;149318
3047440769;149319
3047461179;149320
3047481587;149321
3047501996;149322
3047522405;149323
3047542814;149324
3047563223;149325
3047583632;149326
3047604041;149327
3047624450;149328
3047644858;149329
3047665268;149330
3047685676;149331
3047706090;149332
3047726494;149333
3047746903;149334
3047767312;149335
3047787721;149336
3047808130;149337
3047828539;149338
3047848947;149339
3047869357;149340
3047889765;149341
3047910175;149342
3047930583;149343
3047950993;149344
3047971401;149345
3047991810;149346
3048012219;149347
3048032628;149348
3048053037;149349
3048073446;149350
3048093854;149351
3048114264;149352
3048134672;149353
3048155082;149354
3048175490;149355
3048195899;149356
3048216308;149357
3048236717;149358
3048257126;149359
3048277535;149360
3048297944;149361
3048318357;149362
3048338761;149363
3048359171;149364
3048379579;149365
3048399989;149366
3048420397;149367
3048440806;149368
3048461215;149369
3048481624;149370
3048502033;149371
3048522442;149372
3048542850;149373
3048563260;149374
3048583668;149375
3048604078;149376
3048624486;149377
3048644895;149378
3048665304;149379
3048685713;149380
3048706122;149381
3048726531;149382
3048746943;149383
3048767349;149384
3048787757;149385
3048808167;149386
3048828575;149387
3048848985;149388
3048869393;149389
3048889802;149390
3048910211;149391
3048930620;149392
3048951029;149393
3048971438;149394
3048991846;149395
3049012260;149396
3049032664;149397
3049053074;149398
3049073486;149399
3049093891;149400
3049114300;149401
3049134709;149402
3049155118;149403
3049175527;149404
3049195935;149405
3049216345;149406
3049236753;149407
3049257163;149408
3049277571;149409
3049297981;149410
3049318389;149411
3049338798;149412
3049359207;149413
3049379616;149414
3049400025;149415
3049420434;149416
3049440842;149417
3049461252;149418
3049481660;149419
3049502070;149420
3049522478;149421
3049542887;149422
3049563296;149423
3049583705;149424
3049604114;149425
