3007007317;147338
3007027727;147339
3007048135;147340
3007068544;147341
3007088953;147342
3007109362;147343
3007129770;147344
3007150180;147345
3007170592;147346
3007190998;147347
3007211407;147348
3007231815;147349
3007252225;147350
3007272633;147351
3007293043;147352
3007313451;147353
3007333910;147354
3007354319;147355
3007374728;147356
3007395136;147357
3007415546;147358
3007435955;147359
3007456364;147360
3007476773;147361
3007497181;147362
3007517591;147363
3007538000;147364
3007558409;147365
3007578818;147366
3007599227;147367
3007619636;147368
3007640045;147369
3007660453;147370
3007680867;147371
3007701272;147372
3007721681;147373
3007742090;147374
3007762498;147375
3007782908;147376
3007803317;147377
3007823726;147378
3007844135;147379
3007864544;147380
3007884953;147381
3007905362;147382
3007925770;147383
3007946180;147384
3007966589;147385
3007986998;147386
3008007407;147387
3008027816;147388
3008048225;147389
3008068634;147390
3008089043;147391
3008109452;147392
3008129860;147393
3008150270;147394
3008170679;147395
3008191088;147396
3008211497;147397
3008231906;147398
3008252315;147399
3008272724;147400
3008293133;147401
3008313542;147402
3008333951;147403
3008354360;147404
3008374769;147405
3008395177;147406
3008415587;147407
3008435996;147408
3008456409;147409
3008476814;147410
3008497222;147411
3008517632;147412
3008538041;147413
3008558450;147414
3008578863;147415
3008599268;147416
3008619677;147417
3008640086;147418
3008660495;147419
3008680904;147420
3008701313;147421
3008721722;147422
3008742131;147423
3008762540;147424
3008782949;147425
3008803362;147426
3008823767;147427
3008844176;147428
3008864585;147429
3008884994;147430
3008905403;147431
3008925812;147432
3008946221;147433
3008966630;147434
3008987039;147435
3009007448;147436
3009027856;147437
3009048266;147438
3009068675;147439
3009089084;147440
3009109493;147441
3009129901;147442
3009150311;147443
3009170720;147444
3009191129;147445
3009211538;147446
3009231951;147447
3009252356;147448
3009272765;147449
3009293174;147450
3009313583;147451
3009333992;147452
3009354401;147453
3009374810;147454
3009395219;147455
3009415628;147456
3009436037;147457
3009456446;147458
3009476855;147459
3009497263;147460
3009517673;147461
3009538082;147462
3009558495;147463
3009578900;147464
3009599309;147465
3009619718;147466
3009640127;147467
3009660536;147468
3009680949;147469
3009701354;147470
3009721763;147471
3009742172;147472
3009762581;147473
3009782994;147474
3009803399;147475
3009823808;147476
3009844221;147477
3009864626;147478
3009885035;147479
3009905444;147480
3009925853;147481
3009946262;147482
3009966671;147483
3009987080;147484
3010007489;147485
3010027898;147486
3010048307;147487
3010068716;147488
3010089125;147489
3010109534;147490
3010129942;147491
3010150352;147492
3010170761;147493
3010191170;147494
3010211583;147495
3010231988;147496
3010252401;147497
3010272806;147498
3010293215;147499
3010313624;147500
3010334033;147501
3010354442;147502
3010374851;147503
3010395260;147504
3010415669;147505
3010436078;147506
3010456487;147507
3010476896;147508
3010497304;147509
3010517714;147510
3010538123;147511
3010558532;147512
3010578941;147513
3010599350;147514
3010619759;147515
3010640168;147516
3010660577;147517
3010680986;147518
3010701395;147519
3010721804;147520
3010742213;147521
3010762621;147522
3010783031;147523
3010803440;147524
3010823849;147525
3010844258;147526
3010864667;147527
3010885076;147528
3010905485;147529
3010925894;147530
3010946303;147531
3010966712;147532
3010987124;147533
3011007530;147534
3011027939;147535
3011048348;147536
3011068757;147537
3011089166;147538
3011109575;147539
3011129983;147540
3011150393;147541
3011170806;147542
3011191211;147543
3011211620;147544
3011232033;147545
3011252438;147546
3011272847;147547
3011293256;147548
3011313665;147549
3011334074;147550
3011354483;147551
3011374892;147552
3011395300;147553
3011415710;147554
3011436119;147555
3011456528;147556
3011476941;147557
3011497346;147558
3011517755;147559
3011538164;147560
3011558573;147561
3011578982;147562
3011599391;147563
3011619800;147564
3011640209;147565
3011660618;147566
3011681027;147567
3011701436;147568
3011721845;147569
3011742254;147570
3011762663;147571
3011783072;147572
3011803481;147573
3011823890;147574
3011844299;147575
3011864708;147576
3011885117;147577
3011905526;147578
3011925935;147579
3011946344;147580
3011966753;147581
3011987162;147582
3012007571;147583
3012027984;147584
3012048389;147585
3012068798;147586
3012089207;147587
3012109616;147588
3012130025;147589
3012150434;147590
3012170843;147591
3012191252;147592
3012211661;147593
3012232070;147594
3012252479;147595
3012272888;147596
3012293297;147597
3012313706;147598
3012334115;147599
3012354524;147600
3012374933;147601
3012395342;147602
3012415751;147603
3012436164;147604
3012456569;147605
3012476978;147606
3012497386;147607
3012517796;147608
3012538205;147609
3012558614;147610
3012579023;147611
3012599432;147612
3012619841;147613
3012640254;147614
3012660662;147615
3012681068;147616
3012701477;147617
3012721886;147618
3012742295;147619
3012762704;147620
3012783113;147621
3012803522;147622
3012823935;147623
3012844340;147624
3012864750;147625
3012885158;147626
3012905567;147627
3012925976;147628
3012946385;147629
3012966794;147630
3012987203;147631
3013007612;147632
3013028021;147633
3013048430;147634
3013068839;147635
3013089252;147636
3013109657;147637
3013130066;147638
3013150475;147639
3013170884;147640
3013191293;147641
3013211702;147642
3013232111;147643
3013252520;147644
3013272929;147645
3013293338;147646
3013313747;147647
3013334156;147648
3013354565;147649
3013374974;147650
3013395383;147651
3013415792;147652
3013436201;147653
3013456610;147654
3013477023;147655
3013497428;147656
3013517837;147657
3013538246;147658
3013558655;147659
3013579064;147660
3013599473;147661
3013619882;147662
3013640291;147663
3013660700;147664
3013681109;147665
3013701518;147666
3013721927;147667
3013742336;147668
3013762745;147669
3013783154;147670
3013803563;147671
3013823972;147672
3013844381;147673
3013864790;147674
3013885199;147675
3013905608;147676
3013926017;147677
3013946426;147678
3013966836;147679
3013987244;147680
3014007653;147681
3014028066;147682
3014048471;147683
3014068880;147684
3014089289;147685
3014109698;147686
3014130107;147687
3014150516;147688
3014170925;147689
3014191334;147690
3014211743;147691
3014232152;147692
3014252561;147693
3014272970;147694
3014293383;147695
3014313788;147696
3014334197;147697
3014354606;147698
3014375015;147699
3014395424;147700
3014415833;147701
3014436243;147702
3014456651;147703
3014477060;147704
3014497469;147705
3014517878;147706
3014538287;147707
3014558696;147708
3014579105;147709
3014599515;147710
3014619923;147711
3014640332;147712
3014660741;147713
3014681150;147714
3014701559;147715
3014721968;147716
3014742377;147717
3014762786;147718
3014783195;147719
3014803605;147720
3014824013;147721
3014844422;147722
3014864834;147723
3014885240;147724
3014905649;147725
3014926058;147726
3014946467;147727
3014966877;147728
3014987285;147729
3015007694;147730
3015028103;147731
3015048512;147732
3015068922;147733
3015089330;147734
3015109739;147735
3015130148;147736
3015150557;147737
3015170966;147738
3015191375;147739
3015211784;147740
3015232194;147741
3015252602;147742
3015273011;147743
3015293420;147744
3015313833;147745
3015334239;147746
3015354647;147747
3015375056;147748
3015395465;147749
3015415874;147750
3015436284;147751
3015456692;147752
3015477101;147753
3015497510;147754
3015517919;147755
3015538328;147756
3015558737;147757
3015579146;147758
3015599556;147759
3015619964;147760
3015640373;147761
3015660782;147762
3015681191;147763
3015701601;147764
3015722009;147765
3015742418;147766
3015762827;147767
3015783236;147768
3015803646;147769
3015824054;147770
3015844463;147771
3015864872;147772
3015885281;147773
3015905690;147774
3015926099;147775
3015946508;147776
3015966918;147777
3015987326;147778
3016007735;147779
3016028144;147780
3016048553;147781
3016068966;147782
3016089375;147783
3016109780;147784
3016130189;147785
3016150598;147786
3016171011;147787
3016191416;147788
3016211829;147789
3016232235;147790
3016252643;147791
3016273052;147792
3016293461;147793
3016313870;147794
3016334280;147795
3016354692;147796
3016375097;147797
3016395506;147798
3016415915;147799
3016436325;147800
3016456733;147801
3016477142;147802
3016497551;147803
3016517960;147804
3016538370;147805
3016558778;147806
3016579187;147807
3016599597;147808
3016620005;147809
3016640415;147810
3016660823;147811
3016681232;147812
3016701642;147813
3016722050;147814
3016742459;147815
3016762868;147816
3016783277;147817
3016803687;147818
3016824095;147819
3016844504;147820
3016864913;147821
3016885322;147822
3016905732;147823
3016926140;147824
3016946549;147825
3016966959;147826
3016987367;147827
3017007777;147828
3017028185;147829
3017048594;147830
3017069004;147831
3017089412;147832
3017109821;147833
3017130230;147834
3017150643;147835
3017171049;147836
3017191457;147837
3017211866;147838
3017232276;147839
3017252684;147840
3017273094;147841
3017293502;147842
3017313911;147843
3017334274;147844
3017354678;147845
3017375087;147846
3017395500;147847
3017415905;147848
3017436314;147849
3017456723;147850
3017477131;147851
3017497541;147852
3017517949;147853
3017538359;147854
3017558767;147855
3017579176;147856
3017599589;147857
3017619994;147858
3017640402;147859
3017660812;147860
3017681220;147861
3017701630;147862
3017722038;147863
3017742447;147864
3017762856;147865
3017783265;147866
3017803674;147867
3017824083;147868
3017844491;147869
3017864901;147870
3017885309;147871
3017905719;147872
3017926127;147873
3017946536;147874
3017966945;147875
3017987354;147876
3018007763;147877
3018028172;147878
3018048580;147879
3018068990;147880
3018089398;147881
3018109807;147882
3018130216;147883
3018150625;147884
3018171034;147885
3018191443;147886
3018211851;147887
3018232265;147888
3018252669;147889
3018273079;147890
3018293487;147891
3018313896;147892
3018334305;147893
3018354714;147894
3018375123;147895
3018395532;147896
3018415940;147897
3018436350;147898
3018456759;147899
3018477171;147900
3018497577;147901
3018517985;147902
3018538395;147903
3018558807;147904
3018579212;147905
3018599621;147906
3018620030;147907
3018640439;147908
3018660848;147909
3018681260;147910
3018701666;147911
3018722074;147912
3018742484;147913
3018762892;147914
3018783301;147915
3018803710;147916
3018824119;147917
3018844527;147918
3018864937;147919
3018885345;147920
3018905755;147921
3018926163;147922
3018946572;147923
3018966981;147924
3018987390;147925
3019007799;147926
3019028208;147927
3019048616;147928
3019069026;147929
3019089434;147930
3019109843;147931
3019130252;147932
3019150661;147933
3019171070;147934
3019191479;147935
3019211887;147936
3019232297;147937
3019252705;147938
3019273115;147939
3019293523;147940
3019313932;147941
3019334341;147942
3019354750;147943
3019375159;147944
3019395568;147945
3019415976;147946
3019436386;147947
3019456794;147948
3019477204;147949
3019497612;147950
3019518025;147951
3019538430;147952
3019558839;147953
3019579247;147954
3019599657;147955
3019620065;147956
3019640474;147957
3019660883;147958
3019681296;147959
3019701702;147960
3019722110;147961
3019742520;147962
3019762928;147963
3019783337;147964
3019803746;147965
3019824155;147966
3019844563;147967
3019864973;147968
3019885381;147969
3019905791;147970
3019926199;147971
3019946608;147972
3019967020;147973
3019987426;147974
3020007835;147975
3020028244;147976
3020048652;147977
3020069062;147978
3020089470;147979
3020109880;147980
3020130288;147981
3020150697;147982
3020171106;147983
3020191515;147984
3020211923;147985
3020232337;147986
3020252741;147987
3020273151;147988
3020293559;147989
3020313968;147990
3020334377;147991
3020354786;147992
3020375195;147993
3020395604;147994
3020416012;147995
3020436422;147996
3020456830;147997
3020477240;147998
3020497648;147999
3020518057;148000
3020538466;148001
3020558875;148002
3020579284;148003
3020599697;148004
3020620101;148005
3020640511;148006
3020660919;148007
3020681328;148008
3020701737;148009
3020722146;148010
3020742555;148011
3020762964;148012
3020783372;148013
3020803782;148014
3020824194;148015
3020844599;148016
3020865008;148017
3020885421;148018
3020905826;148019
3020926235;148020
3020946645;148021
3020967053;148022
3020987462;148023
3021007871;148024
3021028280;148025
3021048688;148026
3021069098;148027
3021089510;148028
3021109916;148029
3021130324;148030
3021150733;148031
3021171142;148032
3021191551;148033
3021211960;148034
3021232369;148035
3021252781;148036
3021273187;148037
3021293595;148038
3021314004;148039
3021334417;148040
3021354822;148041
3021375231;148042
3021395644;148043
3021416048;148044
3021436458;148045
3021456866;148046
3021477276;148047
3021497684;148048
3021518093;148049
3021538502;148050
3021558911;148051
3021579320;148052
3021599729;148053
3021620137;148054
3021640547;148055
3021660955;148056
3021681365;148057
3021701773;148058
3021722182;148059
3021742591;148060
3021763000;148061
3021783408;148062
3021803818;148063
3021824226;148064
3021844636;148065
3021865044;148066
3021885453;148067
3021905862;148068
3021926271;148069
3021946680;148070
3021967089;148071
3021987497;148072
3022007907;148073
3022028315;148074
3022048725;148075
3022069133;148076
3022089542;148077
3022109951;148078
3022130360;148079
3022150768;148080
3022171182;148081
3022191587;148082
3022211996;148083
3022232409;148084
3022252813;148085
3022273223;148086
3022293631;148087
3022314041;148088
3022334449;148089
3022354858;148090
3022375267;148091
3022395676;148092
3022416085;148093
3022436494;148094
3022456902;148095
3022477312;148096
3022497720;148097
3022518129;148098
3022538538;148099
3022558947;148100
3022579356;148101
3022599765;148102
3022620173;148103
3022640583;148104
3022660991;148105
3022681401;148106
3022701809;148107
3022722218;148108
3022742627;148109
3022763036;148110
3022783445;148111
3022803854;148112
3022824262;148113
3022844672;148114
3022865080;148115
3022885489;148116
3022905898;148117
3022926307;148118
3022946720;148119
3022967129;148120
3022987533;148121
3023007943;148122
3023028351;148123
3023048761;148124
3023069169;148125
3023089578;148126
3023109991;148127
3023130396;148128
3023150808;148129
3023171214;148130
3023191622;148131
3023212032;148132
3023232440;148133
3023252849;148134
3023273258;148135
3023293667;148136
3023314080;148137
3023334489;148138
3023354893;148139
3023375303;148140
3023395711;148141
3023416121;148142
3023436529;148143
3023456938;148144
3023477348;148145
3023497756;148146
3023518165;148147
3023538574;148148
3023558983;148149
3023579392;148150
3023599801;148151
3023620209;148152
3023640619;148153
3023661027;148154
3023681441;148155
3023701845;148156
3023722254;148157
3023742667;148158
3023763072;148159
3023783481;148160
3023803890;148161
3023824298;148162
3023844708;148163
3023865116;148164
3023885525;148165
3023905934;148166
3023926343;148167
3023946752;148168
3023967161;148169
3023987570;148170
3024007979;148171
3024028387;148172
3024048797;148173
3024069205;148174
3024089614;148175
3024110023;148176
3024130432;148177
3024150841;148178
3024171250;148179
3024191658;148180
3024212068;148181
3024232476;148182
3024252885;148183
3024273294;148184
3024293703;148185
3024314112;148186
3024334521;148187
3024354933;148188
3024375339;148189
3024395747;148190
3024416157;148191
3024436565;148192
3024456974;148193
3024477383;148194
3024497792;148195
3024518201;148196
3024538610;148197
3024559018;148198
3024579428;148199
3024599836;148200
3024620246;148201
3024640654;148202
3024661063;148203
3024681472;148204
3024701885;148205
3024722291;148206
3024742699;148207
3024763108;148208
3024783517;148209
3024803926;148210
3024824334;148211
3024844744;148212
3024865152;148213
3024885562;148214
3024905970;148215
3024926379;148216
3024946788;148217
3024967197;148218
3024987605;148219
3025008015;148220
3025028423;148221
3025048833;148222
3025069241;148223
3025089650;148224
3025110059;148225
3025130468;148226
3025150877;148227
3025171286;148228
3025191694;148229
3025212104;148230
3025232512;148231
3025252922;148232
3025273330;148233
3025293739;148234
3025314148;148235
3025334557;148236
3025354965;148237
3025375375;148238
3025395783;148239
3025416193;148240
3025436601;148241
3025457010;148242
3025477423;148243
3025497828;148244
3025518237;148245
3025538646;148246
3025559054;148247
3025579464;148248
3025599876;148249
3025620282;148250
3025640690;148251
3025661099;148252
3025681508;148253
3025701917;148254
3025722325;148255
3025742739;148256
3025763143;148257
3025783553;148258
3025803961;148259
3025824370;148260
3025844779;148261
3025865192;148262
3025885597;148263
3025906006;148264
3025926414;148265
3025946824;148266
3025967233;148267
3025987645;148268
3026008051;148269
3026028459;148270
3026048869;148271
3026069277;148272
3026089686;148273
3026110099;148274
3026130504;148275
3026150913;148276
3026171322;148277
3026191730;148278
3026212140;148279
3026232548;148280
3026252958;148281
3026273366;148282
3026293775;148283
3026314184;148284
3026334593;148285
3026355001;148286
3026375411;148287
3026395819;148288
3026416229;148289
3026436637;148290
3026457047;148291
3026477455;148292
3026497864;148293
3026518273;148294
3026538682;148295
3026559090;148296
3026579500;148297
3026599912;148298
3026620318;148299
3026640726;148300
3026661139;148301
3026681544;148302
3026701953;148303
3026722361;148304
3026742771;148305
3026763179;148306
3026783589;148307
3026803997;148308
3026824406;148309
3026844815;148310
3026865224;148311
3026885633;148312
3026906045;148313
3026926450;148314
3026946860;148315
3026967268;148316
3026987678;148317
3027008086;148318
3027028495;148319
3027048904;148320
3027069313;148321
3027089721;148322
3027110131;148323
3027130539;148324
3027150953;148325
3027171357;148326
3027191766;148327
3027212176;148328
3027232584;148329
3027252994;148330
3027273406;148331
3027293811;148332
3027314220;148333
3027334685;148334
3027355094;148335
3027375503;148336
3027395911;148337
3027416321;148338
3027436730;148339
3027457138;148340
3027477548;148341
3027497961;148342
3027518366;148343
3027538775;148344
3027559183;148345
3027579593;148346
3027600006;148347
3027620411;148348
3027640820;148349
3027661229;148350
3027681638;148351
3027702047;148352
3027722456;148353
3027742865;148354
3027763274;148355
3027783683;148356
3027804092;148357
3027824501;148358
3027844910;148359
3027865319;148360
3027885728;148361
3027906137;148362
3027926546;148363
3027946955;148364
3027967364;148365
3027987777;148366
3028008182;148367
3028028591;148368
3028049000;148369
3028069409;148370
3028089819;148371
3028110227;148372
3028130636;148373
3028151045;148374
3028171454;148375
3028191863;148376
3028212272;148377
3028232681;148378
3028253091;148379
3028273499;148380
3028293908;148381
3028314317;148382
3028334726;148383
3028355136;148384
3028375544;148385
3028395953;148386
3028416363;148387
3028436771;148388
3028457180;148389
3028477589;148390
3028498002;148391
3028518408;148392
3028538816;148393
3028559225;148394
3028579635;148395
3028600043;148396
3028620453;148397
3028640861;148398
3028661270;148399
3028681680;148400
3028702088;148401
3028722498;148402
3028742907;148403
3028763315;148404
3028783725;148405
3028804133;148406
3028824542;148407
3028844952;148408
3028865360;148409
3028885770;148410
3028906178;148411
3028926587;148412
3028947001;148413
3028967405;148414
3028987818;148415
3029008224;148416
3029028632;148417
3029049042;148418
3029069454;148419
3029089859;148420
3029110269;148421
3029130677;148422
3029151087;148423
3029171496;148424
3029191905;148425
3029212318;148426
3029232722;148427
3029253132;148428
3029273541;148429
3029293949;148430
3029314359;148431
3029334768;148432
3029355177;148433
3029375586;148434
3029395994;148435
3029416404;148436
3029436813;148437
3029457225;148438
3029477631;148439
3029498040;148440
3029518449;148441
3029538858;148442
3029559267;148443
3029579676;148444
3029600085;148445
3029620494;148446
3029640903;148447
3029661312;148448
3029681721;148449
3029702130;148450
3029722539;148451
3029742948;148452
3029763361;148453
3029783766;148454
3029804179;148455
3029824584;148456
3029844993;148457
3029865402;148458
3029885811;148459
3029906220;148460
3029926629;148461
3029947038;148462
3029967447;148463
3029987856;148464
3030008265;148465
3030028674;148466
3030049083;148467
3030069492;148468
3030089905;148469
3030110310;148470
3030130719;148471
3030151128;148472
3030171537;148473
3030191947;148474
3030212355;148475
3030232764;148476
3030253174;148477
3030273582;148478
3030293992;148479
3030314400;148480
3030334809;148481
3030355219;148482
3030375627;148483
3030396040;148484
3030416450;148485
3030436854;148486
3030457264;148487
3030477672;148488
3030498081;148489
3030518491;148490
3030538899;148491
3030559309;148492
3030579718;148493
3030600126;148494
3030620536;148495
3030640944;148496
3030661353;148497
3030681763;148498
3030702171;148499
3030722581;148500
3030742990;148501
3030763398;148502
3030783808;148503
3030804216;148504
3030824626;148505
3030845035;148506
3030865443;148507
3030885853;148508
3030906261;148509
3030926671;148510
3030947080;148511
3030967492;148512
3030987898;148513
3031008307;148514
3031028715;148515
3031049125;148516
3031069533;148517
3031089947;148518
3031110352;148519
3031130760;148520
3031151170;148521
3031171579;148522
3031191988;148523
3031212397;148524
3031232805;148525
3031253215;148526
3031273624;148527
3031294033;148528
3031314442;148529
3031334851;148530
3031355260;148531
3031375669;148532
3031396077;148533
3031416487;148534
3031436896;148535
3031457305;148536
3031477714;148537
3031498127;148538
3031518532;148539
3031538941;148540
3031559349;148541
3031579759;148542
3031600168;148543
3031620577;148544
3031640986;148545
3031661395;148546
3031681808;148547
3031702213;148548
3031722622;148549
3031743031;148550
3031763440;148551
3031783849;148552
3031804258;148553
3031824668;148554
3031845076;148555
3031865485;148556
3031885894;148557
3031906303;148558
3031926713;148559
3031947121;148560
3031967530;148561
3031987939;148562
3032008348;148563
3032028757;148564
3032049166;148565
3032069575;148566
3032089985;148567
3032110393;148568
3032130802;148569
3032151211;148570
3032171620;148571
3032192030;148572
3032212438;148573
3032232847;148574
3032253261;148575
3032273665;148576
3032294075;148577
3032314483;148578
3032334892;148579
3032355302;148580
3032375710;148581
3032396119;148582
3032416529;148583
3032436937;148584
3032457347;148585
3032477755;148586
3032498164;148587
3032518574;148588
3032538982;148589
3032559392;148590
3032579801;148591
3032600209;148592
3032620619;148593
3032641027;148594
3032661437;148595
3032681846;148596
3032702254;148597
3032722664;148598
3032743073;148599
3032763481;148600
3032783891;148601
3032804303;148602
3032824709;148603
3032845118;148604
3032865526;148605
3032885936;148606
3032906344;148607
3032926754;148608
3032947163;148609
3032967571;148610
3032987981;148611
3033008390;148612
3033028799;148613
3033049208;148614
3033069616;148615
3033090026;148616
3033110435;148617
3033130843;148618
3033151253;148619
3033171662;148620
3033192071;148621
3033212484;148622
3033232888;148623
3033253298;148624
3033273707;148625
3033294116;148626
3033314529;148627
3033334938;148628
3033355343;148629
3033375752;148630
3033396164;148631
3033416570;148632
3033436979;148633
3033457388;148634
3033477797;148635
3033498206;148636
3033518615;148637
3033539024;148638
3033559433;148639
3033579842;148640
3033600251;148641
3033620660;148642
3033641069;148643
3033661479;148644
3033681887;148645
3033702296;148646
3033722705;148647
3033743114;148648
3033763524;148649
3033783932;148650
3033804341;148651
3033824751;148652
3033845159;148653
3033865568;148654
3033885977;148655
3033906386;148656
3033926796;148657
3033947204;148658
3033967613;148659
3033988026;148660
3034008431;148661
3034028841;148662
3034049249;148663
3034069658;148664
3034090068;148665
3034110476;148666
3034130886;148667
3034151294;148668
3034171703;148669
3034192113;148670
3034212521;148671
3034232931;148672
3034253344;148673
3034273748;148674
3034294158;148675
3034314566;148676
3034334976;148677
3034355385;148678
3034375793;148679
3034396203;148680
3034416612;148681
3034437024;148682
3034457430;148683
3034477838;148684
3034498247;148685
3034518657;148686
3034539065;148687
3034559475;148688
3034579884;148689
3034600293;148690
3034620702;148691
3034641110;148692
3034661520;148693
3034681929;148694
3034702337;148695
3034722751;148696
3034743156;148697
3034763565;148698
3034783974;148699
3034804382;148700
3034824792;148701
3034845201;148702
3034865614;148703
3034886023;148704
3034906431;148705
3034926837;148706
3034947246;148707
3034967655;148708
3034988064;148709
3035008473;148710
3035028882;148711
3035049291;148712
3035069699;148713
3035090109;148714
3035110518;148715
3035130927;148716
3035151336;148717
3035171745;148718
3035192154;148719
3035212563;148720
3035232972;148721
3035253381;148722
3035273790;148723
3035294199;148724
3035314608;148725
3035335018;148726
3035355426;148727
3035375835;148728
3035396244;148729
3035416653;148730
3035437062;148731
3035457471;148732
3035477880;148733
3035498290;148734
3035518698;148735
3035539107;148736
3035559516;148737
3035579925;148738
3035600335;148739
3035620743;148740
3035641152;148741
3035661562;148742
3035681970;148743
3035702380;148744
3035722788;148745
3035743197;148746
3035763611;148747
3035784015;148748
3035804424;148749
3035824834;148750
3035845242;148751
3035865652;148752
3035886060;148753
3035906469;148754
3035926879;148755
3035947287;148756
3035967701;148757
3035988105;148758
3036008514;148759
3036028924;148760
3036049332;148761
3036069742;148762
3036090151;148763
3036110559;148764
3036130969;148765
3036151377;148766
3036171787;148767
3036192196;148768
3036212604;148769
3036233014;148770
3036253427;148771
3036273831;148772
3036294241;148773
3036314653;148774
3036335059;148775
3036355468;148776
3036375876;148777
3036396286;148778
3036416695;148779
3036437104;148780
3036457513;148781
3036477921;148782
3036498331;148783
3036518740;148784
3036539148;148785
3036559558;148786
3036579967;148787
3036600376;148788
3036620785;148789
3036641193;148790
3036661603;148791
3036682012;148792
3036702421;148793
3036722830;148794
3036743239;148795
3036763648;148796
3036784057;148797
3036804466;148798
3036824875;148799
3036845284;148800
3036865693;148801
3036886102;148802
3036906514;148803
3036926920;148804
3036947329;148805
3036967738;148806
3036988147;148807
3037008556;148808
3037028965;148809
3037049374;148810
3037069783;148811
3037090192;148812
3037110601;148813
3037131010;148814
3037151419;148815
3037171829;148816
3037192237;148817
3037212646;148818
3037233055;148819
3037253464;148820
3037273873;148821
3037294282;148822
3037314691;148823
3037335107;148824
3037355515;148825
3037375924;148826
3037396333;148827
3037416742;148828
3037437152;148829
3037457564;148830
3037477973;148831
3037498379;148832
3037518787;148833
3037539197;148834
3037559606;148835
3037580014;148836
3037600424;148837
3037620832;148838
3037641242;148839
3037661651;148840
3037682059;148841
3037702469;148842
3037722878;148843
3037743286;148844
3037763696;148845
3037784105;148846
3037804514;148847
3037824923;148848
3037845331;148849
3037865741;148850
3037886150;148851
3037906559;148852
3037926968;148853
3037947377;148854
3037967786;148855
3037988195;148856
3038008605;148857
3038029013;148858
3038049426;148859
3038069831;148860
3038090240;148861
3038110650;148862
3038131058;148863
3038151467;148864
3038171877;148865
3038192285;148866
3038212698;148867
3038233103;148868
3038253512;148869
3038273926;148870
3038294330;148871
3038314739;148872
3038335149;148873
3038355557;148874
3038375967;148875
3038396376;148876
3038416784;148877
3038437194;148878
3038457602;148879
3038478012;148880
3038498421;148881
3038518829;148882
3038539239;148883
3038559648;148884
3038580056;148885
3038600466;148886
3038620875;148887
3038641284;148888
3038661693;148889
3038682101;148890
3038702511;148891
3038722920;148892
3038743329;148893
3038763738;148894
3038784147;148895
3038804556;148896
3038824965;148897
3038845374;148898
3038865783;148899
3038886192;148900
3038906601;148901
3038927010;148902
3038947419;148903
3038967828;148904
3038988237;148905
3039008651;148906
3039029055;148907
3039049464;148908
3039069874;148909
3039090282;148910
3039110692;148911
3039131100;148912
3039151509;148913
3039171919;148914
3039192327;148915
3039212737;148916
3039233146;148917
3039253554;148918
3039273964;148919
3039294372;148920
3039314782;148921
3039335191;148922
3039355599;148923
3039376009;148924
3039396418;148925
3039416826;148926
3039437236;148927
3039457645;148928
3039478053;148929
3039498463;148930
3039518871;148931
3039539281;148932
3039559694;148933
3039580102;148934
3039600508;148935
3039620917;148936
3039641326;148937
3039661735;148938
3039682144;148939
3039702553;148940
3039722962;148941
3039743371;148942
3039763780;148943
3039784189;148944
3039804598;148945
3039825011;148946
3039845417;148947
3039865825;148948
3039886234;148949
3039906644;148950
3039927052;148951
3039947461;148952
3039967870;148953
3039988279;148954
3040008689;148955
3040029097;148956
3040049506;148957
3040069916;148958
3040090324;148959
3040110734;148960
3040131143;148961
3040151551;148962
3040171961;148963
3040192369;148964
3040212779;148965
3040233188;148966
3040253596;148967
3040274006;148968
3040294415;148969
3040314823;148970
3040335233;148971
3040355641;148972
3040376051;148973
3040396460;148974
3040416868;148975
3040437278;148976
3040457691;148977
3040478096;148978
3040498505;148979
3040518914;148980
3040539323;148981
3040559736;148982
3040580141;148983
3040600550;148984
3040620959;148985
3040641368;148986
3040661781;148987
3040682186;148988
3040702595;148989
3040723008;148990
3040743414;148991
3040763822;148992
3040784231;148993
3040804640;148994
3040825049;148995
3040845459;148996
3040865867;148997
3040886276;148998
3040906686;148999
3040927098;149000
3040947504;149001
3040967913;149002
3040988321;149003
3041008731;149004
3041029139;149005
3041049549;149006
3041069958;149007
3041090366;149008
3041110776;149009
3041131185;149010
3041151593;149011
3041172007;149012
3041192416;149013
3041212821;149014
3041233230;149015
3041253638;149016
3041274048;149017
3041294457;149018
3041314869;149019
3041335275;149020
3041355684;149021
3041376093;149022
3041396502;149023
3041416912;149024
3041437320;149025
3041457729;149026
3041478138;149027
3041498547;149028
3041518956;149029
3041539365;149030
3041559774;149031
3041580184;149032
3041600592;149033
3041621001;149034
3041641410;149035
3041661823;149036
3041682229;149037
3041702637;149038
3041723046;149039
3041743460;149040
3041763864;149041
3041784273;149042
3041804683;149043
3041825095;149044
3041845501;149045
3041865909;149046
3041886318;149047
3041906728;149048
3041927136;149049
3041947546;149050
3041967955;149051
3041988363;149052
3042008773;149053
3042029182;149054
3042049591;149055
3042070000;149056
3042090408;149057
3042110818;149058
3042131227;149059
3042151635;149060
3042172045;149061
3042192458;149062
3042212863;149063
3042233272;149064
3042253681;149065
3042274090;149066
3042294499;149067
3042314908;149068
3042335317;149069
3042355726;149070
3042376135;149071
3042396544;149072
3042416953;149073
3042437362;149074
3042457771;149075
3042478181;149076
3042498589;149077
3042518998;149078
3042539407;149079
3042559816;149080
3042580226;149081
3042600634;149082
3042621043;149083
3042641453;149084
3042661865;149085
3042682271;149086
3042702679;149087
3042723088;149088
3042743498;149089
3042763906;149090
3042784316;149091
3042804725;149092
3042825137;149093
3042845543;149094
3042865952;149095
3042886360;149096
3042906770;149097
3042927178;149098
3042947588;149099
3042967997;149100
3042988405;149101
3043008815;149102
3043029224;149103
3043049636;149104
3043070042;149105
3043090451;149106
3043110860;149107
3043131269;149108
3043151677;149109
3043172087;149110
3043192496;149111
3043212905;149112
3043233314;149113
3043253723;149114
3043274132;149115
3043294541;149116
3043314951;149117
3043335359;149118
3043355768;149119
3043376177;149120
3043396586;149121
3043416999;149122
3043437404;149123
3043457813;149124
3043478223;149125
3043498631;149126
3043519040;149127
3043539450;149128
3043559858;149129
3043580268;149130
3043600676;149131
3043621085;149132
3043641495;149133
3043661903;149134
3043682313;149135
3043702722;149136
3043723130;149137
3043743540;149138
3043763948;149139
3043784358;149140
3043804767;149141
3043825175;149142
3043845585;149143
3043865994;149144
3043886402;149145
3043906812;149146
3043927221;149147
3043947630;149148
3043968039;149149
3043988447;149150
3044008857;149151
3044029270;149152
3044049675;149153
3044070084;149154
3044090493;149155
3044110902;149156
3044131311;149157
3044151720;149158
3044172129;149159
3044192538;149160
3044212947;149161
3044233356;149162
3044253765;149163
3044274174;149164
3044294587;149165
3044314993;149166
3044335401;149167
3044355814;149168
3044376220;149169
3044396628;149170
3044417038;149171
3044437446;149172
3044457855;149173
3044478265;149174
3044498673;149175
3044519083;149176
3044539492;149177
3044559900;149178
3044580310;149179
3044600723;149180
3044621127;149181
3044641537;149182
3044661945;149183
3044682359;149184
3044702764;149185
3044723172;149186
3044743582;149187
3044763991;149188
3044784400;149189
3044804809;149190
3044825217;149191
3044845627;149192
3044866036;149193
3044886445;149194
3044906854;149195
3044927263;149196
3044947672;149197
3044968081;149198
3044988490;149199
3045008899;149200
3045029308;149201
3045049717;149202
3045070126;149203
3045090535;149204
3045110944;149205
3045131353;149206
3045151763;149207
3045172171;149208
3045192580;149209
3045212990;149210
3045233402;149211
3045253808;149212
3045274216;149213
3045294625;149214
3045315035;149215
3045335443;149216
3045355853;149217
3045376262;149218
3045396674;149219
3045417080;149220
3045437493;149221
3045457897;149222
3045478307;149223
3045498715;149224
3045519125;149225
3045539534;149226
3045559942;149227
3045580352;149228
3045600761;149229
3045621170;149230
3045641583;149231
3045661988;149232
3045682397;149233
3045702806;149234
3045723214;149235
3045743624;149236
3045764033;149237
3045784442;149238
3045804851;149239
3045825260;149240
3045845669;149241
3045866078;149242
3045886491;149243
3045906896;149244
3045927305;149245
3045947714;149246
3045968123;149247
3045988533;149248
3046008941;149249
3046029350;149250
3046049764;149251
3046070168;149252
3046090577;149253
3046110986;149254
3046131395;149255
3046151805;149256
3046172213;149257
3046192622;149258
3046213032;149259
3046233444;149260
3046253850;149261
3046274259;149262
3046294667;149263
3046315077;149264
3046335485;149265
3046355895;149266
3046376304;149267
3046396712;149268
3046417122;149269
3046437531;149270
3046457940;149271
3046478349;149272
3046498758;149273
3046519167;149274
3046539576;149275
3046559984;149276
3046580394;149277
3046600803;149278
3046621212;149279
3046641621;149280
3046662030;149281
3046682439;149282
3046702848;149283
3046723258;149284
3046743666;149285
3046764075;149286
3046784488;149287
3046804893;149288
3046825302;149289
3046845711;149290
3046866120;149291
3046886530;149292
3046906938;149293
3046927347;149294
3046947757;149295
3046968165;149296
3046988575;149297
3047008987;149298
3047029392;149299
3047049802;149300
3047070210;149301
3047090620;149302
3047111029;149303
3047131437;149304
3047151847;149305
3047172255;149306
3047192665;149307
3047213074;149308
3047233482;149309
3047253892;149310
3047274301;149311
3047294709;149312
3047315119;149313
3047335463;149314
3047355872;149315
3047376281;149316
3047396689;149317
3047417103;149318
3047437507;149319
3047457916;149320
3047478329;149321
3047498734;149322
3047519143;149323
3047539552;149324
3047559960;149325
3047580374;149326
3047600778;149327
3047621188;149328
3047641596;149329
3047662005;149330
3047682414;149331
3047702823;149332
3047723232;149333
3047743641;149334
3047764049;149335
3047784459;149336
3047804867;149337
3047825280;149338
3047845685;149339
3047866094;149340
3047886503;149341
3047906912;149342
3047927320;149343
3047947730;149344
3047968138;149345
3047988548;149346
3048008956;149347
3048029365;149348
3048049774;149349
3048070183;149350
3048090592;149351
3048111001;149352
3048131409;149353
3048151819;149354
3048172231;149355
3048192636;149356
3048213045;149357
3048233454;149358
3048253863;149359
3048274272;149360
3048294681;149361
3048315090;149362
3048335498;149363
3048355908;149364
3048376316;149365
3048396725;149366
3048417138;149367
3048437543;149368
3048457952;149369
3048478361;149370
3048498769;149371
3048519179;149372
3048539587;149373
3048559996;149374
3048580405;149375
3048600814;149376
3048621223;149377
3048641632;149378
3048662040;149379
3048682450;149380
3048702858;149381
3048723268;149382
3048743676;149383
3048764085;149384
3048784494;149385
3048804903;149386
3048825312;149387
3048845721;149388
3048866129;149389
3048886539;149390
3048906947;149391
3048927357;149392
3048947769;149393
3048968178;149394
3048988583;149395
3049008992;149396
3049029400;149397
3049049810;149398
3049070218;149399
3049090628;149400
3049111036;149401
3049131445;149402
3049151854;149403
3049172263;149404
3049192672;149405
3049213081;149406
3049233489;149407
3049253899;149408
3049274307;149409
3049294717;149410
3049315125;149411
3049335538;149412
3049355943;149413
3049376352;149414
3049396760;149415
3049417170;149416
3049437578;149417
3049457988;149418
3049478396;149419
3049498805;149420
3049519214;149421
3049539623;149422
3049560032;149423
3049580441;149424
3049600849;149425
