3007014942;147335
3007035351;147336
3007055761;147337
3007076169;147338
3007096579;147339
3007116988;147340
3007137398;147341
3007157807;147342
3007178217;147343
3007198625;147344
3007219035;147345
3007239444;147346
3007259854;147347
3007280263;147348
3007300673;147349
3007321082;147350
3007341541;147351
3007361950;147352
3007382360;147353
3007402770;147354
3007423179;147355
3007443589;147356
3007463998;147357
3007484411;147358
3007504817;147359
3007525230;147360
3007545636;147361
3007566046;147362
3007586459;147363
3007606869;147364
3007627274;147365
3007647683;147366
3007668093;147367
3007688502;147368
3007708912;147369
3007729321;147370
3007749731;147371
3007770140;147372
3007790549;147373
3007810959;147374
3007831369;147375
3007851778;147376
3007872188;147377
3007892597;147378
3007913006;147379
3007933416;147380
3007953825;147381
3007974235;147382
3007994644;147383
3008015058;147384
3008035464;147385
3008055872;147386
3008076286;147387
3008096691;147388
3008117101;147389
3008137511;147390
3008157920;147391
3008178330;147392
3008198743;147393
3008219148;147394
3008239558;147395
3008259967;147396
3008280377;147397
3008300787;147398
3008321195;147399
3008341605;147400
3008362014;147401
3008382424;147402
3008402834;147403
3008423243;147404
3008443653;147405
3008464062;147406
3008484471;147407
3008504885;147408
3008525290;147409
3008545700;147410
3008566110;147411
3008586519;147412
3008606928;147413
3008627337;147414
3008647747;147415
3008668157;147416
3008688566;147417
3008708980;147418
3008729389;147419
3008749794;147420
3008770204;147421
3008790613;147422
3008811023;147423
3008831433;147424
3008851846;147425
3008872252;147426
3008892660;147427
3008913070;147428
3008933480;147429
3008953889;147430
3008974299;147431
3008994712;147432
3009015118;147433
3009035531;147434
3009055936;147435
3009076346;147436
3009096755;147437
3009117165;147438
3009137575;147439
3009157984;147440
3009178393;147441
3009198807;147442
3009219212;147443
3009239622;147444
3009260031;147445
3009280445;147446
3009300851;147447
3009321259;147448
3009341669;147449
3009362078;147450
3009382492;147451
3009402898;147452
3009423307;147453
3009443716;147454
3009464125;147455
3009484535;147456
3009504945;147457
3009525354;147458
3009545764;147459
3009566174;147460
3009586586;147461
3009606992;147462
3009627401;147463
3009647811;147464
3009668221;147465
3009688634;147466
3009709044;147467
3009729448;147468
3009749858;147469
3009770268;147470
3009790677;147471
3009811091;147472
3009831497;147473
3009851906;147474
3009872315;147475
3009892724;147476
3009913134;147477
3009933544;147478
3009953953;147479
3009974363;147480
3009994772;147481
3010015181;147482
3010035591;147483
3010056000;147484
3010076410;147485
3010096819;147486
3010117229;147487
3010137639;147488
3010158047;147489
3010178457;147490
3010198867;147491
3010219276;147492
3010239686;147493
3010260095;147494
3010280505;147495
3010300914;147496
3010321327;147497
3010341733;147498
3010362142;147499
3010382556;147500
3010402962;147501
3010423371;147502
3010443784;147503
3010464189;147504
3010484599;147505
3010505013;147506
3010525418;147507
3010545832;147508
3010566238;147509
3010586646;147510
3010607056;147511
3010627465;147512
3010647875;147513
3010668285;147514
3010688694;147515
3010709104;147516
3010729512;147517
3010749922;147518
3010770336;147519
3010790741;147520
3010811151;147521
3010831565;147522
3010851969;147523
3010872379;147524
3010892788;147525
3010913198;147526
3010933608;147527
3010954017;147528
3010974427;147529
3010994836;147530
3011015245;147531
3011035655;147532
3011056064;147533
3011076474;147534
3011096883;147535
3011117293;147536
3011137702;147537
3011158111;147538
3011178521;147539
3011198935;147540
3011219344;147541
3011239750;147542
3011260162;147543
3011280568;147544
3011300978;147545
3011321387;147546
3011341797;147547
3011362206;147548
3011382616;147549
3011403026;147550
3011423438;147551
3011443844;147552
3011464253;147553
3011484663;147554
3011505073;147555
3011525482;147556
3011545892;147557
3011566301;147558
3011586710;147559
3011607120;147560
3011627529;147561
3011647939;147562
3011668349;147563
3011688758;147564
3011709171;147565
3011729580;147566
3011749986;147567
3011770396;147568
3011790805;147569
3011811215;147570
3011831625;147571
3011852033;147572
3011872443;147573
3011892852;147574
3011913262;147575
3011933672;147576
3011954081;147577
3011974491;147578
3011994899;147579
3012015309;147580
3012035719;147581
3012056128;147582
3012076538;147583
3012096947;147584
3012117360;147585
3012137766;147586
3012158175;147587
3012178585;147588
3012198995;147589
3012219404;147590
3012239818;147591
3012260223;147592
3012280636;147593
3012301042;147594
3012321451;147595
3012341865;147596
3012362270;147597
3012382680;147598
3012403093;147599
3012423498;147600
3012443908;147601
3012464317;147602
3012484727;147603
3012505137;147604
3012525546;147605
3012545955;147606
3012566365;147607
3012586774;147608
3012607184;147609
3012627593;147610
3012648003;147611
3012668413;147612
3012688821;147613
3012709231;147614
3012729640;147615
3012750050;147616
3012770460;147617
3012790869;147618
3012811279;147619
3012831688;147620
3012852097;147621
3012872507;147622
3012892916;147623
3012913326;147624
3012933736;147625
3012954145;147626
3012974558;147627
3012994963;147628
3013015373;147629
3013035783;147630
3013056192;147631
3013076602;147632
3013097011;147633
3013117420;147634
3013137830;147635
3013158239;147636
3013178649;147637
3013199059;147638
3013219471;147639
3013239877;147640
3013260286;147641
3013280696;147642
3013301106;147643
3013321515;147644
3013341925;147645
3013362334;147646
3013382747;147647
3013403153;147648
3013423562;147649
3013443972;147650
3013464381;147651
3013484791;147652
3013505201;147653
3013525609;147654
3013546019;147655
3013566429;147656
3013586838;147657
3013607248;147658
3013627657;147659
3013648067;147660
3013668476;147661
3013688885;147662
3013709295;147663
3013729704;147664
3013750114;147665
3013770524;147666
3013790937;147667
3013811342;147668
3013831756;147669
3013852161;147670
3013872571;147671
3013892984;147672
3013913390;147673
3013933800;147674
3013954208;147675
3013974618;147676
3013995027;147677
3014015437;147678
3014035847;147679
3014056256;147680
3014076669;147681
3014097078;147682
3014117484;147683
3014137894;147684
3014158303;147685
3014178713;147686
3014199123;147687
3014219535;147688
3014239941;147689
3014260350;147690
3014280764;147691
3014301170;147692
3014321579;147693
3014341989;147694
3014362398;147695
3014382807;147696
3014403217;147697
3014423626;147698
3014444036;147699
3014464445;147700
3014484855;147701
3014505265;147702
3014525673;147703
3014546083;147704
3014566493;147705
3014586902;147706
3014607312;147707
3014627725;147708
3014648131;147709
3014668540;147710
3014688953;147711
3014709359;147712
3014729768;147713
3014750178;147714
3014770588;147715
3014790997;147716
3014811406;147717
3014831816;147718
3014852225;147719
3014872635;147720
3014893044;147721
3014913454;147722
3014933863;147723
3014954272;147724
3014974682;147725
3014995091;147726
3015015505;147727
3015035911;147728
3015056320;147729
3015076729;147730
3015097138;147731
3015117548;147732
3015137958;147733
3015158367;147734
3015178777;147735
3015199187;147736
3015219596;147737
3015240005;147738
3015260414;147739
3015280824;147740
3015301234;147741
3015321643;147742
3015342053;147743
3015362461;147744
3015382871;147745
3015403281;147746
3015423690;147747
3015444100;147748
3015464509;147749
3015484919;147750
3015505328;147751
3015525737;147752
3015546147;147753
3015566557;147754
3015586966;147755
3015607376;147756
3015627785;147757
3015648194;147758
3015668604;147759
3015689013;147760
3015709423;147761
3015729832;147762
3015750242;147763
3015770652;147764
3015791060;147765
3015811474;147766
3015831880;147767
3015852293;147768
3015872699;147769
3015893112;147770
3015913518;147771
3015933927;147772
3015954336;147773
3015974746;147774
3015995155;147775
3016015565;147776
3016035975;147777
3016056384;147778
3016076793;147779
3016097202;147780
3016117612;147781
3016138022;147782
3016158431;147783
3016178841;147784
3016199251;147785
3016219663;147786
3016240069;147787
3016260478;147788
3016280888;147789
3016301298;147790
3016321707;147791
3016342117;147792
3016362525;147793
3016382935;147794
3016403345;147795
3016423754;147796
3016444164;147797
3016464573;147798
3016484983;147799
3016505392;147800
3016525801;147801
3016546211;147802
3016566621;147803
3016587030;147804
3016607440;147805
3016627849;147806
3016648258;147807
3016668668;147808
3016689077;147809
3016709491;147810
3016729896;147811
3016750306;147812
3016770715;147813
3016791124;147814
3016811534;147815
3016831944;147816
3016852353;147817
3016872763;147818
3016893175;147819
3016913582;147820
3016933991;147821
3016954400;147822
3016974810;147823
3016995219;147824
3017015633;147825
3017036042;147826
3017056451;147827
3017076861;147828
3017097266;147829
3017117676;147830
3017138086;147831
3017158495;147832
3017178905;147833
3017199314;147834
3017219723;147835
3017240133;147836
3017260542;147837
3017280952;147838
3017301366;147839
3017321771;147840
3017342129;147841
3017362538;147842
3017382948;147843
3017403357;147844
3017423767;147845
3017444180;147846
3017464586;147847
3017484998;147848
3017505404;147849
3017525813;147850
3017546223;147851
3017566632;147852
3017587042;147853
3017607451;147854
3017627860;147855
3017648269;147856
3017668679;147857
3017689088;147858
3017709498;147859
3017729907;147860
3017750317;147861
3017770725;147862
3017791139;147863
3017811544;147864
3017831954;147865
3017852363;147866
3017872773;147867
3017893182;147868
3017913591;147869
3017934000;147870
3017954410;147871
3017974824;147872
3017995229;147873
3018015639;147874
3018036048;147875
3018056457;147876
3018076870;147877
3018097280;147878
3018117685;147879
3018138095;147880
3018158504;147881
3018178917;147882
3018199322;147883
3018219732;147884
3018240141;147885
3018260551;147886
3018280960;147887
3018301370;147888
3018321778;147889
3018342188;147890
3018362597;147891
3018383007;147892
3018403416;147893
3018423830;147894
3018444235;147895
3018464648;147896
3018485053;147897
3018505463;147898
3018525872;147899
3018546286;147900
3018566691;147901
3018587101;147902
3018607509;147903
3018627923;147904
3018648328;147905
3018668738;147906
3018689147;147907
3018709557;147908
3018729966;147909
3018750375;147910
3018770788;147911
3018791194;147912
3018811607;147913
3018832013;147914
3018852422;147915
3018872832;147916
3018893240;147917
3018913650;147918
3018934059;147919
3018954469;147920
3018974878;147921
3018995288;147922
3019015697;147923
3019036106;147924
3019056515;147925
3019076925;147926
3019097334;147927
3019117748;147928
3019138153;147929
3019158562;147930
3019178975;147931
3019199381;147932
3019219791;147933
3019240200;147934
3019260610;147935
3019281019;147936
3019301428;147937
3019321837;147938
3019342247;147939
3019362656;147940
3019383066;147941
3019403475;147942
3019423885;147943
3019444293;147944
3019464703;147945
3019485112;147946
3019505526;147947
3019525931;147948
3019546345;147949
3019566754;147950
3019587159;147951
3019607568;147952
3019627978;147953
3019648387;147954
3019668797;147955
3019689206;147956
3019709616;147957
3019730024;147958
3019750434;147959
3019770847;147960
3019791253;147961
3019811662;147962
3019832072;147963
3019852481;147964
3019872890;147965
3019893299;147966
3019913709;147967
3019934122;147968
3019954528;147969
3019974937;147970
3019995347;147971
3020015755;147972
3020036169;147973
3020056578;147974
3020076988;147975
3020097393;147976
3020117803;147977
3020138212;147978
3020158621;147979
3020179030;147980
3020199440;147981
3020219849;147982
3020240259;147983
3020260668;147984
3020281078;147985
3020301486;147986
3020321896;147987
3020342305;147988
3020362715;147989
3020383124;147990
3020403534;147991
3020423942;147992
3020444352;147993
3020464762;147994
3020485171;147995
3020505581;147996
3020525990;147997
3020546404;147998
3020566808;147999
3020587218;148000
3020607627;148001
3020628037;148002
3020648446;148003
3020668856;148004
3020689268;148005
3020709674;148006
3020730083;148007
3020750493;148008
3020770902;148009
3020791312;148010
3020811721;148011
3020832131;148012
3020852539;148013
3020872949;148014
3020893358;148015
3020913768;148016
3020934181;148017
3020954587;148018
3020974999;148019
3020995405;148020
3021015814;148021
3021036224;148022
3021056633;148023
3021077043;148024
3021097452;148025
3021117866;148026
3021138274;148027
3021158680;148028
3021179089;148029
3021199499;148030
3021219908;148031
3021240318;148032
3021260730;148033
3021281136;148034
3021301545;148035
3021321959;148036
3021342364;148037
3021362774;148038
3021383183;148039
3021403593;148040
3021424005;148041
3021444411;148042
3021464820;148043
3021485230;148044
3021505639;148045
3021526049;148046
3021546458;148047
3021566871;148048
3021587276;148049
3021607686;148050
3021628095;148051
3021648505;148052
3021668918;148053
3021689324;148054
3021709737;148055
3021730142;148056
3021750552;148057
3021770961;148058
3021791371;148059
3021811780;148060
3021832190;148061
3021852598;148062
3021873008;148063
3021893417;148064
3021913827;148065
3021934236;148066
3021954650;148067
3021975058;148068
3021995464;148069
3022015873;148070
3022036283;148071
3022056696;148072
3022077106;148073
3022097511;148074
3022117924;148075
3022138329;148076
3022158739;148077
3022179148;148078
3022199558;148079
3022219967;148080
3022240377;148081
3022260786;148082
3022281195;148083
3022301604;148084
3022322014;148085
3022342423;148086
3022362833;148087
3022383242;148088
3022403655;148089
3022424060;148090
3022444470;148091
3022464879;148092
3022485289;148093
3022505698;148094
3022526112;148095
3022546520;148096
3022566930;148097
3022587335;148098
3022607749;148099
3022628154;148100
3022648564;148101
3022668972;148102
3022689383;148103
3022709795;148104
3022730201;148105
3022750610;148106
3022771020;148107
3022791429;148108
3022811842;148109
3022832247;148110
3022852657;148111
3022873066;148112
3022893476;148113
3022913885;148114
3022934295;148115
3022954705;148116
3022975113;148117
3022995523;148118
3023015932;148119
3023036342;148120
3023056751;148121
3023077161;148122
3023097570;148123
3023117979;148124
3023138388;148125
3023158798;148126
3023179207;148127
3023199617;148128
3023220026;148129
3023240436;148130
3023260844;148131
3023281254;148132
3023301663;148133
3023322073;148134
3023342482;148135
3023362892;148136
3023383300;148137
3023403710;148138
3023424119;148139
3023444529;148140
3023464938;148141
3023485348;148142
3023505757;148143
3023526167;148144
3023546579;148145
3023566985;148146
3023587394;148147
3023607804;148148
3023628213;148149
3023648623;148150
3023669032;148151
3023689441;148152
3023709850;148153
3023730264;148154
3023750669;148155
3023771083;148156
3023791488;148157
3023811901;148158
3023832310;148159
3023852720;148160
3023873129;148161
3023893535;148162
3023913944;148163
3023934354;148164
3023954763;148165
3023975172;148166
3023995581;148167
3024015991;148168
3024036400;148169
3024056814;148170
3024077219;148171
3024097629;148172
3024118037;148173
3024138447;148174
3024158856;148175
3024179266;148176
3024199676;148177
3024220085;148178
3024240494;148179
3024260903;148180
3024281313;148181
3024301722;148182
3024322132;148183
3024342541;148184
3024362951;148185
3024383359;148186
3024403769;148187
3024424178;148188
3024444588;148189
3024464997;148190
3024485411;148191
3024505816;148192
3024526225;148193
3024546634;148194
3024567044;148195
3024587453;148196
3024607863;148197
3024628272;148198
3024648682;148199
3024669090;148200
3024689500;148201
3024709913;148202
3024730323;148203
3024750732;148204
3024771142;148205
3024791550;148206
3024811956;148207
3024832369;148208
3024852779;148209
3024873184;148210
3024893594;148211
3024914003;148212
3024934413;148213
3024954825;148214
3024975235;148215
3024995640;148216
3025016050;148217
3025036463;148218
3025056869;148219
3025077278;148220
3025097687;148221
3025118100;148222
3025138510;148223
3025158915;148224
3025179329;148225
3025199734;148226
3025220147;148227
3025240556;148228
3025260966;148229
3025281375;148230
3025301781;148231
3025322190;148232
3025342600;148233
3025363008;148234
3025383418;148235
3025403827;148236
3025424237;148237
3025444646;148238
3025465056;148239
3025485470;148240
3025505874;148241
3025526284;148242
3025546693;148243
3025567103;148244
3025587512;148245
3025607922;148246
3025628331;148247
3025648740;148248
3025669149;148249
3025689559;148250
3025709968;148251
3025730378;148252
3025750787;148253
3025771200;148254
3025791609;148255
3025812015;148256
3025832424;148257
3025852834;148258
3025873243;148259
3025893653;148260
3025914062;148261
3025934471;148262
3025954884;148263
3025975290;148264
3025995699;148265
3026016109;148266
3026036518;148267
3026056928;148268
3026077340;148269
3026097746;148270
3026118155;148271
3026138565;148272
3026158974;148273
3026179384;148274
3026199796;148275
3026220202;148276
3026240611;148277
3026261021;148278
3026281430;148279
3026301840;148280
3026322249;148281
3026342662;148282
3026363067;148283
3026383481;148284
3026403886;148285
3026424296;148286
3026444705;148287
3026465115;148288
3026485523;148289
3026505933;148290
3026526342;148291
3026546752;148292
3026567161;148293
3026587571;148294
3026607980;148295
3026628389;148296
3026648798;148297
3026669208;148298
3026689617;148299
3026710027;148300
3026730437;148301
3026750849;148302
3026771255;148303
3026791664;148304
3026812074;148305
3026832483;148306
3026852897;148307
3026873302;148308
3026893712;148309
3026914120;148310
3026934534;148311
3026954939;148312
3026975349;148313
3026995758;148314
3027016168;148315
3027036576;148316
3027056986;148317
3027077395;148318
3027097805;148319
3027118214;148320
3027138624;148321
3027159033;148322
3027179442;148323
3027199851;148324
3027220261;148325
3027240670;148326
3027261080;148327
3027281489;148328
3027301903;148329
3027322311;148330
3027342777;148331
3027363182;148332
3027383592;148333
3027404002;148334
3027424411;148335
3027444821;148336
3027465230;148337
3027485639;148338
3027506053;148339
3027526462;148340
3027546872;148341
3027567278;148342
3027587690;148343
3027608100;148344
3027628510;148345
3027648919;148346
3027669325;148347
3027689734;148348
3027710144;148349
3027730554;148350
3027750962;148351
3027771376;148352
3027791786;148353
3027812191;148354
3027832601;148355
3027853014;148356
3027873420;148357
3027893829;148358
3027914238;148359
3027934652;148360
3027955057;148361
3027975467;148362
3027995877;148363
3028016286;148364
3028036695;148365
3028057105;148366
3028077514;148367
3028097924;148368
3028118333;148369
3028138743;148370
3028159153;148371
3028179561;148372
3028199971;148373
3028220381;148374
3028240790;148375
3028261200;148376
3028281609;148377
3028302019;148378
3028322428;148379
3028342837;148380
3028363247;148381
3028383657;148382
3028404066;148383
3028424476;148384
3028444885;148385
3028465295;148386
3028485704;148387
3028506117;148388
3028526523;148389
3028546933;148390
3028567342;148391
3028587755;148392
3028608164;148393
3028628570;148394
3028648980;148395
3028669389;148396
3028689799;148397
3028710213;148398
3028730617;148399
3028751027;148400
3028771436;148401
3028791846;148402
3028812256;148403
3028832665;148404
3028853075;148405
3028873484;148406
3028893897;148407
3028914307;148408
3028934712;148409
3028955122;148410
3028975532;148411
3028995941;148412
3029016354;148413
3029036759;148414
3029057173;148415
3029077579;148416
3029097988;148417
3029118402;148418
3029138808;148419
3029159216;148420
3029179626;148421
3029200039;148422
3029220445;148423
3029240855;148424
3029261264;148425
3029281674;148426
3029302083;148427
3029322492;148428
3029342902;148429
3029363311;148430
3029383721;148431
3029404131;148432
3029424540;148433
3029444949;148434
3029465363;148435
3029485768;148436
3029506182;148437
3029526587;148438
3029546997;148439
3029567407;148440
3029587815;148441
3029608225;148442
3029628635;148443
3029649044;148444
3029669458;148445
3029689863;148446
3029710276;148447
3029730686;148448
3029751091;148449
3029771501;148450
3029791911;148451
3029812324;148452
3029832730;148453
3029853142;148454
3029873552;148455
3029893958;148456
3029914367;148457
3029934777;148458
3029955186;148459
3029975600;148460
3029996005;148461
3030016414;148462
3030036824;148463
3030057234;148464
3030077643;148465
3030098053;148466
3030118462;148467
3030138872;148468
3030159281;148469
3030179690;148470
3030200100;148471
3030220510;148472
3030240919;148473
3030261333;148474
3030281737;148475
3030302147;148476
3030322561;148477
3030342966;148478
3030363376;148479
3030383786;148480
3030404199;148481
3030424604;148482
3030445013;148483
3030465423;148484
3030485833;148485
3030506246;148486
3030526656;148487
3030547062;148488
3030567470;148489
3030587880;148490
3030608289;148491
3030628703;148492
3030649113;148493
3030669518;148494
3030689928;148495
3030710337;148496
3030730746;148497
3030751156;148498
3030771569;148499
3030791975;148500
3030812385;148501
3030832798;148502
3030853207;148503
3030873613;148504
3030894022;148505
3030914436;148506
3030934841;148507
3030955251;148508
3030975661;148509
3030996073;148510
3031016483;148511
3031036888;148512
3031057298;148513
3031077708;148514
3031098117;148515
3031118527;148516
3031138936;148517
3031159345;148518
3031179755;148519
3031200164;148520
3031220574;148521
3031240984;148522
3031261392;148523
3031281802;148524
3031302212;148525
3031322621;148526
3031343031;148527
3031363440;148528
3031383850;148529
3031404259;148530
3031424668;148531
3031445082;148532
3031465488;148533
3031485897;148534
3031506307;148535
3031526716;148536
3031547129;148537
3031567539;148538
3031587948;148539
3031608354;148540
3031628764;148541
3031649173;148542
3031669583;148543
3031689991;148544
3031710401;148545
3031730811;148546
3031751220;148547
3031771630;148548
3031792040;148549
3031812449;148550
3031832858;148551
3031853267;148552
3031873677;148553
3031894087;148554
3031914496;148555
3031934910;148556
3031955314;148557
3031975728;148558
3031996134;148559
3032016543;148560
3032036953;148561
3032057363;148562
3032077772;148563
3032098182;148564
3032118590;148565
3032139000;148566
3032159410;148567
3032179819;148568
3032200229;148569
3032220639;148570
3032241048;148571
3032261457;148572
3032281870;148573
3032302276;148574
3032322686;148575
3032343095;148576
3032363505;148577
3032383918;148578
3032404323;148579
3032424737;148580
3032445146;148581
3032465552;148582
3032485962;148583
3032506375;148584
3032526784;148585
3032547190;148586
3032567603;148587
3032588013;148588
3032608422;148589
3032628828;148590
3032649242;148591
3032669646;148592
3032690056;148593
3032710466;148594
3032730875;148595
3032751285;148596
3032771694;148597
3032792104;148598
3032812513;148599
3032832926;148600
3032853332;148601
3032873746;148602
3032894155;148603
3032914561;148604
3032934973;148605
3032955379;148606
3032975789;148607
3032996198;148608
3033016608;148609
3033037017;148610
3033057427;148611
3033077841;148612
3033098245;148613
3033118655;148614
3033139065;148615
3033159478;148616
3033179884;148617
3033200293;148618
3033220703;148619
3033241112;148620
3033261521;148621
3033281931;148622
3033302341;148623
3033322750;148624
3033343160;148625
3033363568;148626
3033383978;148627
3033404388;148628
3033424797;148629
3033445207;148630
3033465617;148631
3033486026;148632
3033506436;148633
3033526844;148634
3033547254;148635
3033567664;148636
3033588077;148637
3033608483;148638
3033628897;148639
3033649302;148640
3033669715;148641
3033690120;148642
3033710530;148643
3033730940;148644
3033751349;148645
3033771759;148646
3033792168;148647
3033812581;148648
3033832987;148649
3033853396;148650
3033873806;148651
3033894216;148652
3033914625;148653
3033935034;148654
3033955443;148655
3033975853;148656
3033996263;148657
3034016672;148658
3034037082;148659
3034057492;148660
3034077900;148661
3034098310;148662
3034118719;148663
3034139129;148664
3034159543;148665
3034179948;148666
3034200361;148667
3034220767;148668
3034241180;148669
3034261586;148670
3034281995;148671
3034302405;148672
3034322815;148673
3034343224;148674
3034363633;148675
3034384047;148676
3034404456;148677
3034424866;148678
3034445275;148679
3034465681;148680
3034486091;148681
3034506499;148682
3034526913;148683
3034547319;148684
3034567728;148685
3034588138;148686
3034608551;148687
3034628957;148688
3034649366;148689
3034669775;148690
3034690185;148691
3034710595;148692
3034731004;148693
3034751414;148694
3034771822;148695
3034792232;148696
3034812642;148697
3034833051;148698
3034853461;148699
3034873871;148700
3034894280;148701
3034914693;148702
3034935098;148703
3034955508;148704
3034975922;148705
3034996327;148706
3035016737;148707
3035037146;148708
3035057559;148709
3035077965;148710
3035098374;148711
3035118784;148712
3035139198;148713
3035159603;148714
3035180013;148715
3035200421;148716
3035220831;148717
3035241241;148718
3035261650;148719
3035282060;148720
3035302470;148721
3035322879;148722
3035343289;148723
3035363697;148724
3035384111;148725
3035404517;148726
3035424926;148727
3035445336;148728
3035465746;148729
3035486158;148730
3035506564;148731
3035526973;148732
3035547383;148733
3035567797;148734
3035588202;148735
3035608612;148736
3035629021;148737
3035649430;148738
3035669840;148739
3035690249;148740
3035710659;148741
3035731069;148742
3035751478;148743
3035771887;148744
3035792297;148745
3035812706;148746
3035833116;148747
3035853525;148748
3035873935;148749
3035894345;148750
3035914753;148751
3035935163;148752
3035955572;148753
3035975982;148754
3035996392;148755
3036016801;148756
3036037211;148757
3036057620;148758
3036078029;148759
3036098443;148760
3036118848;148761
3036139258;148762
3036159668;148763
3036180077;148764
3036200486;148765
3036220896;148766
3036241305;148767
3036261719;148768
3036282124;148769
3036302538;148770
3036322944;148771
3036343352;148772
3036363762;148773
3036384176;148774
3036404585;148775
3036424991;148776
3036445400;148777
3036465810;148778
3036486223;148779
3036506628;148780
3036527038;148781
3036547452;148782
3036567857;148783
3036588267;148784
3036608676;148785
3036629085;148786
3036649495;148787
3036669904;148788
3036690314;148789
3036710724;148790
3036731133;148791
3036751543;148792
3036771955;148793
3036792361;148794
3036812771;148795
3036833180;148796
3036853590;148797
3036874000;148798
3036894409;148799
3036914818;148800
3036935227;148801
3036955641;148802
3036976051;148803
3036996456;148804
3037016866;148805
3037037274;148806
3037057684;148807
3037078094;148808
3037098503;148809
3037118913;148810
3037139323;148811
3037159732;148812
3037180142;148813
3037200550;148814
3037220964;148815
3037241374;148816
3037261783;148817
3037282189;148818
3037302603;148819
3037323007;148820
3037343423;148821
3037363832;148822
3037384242;148823
3037404656;148824
3037425061;148825
3037445471;148826
3037465881;148827
3037486289;148828
3037506699;148829
3037527109;148830
3037547522;148831
3037567932;148832
3037588341;148833
3037608746;148834
3037629156;148835
3037649565;148836
3037669975;148837
3037690385;148838
3037710798;148839
3037731204;148840
3037751617;148841
3037772022;148842
3037792432;148843
3037812845;148844
3037833251;148845
3037853661;148846
3037874070;148847
3037894479;148848
3037914889;148849
3037935298;148850
3037955708;148851
3037976122;148852
3037996527;148853
3038016937;148854
3038037345;148855
3038057755;148856
3038078165;148857
3038098574;148858
3038118984;148859
3038139394;148860
3038159803;148861
3038180216;148862
3038200621;148863
3038221031;148864
3038241441;148865
3038261850;148866
3038282260;148867
3038302673;148868
3038323082;148869
3038343492;148870
3038363898;148871
3038384311;148872
3038404717;148873
3038425126;148874
3038445536;148875
3038465945;148876
3038486358;148877
3038506768;148878
3038527174;148879
3038547583;148880
3038567997;148881
3038588406;148882
3038608811;148883
3038629221;148884
3038649630;148885
3038670040;148886
3038690454;148887
3038710859;148888
3038731269;148889
3038751678;148890
3038772087;148891
3038792497;148892
3038812911;148893
3038833320;148894
3038853726;148895
3038874135;148896
3038894544;148897
3038914954;148898
3038935367;148899
3038955773;148900
3038976183;148901
3038996596;148902
3039017005;148903
3039037415;148904
3039057820;148905
3039078230;148906
3039098639;148907
3039119049;148908
3039139459;148909
3039159867;148910
3039180277;148911
3039200687;148912
3039221096;148913
3039241510;148914
3039261919;148915
3039282329;148916
3039302734;148917
3039323147;148918
3039343557;148919
3039363967;148920
3039384372;148921
3039404786;148922
3039425192;148923
3039445600;148924
3039466010;148925
3039486419;148926
3039506829;148927
3039527243;148928
3039547648;148929
3039568058;148930
3039588468;148931
3039608876;148932
3039629290;148933
3039649696;148934
3039670105;148935
3039690515;148936
3039710924;148937
3039731337;148938
3039751747;148939
3039772156;148940
3039792562;148941
3039812976;148942
3039833381;148943
3039853791;148944
3039874200;148945
3039894609;148946
3039915019;148947
3039935432;148948
3039955838;148949
3039976248;148950
3039996657;148951
3040017066;148952
3040037476;148953
3040057885;148954
3040078295;148955
3040098705;148956
3040119114;148957
3040139524;148958
3040159932;148959
3040180342;148960
3040200752;148961
3040221165;148962
3040241571;148963
3040261981;148964
3040282390;148965
3040302803;148966
3040323208;148967
3040343618;148968
3040364028;148969
3040384437;148970
3040404847;148971
3040425260;148972
3040445665;148973
3040466075;148974
3040486485;148975
3040506894;148976
3040527308;148977
3040547713;148978
3040568123;148979
3040588536;148980
3040608941;148981
3040629351;148982
3040649761;148983
3040670170;148984
3040690584;148985
3040710990;148986
3040731398;148987
3040751808;148988
3040772217;148989
3040792631;148990
3040813041;148991
3040833446;148992
3040853855;148993
3040874265;148994
3040894674;148995
3040915084;148996
3040935494;148997
3040955903;148998
3040976313;148999
3040996721;149000
3041017131;149001
3041037541;149002
3041057950;149003
3041078360;149004
3041098770;149005
3041119179;149006
3041139588;149007
3041159998;149008
3041180407;149009
3041200817;149010
3041221226;149011
3041241640;149012
3041262046;149013
3041282454;149014
3041302864;149015
3041323274;149016
3041343683;149017
3041364093;149018
3041384502;149019
3041404912;149020
3041425321;149021
3041445730;149022
3041466140;149023
3041486550;149024
3041506959;149025
3041527369;149026
3041547782;149027
3041568187;149028
3041588597;149029
3041609006;149030
3041629420;149031
3041649826;149032
3041670235;149033
3041690645;149034
3041711058;149035
3041731463;149036
3041751873;149037
3041772283;149038
3041792692;149039
3041813102;149040
3041833514;149041
3041853920;149042
3041874330;149043
3041894739;149044
3041915149;149045
3041935563;149046
3041955968;149047
3041976377;149048
3041996787;149049
3042017196;149050
3042037606;149051
3042058019;149052
3042078425;149053
3042098838;149054
3042119247;149055
3042139657;149056
3042160063;149057
3042180472;149058
3042200882;149059
3042221292;149060
3042241701;149061
3042262110;149062
3042282519;149063
3042302929;149064
3042323339;149065
3042343748;149066
3042364158;149067
3042384568;149068
3042404976;149069
3042425390;149070
3042445795;149071
3042466209;149072
3042486619;149073
3042507024;149074
3042527434;149075
3042547843;149076
3042568252;149077
3042588662;149078
3042609072;149079
3042629481;149080
3042649891;149081
3042670300;149082
3042690709;149083
3042711119;149084
3042731528;149085
3042751938;149086
3042772352;149087
3042792757;149088
3042813167;149089
3042833576;149090
3042853985;149091
3042874395;149092
3042894804;149093
3042915214;149094
3042935624;149095
3042956033;149096
3042976442;149097
3042996852;149098
3043017261;149099
3043037671;149100
3043058081;149101
3043078490;149102
3043098899;149103
3043119308;149104
3043139718;149105
3043160132;149106
3043180541;149107
3043200947;149108
3043221357;149109
3043241769;149110
3043262175;149111
3043282589;149112
3043302994;149113
3043323404;149114
3043343813;149115
3043364227;149116
3043384632;149117
3043405041;149118
3043425455;149119
3043445861;149120
3043466270;149121
3043486680;149122
3043507090;149123
3043527498;149124
3043547908;149125
3043568317;149126
3043588731;149127
3043609137;149128
3043629546;149129
3043649956;149130
3043670365;149131
3043690778;149132
3043711184;149133
3043731593;149134
3043752003;149135
3043772413;149136
3043792822;149137
3043813231;149138
3043833641;149139
3043854050;149140
3043874460;149141
3043894870;149142
3043915279;149143
3043935689;149144
3043956097;149145
3043976507;149146
3043996917;149147
3044017326;149148
3044037736;149149
3044058146;149150
3044078558;149151
3044098964;149152
3044119374;149153
3044139783;149154
3044160197;149155
3044180606;149156
3044201012;149157
3044221422;149158
3044241830;149159
3044262244;149160
3044282650;149161
3044303059;149162
3044323469;149163
3044343883;149164
3044364287;149165
3044384697;149166
3044405110;149167
3044425516;149168
3044445926;149169
3044466335;149170
3044486745;149171
3044507154;149172
3044527563;149173
3044547977;149174
3044568383;149175
3044588792;149176
3044609202;149177
3044629611;149178
3044650020;149179
3044670430;149180
3044690839;149181
3044711249;149182
3044731659;149183
3044752068;149184
3044772478;149185
3044792886;149186
3044813296;149187
3044833706;149188
3044854115;149189
3044874525;149190
3044894935;149191
3044915344;149192
3044935753;149193
3044956163;149194
3044976572;149195
3044996982;149196
3045017391;149197
3045037805;149198
3045058211;149199
3045078619;149200
3045099029;149201
3045119439;149202
3045139852;149203
3045160258;149204
3045180668;149205
3045201080;149206
3045221486;149207
3045241895;149208
3045262305;149209
3045282715;149210
3045303124;149211
3045323534;149212
3045343948;149213
3045364352;149214
3045384766;149215
3045405172;149216
3045425581;149217
3045445991;149218
3045466400;149219
3045486809;149220
3045507219;149221
3045527632;149222
3045548038;149223
3045568452;149224
3045588857;149225
3045609267;149226
3045629677;149227
3045650085;149228
3045670495;149229
3045690904;149230
3045711318;149231
3045731724;149232
3045752133;149233
3045772543;149234
3045792956;149235
3045813361;149236
3045833771;149237
3045854180;149238
3045874590;149239
3045895000;149240
3045915408;149241
3045935818;149242
3045956228;149243
3045976637;149244
3045997051;149245
3046017457;149246
3046037866;149247
3046058275;149248
3046078684;149249
3046099094;149250
3046119504;149251
3046139917;149252
3046160323;149253
3046180733;149254
3046201141;149255
3046221551;149256
3046241965;149257
3046262370;149258
3046282780;149259
3046303189;149260
3046323599;149261
3046344008;149262
3046364421;149263
3046384831;149264
3046405237;149265
3046425646;149266
3046446056;149267
3046466466;149268
3046486878;149269
3046507288;149270
3046527693;149271
3046548103;149272
3046568517;149273
3046588922;149274
3046609332;149275
3046629741;149276
3046650150;149277
3046670560;149278
3046690970;149279
3046711379;149280
3046731789;149281
3046752197;149282
3046772607;149283
3046793017;149284
3046813426;149285
3046833836;149286
3046854246;149287
3046874655;149288
3046895064;149289
3046915473;149290
3046935883;149291
3046956293;149292
3046976702;149293
3046997112;149294
3047017522;149295
3047037930;149296
3047058340;149297
3047078750;149298
3047099159;149299
3047119569;149300
3047139982;149301
3047160392;149302
3047180797;149303
3047201210;149304
3047221620;149305
3047242026;149306
3047262439;149307
3047282845;149308
3047303255;149309
3047323663;149310
3047344012;149311
3047364417;149312
3047384831;149313
3047405236;149314
3047425646;149315
3047446059;149316
3047466468;149317
3047486873;149318
3047507283;149319
3047527696;149320
3047548106;149321
3047568515;149322
3047588921;149323
3047609333;149324
3047629739;149325
3047650148;149326
3047670558;149327
3047690967;149328
3047711377;149329
3047731786;149330
3047752195;149331
3047772608;149332
3047793014;149333
3047813427;149334
3047833837;149335
3047854242;149336
3047874652;149337
3047895060;149338
3047915470;149339
3047935879;149340
3047956293;149341
3047976698;149342
3047997108;149343
3048017517;149344
3048037926;149345
3048058335;149346
3048078745;149347
3048099154;149348
3048119564;149349
3048139973;149350
3048160382;149351
3048180791;149352
3048201201;149353
3048221610;149354
3048242020;149355
3048262429;149356
3048282839;149357
3048303247;149358
3048323657;149359
3048344066;149360
3048364476;149361
3048384889;149362
3048405295;149363
3048425704;149364
3048446114;149365
3048466522;149366
3048486932;149367
3048507341;149368
3048527751;149369
3048548160;149370
3048568573;149371
3048588979;149372
3048609392;149373
3048629797;149374
3048650207;149375
3048670616;149376
3048691026;149377
3048711438;149378
3048731848;149379
3048752253;149380
3048772663;149381
3048793072;149382
3048813486;149383
3048833891;149384
3048854301;149385
3048874709;149386
3048895119;149387
3048915528;149388
3048935938;149389
3048956351;149390
3048976757;149391
3048997169;149392
3049017575;149393
3049037984;149394
3049058398;149395
3049078803;149396
3049099213;149397
3049119622;149398
3049140032;149399
3049160444;149400
3049180850;149401
3049201259;149402
3049221669;149403
3049242078;149404
3049262492;149405
3049282897;149406
3049303306;149407
3049323715;149408
3049344125;149409
3049364534;149410
3049384944;149411
3049405353;149412
3049425763;149413
3049446171;149414
3049466585;149415
3049486994;149416
3049507404;149417
3049527809;149418
3049548219;149419
3049568631;149420
3049589037;149421
3049609446;149422
