7516185773;368270
7516206182;368271
7516226591;368272
7516247000;368273
7516267410;368274
7516287819;368275
7516308232;368276
7516328638;368277
7516349047;368278
7516369461;368279
7516389866;368280
7516410276;368281
7516430688;368282
7516451098;368283
7516471503;368284
7516491913;368285
7516512322;368286
7516532732;368287
7516553140;368288
7516573550;368289
7516593960;368290
7516614369;368291
7516634778;368292
7516655187;368293
7516675597;368294
7516696006;368295
7516716416;368296
7516736825;368297
7516757235;368298
7516777644;368299
7516798053;368300
7516818466;368301
7516838871;368302
7516859281;368303
7516879690;368304
7516900104;368305
7516920509;368306
7516940919;368307
7516961328;368308
7516981738;368309
7517002146;368310
7517022556;368311
7517042965;368312
7517063375;368313
7517083784;368314
7517104193;368315
7517124603;368316
7517145012;368317
7517165422;368318
7517185831;368319
7517206240;368320
7517226649;368321
7517247059;368322
7517267468;368323
7517287878;368324
7517308287;368325
7517328697;368326
7517349110;368327
7517369515;368328
7517389924;368329
7517410333;368330
7517430743;368331
7517451152;368332
7517471562;368333
7517491971;368334
7517512385;368335
7517532790;368336
7517553200;368337
7517573609;368338
7517594018;368339
7517614427;368340
7517634836;368341
7517655246;368342
7517675655;368343
7517696065;368344
7517716478;368345
7517736884;368346
7517757293;368347
7517777702;368348
7517798111;368349
7517818521;368350
7517838930;368351
7517859340;368352
7517879749;368353
7517900158;368354
7517920572;368355
7517940977;368356
7517961386;368357
7517981795;368358
7518002205;368359
7518022614;368360
7518043024;368361
7518063433;368362
7518083843;368363
7518104252;368364
7518124661;368365
7518145074;368366
7518165483;368367
7518185889;368368
7518206298;368369
7518226708;368370
7518247117;368371
7518267527;368372
7518287936;368373
7518308346;368374
7518328755;368375
7518349168;368376
7518369573;368377
7518389986;368378
7518410396;368379
7518430801;368380
7518451215;368381
7518471620;368382
7518492030;368383
7518512439;368384
7518532849;368385
7518553258;368386
7518573667;368387
7518594080;368388
7518614490;368389
7518634895;368390
7518655304;368391
7518675714;368392
7518696123;368393
7518716533;368394
7518736942;368395
7518757351;368396
7518777760;368397
7518798174;368398
7518818583;368399
7518838989;368400
7518859402;368401
7518879808;368402
7518900217;368403
7518920626;368404
7518941039;368405
7518961444;368406
7518981854;368407
7519002263;368408
7519022673;368409
7519043082;368410
7519063492;368411
7519083901;368412
7519104311;368413
7519124719;368414
7519145129;368415
7519165538;368416
7519185951;368417
7519206357;368418
7519226766;368419
7519247176;368420
7519267585;368421
7519287995;368422
7519308404;368423
7519328817;368424
7519349222;368425
7519369636;368426
7519390041;368427
7519410451;368428
7519430860;368429
7519451269;368430
7519471679;368431
7519492088;368432
7519512498;368433
7519532906;368434
7519553316;368435
7519573725;368436
7519594135;368437
7519614544;368438
7519634954;368439
7519655363;368440
7519675777;368441
7519696182;368442
7519716594;368443
7519737000;368444
7519757409;368445
7519777819;368446
7519798228;368447
7519818638;368448
7519839047;368449
7519859457;368450
7519879866;368451
7519900276;368452
7519920688;368453
7519941098;368454
7519961503;368455
7519981912;368456
7520002322;368457
7520022731;368458
7520043145;368459
7520063550;368460
7520083960;368461
7520104368;368462
7520124778;368463
7520145187;368464
7520165597;368465
7520186006;368466
7520206416;368467
7520226825;368468
7520247234;368469
7520267644;368470
7520288053;368471
7520308462;368472
7520328871;368473
7520349281;368474
7520369690;368475
7520390104;368476
7520410509;368477
7520430919;368478
7520451332;368479
7520471738;368480
7520492146;368481
7520512555;368482
7520532965;368483
7520553374;368484
7520573788;368485
7520594193;368486
7520614603;368487
7520635012;368488
7520655422;368489
7520675834;368490
7520696240;368491
7520716649;368492
7520737059;368493
7520757468;368494
7520777881;368495
7520798287;368496
7520818696;368497
7520839106;368498
7520859515;368499
7520879924;368500
7520900333;368501
7520920747;368502
7520941152;368503
7520961562;368504
7520981975;368505
7521002385;368506
7521022794;368507
7521043199;368508
7521063609;368509
7521084017;368510
7521104427;368511
7521124836;368512
7521145246;368513
7521165655;368514
7521186065;368515
7521206474;368516
7521226884;368517
7521247293;368518
7521267703;368519
7521288111;368520
7521308524;368521
7521328930;368522
7521349339;368523
7521369749;368524
7521390162;368525
7521410568;368526
7521430977;368527
7521451387;368528
7521471795;368529
7521492205;368530
7521512614;368531
7521533024;368532
7521553433;368533
7521573846;368534
7521594252;368535
7521614660;368536
7521635071;368537
7521655479;368538
7521675889;368539
7521696298;368540
7521716708;368541
7521737117;368542
7521757527;368543
7521777936;368544
7521798346;368545
7521818755;368546
7521839164;368547
7521859573;368548
7521879982;368549
7521900392;368550
7521920805;368551
7521941215;368552
7521961620;368553
7521982030;368554
7522002439;368555
7522022849;368556
7522043258;368557
7522063667;368558
7522084076;368559
7522104485;368560
7522124895;368561
7522145304;368562
7522165714;368563
7522186123;368564
7522206533;368565
7522226942;368566
7522247351;368567
7522267760;368568
7522288170;368569
7522308579;368570
7522328989;368571
7522349398;368572
7522369807;368573
7522390217;368574
7522410630;368575
7522431036;368576
7522451444;368577
7522471854;368578
7522492263;368579
7522512673;368580
7522533082;368581
7522553492;368582
7522573901;368583
7522594311;368584
7522614720;368585
7522635128;368586
7522655538;368587
7522675947;368588
7522696357;368589
7522716766;368590
7522737180;368591
7522757585;368592
7522777995;368593
7522798404;368594
7522818813;368595
7522839222;368596
7522859632;368597
7522880041;368598
7522900450;368599
7522920860;368600
7522941269;368601
7522961683;368602
7522982088;368603
7523002502;368604
7523022910;368605
7523043320;368606
7523063725;368607
7523084135;368608
7523104544;368609
7523124953;368610
7523145363;368611
7523165772;368612
7523186182;368613
7523206591;368614
7523227000;368615
7523247413;368616
7523267819;368617
7523288228;368618
7523308638;368619
7523329051;368620
7523349461;368621
7523369866;368622
7523390275;368623
7523410684;368624
7523431093;368625
7523451503;368626
7523471912;368627
7523492326;368628
7523512731;368629
7523533141;368630
7523553550;368631
7523573960;368632
7523594369;368633
7523614778;368634
7523635187;368635
7523655596;368636
7523676006;368637
7523696415;368638
7523716825;368639
7523737234;368640
7523757644;368641
7523778053;368642
7523798463;368643
7523818871;368644
7523839285;368645
7523859690;368646
7523880100;368647
7523900509;368648
7523920918;368649
7523941332;368650
7523961737;368651
7523982147;368652
7524002555;368653
7524022969;368654
7524043374;368655
7524063784;368656
7524084193;368657
7524104603;368658
7524125012;368659
7524145426;368660
7524165831;368661
7524186239;368662
7524206649;368663
7524227058;368664
7524247472;368665
7524267877;368666
7524288287;368667
7524308696;368668
7524329106;368669
7524349519;368670
7524369925;368671
7524390333;368672
7524410743;368673
7524431152;368674
7524451565;368675
7524471971;368676
7524492380;368677
7524512869;368678
7524533279;368679
7524553688;368680
7524574098;368681
7524594506;368682
7524614920;368683
7524635326;368684
7524655735;368685
7524676145;368686
7524696555;368687
7524716964;368688
7524737378;368689
7524757783;368690
7524778192;368691
7524798602;368692
7524819015;368693
7524839421;368694
7524859831;368695
7524880240;368696
7524900650;368697
7524921059;368698
7524941473;368699
7524961882;368700
7524982287;368701
7525002701;368702
7525023107;368703
7525043520;368704
7525063926;368705
7525084335;368706
7525104745;368707
7525125155;368708
7525145564;368709
7525165973;368710
7525186383;368711
7525206792;368712
7525227202;368713
7525247611;368714
7525268021;368715
7525288431;368716
7525308840;368717
7525329250;368718
7525349659;368719
7525370068;368720
7525390478;368721
7525410887;368722
7525431297;368723
7525451707;368724
7525472116;368725
7525492526;368726
7525512935;368727
7525533345;368728
7525553758;368729
7525574163;368730
7525594573;368731
7525614987;368732
7525635392;368733
7525655802;368734
7525676211;368735
7525696621;368736
7525717031;368737
7525737440;368738
7525757849;368739
7525778259;368740
7525798668;368741
7525819078;368742
7525839487;368743
7525859897;368744
7525880307;368745
7525900720;368746
7525921126;368747
7525941535;368748
7525961944;368749
7525982354;368750
7526002763;368751
7526023177;368752
7526043583;368753
7526063992;368754
7526084402;368755
7526104812;368756
7526125220;368757
7526145630;368758
7526166039;368759
7526186449;368760
7526206863;368761
7526227272;368762
7526247678;368763
7526268088;368764
7526288501;368765
7526308907;368766
7526329316;368767
7526349725;368768
7526370135;368769
7526390544;368770
7526410958;368771
7526431364;368772
7526451773;368773
7526472183;368774
7526492592;368775
7526513002;368776
7526533411;368777
7526553820;368778
7526574230;368779
7526594639;368780
7526615049;368781
7526635459;368782
7526655868;368783
7526676278;368784
7526696688;368785
7526717096;368786
7526737506;368787
7526757915;368788
7526778325;368789
7526798735;368790
