7516193785;368271
7516214194;368272
7516234603;368273
7516255012;368274
7516275426;368275
7516295831;368276
7516316241;368277
7516336650;368278
7516357060;368279
7516377468;368280
7516397877;368281
7516418287;368282
7516438696;368283
7516459106;368284
7516479515;368285
7516499925;368286
7516520333;368287
7516540743;368288
7516561152;368289
7516581562;368290
7516601971;368291
7516622381;368292
7516642790;368293
7516663198;368294
7516683612;368295
7516704021;368296
7516724427;368297
7516744836;368298
7516765246;368299
7516785655;368300
7516806065;368301
7516826473;368302
7516846883;368303
7516867292;368304
7516887702;368305
7516908111;368306
7516928520;368307
7516948930;368308
7516969342;368309
7516989748;368310
7517010157;368311
7517030567;368312
7517050976;368313
7517071386;368314
7517091795;368315
7517112204;368316
7517132613;368317
7517153023;368318
7517173432;368319
7517193841;368320
7517214251;368321
7517234660;368322
7517255069;368323
7517275478;368324
7517295888;368325
7517316297;368326
7517336711;368327
7517357120;368328
7517377526;368329
7517397934;368330
7517418344;368331
7517438753;368332
7517459162;368333
7517479572;368334
7517499981;368335
7517520391;368336
7517540800;368337
7517561209;368338
7517581622;368339
7517602028;368340
7517622437;368341
7517642847;368342
7517663256;368343
7517683666;368344
7517704074;368345
7517724487;368346
7517744893;368347
7517765302;368348
7517785712;368349
7517806121;368350
7517826531;368351
7517846939;368352
7517867349;368353
7517887758;368354
7517908172;368355
7517928577;368356
7517948987;368357
7517969396;368358
7517989805;368359
7518010218;368360
7518030623;368361
7518051033;368362
7518071442;368363
7518091852;368364
7518112261;368365
7518132670;368366
7518153079;368367
7518173489;368368
7518193898;368369
7518214308;368370
7518234717;368371
7518255126;368372
7518275536;368373
7518295949;368374
7518316358;368375
7518336763;368376
7518357173;368377
7518377582;368378
7518397992;368379
7518418401;368380
7518438811;368381
7518459220;368382
7518479629;368383
7518500042;368384
7518520451;368385
7518540857;368386
7518561270;368387
7518581676;368388
7518602089;368389
7518622495;368390
7518642907;368391
7518663313;368392
7518683722;368393
7518704132;368394
7518724541;368395
7518744951;368396
7518765360;368397
7518785769;368398
7518806179;368399
7518826587;368400
7518846997;368401
7518867406;368402
7518887816;368403
7518908225;368404
7518928635;368405
7518949044;368406
7518969453;368407
7518989862;368408
7519010272;368409
7519030685;368410
7519051090;368411
7519071500;368412
7519091909;368413
7519112319;368414
7519132728;368415
7519153142;368416
7519173550;368417
7519193956;368418
7519214365;368419
7519234775;368420
7519255184;368421
7519275594;368422
7519296003;368423
7519316412;368424
7519336822;368425
7519357230;368426
7519377640;368427
7519398049;368428
7519418459;368429
7519438868;368430
7519459278;368431
7519479687;368432
7519500097;368433
7519520506;368434
7519540915;368435
7519561328;368436
7519581733;368437
7519602143;368438
7519622552;368439
7519642962;368440
7519663371;368441
7519683781;368442
7519704194;368443
7519724600;368444
7519745008;368445
7519765422;368446
7519785827;368447
7519806236;368448
7519826646;368449
7519847055;368450
7519867465;368451
7519887874;368452
7519908288;368453
7519928697;368454
7519949102;368455
7519969511;368456
7519989921;368457
7520010330;368458
7520030740;368459
7520051153;368460
7520071558;368461
7520091968;368462
7520112377;368463
7520132787;368464
7520153195;368465
7520173605;368466
7520194014;368467
7520214424;368468
7520234833;368469
7520255243;368470
7520275652;368471
7520296062;368472
7520316471;368473
7520336884;368474
7520357293;368475
7520377699;368476
7520398112;368477
7520418517;368478
7520438927;368479
7520459336;368480
7520479746;368481
7520500155;368482
7520520565;368483
7520540974;368484
7520561388;368485
7520581797;368486
7520602202;368487
7520622611;368488
7520643020;368489
7520663430;368490
7520683839;368491
7520704249;368492
7520724658;368493
7520745068;368494
7520765477;368495
7520785887;368496
7520806296;368497
7520826705;368498
7520847118;368499
7520867523;368500
7520887933;368501
7520908342;368502
7520928752;368503
7520949161;368504
7520969571;368505
7520989980;368506
7521010394;368507
7521030799;368508
7521051208;368509
7521071617;368510
7521092027;368511
7521112436;368512
7521132845;368513
7521153255;368514
7521173664;368515
7521194074;368516
7521214483;368517
7521234893;368518
7521255302;368519
7521275711;368520
7521296124;368521
7521316530;368522
7521336939;368523
7521357349;368524
7521377758;368525
7521398167;368526
7521418577;368527
7521438990;368528
7521459396;368529
7521479804;368530
7521500214;368531
7521520627;368532
7521541033;368533
7521561446;368534
7521581852;368535
7521602261;368536
7521622671;368537
7521643080;368538
7521663493;368539
7521683899;368540
7521704307;368541
7521724717;368542
7521745126;368543
7521765540;368544
7521785945;368545
7521806355;368546
7521826764;368547
7521847174;368548
7521867583;368549
7521887996;368550
7521908401;368551
7521928810;368552
7521949220;368553
7521969629;368554
7521990039;368555
7522010452;368556
7522030862;368557
7522051267;368558
7522071677;368559
7522092086;368560
7522112495;368561
7522132904;368562
7522153314;368563
7522173723;368564
7522194136;368565
7522214542;368566
7522234951;368567
7522255361;368568
7522275770;368569
7522296180;368570
7522316588;368571
7522336998;368572
7522357407;368573
7522377817;368574
7522398226;368575
7522418636;368576
7522439045;368577
7522459454;368578
7522479864;368579
7522500276;368580
7522520686;368581
7522541091;368582
7522561501;368583
7522581910;368584
7522602320;368585
7522622729;368586
7522643139;368587
7522663548;368588
7522683962;368589
7522704367;368590
7522724779;368591
7522745189;368592
7522765594;368593
7522786004;368594
7522806413;368595
7522826823;368596
7522847232;368597
7522867642;368598
7522888051;368599
7522908464;368600
7522928869;368601
7522949279;368602
7522969688;368603
7522990097;368604
7523010507;368605
7523030916;368606
7523051326;368607
7523071735;368608
7523092149;368609
7523112554;368610
7523132963;368611
7523153372;368612
7523173782;368613
7523194191;368614
7523214601;368615
7523235010;368616
7523255419;368617
7523275833;368618
7523296237;368619
7523316647;368620
7523337056;368621
7523357466;368622
7523377875;368623
7523398285;368624
7523418694;368625
7523439104;368626
7523459513;368627
7523479923;368628
7523500331;368629
7523520740;368630
7523541150;368631
7523561559;368632
7523581969;368633
7523602378;368634
7523622792;368635
7523643197;368636
7523663610;368637
7523684015;368638
7523704425;368639
7523724834;368640
7523745244;368641
7523765657;368642
7523786066;368643
7523806472;368644
7523826881;368645
7523847291;368646
7523867699;368647
7523888109;368648
7523908522;368649
7523928928;368650
7523949337;368651
7523969747;368652
7523990156;368653
7524010566;368654
7524030975;368655
7524051383;368656
7524071793;368657
7524092202;368658
7524112612;368659
7524133021;368660
7524153431;368661
7524173840;368662
7524194254;368663
7524214659;368664
7524235068;368665
7524255477;368666
7524275887;368667
7524296296;368668
7524316709;368669
7524337119;368670
7524357524;368671
7524377934;368672
7524398342;368673
7524418752;368674
7524439165;368675
7524459571;368676
7524479980;368677
7524500469;368678
7524520878;368679
7524541288;368680
7524561697;368681
7524582106;368682
7524602516;368683
7524622929;368684
7524643335;368685
7524663745;368686
7524684154;368687
7524704564;368688
7524724973;368689
7524745382;368690
7524765792;368691
7524786201;368692
7524806611;368693
7524827025;368694
7524847434;368695
7524867840;368696
7524888249;368697
7524908658;368698
7524929068;368699
7524949477;368700
7524969887;368701
7524990301;368702
7525010706;368703
7525031116;368704
7525051525;368705
7525071935;368706
7525092344;368707
7525112753;368708
7525133163;368709
7525153573;368710
7525173986;368711
7525194392;368712
7525214801;368713
7525235211;368714
7525255620;368715
7525276029;368716
7525296439;368717
7525316849;368718
7525337258;368719
7525357668;368720
7525378081;368721
7525398487;368722
7525418897;368723
7525439309;368724
7525459719;368725
7525480128;368726
7525500538;368727
7525520948;368728
7525541353;368729
7525561763;368730
7525582172;368731
7525602581;368732
7525622991;368733
7525643404;368734
7525663810;368735
7525684220;368736
7525704633;368737
7525725039;368738
7525745449;368739
7525765861;368740
7525786267;368741
7525806676;368742
7525827086;368743
7525847500;368744
7525867905;368745
7525888315;368746
7525908725;368747
7525929137;368748
7525949543;368749
7525969952;368750
7525990362;368751
7526010772;368752
7526031181;368753
7526051591;368754
7526072001;368755
7526092410;368756
7526112819;368757
7526133228;368758
7526153638;368759
7526174052;368760
7526194461;368761
7526214867;368762
7526235277;368763
7526255685;368764
7526276099;368765
7526296504;368766
7526316914;368767
7526337324;368768
7526357733;368769
7526378143;368770
7526398552;368771
7526418961;368772
7526439371;368773
7526459780;368774
7526480194;368775
7526500600;368776
7526521009;368777
7526541419;368778
7526561828;368779
7526582241;368780
7526602647;368781
7526623056;368782
7526643466;368783
7526663876;368784
7526684285;368785
7526704699;368786
7526725104;368787
7526745513;368788
7526765923;368789
7526786332;368790
7526806742;368791
