3599762800;176382
3599783209;176383
3599803619;176384
3599824027;176385
3599844437;176386
3599864845;176387
3599885254;176388
3599905664;176389
3599926072;176390
3599946482;176391
3599966891;176392
3599987299;176393
3600007709;176394
3600028117;176395
3600048526;176396
3600068936;176397
3600089344;176398
3600109754;176399
3600130163;176400
3600150571;176401
3600170981;176402
3600191389;176403
3600211798;176404
3600232208;176405
3600252616;176406
3600273026;176407
3600293435;176408
3600313843;176409
3600334253;176410
3600354661;176411
3600375074;176412
3600395480;176413
3600415888;176414
3600436298;176415
3600456707;176416
3600477115;176417
3600497525;176418
3600517933;176419
3600538343;176420
3600558752;176421
3600579160;176422
3600599570;176423
3600619979;176424
3600640387;176425
3600660797;176426
3600681205;176427
3600701614;176428
3600722024;176429
3600742432;176430
3600762842;176431
3600783251;176432
3600803659;176433
3600824069;176434
3600844477;176435
3600864886;176436
3600885296;176437
3600905704;176438
3600926114;176439
3600946523;176440
3600966931;176441
3600987341;176442
3601007749;176443
3601028159;176444
3601048568;176445
3601068976;176446
3601089386;176447
3601109795;176448
3601130203;176449
3601150613;176450
3601171021;176451
3601191431;176452
3601211840;176453
3601232248;176454
3601252658;176455
3601273067;176456
3601293475;176457
3601313885;176458
3601334293;176459
3601354703;176460
3601375112;176461
3601395524;176462
3601415930;176463
3601436339;176464
3601456748;176465
3601477157;176466
3601497565;176467
3601517975;176468
3601538384;176469
3601558796;176470
3601579202;176471
3601599610;176472
3601620019;176473
3601640429;176474
3601660837;176475
3601681247;176476
3601701656;176477
3601722064;176478
3601742474;176479
3601762882;176480
3601783291;176481
3601803701;176482
3601824109;176483
3601844519;176484
3601864928;176485
3601885336;176486
3601905746;176487
3601926154;176488
3601946564;176489
3601966973;176490
3601987381;176491
3602007791;176492
3602028200;176493
3602048608;176494
3602069018;176495
3602089426;176496
3602109836;176497
3602130245;176498
3602150653;176499
3602171063;176500
3602191472;176501
3602211880;176502
3602232290;176503
3602252698;176504
3602273107;176505
3602293517;176506
3602313925;176507
3602334335;176508
3602354744;176509
3602375152;176510
3602395562;176511
3602415970;176512
3602436380;176513
3602456789;176514
3602477197;176515
3602497607;176516
3602518016;176517
3602538424;176518
3602558834;176519
3602579242;176520
3602599652;176521
3602620061;176522
3602640469;176523
3602660879;176524
3602681288;176525
3602701696;176526
3602722106;176527
3602742518;176528
3602762924;176529
3602783333;176530
3602803741;176531
3602824151;176532
3602844560;176533
3602864972;176534
3602885378;176535
3602905786;176536
3602926196;176537
3602946605;176538
3602967013;176539
3602987423;176540
3603007832;176541
3603028241;176542
3603048650;176543
3603069058;176544
3603089468;176545
3603109877;176546
3603130285;176547
3603150695;176548
3603171104;176549
3603191513;176550
3603211922;176551
3603232330;176552
3603252740;176553
3603273149;176554
3603293557;176555
3603313967;176556
3603334380;176557
3603354784;176558
3603375194;176559
3603395602;176560
3603416012;176561
3603436421;176562
3603456833;176563
3603477239;176564
3603497648;176565
3603518057;176566
3603538466;176567
3603558874;176568
3603579284;176569
3603599693;176570
3603620101;176571
3603640511;176572
3603660920;176573
3603681329;176574
3603701738;176575
3603722146;176576
3603742556;176577
3603762965;176578
3603783373;176579
3603803783;176580
3603824192;176581
3603844601;176582
3603865010;176583
3603885418;176584
3603905828;176585
3603926241;176586
3603946645;176587
3603967055;176588
3603987464;176589
3604007873;176590
3604028282;176591
3604048690;176592
3604069100;176593
3604089509;176594
3604109917;176595
3604130327;176596
3604150736;176597
3604171145;176598
3604191554;176599
3604211962;176600
3604232372;176601
3604252797;176602
3604273205;176603
3604293615;176604
3604314024;176605
3604334433;176606
3604354842;176607
3604375251;176608
3604395660;176609
3604416069;176610
3604436479;176611
3604456887;176612
3604477296;176613
3604497706;176614
3604518114;176615
3604538523;176616
3604558933;176617
3604579341;176618
3604599751;176619
3604620160;176620
3604640568;176621
3604660978;176622
3604681386;176623
3604701795;176624
3604722205;176625
3604742617;176626
3604763023;176627
3604783432;176628
3604803840;176629
3604824250;176630
3604844663;176631
3604865067;176632
3604885477;176633
3604905886;176634
3604926295;176635
3604946704;176636
3604967113;176637
3604987522;176638
3605007931;176639
3605028340;176640
3605048749;176641
3605069158;176642
3605089568;176643
3605109976;176644
3605130385;176645
3605150795;176646
3605171207;176647
3605191612;176648
3605212022;176649
3605232430;176650
3605252840;176651
3605273249;176652
3605293657;176653
3605314067;176654
3605334476;176655
3605354884;176656
3605375294;176657
3605395702;176658
3605416116;176659
3605436525;176660
3605456933;176661
3605477339;176662
3605497748;176663
3605518156;176664
3605538566;176665
3605558975;176666
3605579384;176667
3605599797;176668
3605620202;176669
3605640611;176670
3605661020;176671
3605681429;176672
3605701838;176673
3605722247;176674
3605742660;176675
3605763069;176676
3605783474;176677
3605803884;176678
3605824292;176679
3605844702;176680
3605865111;176681
3605885519;176682
3605905929;176683
3605926342;176684
3605946750;176685
3605967156;176686
3605987565;176687
3606007973;176688
3606028383;176689
3606048792;176690
3606069204;176691
3606089610;176692
3606110018;176693
3606130428;176694
3606150837;176695
3606171246;176696
3606191655;176697
3606212064;176698
3606232477;176699
3606252882;176700
3606273291;176701
3606293700;176702
3606314109;176703
3606334519;176704
3606354927;176705
3606375336;176706
3606395746;176707
3606416154;176708
3606436563;176709
3606456973;176710
3606477381;176711
3606497791;176712
3606518200;176713
3606538608;176714
3606559018;176715
3606579427;176716
3606599835;176717
3606620245;176718
3606640654;176719
3606661063;176720
3606681472;176721
3606701881;176722
3606722290;176723
3606742699;176724
3606763108;176725
3606783517;176726
3606803926;176727
3606824335;176728
3606844748;176729
3606865153;176730
3606885562;176731
3606905971;176732
3606926384;176733
3606946789;176734
3606967198;176735
3606987608;176736
3607008016;176737
3607028425;176738
3607048835;176739
3607069243;176740
3607089652;176741
3607110062;176742
3607130470;176743
3607150880;176744
3607171289;176745
3607191697;176746
3607212107;176747
3607232516;176748
3607252924;176749
3607273334;176750
3607293743;176751
3607314152;176752
3607334565;176753
3607354970;176754
3607375379;176755
3607395788;176756
3607416197;176757
3607436606;176758
3607457015;176759
3607477425;176760
3607497833;176761
3607518242;176762
3607538651;176763
3607559060;176764
3607579469;176765
3607599878;176766
3607620287;176767
3607640697;176768
3607661105;176769
3607681514;176770
3607701924;176771
3607722332;176772
3607742742;176773
3607763151;176774
3607783559;176775
3607803969;176776
3607824378;176777
3607844786;176778
3607865196;176779
3607885605;176780
3607906014;176781
3607926423;176782
3607946832;176783
3607967241;176784
3607987650;176785
3608008059;176786
3608028468;176787
3608048877;176788
3608069286;176789
3608089695;176790
3608110104;176791
3608130514;176792
3608150922;176793
3608171331;176794
3608191741;176795
3608212149;176796
3608232558;176797
3608252967;176798
3608273376;176799
3608293786;176800
3608314194;176801
3608334603;176802
3608355017;176803
3608375421;176804
3608395831;176805
3608416240;176806
3608436648;176807
3608457058;176808
3608477467;176809
3608497875;176810
3608518285;176811
3608538694;176812
3608559103;176813
3608579512;176814
3608599921;176815
3608620330;176816
3608640739;176817
3608661148;176818
3608681561;176819
3608701966;176820
3608722376;176821
3608742784;176822
3608763193;176823
3608783603;176824
3608804011;176825
3608824424;176826
3608844830;176827
3608865238;176828
3608885648;176829
3608906057;176830
3608926465;176831
3608946875;176832
3608967283;176833
3608987692;176834
3609008102;176835
3609028510;176836
3609048920;176837
3609069329;176838
3609089737;176839
3609110147;176840
3609130560;176841
3609150964;176842
3609171374;176843
3609191783;176844
3609212192;176845
3609232601;176846
3609253010;176847
3609273419;176848
3609293828;176849
3609314241;176850
3609334646;176851
3609355055;176852
3609375465;176853
3609395873;176854
3609416282;176855
3609436696;176856
3609457100;176857
3609477509;176858
3609497919;176859
3609518327;176860
3609538737;176861
3609559146;176862
3609579554;176863
3609599964;176864
3609620373;176865
3609640782;176866
3609661191;176867
3609681599;176868
3609702009;176869
3609722418;176870
3609742826;176871
3609763236;176872
3609783645;176873
3609804053;176874
3609824463;176875
3609844872;176876
3609865281;176877
3609885690;176878
3609906099;176879
3609926508;176880
3609946917;176881
3609967327;176882
3609987735;176883
3610008144;176884
3610028554;176885
3610048962;176886
3610069371;176887
3610089781;176888
3610110189;176889
3610130599;176890
3610151008;176891
3610171416;176892
3610191826;176893
3610212235;176894
3610232643;176895
3610253053;176896
3610273466;176897
3610293870;176898
3610314280;176899
3610334689;176900
3610355098;176901
3610375507;176902
3610395919;176903
3610416325;176904
3610436734;176905
3610457143;176906
3610477552;176907
3610497961;176908
3610518370;176909
3610538779;176910
3610559188;176911
3610579597;176912
3610600006;176913
3610620416;176914
3610640824;176915
3610661237;176916
3610681643;176917
3610702051;176918
3610722460;176919
3610742870;176920
3610763278;176921
3610783688;176922
3610804097;176923
3610824505;176924
3610844915;176925
3610865324;176926
3610885732;176927
3610906142;176928
3610926551;176929
3610946960;176930
3610967369;176931
3610987778;176932
3611008191;176933
3611028596;176934
3611049006;176935
3611069414;176936
3611089823;176937
3611110232;176938
3611130645;176939
3611151050;176940
3611171459;176941
3611191872;176942
3611212278;176943
3611232686;176944
3611253095;176945
3611273505;176946
3611293913;176947
3611314326;176948
3611334732;176949
3611355140;176950
3611375549;176951
3611395959;176952
3611416367;176953
3611436777;176954
3611457186;176955
3611477594;176956
3611498004;176957
3611518413;176958
3611538821;176959
3611559231;176960
3611579640;176961
3611600049;176962
3611620458;176963
3611640867;176964
3611661276;176965
3611681685;176966
3611702094;176967
3611722503;176968
3611742912;176969
3611763322;176970
3611783734;176971
3611804139;176972
3611824548;176973
3611844957;176974
3611865367;176975
3611885775;176976
3611906184;176977
3611926594;176978
3611947002;176979
3611967411;176980
3611987821;176981
3612008229;176982
3612028639;176983
3612049048;176984
3612069456;176985
3612089866;176986
3612110275;176987
3612130683;176988
3612151093;176989
3612171502;176990
3612191910;176991
3612212320;176992
3612232729;176993
3612253138;176994
3612273547;176995
3612293956;176996
3612314365;176997
3612334774;176998
3612355184;176999
3612375592;177000
3612396001;177001
3612416411;177002
3612436823;177003
3612457228;177004
3612477638;177005
3612498046;177006
3612518456;177007
3612538864;177008
3612559273;177009
3612579683;177010
3612600091;177011
3612620501;177012
3612640910;177013
3612661318;177014
3612681728;177015
3612702137;177016
3612722545;177017
3612742955;177018
3612763364;177019
3612783772;177020
3612804182;177021
3612824591;177022
3612845000;177023
3612865409;177024
3612885818;177025
3612906227;177026
3612926636;177027
3612947045;177028
3612967454;177029
3612987863;177030
3613008276;177031
3613028681;177032
3613049094;177033
3613069504;177034
3613089912;177035
3613110318;177036
3613130727;177037
3613151135;177038
3613171545;177039
3613191954;177040
3613212362;177041
3613232772;177042
3613253180;177043
3613273590;177044
3613293999;177045
3613314407;177046
3613334817;177047
3613355226;177048
3613375634;177049
3613396044;177050
3613416453;177051
3613436862;177052
3613457271;177053
3613477680;177054
3613498089;177055
3613518498;177056
3613538907;177057
3613559316;177058
3613579725;177059
3613600135;177060
3613620543;177061
3613640952;177062
3613661362;177063
3613681770;177064
3613702179;177065
3613722589;177066
3613742997;177067
3613763410;177068
3613783816;177069
3613804224;177070
3613824634;177071
3613845043;177072
3613865451;177073
3613885861;177074
3613906270;177075
3613926679;177076
3613947088;177077
3613967496;177078
3613987906;177079
3614008319;177080
3614028723;177081
3614049133;177082
3614069542;177083
3614089954;177084
3614110360;177085
3614130769;177086
3614151178;177087
3614171587;177088
3614191996;177089
3614212405;177090
3614232814;177091
3614253197;177092
3614273605;177093
3614294014;177094
3614314423;177095
3614334832;177096
3614355242;177097
3614375650;177098
3614396059;177099
3614416471;177100
3614436877;177101
3614457290;177102
3614477695;177103
3614498104;177104
3614518513;177105
3614538922;177106
3614559335;177107
3614579743;177108
3614600153;177109
3614620558;177110
3614640967;177111
3614661376;177112
3614681784;177113
3614702194;177114
3614722603;177115
3614743012;177116
3614763421;177117
3614783829;177118
3614804239;177119
3614824648;177120
3614845060;177121
3614865466;177122
3614885874;177123
3614906284;177124
3614926693;177125
3614947101;177126
3614967511;177127
3614987919;177128
3615008329;177129
3615028738;177130
3615049146;177131
3615069556;177132
3615089964;177133
3615110373;177134
3615130783;177135
3615151191;177136
3615171604;177137
3615192009;177138
3615212418;177139
3615232828;177140
3615253236;177141
3615273645;177142
3615294054;177143
3615314463;177144
3615334873;177145
3615355281;177146
3615375690;177147
3615396103;177148
3615416508;177149
3615436917;177150
3615457326;177151
3615477735;177152
3615498144;177153
3615518553;177154
3615538962;177155
3615559375;177156
3615579780;177157
3615600188;177158
3615620598;177159
3615641007;177160
3615661416;177161
3615681825;177162
3615702233;177163
3615722643;177164
3615743052;177165
3615763460;177166
3615783870;177167
3615804278;177168
3615824688;177169
3615845097;177170
3615865505;177171
3615885915;177172
3615906323;177173
3615926732;177174
3615947142;177175
3615967550;177176
3615987960;177177
3616008368;177178
3616028781;177179
3616049187;177180
3616069595;177181
3616090004;177182
3616110413;177183
3616130822;177184
3616151232;177185
3616171640;177186
3616192049;177187
3616212458;177188
3616232867;177189
3616253277;177190
3616273685;177191
3616294094;177192
3616314503;177193
3616334912;177194
3616355321;177195
3616375730;177196
3616396139;177197
3616416548;177198
3616436957;177199
3616457366;177200
3616477775;177201
3616498184;177202
3616518592;177203
3616539002;177204
3616559411;177205
3616579820;177206
3616600229;177207
3616620638;177208
3616641047;177209
3616661456;177210
3616681864;177211
3616702274;177212
3616722683;177213
3616743092;177214
3616763501;177215
3616783909;177216
3616804319;177217
3616824728;177218
3616845136;177219
3616865546;177220
3616885954;177221
3616906364;177222
3616926773;177223
3616947181;177224
3616967591;177225
3616987999;177226
3617008408;177227
3617028818;177228
3617049230;177229
3617069636;177230
3617090044;177231
3617110453;177232
3617130863;177233
3617151271;177234
3617171680;177235
3617192089;177236
3617212498;177237
3617232908;177238
3617253316;177239
3617273725;177240
3617294134;177241
3617314543;177242
3617334952;177243
3617355361;177244
3617375770;177245
3617396179;177246
3617416588;177247
3617436997;177248
3617457406;177249
3617477815;177250
3617498224;177251
3617518633;177252
3617539042;177253
3617559451;177254
3617579860;177255
3617600268;177256
3617620678;177257
3617641087;177258
3617661496;177259
3617681905;177260
3617702313;177261
3617722723;177262
3617743132;177263
3617763540;177264
3617783950;177265
3617804358;177266
3617824767;177267
3617845177;177268
3617865585;177269
3617885995;177270
3617906403;177271
3617926812;177272
3617947222;177273
3617967630;177274
3617988039;177275
3618008448;177276
3618028857;177277
3618049267;177278
3618069675;177279
3618090084;177280
3618110493;177281
3618130902;177282
3618151311;177283
3618171720;177284
3618192129;177285
3618212538;177286
3618232947;177287
3618253356;177288
3618273765;177289
3618294174;177290
3618314582;177291
3618334992;177292
3618355401;177293
3618375810;177294
3618396219;177295
3618416627;177296
3618437037;177297
3618457450;177298
3618477855;177299
3618498264;177300
3618518672;177301
3618539082;177302
3618559491;177303
3618579899;177304
3618600309;177305
3618620717;177306
3618641130;177307
3618661536;177308
3618681944;177309
3618702354;177310
3618722763;177311
3618743175;177312
3618763581;177313
3618783989;177314
3618804398;177315
3618824808;177316
3618845216;177317
3618865630;177318
3618886034;177319
3618906443;177320
3618926853;177321
3618947261;177322
3618967671;177323
3618988079;177324
3619008488;177325
3619028898;177326
3619049306;177327
3619069715;177328
3619090124;177329
3619110533;177330
3619130943;177331
3619151351;177332
3619171764;177333
3619192169;177334
3619212578;177335
3619232987;177336
3619253396;177337
3619273805;177338
3619294214;177339
3619314623;177340
3619335032;177341
3619355441;177342
3619375850;177343
3619396258;177344
3619416668;177345
3619437077;177346
3619457486;177347
3619477895;177348
3619498303;177349
3619518713;177350
3619539126;177351
3619559530;177352
3619579940;177353
3619600348;177354
3619620758;177355
3619641167;177356
3619661575;177357
3619681985;177358
3619702393;177359
3619722803;177360
3619743212;177361
3619763620;177362
3619784030;177363
3619804438;177364
3619824847;177365
3619845257;177366
3619865665;177367
3619886074;177368
3619906483;177369
3619926892;177370
3619947302;177371
3619967710;177372
3619988119;177373
3620008528;177374
3620028937;177375
3620049346;177376
3620069755;177377
3620090164;177378
3620110577;177379
3620130982;177380
3620151391;177381
3620171800;177382
3620192209;177383
3620212618;177384
3620233027;177385
3620253436;177386
3620273845;177387
3620294254;177388
3620314662;177389
3620335072;177390
3620355481;177391
3620375890;177392
3620396299;177393
3620416707;177394
3620437117;177395
3620457526;177396
3620477934;177397
3620498344;177398
3620518752;177399
3620539161;177400
3620559571;177401
3620579979;177402
3620600389;177403
3620620797;177404
3620641210;177405
3620661616;177406
3620682024;177407
3620702434;177408
3620722843;177409
3620743251;177410
3620763661;177411
3620784069;177412
3620804478;177413
3620824888;177414
3620845296;177415
3620865706;177416
3620886114;177417
3620906523;177418
3620926933;177419
3620947341;177420
3620967750;177421
3620988159;177422
3621008568;177423
3621028978;177424
3621049386;177425
3621069795;177426
3621090204;177427
3621110617;177428
3621131022;177429
3621151431;177430
3621171840;177431
3621192249;177432
3621212658;177433
3621233067;177434
3621253480;177435
3621273889;177436
3621294293;177437
3621314703;177438
3621335112;177439
3621355521;177440
3621375930;177441
3621396338;177442
3621416748;177443
3621437157;177444
3621457565;177445
3621477975;177446
3621498383;177447
3621518793;177448
3621539202;177449
3621559614;177450
3621580020;177451
3621600428;177452
3621620837;177453
3621641247;177454
3621661655;177455
3621682065;177456
3621702473;177457
3621722882;177458
3621743292;177459
3621763700;177460
3621784113;177461
3621804518;177462
3621824927;177463
3621845336;177464
3621865745;177465
3621886154;177466
3621906563;177467
3621926972;177468
3621947381;177469
3621967790;177470
3621988199;177471
3622008608;177472
3622029017;177473
3622049426;177474
3622069835;177475
3622090244;177476
3622110653;177477
3622131062;177478
3622151471;177479
3622171880;177480
3622192289;177481
3622212697;177482
3622233107;177483
3622253516;177484
3622273925;177485
3622294334;177486
3622314742;177487
3622335152;177488
3622355561;177489
3622375969;177490
3622396379;177491
3622416787;177492
3622437197;177493
3622457606;177494
3622478014;177495
3622498424;177496
3622518832;177497
3622539241;177498
3622559651;177499
3622580059;177500
3622600472;177501
3622620877;177502
3622641286;177503
3622661696;177504
3622682108;177505
3622702513;177506
3622722923;177507
3622743335;177508
3622763741;177509
3622784149;177510
3622804558;177511
3622824968;177512
3622845376;177513
3622865785;177514
3622886198;177515
3622906607;177516
3622927013;177517
3622947421;177518
3622967834;177519
3622988239;177520
3623008648;177521
3623029057;177522
3623049466;177523
3623069875;177524
3623090284;177525
3623110697;177526
3623131102;177527
3623151511;177528
3623171920;177529
3623192328;177530
3623212738;177531
3623233147;177532
3623253556;177533
3623273965;177534
3623294373;177535
3623314783;177536
3623335192;177537
3623355600;177538
3623376010;177539
3623396418;177540
3623416828;177541
3623437237;177542
3623457645;177543
3623478055;177544
3623498463;177545
3623518873;177546
3623539282;177547
3623559690;177548
3623580100;177549
3623600508;177550
3623620917;177551
3623641327;177552
3623661735;177553
3623682148;177554
3623702557;177555
3623722962;177556
3623743372;177557
3623763784;177558
3623784189;177559
3623804598;177560
3623825007;177561
3623845417;177562
3623865825;177563
3623886234;177564
3623906643;177565
3623927052;177566
3623947461;177567
3623967870;177568
3623988279;177569
3624008688;177570
3624029097;177571
3624049506;177572
3624069915;177573
3624090324;177574
3624110732;177575
3624131142;177576
3624151551;177577
3624171964;177578
3624192369;177579
3624212777;177580
3624233187;177581
3624253588;177582
3624273996;177583
3624294406;177584
3624314814;177585
3624335224;177586
3624355633;177587
3624376041;177588
3624396451;177589
3624416859;177590
3624437269;177591
3624457678;177592
3624478086;177593
3624498496;177594
3624518904;177595
3624539317;177596
3624559722;177597
3624580131;177598
3624600540;177599
3624620949;177600
3624641358;177601
3624661767;177602
3624682176;177603
3624702585;177604
3624722994;177605
3624743403;177606
3624763812;177607
3624784221;177608
3624804629;177609
3624825039;177610
3624845448;177611
3624865860;177612
3624886266;177613
3624906674;177614
3624927083;177615
3624947493;177616
3624967901;177617
3624988311;177618
3625008719;177619
3625029128;177620
3625049537;177621
3625069946;177622
3625090356;177623
3625110764;177624
3625131173;177625
3625151582;177626
3625171991;177627
3625192400;177628
3625212809;177629
3625233218;177630
3625253627;177631
3625274036;177632
3625294445;177633
3625314854;177634
3625335267;177635
3625355671;177636
3625376081;177637
3625396489;177638
3625416899;177639
3625437308;177640
3625457716;177641
3625478126;177642
3625498534;177643
3625518943;177644
3625539357;177645
3625559761;177646
3625580171;177647
3625600579;177648
3625620988;177649
3625641397;177650
3625661810;177651
3625682216;177652
3625702624;177653
3625723033;177654
3625743442;177655
3625763851;177656
3625784260;177657
3625804669;177658
3625825078;177659
3625845486;177660
3625865900;177661
3625886305;177662
3625906714;177663
3625927123;177664
3625947531;177665
3625967941;177666
3625988353;177667
3626008759;177668
3626029168;177669
3626049576;177670
3626069986;177671
3626090394;177672
3626110803;177673
3626131213;177674
3626151621;177675
3626172031;177676
3626192439;177677
3626212848;177678
3626233257;177679
3626253666;177680
3626274075;177681
3626294484;177682
3626314893;177683
3626335302;177684
3626355711;177685
3626376120;177686
3626396529;177687
3626416938;177688
3626437346;177689
3626457756;177690
3626478168;177691
3626498574;177692
3626518983;177693
3626539391;177694
3626559801;177695
3626580209;177696
3626600618;177697
3626621028;177698
3626641436;177699
3626661846;177700
3626682254;177701
3626702667;177702
3626723073;177703
3626743481;177704
3626763890;177705
3626784299;177706
3626804708;177707
3626825120;177708
3626845526;177709
3626865935;177710
3626886344;177711
3626906753;177712
3626927162;177713
3626947571;177714
3626967980;177715
3626988389;177716
3627008798;177717
3627029206;177718
3627049616;177719
3627070024;177720
3627090434;177721
3627110847;177722
3627131251;177723
3627151661;177724
3627172069;177725
3627192478;177726
3627212892;177727
3627233296;177728
3627253706;177729
3627274114;177730
3627294523;177731
3627314933;177732
3627335341;177733
3627355750;177734
3627376159;177735
3627396568;177736
3627416977;177737
3627437386;177738
3627457795;177739
3627478204;177740
3627498613;177741
3627519021;177742
3627539431;177743
3627559840;177744
3627580249;177745
3627600658;177746
3627621070;177747
3627641476;177748
3627661884;177749
3627682293;177750
3627702703;177751
3627723111;177752
3627743521;177753
3627763929;177754
3627784338;177755
3627804748;177756
3627825156;177757
3627845565;177758
3627865974;177759
3627886383;177760
3627906792;177761
3627927201;177762
3627947610;177763
3627968019;177764
3627988428;177765
3628008840;177766
3628029246;177767
3628049655;177768
3628070064;177769
3628090473;177770
3628110881;177771
3628131291;177772
3628151700;177773
3628172108;177774
3628192518;177775
3628212926;177776
3628233336;177777
3628253744;177778
3628274153;177779
3628294563;177780
3628314971;177781
3628335381;177782
3628355789;177783
3628376198;177784
3628396608;177785
3628417016;177786
3628437425;177787
3628457834;177788
3628478243;177789
3628498651;177790
3628519061;177791
3628539470;177792
3628559879;177793
3628580288;177794
3628600696;177795
3628621106;177796
3628641515;177797
3628661924;177798
3628682333;177799
3628702741;177800
3628723151;177801
3628743560;177802
3628763968;177803
3628784378;177804
3628804786;177805
3628825195;177806
3628845604;177807
3628866017;177808
3628886423;177809
3628906831;177810
3628927240;177811
3628947649;177812
3628968058;177813
3628988468;177814
3629008876;177815
3629029285;177816
3629049694;177817
3629070103;177818
3629090511;177819
3629110921;177820
3629131330;177821
3629151738;177822
3629172148;177823
3629192556;177824
3629212966;177825
3629233375;177826
3629253783;177827
3629274193;177828
3629294601;177829
3629315011;177830
3629335419;177831
3629355828;177832
3629376238;177833
3629396646;177834
3629417055;177835
3629437464;177836
3629457873;177837
3629478286;177838
3629498691;177839
3629519100;177840
3629539509;177841
3629559918;177842
3629580327;177843
3629600736;177844
3629621149;177845
3629641554;177846
3629661963;177847
3629682371;177848
3629702781;177849
3629723190;177850
3629743598;177851
3629764008;177852
3629784420;177853
3629804826;177854
3629825235;177855
3629845643;177856
3629866053;177857
3629886461;177858
3629906874;177859
3629927279;177860
3629947688;177861
3629968097;177862
3629988506;177863
3630008915;177864
3630029324;177865
3630049733;177866
3630070142;177867
3630090555;177868
3630110960;177869
3630131368;177870
3630151778;177871
3630172187;177872
3630192596;177873
3630213005;177874
3630233413;177875
3630253823;177876
3630274231;177877
3630294641;177878
3630315050;177879
3630335458;177880
3630355868;177881
3630376276;177882
3630396685;177883
3630417095;177884
3630437503;177885
3630457913;177886
3630478321;177887
3630498730;177888
3630519139;177889
3630539548;177890
3630559957;177891
3630580366;177892
3630600775;177893
3630621184;177894
3630641593;177895
3630662002;177896
3630682411;177897
3630702820;177898
3630723229;177899
3630743638;177900
3630764046;177901
3630784456;177902
3630804865;177903
3630825273;177904
3630845683;177905
3630866091;177906
3630886500;177907
3630906910;177908
3630927318;177909
3630947728;177910
3630968136;177911
3630988545;177912
3631008955;177913
3631029363;177914
3631049773;177915
3631070181;177916
3631090594;177917
3631110999;177918
3631131408;177919
3631151817;177920
3631172226;177921
3631192635;177922
3631213043;177923
3631233453;177924
3631253862;177925
3631274271;177926
3631294680;177927
3631315088;177928
3631335498;177929
3631355906;177930
3631376319;177931
3631396725;177932
3631417133;177933
3631437543;177934
3631457951;177935
3631478360;177936
3631498770;177937
3631519178;177938
3631539591;177939
3631559996;177940
3631580405;177941
3631600815;177942
3631621223;177943
3631641632;177944
3631662041;177945
3631682450;177946
3631702859;177947
3631723268;177948
3631743677;177949
3631764086;177950
3631784495;177951
3631804903;177952
3631825313;177953
3631845722;177954
3631866130;177955
3631886540;177956
3631906948;177957
3631927358;177958
3631947766;177959
3631968175;177960
3631988585;177961
3632008993;177962
3632029403;177963
3632049811;177964
3632070220;177965
3632090630;177966
3632111038;177967
3632131447;177968
3632151856;177969
3632172265;177970
3632192674;177971
3632213083;177972
3632233492;177973
3632253901;177974
3632274310;177975
3632294718;177976
3632315128;177977
3632335537;177978
3632355946;177979
3632376355;177980
3632396763;177981
3632417173;177982
3632437582;177983
3632457990;177984
3632478400;177985
3632498808;177986
3632519218;177987
3632539626;177988
3632560035;177989
3632580445;177990
3632600853;177991
3632621262;177992
3632641675;177993
3632662080;177994
3632682490;177995
3632702898;177996
3632723307;177997
3632743716;177998
3632764125;177999
3632784533;178000
3632804943;178001
3632825352;178002
3632845761;178003
3632866170;178004
3632886578;178005
3632906988;178006
3632927397;178007
3632947806;178008
3632968215;178009
3632988623;178010
3633009037;178011
3633029442;178012
3633049854;178013
3633070260;178014
3633090668;178015
3633111078;178016
3633131486;178017
3633151895;178018
3633172305;178019
3633192713;178020
3633213122;178021
3633233531;178022
3633253940;178023
3633274350;178024
3633294758;178025
3633315167;178026
3633335576;178027
3633355985;178028
3633376393;178029
3633396807;178030
3633417212;178031
3633437621;178032
3633458030;178033
3633478438;178034
3633498852;178035
3633519257;178036
3633539666;178037
3633560075;178038
3633580483;178039
3633600893;178040
3633621301;178041
3633641710;178042
3633662120;178043
3633682528;178044
3633702938;178045
3633723346;178046
3633743755;178047
3633764165;178048
3633784573;178049
3633804982;178050
3633825395;178051
3633845800;178052
3633866209;178053
3633886618;178054
3633907027;178055
3633927436;178056
3633947845;178057
3633968253;178058
3633988663;178059
3634009072;178060
3634029481;178061
3634049890;178062
3634070298;178063
3634090708;178064
3634111117;178065
3634131525;178066
3634151935;178067
3634172343;178068
3634192753;178069
3634213165;178070
3634233570;178071
3634253986;178072
3634274394;178073
3634294799;178074
3634315208;178075
3634335617;178076
3634356027;178077
3634376435;178078
3634396844;178079
3634417253;178080
3634437662;178081
3634458071;178082
3634478480;178083
3634498889;178084
3634519298;178085
3634539707;178086
3634560115;178087
3634580525;178088
3634600934;178089
3634621342;178090
3634641752;178091
3634662160;178092
3634682570;178093
3634702979;178094
3634723387;178095
3634743797;178096
3634764205;178097
3634784614;178098
3634805024;178099
3634825432;178100
3634845842;178101
3634866250;178102
3634886659;178103
3634907069;178104
3634927477;178105
3634947887;178106
3634968295;178107
3634988704;178108
3635009113;178109
3635029522;178110
3635049931;178111
3635070340;178112
3635090749;178113
3635111158;178114
3635131567;178115
3635151976;178116
3635172385;178117
3635192794;178118
3635213202;178119
3635233612;178120
3635254021;178121
3635274433;178122
3635294839;178123
3635315251;178124
3635335657;178125
3635356065;178126
3635376475;178127
3635396884;178128
3635417292;178129
3635437702;178130
3635458110;178131
3635478519;178132
3635498929;178133
3635519337;178134
3635539746;178135
3635560155;178136
3635580568;178137
3635600974;178138
3635621382;178139
3635641791;178140
3635662200;178141
3635682609;178142
3635703019;178143
3635723427;178144
3635743836;178145
3635764245;178146
3635784654;178147
3635805062;178148
3635825476;178149
3635845885;178150
3635866289;178151
3635886699;178152
3635907107;178153
3635927517;178154
3635947926;178155
3635968334;178156
3635988744;178157
3636009152;178158
3636029561;178159
3636049975;178160
3636070379;178161
3636090789;178162
3636111197;178163
3636131606;178164
3636152015;178165
3636172424;178166
3636192834;178167
3636213242;178168
3636233651;178169
3636254060;178170
3636274469;178171
3636294878;178172
3636315287;178173
3636335696;178174
3636356105;178175
3636376514;178176
3636396923;178177
3636417332;178178
3636437741;178179
3636458149;178180
3636478559;178181
3636498968;178182
3636519377;178183
3636539786;178184
3636560194;178185
3636580604;178186
3636601012;178187
3636621421;178188
3636641831;178189
3636662239;178190
3636682649;178191
3636703061;178192
3636723466;178193
3636743876;178194
3636764288;178195
3636784694;178196
3636805102;178197
3636825511;178198
3636845924;178199
3636866329;178200
3636886738;178201
3636907147;178202
3636927556;178203
3636947968;178204
3636968374;178205
3636988783;178206
3637009192;178207
3637029601;178208
3637050009;178209
3637070419;178210
3637090828;178211
3637111236;178212
3637131646;178213
3637152054;178214
3637172464;178215
3637192873;178216
3637213281;178217
3637233691;178218
3637254099;178219
3637274508;178220
3637294918;178221
3637315326;178222
3637335736;178223
3637356144;178224
3637376553;178225
3637396962;178226
3637417371;178227
3637437785;178228
3637458189;178229
3637478598;178230
3637499007;178231
3637519416;178232
3637539825;178233
3637560234;178234
3637580643;178235
3637601051;178236
3637621461;178237
3637641870;178238
3637662279;178239
3637682688;178240
3637703096;178241
3637723506;178242
3637743914;178243
3637764324;178244
3637784733;178245
3637805141;178246
3637825551;178247
3637845959;178248
3637866368;178249
3637886778;178250
3637907186;178251
3637927596;178252
3637948004;178253
3637968413;178254
3637988823;178255
3638009231;178256
3638029640;178257
3638050049;178258
3638070458;178259
3638090868;178260
3638111276;178261
3638131685;178262
3638152094;178263
3638172503;178264
3638192911;178265
3638213321;178266
3638233730;178267
3638254139;178268
3638274548;178269
3638294956;178270
3638315366;178271
3638335779;178272
3638356183;178273
3638376593;178274
3638397005;178275
3638417411;178276
3638437820;178277
3638458228;178278
3638478638;178279
3638499046;178280
3638519455;178281
3638539864;178282
3638560273;178283
3638580683;178284
3638601091;178285
3638621500;178286
3638641909;178287
3638662318;178288
3638682727;178289
3638703136;178290
3638723545;178291
3638743958;178292
3638764367;178293
3638784772;178294
3638805185;178295
3638825590;178296
3638845999;178297
3638866408;178298
3638886817;178299
3638907226;178300
3638927635;178301
3638948043;178302
3638968453;178303
3638988861;178304
3639009271;178305
3639029680;178306
3639050088;178307
3639070502;178308
3639090906;178309
3639111315;178310
3639131729;178311
3639152133;178312
3639172543;178313
3639192951;178314
3639213360;178315
3639233770;178316
3639254178;178317
3639274587;178318
3639294996;178319
3639315405;178320
3639335815;178321
3639356223;178322
3639376632;178323
3639397041;178324
3639417450;178325
3639437858;178326
3639458268;178327
3639478677;178328
3639499086;178329
3639519495;178330
3639539903;178331
3639560313;178332
3639580722;178333
3639601130;178334
3639621540;178335
3639641948;178336
3639662358;178337
3639682767;178338
3639703175;178339
3639723585;178340
3639743993;178341
3639764403;178342
3639784811;178343
3639805220;178344
3639825630;178345
3639846038;178346
3639866447;178347
3639886856;178348
3639907265;178349
3639927675;178350
3639948083;178351
3639968492;178352
3639988901;178353
3640009310;178354
3640029719;178355
3640050128;178356
3640070537;178357
3640090949;178358
3640111355;178359
3640131764;178360
3640152173;178361
3640172582;178362
3640192990;178363
3640213400;178364
3640233808;178365
3640254218;178366
3640274627;178367
3640295035;178368
3640315445;178369
3640335853;178370
3640356262;178371
3640376672;178372
3640397080;178373
3640417490;178374
3640437898;178375
3640458307;178376
3640478717;178377
3640499125;178378
3640519534;178379
3640539943;178380
3640560352;178381
3640580761;178382
3640601170;178383
3640621579;178384
3640641988;178385
3640662397;178386
3640682805;178387
3640703215;178388
3640723624;178389
3640744033;178390
3640764442;178391
3640784850;178392
3640805260;178393
3640825673;178394
3640846077;178395
3640866487;178396
3640886895;178397
3640907305;178398
3640927714;178399
3640948122;178400
3640968532;178401
3640988940;178402
3641009350;178403
3641029758;178404
3641050167;178405
3641070577;178406
3641090985;178407
3641111394;178408
3641131803;178409
3641152212;178410
3641172621;178411
3641193030;178412
3641213439;178413
3641233848;178414
3641254257;178415
3641274666;178416
3641295075;178417
3641315484;178418
3641335893;178419
3641356306;178420
3641376710;178421
3641397120;178422
3641417529;178423
3641437941;178424
3641458347;178425
3641478755;178426
3641499164;178427
3641519574;178428
3641539982;178429
3641560392;178430
3641580804;178431
3641601209;178432
