3599768823;176382
3599789229;176383
3599809638;176384
3599830046;176385
3599850456;176386
3599870865;176387
3599891274;176388
3599911683;176389
3599932092;176390
3599952501;176391
3599972910;176392
3599993319;176393
3600013728;176394
3600034138;176395
3600054546;176396
3600074955;176397
3600095364;176398
3600115773;176399
3600136183;176400
3600156591;176401
3600177001;176402
3600197410;176403
3600217818;176404
3600238228;176405
3600258636;176406
3600279046;176407
3600299459;176408
3600319863;176409
3600340273;176410
3600360682;176411
3600381091;176412
3600401500;176413
3600421908;176414
3600442318;176415
3600462727;176416
3600483136;176417
3600503545;176418
3600523955;176419
3600544363;176420
3600564772;176421
3600585181;176422
3600605594;176423
3600626000;176424
3600646408;176425
3600666817;176426
3600687227;176427
3600707635;176428
3600728045;176429
3600748453;176430
3600768862;176431
3600789276;176432
3600809680;176433
3600830090;176434
3600850499;176435
3600870907;176436
3600891317;176437
3600911725;176438
3600932135;176439
3600952544;176440
3600972952;176441
3600993362;176442
3601013771;176443
3601034180;176444
3601054589;176445
3601075001;176446
3601095407;176447
3601115816;176448
3601136225;176449
3601156634;176450
3601177044;176451
3601197452;176452
3601217861;176453
3601238270;176454
3601258679;176455
3601279089;176456
3601299501;176457
3601319906;176458
3601340320;176459
3601360724;176460
3601381134;176461
3601401542;176462
3601421951;176463
3601442361;176464
3601462769;176465
3601483179;176466
3601503588;176467
3601523997;176468
3601544406;176469
3601564818;176470
3601585224;176471
3601605633;176472
3601626042;176473
3601646451;176474
3601666860;176475
3601687269;176476
3601707678;176477
3601728087;176478
3601748496;176479
3601768905;176480
3601789314;176481
3601809723;176482
3601830133;176483
3601850541;176484
3601870951;176485
3601891359;176486
3601911768;176487
3601932178;176488
3601952586;176489
3601972996;176490
3601993405;176491
3602013813;176492
3602034227;176493
3602054631;176494
3602075041;176495
3602095454;176496
3602115858;176497
3602136268;176498
3602156677;176499
3602177086;176500
3602197495;176501
3602217907;176502
3602238313;176503
3602258722;176504
3602279131;176505
3602299540;176506
3602319950;176507
3602340358;176508
3602360767;176509
3602381180;176510
3602401585;176511
3602421995;176512
3602442403;176513
3602462812;176514
3602483222;176515
3602503630;176516
3602524040;176517
3602544448;176518
3602564857;176519
3602585267;176520
3602605675;176521
3602626085;176522
3602646494;176523
3602666906;176524
3602687312;176525
3602707720;176526
3602728130;176527
3602748539;176528
3602768948;176529
3602789357;176530
3602809766;176531
3602830175;176532
3602850584;176533
3602870993;176534
3602891402;176535
3602911811;176536
3602932220;176537
3602952629;176538
3602973039;176539
3602993447;176540
3603013856;176541
3603034265;176542
3603054674;176543
3603075084;176544
3603095492;176545
3603115901;176546
3603136311;176547
3603156719;176548
3603177133;176549
3603197537;176550
3603217947;176551
3603238356;176552
3603258764;176553
3603279174;176554
3603299583;176555
3603319992;176556
3603340401;176557
3603360809;176558
3603381219;176559
3603401628;176560
3603422041;176561
3603442446;176562
3603462856;176563
3603483264;176564
3603503673;176565
3603524082;176566
3603544491;176567
3603564901;176568
3603585309;176569
3603605718;176570
3603626128;176571
3603646536;176572
3603666946;176573
3603687358;176574
3603707763;176575
3603728173;176576
3603748581;176577
3603768991;176578
3603789399;176579
3603809808;176580
3603830218;176581
3603850626;176582
3603871036;176583
3603891445;176584
3603911853;176585
3603932263;176586
3603952671;176587
3603973081;176588
3603993490;176589
3604013898;176590
3604034308;176591
3604054717;176592
3604075126;176593
3604095535;176594
3604115947;176595
3604136353;176596
3604156762;176597
3604177171;176598
3604197580;176599
3604217990;176600
3604238398;176601
3604258823;176602
3604279233;176603
3604299641;176604
3604320051;176605
3604340460;176606
3604360868;176607
3604381278;176608
3604401686;176609
3604422096;176610
3604442505;176611
3604462917;176612
3604483323;176613
3604503732;176614
3604524141;176615
3604544550;176616
3604564960;176617
3604585368;176618
3604605777;176619
3604626187;176620
3604646595;176621
3604667005;176622
3604687414;176623
3604707822;176624
3604728232;176625
3604748641;176626
3604769050;176627
3604789459;176628
3604809869;176629
3604830277;176630
3604850686;176631
3604871096;176632
3604891504;176633
3604911914;176634
3604932323;176635
3604952731;176636
3604973141;176637
3604993550;176638
3605013959;176639
3605034368;176640
3605054777;176641
3605075186;176642
3605095595;176643
3605116004;176644
3605136413;176645
3605156822;176646
3605177231;176647
3605197640;176648
3605218054;176649
3605238458;176650
3605258867;176651
3605279277;176652
3605299685;176653
3605320095;176654
3605340504;176655
3605360913;176656
3605381322;176657
3605401731;176658
3605422140;176659
3605442549;176660
3605462959;176661
3605483367;176662
3605503776;176663
3605524186;176664
3605544594;176665
3605565004;176666
3605585413;176667
3605605821;176668
3605626231;176669
3605646640;176670
3605667049;176671
3605687458;176672
3605707868;176673
3605728276;176674
3605748685;176675
3605769095;176676
3605789507;176677
3605809913;176678
3605830321;176679
3605850730;176680
3605871144;176681
3605891548;176682
3605911958;176683
3605932367;176684
3605952775;176685
3605973185;176686
3605993594;176687
3606014003;176688
3606034412;176689
3606054821;176690
3606075230;176691
3606095639;176692
3606116049;176693
3606136461;176694
3606156867;176695
3606177276;176696
3606197684;176697
3606218094;176698
3606238507;176699
3606258912;176700
3606279321;176701
3606299730;176702
3606320139;176703
3606340548;176704
3606360958;176705
3606381366;176706
3606401775;176707
3606422185;176708
3606442593;176709
3606463003;176710
3606483412;176711
3606503820;176712
3606524234;176713
3606544638;176714
3606565048;176715
3606585457;176716
3606605865;176717
3606626275;176718
3606646684;176719
3606667093;176720
3606687502;176721
3606707911;176722
3606728320;176723
3606748729;176724
3606769143;176725
3606789551;176726
3606809957;176727
3606830366;176728
3606850778;176729
3606871184;176730
3606891593;176731
3606912002;176732
3606932411;176733
3606952820;176734
3606973229;176735
3606993638;176736
3607014048;176737
3607034456;176738
3607054866;176739
3607075279;176740
3607095683;176741
3607116093;176742
3607136502;176743
3607156911;176744
3607177320;176745
3607197729;176746
3607218142;176747
3607238547;176748
3607258956;176749
3607279365;176750
3607299774;176751
3607320183;176752
3607340592;176753
3607361002;176754
3607381410;176755
3607401819;176756
3607422229;176757
3607442637;176758
3607463047;176759
3607483456;176760
3607503864;176761
3607524274;176762
3607544683;176763
3607565092;176764
3607585501;176765
3607605911;176766
3607626319;176767
3607646728;176768
3607667138;176769
3607687546;176770
3607707956;176771
3607728365;176772
3607748773;176773
3607769183;176774
3607789592;176775
3607810005;176776
3607830410;176777
3607850819;176778
3607871228;176779
3607891637;176780
3607912047;176781
3607932455;176782
3607952865;176783
3607973273;176784
3607993682;176785
3608014092;176786
3608034500;176787
3608054909;176788
3608075319;176789
3608095727;176790
3608116137;176791
3608136546;176792
3608156955;176793
3608177364;176794
3608197777;176795
3608218182;176796
3608238591;176797
3608259001;176798
3608279409;176799
3608299818;176800
3608320228;176801
3608340636;176802
3608361046;176803
3608381455;176804
3608401863;176805
3608422273;176806
3608442682;176807
3608463091;176808
3608483500;176809
3608503909;176810
3608524318;176811
3608544727;176812
3608565137;176813
3608585549;176814
3608605955;176815
3608626364;176816
3608646772;176817
3608667182;176818
3608687594;176819
3608708000;176820
3608728409;176821
3608748817;176822
3608769227;176823
3608789636;176824
3608810045;176825
3608830454;176826
3608850863;176827
3608871272;176828
3608891681;176829
3608912091;176830
3608932499;176831
3608952909;176832
3608973318;176833
3608993726;176834
3609014136;176835
3609034545;176836
3609054954;176837
3609075367;176838
3609095772;176839
3609116181;176840
3609136590;176841
3609156999;176842
3609177408;176843
3609197817;176844
3609218227;176845
3609238635;176846
3609259045;176847
3609279454;176848
3609299863;176849
3609320272;176850
3609340681;176851
3609361090;176852
3609381499;176853
3609401908;176854
3609422317;176855
3609442726;176856
3609463135;176857
3609483544;176858
3609503954;176859
3609524362;176860
3609544771;176861
3609565181;176862
3609585589;176863
3609605999;176864
3609626412;176865
3609646816;176866
3609667226;176867
3609687635;176868
3609708048;176869
3609728453;176870
3609748862;176871
3609769271;176872
3609789684;176873
3609810094;176874
3609830498;176875
3609850907;176876
3609871317;176877
3609891725;176878
3609912135;176879
3609932544;176880
3609952953;176881
3609973362;176882
3609993771;176883
3610014180;176884
3610034589;176885
3610054999;176886
3610075407;176887
3610095816;176888
3610116225;176889
3610136634;176890
3610157044;176891
3610177452;176892
3610197861;176893
3610218271;176894
3610238679;176895
3610259089;176896
3610279498;176897
3610299910;176898
3610320316;176899
3610340725;176900
3610361134;176901
3610381543;176902
3610401953;176903
3610422361;176904
3610442770;176905
3610463180;176906
3610483588;176907
3610503998;176908
3610524407;176909
3610544819;176910
3610565225;176911
3610585634;176912
3610606043;176913
3610626452;176914
3610646861;176915
3610667270;176916
3610687679;176917
3610708089;176918
3610728497;176919
3610748906;176920
3610769316;176921
3610789724;176922
3610810134;176923
3610830542;176924
3610850955;176925
3610871361;176926
3610891769;176927
3610912179;176928
3610932588;176929
3610952997;176930
3610973406;176931
3610993815;176932
3611014224;176933
3611034633;176934
3611055043;176935
3611075451;176936
3611095860;176937
3611116270;176938
3611136678;176939
3611157092;176940
3611177497;176941
3611197906;176942
3611218315;176943
3611238724;176944
3611259133;176945
3611279542;176946
3611299952;176947
3611320360;176948
3611340769;176949
3611361179;176950
3611381587;176951
3611401997;176952
3611422406;176953
3611442814;176954
3611463224;176955
3611483633;176956
3611504042;176957
3611524451;176958
3611544859;176959
3611565269;176960
3611585678;176961
3611606087;176962
3611626496;176963
3611646905;176964
3611667314;176965
3611687723;176966
3611708133;176967
3611728541;176968
3611748951;176969
3611769360;176970
3611789768;176971
3611810178;176972
3611830587;176973
3611850996;176974
3611871405;176975
3611891814;176976
3611912223;176977
3611932632;176978
3611953042;176979
3611973450;176980
3611993859;176981
3612014269;176982
3612034677;176983
3612055087;176984
3612075496;176985
3612095905;176986
3612116314;176987
3612136723;176988
3612157132;176989
3612177541;176990
3612197950;176991
3612218359;176992
3612238768;176993
3612259177;176994
3612279586;176995
3612300000;176996
3612320404;176997
3612340813;176998
3612361223;176999
3612381631;177000
3612402041;177001
3612422450;177002
3612442858;177003
3612463268;177004
3612483677;177005
3612504086;177006
3612524495;177007
3612544904;177008
3612565313;177009
3612585722;177010
3612606132;177011
3612626540;177012
3612646949;177013
3612667359;177014
3612687767;177015
3612708177;177016
3612728586;177017
3612748995;177018
3612769404;177019
3612789813;177020
3612810226;177021
3612830631;177022
3612851041;177023
3612871449;177024
3612891858;177025
3612912268;177026
3612932676;177027
3612953086;177028
3612973494;177029
3612993904;177030
3613014313;177031
3613034721;177032
3613055131;177033
3613075540;177034
3613095949;177035
3613116358;177036
3613136767;177037
3613157176;177038
3613177585;177039
3613197995;177040
3613218403;177041
3613238812;177042
3613259222;177043
3613279630;177044
3613300040;177045
3613320449;177046
3613340857;177047
3613361267;177048
3613381676;177049
3613402085;177050
3613422494;177051
3613442904;177052
3613463312;177053
3613483725;177054
3613504131;177055
3613524539;177056
3613544949;177057
3613565358;177058
3613585766;177059
3613606176;177060
3613626585;177061
3613646997;177062
3613667403;177063
3613687811;177064
3613708221;177065
3613728630;177066
3613749039;177067
3613769448;177068
3613789858;177069
3613810266;177070
3613830679;177071
3613851085;177072
3613871493;177073
3613891903;177074
3613912312;177075
3613932720;177076
3613953130;177077
3613973539;177078
3613993947;177079
3614014357;177080
3614034766;177081
3614055175;177082
3614075588;177083
3614095994;177084
3614116402;177085
3614136811;177086
3614157221;177087
3614177629;177088
3614198039;177089
3614218448;177090
3614238857;177091
3614259239;177092
3614279647;177093
3614300057;177094
3614320466;177095
3614340875;177096
3614361284;177097
3614381692;177098
3614402102;177099
3614422511;177100
3614442920;177101
3614463329;177102
3614483737;177103
3614504147;177104
3614524556;177105
3614544965;177106
3614565374;177107
3614585782;177108
3614606192;177109
3614626601;177110
3614647010;177111
3614667419;177112
3614687828;177113
3614708237;177114
3614728646;177115
3614749055;177116
3614769464;177117
3614789873;177118
3614810282;177119
3614830691;177120
3614851100;177121
3614871509;177122
3614891919;177123
3614912327;177124
3614932736;177125
3614953145;177126
3614973554;177127
3614993964;177128
3615014372;177129
3615034781;177130
3615055190;177131
3615075599;177132
3615096009;177133
3615116417;177134
3615136826;177135
3615157235;177136
3615177644;177137
3615198054;177138
3615218462;177139
3615238872;177140
3615259284;177141
3615279693;177142
3615300099;177143
3615320507;177144
3615340917;177145
3615361325;177146
3615381734;177147
3615402144;177148
3615422552;177149
3615442962;177150
3615463370;177151
3615483779;177152
3615504189;177153
3615524597;177154
3615545007;177155
3615565415;177156
3615585825;177157
3615606234;177158
3615626642;177159
3615647052;177160
3615667460;177161
3615687870;177162
3615708279;177163
3615728687;177164
3615749097;177165
3615769505;177166
3615789915;177167
3615810324;177168
3615830736;177169
3615851142;177170
3615871550;177171
3615891960;177172
3615912369;177173
3615932777;177174
3615953187;177175
3615973595;177176
3615994005;177177
3616014414;177178
3616034822;177179
3616055232;177180
3616075640;177181
3616096050;177182
3616116459;177183
3616136868;177184
3616157277;177185
3616177685;177186
3616198095;177187
3616218504;177188
3616238913;177189
3616259322;177190
3616279730;177191
3616300140;177192
3616320549;177193
3616340958;177194
3616361367;177195
3616381775;177196
3616402185;177197
3616422594;177198
3616443003;177199
3616463412;177200
3616483821;177201
3616504230;177202
3616524639;177203
3616545048;177204
3616565457;177205
3616585865;177206
3616606279;177207
3616626688;177208
3616647093;177209
3616667502;177210
3616687911;177211
3616708320;177212
3616728733;177213
3616749138;177214
3616769547;177215
3616789956;177216
3616810365;177217
3616830778;177218
3616851183;177219
3616871592;177220
3616892002;177221
3616912410;177222
3616932823;177223
3616953228;177224
3616973637;177225
3616994047;177226
3617014455;177227
3617034865;177228
3617055273;177229
3617075682;177230
3617096092;177231
3617116500;177232
3617136910;177233
3617157318;177234
3617177727;177235
3617198137;177236
3617218545;177237
3617238955;177238
3617259363;177239
3617279772;177240
3617300182;177241
3617320590;177242
3617341000;177243
3617361408;177244
3617381817;177245
3617402227;177246
3617422635;177247
3617443045;177248
3617463453;177249
3617483863;177250
3617504272;177251
3617524680;177252
3617545090;177253
3617565498;177254
3617585908;177255
3617606321;177256
3617626725;177257
3617647135;177258
3617667543;177259
3617687953;177260
3617708362;177261
3617728771;177262
3617749180;177263
3617769588;177264
3617789998;177265
3617810407;177266
3617830816;177267
3617851225;177268
3617871633;177269
3617892043;177270
3617912452;177271
3617932861;177272
3617953270;177273
3617973678;177274
3617994088;177275
3618014497;177276
3618034906;177277
3618055315;177278
3618075723;177279
3618096133;177280
3618116542;177281
3618136951;177282
3618157360;177283
3618177768;177284
3618198178;177285
3618218591;177286
3618238996;177287
3618259405;177288
3618279813;177289
3618300223;177290
3618320632;177291
3618341041;177292
3618361450;177293
3618381859;177294
3618402268;177295
3618422677;177296
3618443086;177297
3618463495;177298
3618483904;177299
3618504313;177300
3618524722;177301
3618545131;177302
3618565540;177303
3618585949;177304
3618606358;177305
3618626767;177306
3618647176;177307
3618667585;177308
3618687994;177309
3618708403;177310
3618728812;177311
3618749221;177312
3618769630;177313
3618790039;177314
3618810448;177315
3618830858;177316
3618851266;177317
3618871675;177318
3618892085;177319
3618912493;177320
3618932903;177321
3618953311;177322
3618973720;177323
3618994130;177324
3619014538;177325
3619034948;177326
3619055356;177327
3619075765;177328
3619096175;177329
3619116583;177330
3619136993;177331
3619157401;177332
3619177811;177333
3619198220;177334
3619218628;177335
3619239038;177336
3619259446;177337
3619279856;177338
3619300265;177339
3619320673;177340
3619341083;177341
3619361491;177342
3619381901;177343
3619402310;177344
3619422718;177345
3619443128;177346
3619463536;177347
3619483946;177348
3619504355;177349
3619524764;177350
3619545173;177351
3619565581;177352
3619585991;177353
3619606404;177354
3619626809;177355
3619647218;177356
3619667626;177357
3619688036;177358
3619708445;177359
3619728854;177360
3619749263;177361
3619769671;177362
3619790081;177363
3619810490;177364
3619830899;177365
3619851308;177366
3619871716;177367
3619892126;177368
3619912539;177369
3619932944;177370
3619953353;177371
3619973761;177372
3619994171;177373
3620014580;177374
3620034993;177375
3620055398;177376
3620075807;177377
3620096216;177378
3620116625;177379
3620137034;177380
3620157443;177381
3620177852;177382
3620198261;177383
3620218670;177384
3620239079;177385
3620259488;177386
3620279897;177387
3620300306;177388
3620320715;177389
3620341124;177390
3620361533;177391
3620381942;177392
3620402351;177393
3620422761;177394
3620443169;177395
3620463578;177396
3620483987;177397
3620504396;177398
3620524806;177399
3620545214;177400
3620565623;177401
3620586036;177402
3620606441;177403
3620626851;177404
3620647259;177405
3620667668;177406
3620688077;177407
3620708486;177408
3620728896;177409
3620749304;177410
3620769713;177411
3620790122;177412
3620810531;177413
3620830941;177414
3620851349;177415
3620871759;177416
3620892168;177417
3620912576;177418
3620932986;177419
3620953394;177420
3620973804;177421
3620994213;177422
3621014621;177423
3621035031;177424
3621055439;177425
3621075849;177426
3621096258;177427
3621116666;177428
3621137076;177429
3621157484;177430
3621177894;177431
3621198303;177432
3621218711;177433
3621239125;177434
3621259529;177435
3621279939;177436
3621300348;177437
3621320757;177438
3621341166;177439
3621361574;177440
3621381984;177441
3621402393;177442
3621422802;177443
3621443211;177444
3621463619;177445
3621484029;177446
3621504438;177447
3621524847;177448
3621545256;177449
3621565668;177450
3621586074;177451
3621606483;177452
3621626892;177453
3621647301;177454
3621667709;177455
3621688119;177456
3621708528;177457
3621728937;177458
3621749346;177459
3621769758;177460
3621790164;177461
3621810573;177462
3621830982;177463
3621851391;177464
3621871800;177465
3621892209;177466
3621912618;177467
3621933027;177468
3621953440;177469
3621973845;177470
3621994254;177471
3622014663;177472
3622035072;177473
3622055481;177474
3622075890;177475
3622096299;177476
3622116708;177477
3622137117;177478
3622157526;177479
3622177935;177480
3622198344;177481
3622218754;177482
3622239162;177483
3622259571;177484
3622279980;177485
3622300389;177486
3622320799;177487
3622341207;177488
3622361616;177489
3622382025;177490
3622402434;177491
3622422844;177492
3622443252;177493
3622463661;177494
3622484070;177495
3622504479;177496
3622524889;177497
3622545297;177498
3622565706;177499
3622586119;177500
3622606524;177501
3622626934;177502
3622647342;177503
3622667755;177504
3622688160;177505
3622708573;177506
3622728979;177507
3622749391;177508
3622769797;177509
3622790205;177510
3622810614;177511
3622831024;177512
3622851432;177513
3622871842;177514
3622892251;177515
3622912659;177516
3622933069;177517
3622953477;177518
3622973887;177519
3622994300;177520
3623014704;177521
3623035114;177522
3623055522;177523
3623075932;177524
3623096341;177525
3623116749;177526
3623137159;177527
3623157567;177528
3623177977;177529
3623198386;177530
3623218794;177531
3623239204;177532
3623259612;177533
3623280022;177534
3623300431;177535
3623320840;177536
3623341249;177537
3623361657;177538
3623382071;177539
3623402480;177540
3623422885;177541
3623443294;177542
3623463702;177543
3623484112;177544
3623504521;177545
3623524930;177546
3623545339;177547
3623565747;177548
3623586157;177549
3623606570;177550
3623626975;177551
3623647384;177552
3623667793;177553
3623688202;177554
3623708611;177555
3623729020;177556
3623749429;177557
3623769842;177558
3623790247;177559
3623810656;177560
3623831065;177561
3623851474;177562
3623871883;177563
3623892292;177564
3623912701;177565
3623933110;177566
3623953519;177567
3623973928;177568
3623994337;177569
3624014747;177570
3624035155;177571
3624055564;177572
3624075973;177573
3624096382;177574
3624116792;177575
3624137200;177576
3624157609;177577
3624178018;177578
3624198427;177579
3624218837;177580
3624239245;177581
3624259646;177582
3624280055;177583
3624300464;177584
3624320874;177585
3624341282;177586
3624361695;177587
3624382100;177588
3624402509;177589
3624422919;177590
3624443327;177591
3624463737;177592
3624484145;177593
3624504554;177594
3624524967;177595
3624545372;177596
3624565782;177597
3624586190;177598
3624606599;177599
3624627008;177600
3624647417;177601
3624667827;177602
3624688235;177603
3624708644;177604
3624729053;177605
3624749462;177606
3624769871;177607
3624790280;177608
3624810689;177609
3624831098;177610
3624851507;177611
3624871916;177612
3624892325;177613
3624912734;177614
3624933143;177615
3624953552;177616
3624973961;177617
3624994370;177618
3625014779;177619
3625035188;177620
3625055597;177621
3625076006;177622
3625096415;177623
3625116824;177624
3625137233;177625
3625157642;177626
3625178051;177627
3625198460;177628
3625218869;177629
3625239278;177630
3625259687;177631
3625280096;177632
3625300509;177633
3625320918;177634
3625341323;177635
3625361731;177636
3625382141;177637
3625402550;177638
3625422959;177639
3625443368;177640
3625463777;177641
3625484186;177642
3625504595;177643
3625525004;177644
3625545413;177645
3625565822;177646
3625586231;177647
3625606639;177648
3625627049;177649
3625647458;177650
3625667867;177651
3625688276;177652
3625708684;177653
3625729094;177654
3625749503;177655
3625769912;177656
3625790321;177657
3625810730;177658
3625831139;177659
3625851548;177660
3625871957;177661
3625892366;177662
3625912775;177663
3625933184;177664
3625953592;177665
3625974002;177666
3625994411;177667
3626014820;177668
3626035229;177669
3626055637;177670
3626076047;177671
3626096456;177672
3626116865;177673
3626137274;177674
3626157683;177675
3626178092;177676
3626198500;177677
3626218914;177678
3626239319;177679
3626259728;177680
3626280137;177681
3626300545;177682
3626320959;177683
3626341364;177684
3626361773;177685
3626382182;177686
3626402590;177687
3626423000;177688
3626443408;177689
3626463818;177690
3626484227;177691
3626504635;177692
3626525045;177693
3626545453;177694
3626565863;177695
3626586272;177696
3626606680;177697
3626627090;177698
3626647498;177699
3626667908;177700
3626688317;177701
3626708726;177702
3626729135;177703
3626749543;177704
3626769953;177705
3626790361;177706
3626810771;177707
3626831180;177708
3626851588;177709
3626871998;177710
3626892406;177711
3626912816;177712
3626933225;177713
3626953633;177714
3626974043;177715
3626994451;177716
3627014861;177717
3627035273;177718
3627055678;177719
3627076088;177720
3627096496;177721
3627116906;177722
3627137314;177723
3627157723;177724
3627178133;177725
3627198541;177726
3627218951;177727
3627239359;177728
3627259772;177729
3627280178;177730
3627300586;177731
3627320996;177732
3627341404;177733
3627361814;177734
3627382222;177735
3627402631;177736
3627423041;177737
3627443449;177738
3627463859;177739
3627484267;177740
3627504676;177741
3627525086;177742
3627545494;177743
3627565904;177744
3627586312;177745
3627606721;177746
3627627134;177747
3627647539;177748
3627667949;177749
3627688357;177750
3627708767;177751
3627729175;177752
3627749584;177753
3627769994;177754
3627790402;177755
3627810816;177756
3627831220;177757
3627851629;177758
3627872038;177759
3627892451;177760
3627912857;177761
3627933265;177762
3627953674;177763
3627974083;177764
3627994492;177765
3628014902;177766
3628035310;177767
3628055720;177768
3628076128;177769
3628096537;177770
3628116947;177771
3628137355;177772
3628157765;177773
3628178173;177774
3628198582;177775
3628218995;177776
3628239404;177777
3628259810;177778
3628280218;177779
3628300627;177780
3628321040;177781
3628341445;177782
3628361855;177783
3628382263;177784
3628402672;177785
3628423081;177786
3628443490;177787
3628463899;177788
3628484308;177789
3628504718;177790
3628525126;177791
3628545535;177792
3628565944;177793
3628586353;177794
3628606763;177795
3628627171;177796
3628647580;177797
3628667989;177798
3628688398;177799
3628708808;177800
3628729216;177801
3628749625;177802
3628770034;177803
3628790447;177804
3628810852;177805
3628831261;177806
3628851670;177807
3628872079;177808
3628892488;177809
3628912897;177810
3628933306;177811
3628953716;177812
3628974128;177813
3628994533;177814
3629014942;177815
3629035351;177816
3629055760;177817
3629076169;177818
3629096582;177819
3629116987;177820
3629137396;177821
3629157805;177822
3629178214;177823
3629198627;177824
3629219032;177825
3629239441;177826
3629259850;177827
3629280263;177828
3629300667;177829
3629321077;177830
3629341486;177831
3629361899;177832
3629382304;177833
3629402716;177834
3629423122;177835
3629443531;177836
3629463944;177837
3629484349;177838
3629504757;177839
3629525167;177840
3629545576;177841
3629565985;177842
3629586394;177843
3629606806;177844
3629627212;177845
3629647620;177846
3629668030;177847
3629688439;177848
3629708852;177849
3629729257;177850
3629749669;177851
3629770075;177852
3629790484;177853
3629810892;177854
3629831302;177855
3629851711;177856
3629872120;177857
3629892528;177858
3629912942;177859
3629933347;177860
3629953755;177861
3629974169;177862
3629994573;177863
3630014983;177864
3630035392;177865
3630055801;177866
3630076210;177867
3630096618;177868
3630117028;177869
3630137437;177870
3630157846;177871
3630178255;177872
3630198663;177873
3630219073;177874
3630239481;177875
3630259891;177876
3630280300;177877
3630300708;177878
3630321118;177879
3630341526;177880
3630361936;177881
3630382345;177882
3630402754;177883
3630423163;177884
3630443571;177885
3630463981;177886
3630484389;177887
3630504798;177888
3630525208;177889
3630545616;177890
3630566026;177891
3630586434;177892
3630606844;177893
3630627257;177894
3630647661;177895
3630668071;177896
3630688479;177897
3630708889;177898
3630729297;177899
3630749706;177900
3630770116;177901
3630790524;177902
3630810934;177903
3630831342;177904
3630851751;177905
3630872161;177906
3630892569;177907
3630912983;177908
3630933387;177909
3630953796;177910
3630974206;177911
3630994614;177912
3631015028;177913
3631035432;177914
3631055842;177915
3631076250;177916
3631096659;177917
3631117069;177918
3631137477;177919
3631157887;177920
3631178295;177921
3631198704;177922
3631219114;177923
3631239522;177924
3631259932;177925
3631280340;177926
3631300749;177927
3631321158;177928
3631341567;177929
3631361977;177930
3631382385;177931
3631402795;177932
3631423203;177933
3631443612;177934
3631464022;177935
3631484430;177936
3631504840;177937
3631525248;177938
3631545657;177939
3631566067;177940
3631586475;177941
3631606885;177942
3631627293;177943
3631647702;177944
3631668111;177945
3631688524;177946
3631708930;177947
3631729338;177948
3631749747;177949
3631770156;177950
3631790565;177951
3631810975;177952
3631831383;177953
3631851793;177954
3631872201;177955
3631892610;177956
3631913019;177957
3631933428;177958
3631953838;177959
3631974246;177960
3631994655;177961
3632015064;177962
3632035473;177963
3632055883;177964
3632076295;177965
3632096700;177966
3632117109;177967
3632137518;177968
3632157927;177969
3632178336;177970
3632198746;177971
3632219154;177972
3632239563;177973
3632259972;177974
3632280381;177975
3632300791;177976
3632321199;177977
3632341608;177978
3632362017;177979
3632382426;177980
3632402836;177981
3632423244;177982
3632443653;177983
3632464062;177984
3632484471;177985
3632504880;177986
3632525289;177987
3632545698;177988
3632566107;177989
3632586516;177990
3632606925;177991
3632627334;177992
3632647744;177993
3632668152;177994
3632688561;177995
3632708970;177996
3632729379;177997
3632749788;177998
3632770197;177999
3632790606;178000
3632811015;178001
3632831424;178002
3632851833;178003
3632872242;178004
3632892651;178005
3632913060;178006
3632933469;178007
3632953878;178008
3632974287;178009
3632994696;178010
3633015105;178011
3633035514;178012
3633055923;178013
3633076332;178014
3633096740;178015
3633117150;178016
3633137559;178017
3633157968;178018
3633178377;178019
3633198786;178020
3633219195;178021
3633239604;178022
3633260013;178023
3633280422;178024
3633300831;178025
3633321240;178026
3633341648;178027
3633362058;178028
3633382467;178029
3633402876;178030
3633423285;178031
3633443693;178032
3633464103;178033
3633484512;178034
3633504921;178035
3633525330;178036
3633545738;178037
3633566148;178038
3633586556;178039
3633606970;178040
3633627375;178041
3633647784;178042
3633668197;178043
3633688601;178044
3633709011;178045
3633729420;178046
3633749829;178047
3633770238;178048
3633790646;178049
3633811056;178050
3633831465;178051
3633851878;178052
3633872283;178053
3633892691;178054
3633913101;178055
3633933509;178056
3633953919;178057
3633974328;178058
3633994736;178059
3634015146;178060
3634035554;178061
3634055964;178062
3634076373;178063
3634096782;178064
3634117191;178065
3634137599;178066
3634158009;178067
3634178417;178068
3634198827;178069
3634219236;178070
3634239645;178071
3634260056;178072
3634280464;178073
3634300874;178074
3634321283;178075
3634341691;178076
3634362101;178077
3634382509;178078
3634402919;178079
3634423328;178080
3634443737;178081
3634464150;178082
3634484554;178083
3634504964;178084
3634525372;178085
3634545782;178086
3634566195;178087
3634586599;178088
3634607009;178089
3634627417;178090
3634647831;178091
3634668236;178092
3634688645;178093
3634709054;178094
3634729462;178095
3634749872;178096
3634770281;178097
3634790690;178098
3634811099;178099
3634831507;178100
3634851917;178101
3634872330;178102
3634892735;178103
3634913144;178104
3634933552;178105
3634953962;178106
3634974370;178107
3634994780;178108
3635015189;178109
3635035598;178110
3635056007;178111
3635076415;178112
3635096825;178113
3635117234;178114
3635137643;178115
3635158052;178116
3635178460;178117
3635198870;178118
3635219279;178119
3635239688;178120
3635260097;178121
3635280505;178122
3635300915;178123
3635321323;178124
3635341733;178125
3635362142;178126
3635382550;178127
3635402960;178128
3635423368;178129
3635443778;178130
3635464187;178131
3635484596;178132
3635505005;178133
3635525413;178134
3635545823;178135
3635566232;178136
3635586641;178137
3635607050;178138
3635627458;178139
3635647868;178140
3635668277;178141
3635688686;178142
3635709095;178143
3635729503;178144
3635749913;178145
3635770321;178146
3635790731;178147
3635811140;178148
3635831548;178149
3635851958;178150
3635872366;178151
3635892776;178152
3635913185;178153
3635933597;178154
3635954003;178155
3635974411;178156
3635994825;178157
3636015230;178158
3636035639;178159
3636056048;178160
3636076456;178161
3636096866;178162
3636117274;178163
3636137684;178164
3636158093;178165
3636178501;178166
3636198911;178167
3636219319;178168
3636239729;178169
3636260138;178170
3636280547;178171
3636300956;178172
3636321364;178173
3636341778;178174
3636362183;178175
3636382592;178176
3636403001;178177
3636423409;178178
3636443819;178179
3636464228;178180
3636484637;178181
3636505046;178182
3636525454;178183
3636545864;178184
3636566272;178185
3636586682;178186
3636607091;178187
3636627500;178188
3636647909;178189
3636668317;178190
3636688727;178191
3636709136;178192
3636729544;178193
3636749954;178194
3636770362;178195
3636790772;178196
3636811181;178197
3636831589;178198
3636851999;178199
3636872407;178200
3636892817;178201
3636913225;178202
3636933635;178203
3636954044;178204
3636974452;178205
3636994862;178206
3637015270;178207
3637035680;178208
3637056089;178209
3637076497;178210
3637096907;178211
3637117315;178212
3637137725;178213
3637158134;178214
3637178542;178215
3637198952;178216
3637219360;178217
3637239770;178218
3637260183;178219
3637280587;178220
3637300997;178221
3637321409;178222
3637341815;178223
3637362223;178224
3637382633;178225
3637403042;178226
3637423450;178227
3637443860;178228
3637464268;178229
3637484678;178230
3637505087;178231
3637525495;178232
3637545905;178233
3637566313;178234
3637586723;178235
3637607132;178236
3637627541;178237
3637647953;178238
3637668358;178239
3637688768;178240
3637709176;178241
3637729586;178242
3637749995;178243
3637770403;178244
3637790813;178245
3637811221;178246
3637831631;178247
3637852040;178248
3637872448;178249
3637892858;178250
3637913266;178251
3637933676;178252
3637954085;178253
3637974493;178254
3637994903;178255
3638015311;178256
3638035721;178257
3638056130;178258
3638076538;178259
3638096948;178260
3638117356;178261
3638137766;178262
3638158174;178263
3638178584;178264
3638198993;178265
3638219401;178266
3638239811;178267
3638260223;178268
3638280629;178269
3638301038;178270
3638321446;178271
3638341856;178272
3638362268;178273
3638382674;178274
3638403087;178275
3638423491;178276
3638443901;178277
3638464309;178278
3638484719;178279
3638505127;178280
3638525537;178281
3638545946;178282
3638566354;178283
3638586764;178284
3638607172;178285
3638627582;178286
3638647991;178287
3638668399;178288
3638688809;178289
3638709217;178290
3638729627;178291
3638750036;178292
3638770444;178293
3638790854;178294
3638811262;178295
3638831672;178296
3638852081;178297
3638872489;178298
3638892899;178299
3638913307;178300
3638933717;178301
3638954125;178302
3638974534;178303
3638994944;178304
3639015352;178305
3639035762;178306
3639056170;178307
3639076580;178308
3639096989;178309
3639117397;178310
3639137807;178311
3639158215;178312
3639178625;178313
3639199034;178314
3639219442;178315
3639239852;178316
3639260260;178317
3639280670;178318
3639301078;178319
3639321488;178320
3639341897;178321
3639362305;178322
3639382715;178323
3639403123;178324
3639423533;178325
3639443942;178326
3639464350;178327
3639484760;178328
3639505168;178329
3639525578;178330
3639545987;178331
3639566395;178332
3639586805;178333
3639607213;178334
3639627623;178335
3639648032;178336
3639668440;178337
3639688850;178338
3639709262;178339
3639729668;178340
3639750076;178341
3639770486;178342
3639790895;178343
3639811303;178344
3639831713;178345
3639852121;178346
3639872531;178347
3639892940;178348
3639913348;178349
3639933762;178350
3639954166;178351
3639974576;178352
3639994989;178353
3640015397;178354
3640035803;178355
3640056211;178356
3640076621;178357
3640097029;178358
3640117439;178359
3640137848;178360
3640158256;178361
3640178666;178362
3640199074;178363
3640219484;178364
3640239893;178365
3640260301;178366
3640280711;178367
3640301119;178368
3640321529;178369
3640341942;178370
3640362346;178371
3640382756;178372
3640403164;178373
3640423574;178374
3640443983;178375
3640464391;178376
3640484801;178377
3640505209;178378
3640525619;178379
3640546027;178380
3640566437;178381
3640586846;178382
3640607254;178383
3640627664;178384
3640648072;178385
3640668482;178386
3640688891;178387
3640709299;178388
3640729713;178389
3640750117;178390
3640770527;178391
3640790940;178392
3640811344;178393
3640831754;178394
3640852162;178395
3640872572;178396
3640892981;178397
3640913389;178398
3640933799;178399
3640954207;178400
3640974617;178401
3640995025;178402
3641015434;178403
3641035844;178404
3641056252;178405
3641076662;178406
3641097070;178407
3641117480;178408
3641137889;178409
3641158297;178410
3641178707;178411
3641199115;178412
3641219525;178413
3641239934;178414
3641260346;178415
3641280752;178416
3641301160;178417
3641321574;178418
3641341978;178419
3641362387;178420
3641382797;178421
3641403205;178422
3641423615;178423
3641444023;178424
3641464433;178425
3641484842;178426
3641505250;178427
3641525660;178428
3641546068;178429
3641566477;178430
3641586891;178431
