3599766971;176382
3599787377;176383
3599807786;176384
3599828194;176385
3599848604;176386
3599869013;176387
3599889426;176388
3599909831;176389
3599930243;176390
3599950649;176391
3599971058;176392
3599991467;176393
3600011876;176394
3600032285;176395
3600052694;176396
3600073103;176397
3600093512;176398
3600113921;176399
3600134330;176400
3600154739;176401
3600175148;176402
3600195558;176403
3600215966;176404
3600236375;176405
3600256788;176406
3600277193;176407
3600297603;176408
3600318015;176409
3600338420;176410
3600358830;176411
3600379238;176412
3600399648;176413
3600420056;176414
3600440465;176415
3600460875;176416
3600481287;176417
3600501693;176418
3600522106;176419
3600542510;176420
3600562920;176421
3600583328;176422
3600603738;176423
3600624147;176424
3600644555;176425
3600664965;176426
3600685374;176427
3600705783;176428
3600726192;176429
3600746600;176430
3600767010;176431
3600787419;176432
3600807828;176433
3600828237;176434
3600848650;176435
3600869055;176436
3600889464;176437
3600909873;176438
3600930282;176439
3600950691;176440
3600971100;176441
3600991509;176442
3601011919;176443
3601032327;176444
3601052736;176445
3601073145;176446
3601093554;176447
3601113964;176448
3601134372;176449
3601154781;176450
3601175191;176451
3601195599;176452
3601216009;176453
3601236417;176454
3601256826;176455
3601277236;176456
3601297644;176457
3601318054;176458
3601338463;176459
3601358871;176460
3601379281;176461
3601399689;176462
3601420099;176463
3601440508;176464
3601460916;176465
3601481326;176466
3601501735;176467
3601522143;176468
3601542553;176469
3601562961;176470
3601583371;176471
3601603780;176472
3601624189;176473
3601644598;176474
3601665006;176475
3601685416;176476
3601705825;176477
3601726234;176478
3601746643;176479
3601767052;176480
3601787461;176481
3601807870;176482
3601828278;176483
3601848688;176484
3601869097;176485
3601889506;176486
3601909915;176487
3601930325;176488
3601950733;176489
3601971142;176490
3601991551;176491
3602011964;176492
3602032369;176493
3602052778;176494
3602073187;176495
3602093597;176496
3602114005;176497
3602134415;176498
3602154827;176499
3602175236;176500
3602195642;176501
3602216054;176502
3602236460;176503
3602256869;176504
3602277277;176505
3602297687;176506
3602318095;176507
3602338504;176508
3602358914;176509
3602379322;176510
3602399732;176511
3602420141;176512
3602440549;176513
3602460959;176514
3602481371;176515
3602501777;176516
3602522186;176517
3602542595;176518
3602563004;176519
3602583413;176520
3602603822;176521
3602624235;176522
3602644643;176523
3602665049;176524
3602685458;176525
3602705867;176526
3602726276;176527
3602746685;176528
3602767094;176529
3602787503;176530
3602807912;176531
3602828321;176532
3602848730;176533
3602869139;176534
3602889548;176535
3602909958;176536
3602930366;176537
3602950775;176538
3602971184;176539
3602991593;176540
3603012003;176541
3603032411;176542
3603052820;176543
3603073230;176544
3603093638;176545
3603114048;176546
3603134456;176547
3603154865;176548
3603175275;176549
3603195683;176550
3603216093;176551
3603236502;176552
3603256911;176553
3603277320;176554
3603297728;176555
3603318138;176556
3603338547;176557
3603358955;176558
3603379365;176559
3603399774;176560
3603420183;176561
3603440592;176562
3603461004;176563
3603481410;176564
3603501819;176565
3603522228;176566
3603542637;176567
3603563046;176568
3603583455;176569
3603603864;176570
3603624273;176571
3603644682;176572
3603665091;176573
3603685500;176574
3603705909;176575
3603726319;176576
3603746727;176577
3603767136;176578
3603787545;176579
3603807954;176580
3603828364;176581
3603848772;176582
3603869181;176583
3603889591;176584
3603909999;176585
3603930409;176586
3603950817;176587
3603971226;176588
3603991636;176589
3604012048;176590
3604032454;176591
3604052863;176592
3604073271;176593
3604093681;176594
3604114089;176595
3604134499;176596
3604154908;176597
3604175316;176598
3604195726;176599
3604216135;176600
3604236544;176601
3604256969;176602
3604277377;176603
3604297787;176604
3604318196;176605
3604338605;176606
3604359014;176607
3604379423;176608
3604399832;176609
3604420241;176610
3604440655;176611
3604461059;176612
3604481468;176613
3604501878;176614
3604522286;176615
3604542696;176616
3604563105;176617
3604583517;176618
3604603923;176619
3604624332;176620
3604644741;176621
3604665150;176622
3604685563;176623
3604705968;176624
3604726377;176625
3604746787;176626
3604767195;176627
3604787604;176628
3604808014;176629
3604828422;176630
3604848832;176631
3604869241;176632
3604889649;176633
3604910059;176634
3604930468;176635
3604950877;176636
3604971286;176637
3604991694;176638
3605012104;176639
3605032513;176640
3605052922;176641
3605073331;176642
3605093740;176643
3605114149;176644
3605134562;176645
3605154971;176646
3605175376;176647
3605195785;176648
3605216195;176649
3605236603;176650
3605257016;176651
3605277426;176652
3605297830;176653
3605318240;176654
3605338649;176655
3605359058;176656
3605379467;176657
3605399876;176658
3605420285;176659
3605440694;176660
3605461104;176661
3605481512;176662
3605501921;176663
3605522331;176664
3605542739;176665
3605563149;176666
3605583558;176667
3605603966;176668
3605624380;176669
3605644785;176670
3605665194;176671
3605685607;176672
3605706011;176673
3605726421;176674
3605746830;176675
3605767239;176676
3605787648;176677
3605808057;176678
3605828466;176679
3605848875;176680
3605869285;176681
3605889693;176682
3605910102;176683
3605930512;176684
3605950924;176685
3605971330;176686
3605991739;176687
3606012147;176688
3606032557;176689
3606052966;176690
3606073375;176691
3606093784;176692
3606114193;176693
3606134602;176694
3606155011;176695
3606175421;176696
3606195829;176697
3606216238;176698
3606236648;176699
3606257056;176700
3606277465;176701
3606297875;176702
3606318283;176703
3606338693;176704
3606359102;176705
3606379511;176706
3606399920;176707
3606420328;176708
3606440738;176709
3606461147;176710
3606481555;176711
3606501965;176712
3606522374;176713
3606542783;176714
3606563192;176715
3606583602;176716
3606604010;176717
3606624419;176718
3606644829;176719
3606665237;176720
3606685647;176721
3606706056;176722
3606726464;176723
3606746878;176724
3606767283;176725
3606787691;176726
3606808101;176727
3606828510;176728
3606848919;176729
3606869328;176730
3606889737;176731
3606910146;176732
3606930555;176733
3606950965;176734
3606971373;176735
3606991782;176736
3607012192;176737
3607032600;176738
3607053010;176739
3607073419;176740
3607093827;176741
3607114237;176742
3607134645;176743
3607155055;176744
3607175464;176745
3607195872;176746
3607216282;176747
3607236691;176748
3607257100;176749
3607277509;176750
3607297918;176751
3607318327;176752
3607338736;176753
3607359150;176754
3607379554;176755
3607399963;176756
3607420373;176757
3607440781;176758
3607461191;176759
3607481600;176760
3607502008;176761
3607522418;176762
3607542827;176763
3607563236;176764
3607583645;176765
3607604058;176766
3607624463;176767
3607644872;176768
3607665282;176769
3607685690;176770
3607706099;176771
3607726513;176772
3607746921;176773
3607767327;176774
3607787736;176775
3607808144;176776
3607828554;176777
3607848962;176778
3607869372;176779
3607889781;176780
3607910189;176781
3607930599;176782
3607951008;176783
3607971417;176784
3607991826;176785
3608012235;176786
3608032644;176787
3608053053;176788
3608073463;176789
3608093871;176790
3608114280;176791
3608134690;176792
3608155098;176793
3608175508;176794
3608195917;176795
3608216325;176796
3608236735;176797
3608257144;176798
3608277553;176799
3608297962;176800
3608318375;176801
3608338780;176802
3608359189;176803
3608379599;176804
3608400007;176805
3608420416;176806
3608440830;176807
3608461234;176808
3608481644;176809
3608502053;176810
3608522465;176811
3608542871;176812
3608563279;176813
3608583689;176814
3608604098;176815
3608624510;176816
3608644916;176817
3608665325;176818
3608685737;176819
3608706143;176820
3608726552;176821
3608746961;176822
3608767370;176823
3608787780;176824
3608808188;176825
3608828597;176826
3608849007;176827
3608869415;176828
3608889825;176829
3608910234;176830
3608930642;176831
3608951052;176832
3608971461;176833
3608991870;176834
3609012279;176835
3609032688;176836
3609053097;176837
3609073506;176838
3609093916;176839
3609114324;176840
3609134733;176841
3609155143;176842
3609175551;176843
3609195961;176844
3609216370;176845
3609236778;176846
3609257188;176847
3609277596;176848
3609298006;176849
3609318415;176850
3609338823;176851
3609359233;176852
3609379642;176853
3609400051;176854
3609420460;176855
3609440869;176856
3609461278;176857
3609481687;176858
3609502097;176859
3609522505;176860
3609542914;176861
3609563324;176862
3609583736;176863
3609604142;176864
3609624551;176865
3609644959;176866
3609665369;176867
3609685778;176868
3609706187;176869
3609726596;176870
3609747005;176871
3609767414;176872
3609787823;176873
3609808232;176874
3609828641;176875
3609849050;176876
3609869460;176877
3609889868;176878
3609910277;176879
3609930687;176880
3609951095;176881
3609971505;176882
3609991913;176883
3610012322;176884
3610032732;176885
3610053140;176886
3610073550;176887
3610093959;176888
3610114367;176889
3610134777;176890
3610155186;176891
3610175595;176892
3610196004;176893
3610216413;176894
3610236822;176895
3610257231;176896
3610277645;176897
3610298053;176898
3610318458;176899
3610338868;176900
3610359276;176901
3610379686;176902
3610400095;176903
3610420503;176904
3610440913;176905
3610461322;176906
3610481731;176907
3610502140;176908
3610522549;176909
3610542958;176910
3610563367;176911
3610583777;176912
3610604185;176913
3610624594;176914
3610645004;176915
3610665412;176916
3610685822;176917
3610706234;176918
3610726639;176919
3610747049;176920
3610767457;176921
3610787867;176922
3610808276;176923
3610828684;176924
3610849094;176925
3610869503;176926
3610889916;176927
3610910321;176928
3610930730;176929
3610951139;176930
3610971548;176931
3610991958;176932
3611012366;176933
3611032779;176934
3611053185;176935
3611073593;176936
3611094003;176937
3611114412;176938
3611134824;176939
3611155230;176940
3611175639;176941
3611196051;176942
3611216457;176943
3611236866;176944
3611257275;176945
3611277684;176946
3611298094;176947
3611318502;176948
3611338911;176949
3611359321;176950
3611379729;176951
3611400139;176952
3611420547;176953
3611440956;176954
3611461366;176955
3611481774;176956
3611502187;176957
3611522593;176958
3611543001;176959
3611563411;176960
3611583820;176961
3611604229;176962
3611624638;176963
3611645047;176964
3611665456;176965
3611685865;176966
3611706275;176967
3611726683;176968
3611747092;176969
3611767502;176970
3611787910;176971
3611808320;176972
3611828729;176973
3611849137;176974
3611869547;176975
3611889956;176976
3611910365;176977
3611930774;176978
3611951183;176979
3611971592;176980
3611992001;176981
3612012411;176982
3612032819;176983
3612053228;176984
3612073637;176985
3612094046;176986
3612114455;176987
3612134864;176988
3612155273;176989
3612175683;176990
3612196091;176991
3612216500;176992
3612236910;176993
3612257318;176994
3612277728;176995
3612298137;176996
3612318545;176997
3612338955;176998
3612359364;176999
3612379773;177000
3612400186;177001
3612420592;177002
3612441000;177003
3612461409;177004
3612481819;177005
3612502231;177006
3612522636;177007
3612543046;177008
3612563454;177009
3612583864;177010
3612604273;177011
3612624682;177012
3612645091;177013
3612665500;177014
3612685909;177015
3612706318;177016
3612726728;177017
3612747136;177018
3612767545;177019
3612787954;177020
3612808363;177021
3612828773;177022
3612849181;177023
3612869590;177024
3612890004;177025
3612910412;177026
3612930817;177027
3612951227;177028
3612971635;177029
3612992045;177030
3613012454;177031
3613032862;177032
3613053276;177033
3613073681;177034
3613094090;177035
3613114499;177036
3613134908;177037
3613155321;177038
3613175726;177039
3613196136;177040
3613216544;177041
3613236953;177042
3613257363;177043
3613277771;177044
3613298181;177045
3613318590;177046
3613338998;177047
3613359408;177048
3613379817;177049
3613400226;177050
3613420635;177051
3613441044;177052
3613461453;177053
3613481862;177054
3613502271;177055
3613522680;177056
3613543090;177057
3613563498;177058
3613583907;177059
3613604317;177060
3613624725;177061
3613645134;177062
3613665544;177063
3613685952;177064
3613706362;177065
3613726771;177066
3613747183;177067
3613767593;177068
3613787998;177069
3613808411;177070
3613828816;177071
3613849225;177072
3613869634;177073
3613890043;177074
3613910453;177075
3613930861;177076
3613951270;177077
3613971680;177078
3613992088;177079
3614012498;177080
3614032911;177081
3614053315;177082
3614073725;177083
3614094134;177084
3614114543;177085
3614134952;177086
3614155361;177087
3614175770;177088
3614196179;177089
3614216588;177090
3614236997;177091
3614257379;177092
3614277792;177093
3614298197;177094
3614318607;177095
3614339015;177096
3614359424;177097
3614379833;177098
3614400242;177099
3614420652;177100
3614441060;177101
3614461469;177102
3614481878;177103
3614502287;177104
3614522697;177105
3614543109;177106
3614563514;177107
3614583923;177108
3614604332;177109
3614624742;177110
3614645150;177111
3614665559;177112
3614685968;177113
3614706377;177114
3614726787;177115
3614747195;177116
3614767604;177117
3614788013;177118
3614808422;177119
3614828832;177120
3614849240;177121
3614869649;177122
3614890058;177123
3614910467;177124
3614930880;177125
3614951285;177126
3614971698;177127
3614992103;177128
3615012512;177129
3615032922;177130
3615053330;177131
3615073739;177132
3615094148;177133
3615114557;177134
3615134967;177135
3615155375;177136
3615175784;177137
3615196193;177138
3615216606;177139
3615237012;177140
3615257420;177141
3615277829;177142
3615298238;177143
3615318647;177144
3615339057;177145
3615359465;177146
3615379878;177147
3615400284;177148
3615420692;177149
3615441102;177150
3615461510;177151
3615481923;177152
3615502329;177153
3615522737;177154
3615543147;177155
3615563555;177156
3615583964;177157
3615604374;177158
3615624782;177159
3615645192;177160
3615665600;177161
3615686009;177162
3615706419;177163
3615726827;177164
3615747237;177165
3615767645;177166
3615788054;177167
3615808464;177168
3615828872;177169
3615849286;177170
3615869690;177171
3615890099;177172
3615910509;177173
3615930917;177174
3615951327;177175
3615971735;177176
3615992144;177177
3616012554;177178
3616032962;177179
3616053371;177180
3616073780;177181
3616094193;177182
3616114599;177183
3616135007;177184
3616155417;177185
3616175829;177186
3616196234;177187
3616216644;177188
3616237056;177189
3616257462;177190
3616277870;177191
3616298283;177192
3616318689;177193
3616339097;177194
3616359506;177195
3616379915;177196
3616400324;177197
3616420738;177198
3616441142;177199
3616461551;177200
3616481960;177201
3616502369;177202
3616522779;177203
3616543187;177204
3616563596;177205
3616584005;177206
3616604414;177207
3616624824;177208
3616645232;177209
3616665642;177210
3616686050;177211
3616706459;177212
3616726869;177213
3616747281;177214
3616767687;177215
3616788095;177216
3616808504;177217
3616828914;177218
3616849322;177219
3616869731;177220
3616890140;177221
3616910549;177222
3616930959;177223
3616951367;177224
3616971776;177225
3616992185;177226
3617012594;177227
3617033004;177228
3617053412;177229
3617073822;177230
3617094230;177231
3617114639;177232
3617135049;177233
3617155457;177234
3617175866;177235
3617196279;177236
3617216684;177237
3617237094;177238
3617257502;177239
3617277912;177240
3617298320;177241
3617318729;177242
3617339143;177243
3617359547;177244
3617379957;177245
3617400366;177246
3617420774;177247
3617441184;177248
3617461592;177249
3617482005;177250
3617502415;177251
3617522819;177252
3617543229;177253
3617563637;177254
3617584046;177255
3617604456;177256
3617624864;177257
3617645274;177258
3617665682;177259
3617686092;177260
3617706501;177261
3617726909;177262
3617747319;177263
3617767731;177264
3617788136;177265
3617808546;177266
3617828954;177267
3617849364;177268
3617869772;177269
3617890181;177270
3617910591;177271
3617930999;177272
3617951409;177273
3617971817;177274
3617992230;177275
3618012640;177276
3618033048;177277
3618053454;177278
3618073862;177279
3618094271;177280
3618114681;177281
3618135093;177282
3618155499;177283
3618175911;177284
3618196320;177285
3618216726;177286
3618237134;177287
3618257544;177288
3618277952;177289
3618298361;177290
3618318771;177291
3618339179;177292
3618359589;177293
3618379997;177294
3618400406;177295
3618420816;177296
3618441224;177297
3618461634;177298
3618482042;177299
3618502451;177300
3618522865;177301
3618543273;177302
3618563679;177303
3618584087;177304
3618604496;177305
3618624906;177306
3618645314;177307
3618665724;177308
3618686132;177309
3618706545;177310
3618726951;177311
3618747359;177312
3618767769;177313
3618788177;177314
3618808586;177315
3618828996;177316
3618849404;177317
3618869814;177318
3618890222;177319
3618910631;177320
3618931041;177321
3618951449;177322
3618971859;177323
3618992267;177324
3619012676;177325
3619033086;177326
3619053494;177327
3619073904;177328
3619094312;177329
3619114721;177330
3619135131;177331
3619155539;177332
3619175949;177333
3619196357;177334
3619216766;177335
3619237176;177336
3619257584;177337
3619277998;177338
3619298402;177339
3619318811;177340
3619339221;177341
3619359629;177342
3619380039;177343
3619400448;177344
3619420856;177345
3619441266;177346
3619461674;177347
3619482088;177348
3619502493;177349
3619522901;177350
3619543311;177351
3619563719;177352
3619584129;177353
3619604538;177354
3619624946;177355
3619645356;177356
3619665764;177357
3619686174;177358
3619706583;177359
3619726991;177360
3619747401;177361
3619767809;177362
3619788219;177363
3619808628;177364
3619829036;177365
3619849446;177366
3619869854;177367
3619890264;177368
3619910673;177369
3619931081;177370
3619951491;177371
3619971899;177372
3619992309;177373
3620012718;177374
3620033126;177375
3620053536;177376
3620073944;177377
3620094354;177378
3620114763;177379
3620135171;177380
3620155581;177381
3620175989;177382
3620196399;177383
3620216808;177384
3620237216;177385
3620257626;177386
3620278034;177387
3620298444;177388
3620318853;177389
3620339261;177390
3620359671;177391
3620380079;177392
3620400489;177393
3620420902;177394
3620441306;177395
3620461716;177396
3620482124;177397
3620502534;177398
3620522943;177399
3620543351;177400
3620563761;177401
3620584173;177402
3620604579;177403
3620624988;177404
3620645396;177405
3620665806;177406
3620686214;177407
3620706624;177408
3620727033;177409
3620747441;177410
3620767851;177411
3620788263;177412
3620808669;177413
3620829078;177414
3620849486;177415
3620869896;177416
3620890304;177417
3620910717;177418
3620931123;177419
3620951531;177420
3620971941;177421
3620992349;177422
3621012759;177423
3621033168;177424
3621053576;177425
3621073986;177426
3621094394;177427
3621114803;177428
3621135213;177429
3621155621;177430
3621176031;177431
3621196439;177432
3621216848;177433
3621237258;177434
3621257666;177435
3621278076;177436
3621298484;177437
3621318893;177438
3621339303;177439
3621359711;177440
3621380121;177441
3621400533;177442
3621420939;177443
3621441348;177444
3621461756;177445
3621482170;177446
3621502575;177447
3621522983;177448
3621543393;177449
3621563801;177450
3621584211;177451
3621604620;177452
3621625028;177453
3621645438;177454
3621665846;177455
3621686256;177456
3621706665;177457
3621727073;177458
3621747483;177459
3621767891;177460
3621788301;177461
3621808710;177462
3621829122;177463
3621849528;177464
3621869936;177465
3621890346;177466
3621910755;177467
3621931163;177468
3621951573;177469
3621971981;177470
3621992391;177471
3622012800;177472
3622033208;177473
3622053618;177474
3622074026;177475
3622094436;177476
3622114845;177477
3622135253;177478
3622155663;177479
3622176071;177480
3622196481;177481
3622216894;177482
3622237298;177483
3622257712;177484
3622278116;177485
3622298526;177486
3622318935;177487
3622339343;177488
3622359753;177489
3622380161;177490
3622400571;177491
3622420980;177492
3622441388;177493
3622461802;177494
3622482206;177495
3622502616;177496
3622523025;177497
3622543433;177498
3622563847;177499
3622584251;177500
3622604661;177501
3622625070;177502
3622645478;177503
3622665888;177504
3622686296;177505
3622706706;177506
3622727119;177507
3622747523;177508
3622767933;177509
3622788341;177510
3622808751;177511
3622829164;177512
3622849568;177513
3622869978;177514
3622890386;177515
3622910796;177516
3622931205;177517
3622951613;177518
3622972023;177519
3622992431;177520
3623012844;177521
3623033250;177522
3623053658;177523
3623074068;177524
3623094476;177525
3623114886;177526
3623135295;177527
3623155703;177528
3623176113;177529
3623196521;177530
3623216931;177531
3623237340;177532
3623257748;177533
3623278158;177534
3623298566;177535
3623318976;177536
3623339385;177537
3623359793;177538
3623380203;177539
3623400611;177540
3623421021;177541
3623441430;177542
3623461838;177543
3623482248;177544
3623502657;177545
3623523065;177546
3623543475;177547
3623563883;177548
3623584293;177549
3623604702;177550
3623625110;177551
3623645520;177552
3623665928;177553
3623686338;177554
3623706751;177555
3623727156;177556
3623747565;177557
3623767973;177558
3623788383;177559
3623808792;177560
3623829200;177561
3623849610;177562
3623870018;177563
3623890428;177564
3623910837;177565
3623931246;177566
3623951655;177567
3623972063;177568
3623992473;177569
3624012882;177570
3624033291;177571
3624053700;177572
3624074108;177573
3624094518;177574
3624114927;177575
3624135335;177576
3624155745;177577
3624176157;177578
3624196563;177579
3624216972;177580
3624237380;177581
3624257782;177582
3624278190;177583
3624298600;177584
3624319009;177585
3624339418;177586
3624359827;177587
3624380235;177588
3624400645;177589
3624421053;177590
3624441463;177591
3624461872;177592
3624482280;177593
3624502690;177594
3624523098;177595
3624543508;177596
3624563917;177597
3624584325;177598
3624604735;177599
3624625143;177600
3624645553;177601
3624665961;177602
3624686370;177603
3624706780;177604
3624727188;177605
3624747598;177606
3624768006;177607
3624788415;177608
3624808825;177609
3624829233;177610
3624849646;177611
3624870051;177612
3624890460;177613
3624910870;177614
3624931278;177615
3624951687;177616
3624972096;177617
3624992505;177618
3625012914;177619
3625033323;177620
3625053733;177621
3625074141;177622
3625094550;177623
3625114959;177624
3625135368;177625
3625155777;177626
3625176190;177627
3625196595;177628
3625217004;177629
3625237413;177630
3625257821;177631
3625278231;177632
3625298640;177633
3625319049;177634
3625339458;177635
3625359866;177636
3625380276;177637
3625400685;177638
3625421098;177639
3625441503;177640
3625461911;177641
3625482321;177642
3625502730;177643
3625523139;177644
3625543548;177645
3625563956;177646
3625584366;177647
3625604774;177648
3625625184;177649
3625645593;177650
3625666001;177651
3625686411;177652
3625706819;177653
3625727233;177654
3625747638;177655
3625768046;177656
3625788456;177657
3625808864;177658
3625829274;177659
3625849682;177660
3625870091;177661
3625890501;177662
3625910909;177663
3625931319;177664
3625951727;177665
3625972136;177666
3625992550;177667
3626012954;177668
3626033364;177669
3626053772;177670
3626074181;177671
3626094590;177672
3626114999;177673
3626135409;177674
3626155817;177675
3626176226;177676
3626196635;177677
3626217044;177678
3626237454;177679
3626257866;177680
3626278271;177681
3626298680;177682
3626319089;177683
3626339499;177684
3626359907;177685
3626380316;177686
3626400725;177687
3626421134;177688
3626441543;177689
3626461952;177690
3626482361;177691
3626502770;177692
3626523179;177693
3626543588;177694
3626563997;177695
3626584406;177696
3626604815;177697
3626625224;177698
3626645633;177699
3626666042;177700
3626686450;177701
3626706864;177702
3626727269;177703
3626747678;177704
3626768087;177705
3626788495;177706
3626808905;177707
3626829318;177708
3626849723;177709
3626870132;177710
3626890544;177711
3626910950;177712
3626931359;177713
3626951768;177714
3626972177;177715
3626992585;177716
3627012995;177717
3627033403;177718
3627053813;177719
3627074222;177720
3627094630;177721
3627115040;177722
3627135448;177723
3627155858;177724
3627176267;177725
3627196675;177726
3627217085;177727
3627237493;177728
3627257903;177729
3627278311;177730
3627298720;177731
3627319130;177732
3627339538;177733
3627359948;177734
3627380356;177735
3627400765;177736
3627421175;177737
3627441583;177738
3627461993;177739
3627482401;177740
3627502810;177741
3627523219;177742
3627543628;177743
3627564038;177744
3627584446;177745
3627604855;177746
3627625264;177747
3627645673;177748
3627666083;177749
3627686491;177750
3627706904;177751
3627727309;177752
3627747718;177753
3627768128;177754
3627788536;177755
3627808945;177756
3627829354;177757
3627849763;177758
3627870172;177759
3627890581;177760
3627910990;177761
3627931399;177762
3627951808;177763
3627972217;177764
3627992626;177765
3628013035;177766
3628033448;177767
3628053853;177768
3628074262;177769
3628094671;177770
3628115079;177771
3628135489;177772
3628155898;177773
3628176307;177774
3628196716;177775
3628217124;177776
3628237534;177777
3628257947;177778
3628278352;177779
3628298761;177780
3628319169;177781
3628339579;177782
3628359987;177783
3628380400;177784
3628400806;177785
3628421214;177786
3628441624;177787
3628462032;177788
3628482441;177789
3628502855;177790
3628523259;177791
3628543669;177792
3628564077;177793
3628584486;177794
3628604896;177795
3628625304;177796
3628645714;177797
3628666122;177798
3628686531;177799
3628706940;177800
3628727349;177801
3628747759;177802
3628768167;177803
3628788576;177804
3628808989;177805
3628829394;177806
3628849804;177807
3628870212;177808
3628890621;177809
3628911030;177810
3628931443;177811
3628951848;177812
3628972257;177813
3628992666;177814
3629013075;177815
3629033484;177816
3629053893;177817
3629074302;177818
3629094711;177819
3629115120;177820
3629135533;177821
3629155938;177822
3629176347;177823
3629196756;177824
3629217165;177825
3629237574;177826
3629257983;177827
3629278392;177828
3629298800;177829
3629319210;177830
3629339619;177831
3629360028;177832
3629380437;177833
3629400845;177834
3629421255;177835
3629441664;177836
3629462073;177837
3629482482;177838
3629502890;177839
3629523300;177840
3629543708;177841
3629564118;177842
3629584527;177843
3629604935;177844
3629625345;177845
3629645753;177846
3629666163;177847
3629686576;177848
3629706980;177849
3629727390;177850
3629747798;177851
3629768212;177852
3629788616;177853
3629809025;177854
3629829435;177855
3629849843;177856
3629870253;177857
3629890661;177858
3629911070;177859
3629931480;177860
3629951892;177861
3629972298;177862
3629992706;177863
3630013115;177864
3630033525;177865
3630053933;177866
3630074343;177867
3630094751;177868
3630115160;177869
3630135569;177870
3630155978;177871
3630176388;177872
3630196796;177873
3630217205;177874
3630237614;177875
3630258023;177876
3630278433;177877
3630298841;177878
3630319250;177879
3630339659;177880
3630360068;177881
3630380477;177882
3630400886;177883
3630421295;177884
3630441704;177885
3630462113;177886
3630482522;177887
3630502931;177888
3630523340;177889
3630543749;177890
3630564162;177891
3630584566;177892
3630604976;177893
3630625385;177894
3630645794;177895
3630666203;177896
3630686612;177897
3630707021;177898
3630727433;177899
3630747839;177900
3630768248;177901
3630788657;177902
3630809066;177903
3630829474;177904
3630849884;177905
3630870293;177906
3630890701;177907
3630911111;177908
3630931519;177909
3630951929;177910
3630972337;177911
3630992746;177912
3631013156;177913
3631033564;177914
3631053974;177915
3631074382;177916
3631094791;177917
3631115201;177918
3631135609;177919
3631156019;177920
3631176427;177921
3631196837;177922
3631217245;177923
3631237654;177924
3631258064;177925
3631278472;177926
3631298882;177927
3631319290;177928
3631339703;177929
3631360109;177930
3631380517;177931
3631400926;177932
3631421335;177933
3631441744;177934
3631462154;177935
3631482562;177936
3631502971;177937
3631523380;177938
3631543789;177939
3631564198;177940
3631584607;177941
3631605016;177942
3631625425;177943
3631645834;177944
3631666243;177945
3631686652;177946
3631707061;177947
3631727470;177948
3631747879;177949
3631768288;177950
3631788697;177951
3631809105;177952
3631829519;177953
3631849928;177954
3631870333;177955
3631890742;177956
3631911150;177957
3631931560;177958
3631951969;177959
3631972378;177960
3631992787;177961
3632013195;177962
3632033605;177963
3632054018;177964
3632074423;177965
3632094832;177966
3632115240;177967
3632135650;177968
3632156058;177969
3632176468;177970
3632196877;177971
3632217285;177972
3632237695;177973
3632258103;177974
3632278516;177975
3632298922;177976
3632319330;177977
3632339740;177978
3632360148;177979
3632380558;177980
3632400966;177981
3632421375;177982
3632441785;177983
3632462193;177984
3632482603;177985
3632503011;177986
3632523420;177987
3632543830;177988
3632564238;177989
3632584648;177990
3632605056;177991
3632625465;177992
3632645874;177993
3632666283;177994
3632686697;177995
3632707101;177996
3632727510;177997
3632747919;177998
3632768328;177999
3632788738;178000
3632809146;178001
3632829555;178002
3632849964;178003
3632870373;178004
3632890783;178005
3632911191;178006
3632931604;178007
3632952009;178008
3632972418;178009
3632992827;178010
3633013236;178011
3633033645;178012
3633054054;178013
3633074463;178014
3633094872;178015
3633115281;178016
3633135690;178017
3633156099;178018
3633176508;178019
3633196917;178020
3633217325;178021
3633237734;178022
3633258144;178023
3633278553;178024
3633298962;178025
3633319371;178026
3633339779;178027
3633360189;178028
3633380598;178029
3633401007;178030
3633421416;178031
3633441824;178032
3633462234;178033
3633482643;178034
3633503052;178035
3633523461;178036
3633543869;178037
3633564279;178038
3633584687;178039
3633605097;178040
3633625506;178041
3633645914;178042
3633666324;178043
3633686732;178044
3633707142;178045
3633727551;178046
3633747959;178047
3633768369;178048
3633788777;178049
3633809187;178050
3633829595;178051
3633850004;178052
3633870414;178053
3633890822;178054
3633911232;178055
3633931640;178056
3633952049;178057
3633972459;178058
3633992867;178059
3634013277;178060
3634033685;178061
3634054094;178062
3634074503;178063
3634094912;178064
3634115322;178065
3634135734;178066
3634156139;178067
3634176548;178068
3634196957;178069
3634217367;178070
3634237775;178071
3634258186;178072
3634278595;178073
3634299004;178074
3634319414;178075
3634339822;178076
3634360231;178077
3634380640;178078
3634401049;178079
3634421458;178080
3634441871;178081
3634462276;178082
3634482685;178083
3634503098;178084
3634523503;178085
3634543912;178086
3634564321;178087
3634584730;178088
3634605139;178089
3634625548;178090
3634645957;178091
3634666366;178092
3634686779;178093
3634707184;178094
3634727593;178095
3634748002;178096
3634768411;178097
3634788820;178098
3634809229;178099
3634829638;178100
3634850047;178101
3634870455;178102
3634890865;178103
3634911274;178104
3634931683;178105
3634952092;178106
3634972500;178107
3634992910;178108
3635013323;178109
3635033728;178110
3635054137;178111
3635074545;178112
3635094955;178113
3635115364;178114
3635135773;178115
3635156182;178116
3635176590;178117
3635197000;178118
3635217408;178119
3635237818;178120
3635258227;178121
3635278635;178122
3635299045;178123
3635319453;178124
3635339863;178125
3635360272;178126
3635380684;178127
3635401090;178128
3635421498;178129
3635441908;178130
3635462317;178131
3635482729;178132
3635503139;178133
3635523543;178134
3635543953;178135
3635564362;178136
3635584770;178137
3635605180;178138
3635625588;178139
3635645998;178140
3635666406;178141
3635686815;178142
3635707225;178143
3635727633;178144
3635748043;178145
3635768451;178146
3635788860;178147
3635809270;178148
3635829678;178149
3635850088;178150
3635870496;178151
3635890905;178152
3635911315;178153
3635931727;178154
3635952133;178155
3635972541;178156
3635992950;178157
3636013359;178158
3636033768;178159
3636054178;178160
3636074586;178161
3636094995;178162
3636115404;178163
3636135813;178164
3636156223;178165
3636176631;178166
3636197040;178167
3636217449;178168
3636237858;178169
3636258268;178170
3636278676;178171
3636299085;178172
3636319494;178173
3636339903;178174
3636360313;178175
3636380721;178176
3636401134;178177
3636421539;178178
3636441952;178179
3636462357;178180
3636482766;178181
3636503175;178182
3636523584;178183
3636543993;178184
3636564402;178185
3636584811;178186
3636605220;178187
3636625629;178188
3636646038;178189
3636666447;178190
3636686856;178191
3636707265;178192
3636727674;178193
3636748083;178194
3636768492;178195
3636788901;178196
3636809309;178197
3636829719;178198
3636850128;178199
3636870537;178200
3636890946;178201
3636911354;178202
3636931764;178203
3636952173;178204
3636972582;178205
3636992991;178206
3637013399;178207
3637033809;178208
3637054218;178209
3637074627;178210
3637095036;178211
3637115444;178212
3637135858;178213
3637156263;178214
3637176672;178215
3637197081;178216
3637217489;178217
3637237899;178218
3637258311;178219
3637278717;178220
3637299130;178221
3637319538;178222
3637339948;178223
3637360352;178224
3637380761;178225
3637401171;178226
3637421579;178227
3637441989;178228
3637462397;178229
3637482807;178230
3637503216;178231
3637523624;178232
3637544034;178233
3637564442;178234
3637584851;178235
3637605260;178236
3637625669;178237
3637646079;178238
3637666487;178239
3637686896;178240
3637707305;178241
3637727714;178242
3637748124;178243
3637768536;178244
3637788941;178245
3637809350;178246
3637829759;178247
3637850169;178248
3637870577;178249
3637890987;178250
3637911395;178251
3637931804;178252
3637952214;178253
3637972622;178254
3637993032;178255
3638013440;178256
3638033853;178257
3638054258;178258
3638074667;178259
3638095077;178260
3638115485;178261
3638135894;178262
3638156303;178263
3638176712;178264
3638197122;178265
3638217530;178266
3638237939;178267
3638258348;178268
3638278757;178269
3638299167;178270
3638319575;178271
3638339984;178272
3638360393;178273
3638380802;178274
3638401210;178275
3638421620;178276
3638442029;178277
3638462438;178278
3638482847;178279
3638503255;178280
3638523665;178281
3638544074;178282
3638564483;178283
3638584892;178284
3638605300;178285
3638625710;178286
3638646119;178287
3638666528;178288
3638686937;178289
3638707345;178290
3638727755;178291
3638748164;178292
3638768573;178293
3638788982;178294
3638809390;178295
3638829804;178296
3638850208;178297
3638870618;178298
3638891027;178299
3638911435;178300
3638931845;178301
3638952253;178302
3638972663;178303
3638993072;178304
3639013481;178305
3639033890;178306
3639054298;178307
3639074708;178308
3639095117;178309
3639115525;178310
3639135935;178311
3639156343;178312
3639176753;178313
3639197161;178314
3639217570;178315
3639237980;178316
3639258388;178317
3639278798;178318
3639299206;178319
3639319616;178320
3639340029;178321
3639360433;178322
3639380843;178323
3639401251;178324
3639421664;178325
3639442070;178326
3639462478;178327
3639482888;178328
3639503296;178329
3639523706;178330
3639544119;178331
3639564523;178332
3639584933;178333
3639605341;178334
3639625750;178335
3639646159;178336
3639666568;178337
3639686978;178338
3639707386;178339
3639727795;178340
3639748204;178341
3639768613;178342
3639789023;178343
3639809431;178344
3639829840;178345
3639850249;178346
3639870658;178347
3639891068;178348
3639911476;178349
3639931885;178350
3639952294;178351
3639972703;178352
3639993116;178353
3640013521;178354
3640033930;178355
3640054339;178356
3640074748;178357
3640095161;178358
3640115566;178359
3640135979;178360
3640156384;178361
3640176793;178362
3640197202;178363
3640217611;178364
3640238020;178365
3640258429;178366
3640278838;178367
3640299247;178368
3640319656;178369
3640340069;178370
3640360474;178371
3640380883;178372
3640401292;178373
3640421701;178374
3640442109;178375
3640462519;178376
3640482928;178377
3640503337;178378
3640523746;178379
3640544158;178380
3640564564;178381
3640584977;178382
3640605382;178383
3640625791;178384
3640646199;178385
3640666609;178386
3640687018;178387
3640707427;178388
3640727836;178389
3640748244;178390
3640768654;178391
3640789062;178392
3640809476;178393
3640829881;178394
3640850289;178395
3640870699;178396
3640891107;178397
3640911517;178398
3640931926;178399
3640952334;178400
3640972744;178401
3640993152;178402
3641013562;178403
3641033971;178404
3641054379;178405
3641074789;178406
3641095197;178407
3641115607;178408
3641136016;178409
3641156424;178410
3641176834;178411
3641197242;178412
3641217652;178413
3641238060;178414
3641258469;178415
3641278879;178416
3641299287;178417
3641319697;178418
3641340105;178419
3641360514;178420
3641380924;178421
3641401332;178422
3641421742;178423
3641442150;178424
3641462559;178425
3641482969;178426
3641503381;178427
3641523787;178428
3641544195;178429
3641564604;178430
3641585013;178431
