3599771016;176382
3599791425;176383
3599811834;176384
3599832243;176385
3599852656;176386
3599873062;176387
3599893470;176388
3599913880;176389
3599934289;176390
3599954697;176391
3599975107;176392
3599995519;176393
3600015925;176394
3600036334;176395
3600056743;176396
3600077152;176397
3600097561;176398
3600117970;176399
3600138379;176400
3600158788;176401
3600179197;176402
3600199606;176403
3600220015;176404
3600240424;176405
3600260834;176406
3600281246;176407
3600301652;176408
3600322060;176409
3600342473;176410
3600362879;176411
3600383287;176412
3600403697;176413
3600424106;176414
3600444514;176415
3600464924;176416
3600485332;176417
3600505742;176418
3600526151;176419
3600546564;176420
3600566969;176421
3600587379;176422
3600607787;176423
3600628196;176424
3600648605;176425
3600669014;176426
3600689424;176427
3600709832;176428
3600730241;176429
3600750651;176430
3600771059;176431
3600791469;176432
3600811881;176433
3600832287;176434
3600852700;176435
3600873104;176436
3600893518;176437
3600913923;176438
3600934332;176439
3600954741;176440
3600975149;176441
3600995559;176442
3601015968;176443
3601036377;176444
3601056786;176445
3601077196;176446
3601097604;176447
3601118013;176448
3601138422;176449
3601158831;176450
3601179241;176451
3601199649;176452
3601220059;176453
3601240468;176454
3601260876;176455
3601281286;176456
3601301694;176457
3601322104;176458
3601342513;176459
3601362922;176460
3601383331;176461
3601403740;176462
3601424153;176463
3601444558;176464
3601464967;176465
3601485376;176466
3601505786;176467
3601526194;176468
3601546603;176469
3601567012;176470
3601587421;176471
3601607830;176472
3601628239;176473
3601648648;176474
3601669058;176475
3601689466;176476
3601709876;176477
3601730284;176478
3601750697;176479
3601771103;176480
3601791511;176481
3601811921;176482
3601832330;176483
3601852739;176484
3601873148;176485
3601893556;176486
3601913966;176487
3601934375;176488
3601954788;176489
3601975193;176490
3601995603;176491
3602016011;176492
3602036420;176493
3602056833;176494
3602077238;176495
3602097648;176496
3602118056;176497
3602138465;176498
3602158875;176499
3602179283;176500
3602199693;176501
3602220101;176502
3602240511;176503
3602260920;176504
3602281328;176505
3602301738;176506
3602322147;176507
3602342556;176508
3602362965;176509
3602383374;176510
3602403783;176511
3602424192;176512
3602444601;176513
3602465010;176514
3602485420;176515
3602505828;176516
3602526238;176517
3602546646;176518
3602567055;176519
3602587465;176520
3602607873;176521
3602628283;176522
3602648692;176523
3602669100;176524
3602689510;176525
3602709922;176526
3602730328;176527
3602750737;176528
3602771146;176529
3602791555;176530
3602811964;176531
3602832373;176532
3602852782;176533
3602873191;176534
3602893600;176535
3602914010;176536
3602934418;176537
3602954827;176538
3602975237;176539
3602995645;176540
3603016055;176541
3603036463;176542
3603056876;176543
3603077282;176544
3603097690;176545
3603118100;176546
3603138509;176547
3603158918;176548
3603179331;176549
3603199735;176550
3603220145;176551
3603240554;176552
3603260963;176553
3603281372;176554
3603301782;176555
3603322190;176556
3603342599;176557
3603363008;176558
3603383417;176559
3603403827;176560
3603424235;176561
3603444645;176562
3603465054;176563
3603485462;176564
3603505872;176565
3603526280;176566
3603546690;176567
3603567099;176568
3603587508;176569
3603607917;176570
3603628326;176571
3603648735;176572
3603669144;176573
3603689553;176574
3603709962;176575
3603730371;176576
3603750780;176577
3603771189;176578
3603791599;176579
3603812007;176580
3603832417;176581
3603852825;176582
3603873234;176583
3603893644;176584
3603914052;176585
3603934462;176586
3603954871;176587
3603975279;176588
3603995689;176589
3604016097;176590
3604036511;176591
3604056920;176592
3604077325;176593
3604097738;176594
3604118143;176595
3604138552;176596
3604158961;176597
3604179370;176598
3604199779;176599
3604220189;176600
3604240597;176601
3604261022;176602
3604281432;176603
3604301840;176604
3604322250;176605
3604342659;176606
3604363068;176607
3604383477;176608
3604403886;176609
3604424295;176610
3604444704;176611
3604465114;176612
3604485522;176613
3604505931;176614
3604526344;176615
3604546749;176616
3604567159;176617
3604587567;176618
3604607977;176619
3604628386;176620
3604648794;176621
3604669204;176622
3604689613;176623
3604710022;176624
3604730431;176625
3604750844;176626
3604771249;176627
3604791658;176628
3604812068;176629
3604832476;176630
3604852886;176631
3604873295;176632
3604893703;176633
3604914113;176634
3604934522;176635
3604954931;176636
3604975340;176637
3604995750;176638
3605016158;176639
3605036567;176640
3605056977;176641
3605077385;176642
3605097795;176643
3605118204;176644
3605138613;176645
3605159022;176646
3605179431;176647
3605199840;176648
3605220253;176649
3605240658;176650
3605261067;176651
3605281476;176652
3605301885;176653
3605322294;176654
3605342704;176655
3605363112;176656
3605383522;176657
3605403931;176658
3605424340;176659
3605444749;176660
3605465158;176661
3605485567;176662
3605505976;176663
3605526386;176664
3605546794;176665
3605567203;176666
3605587613;176667
3605608021;176668
3605628431;176669
3605648840;176670
3605669248;176671
3605689658;176672
3605710067;176673
3605730476;176674
3605750889;176675
3605771295;176676
3605791703;176677
3605812112;176678
3605832522;176679
3605852930;176680
3605873340;176681
3605893749;176682
3605914158;176683
3605934567;176684
3605954975;176685
3605975385;176686
3605995794;176687
3606016203;176688
3606036612;176689
3606057025;176690
3606077430;176691
3606097839;176692
3606118249;176693
3606138657;176694
3606159067;176695
3606179476;176696
3606199884;176697
3606220294;176698
3606240703;176699
3606261112;176700
3606281521;176701
3606301931;176702
3606322339;176703
3606342748;176704
3606363158;176705
3606383566;176706
3606403976;176707
3606424385;176708
3606444794;176709
3606465203;176710
3606485612;176711
3606506021;176712
3606526434;176713
3606546840;176714
3606567248;176715
3606587657;176716
3606608067;176717
3606628475;176718
3606648885;176719
3606669293;176720
3606689703;176721
3606710112;176722
3606730520;176723
3606750930;176724
3606771339;176725
3606791748;176726
3606812157;176727
3606832567;176728
3606852979;176729
3606873384;176730
3606893794;176731
3606914202;176732
3606934612;176733
3606955021;176734
3606975433;176735
3606995839;176736
3607016248;176737
3607036657;176738
3607057066;176739
3607077476;176740
3607097884;176741
3607118293;176742
3607138703;176743
3607159111;176744
3607179521;176745
3607199930;176746
3607220339;176747
3607240748;176748
3607261157;176749
3607281566;176750
3607301975;176751
3607322385;176752
3607342793;176753
3607363202;176754
3607383615;176755
3607404020;176756
3607424430;176757
3607444838;176758
3607465248;176759
3607485657;176760
3607506065;176761
3607526475;176762
3607546884;176763
3607567293;176764
3607587702;176765
3607608112;176766
3607628520;176767
3607648929;176768
3607669339;176769
3607689747;176770
3607710157;176771
3607730566;176772
3607750975;176773
3607771384;176774
3607791793;176775
3607812202;176776
3607832611;176777
3607853020;176778
3607873429;176779
3607893838;176780
3607914248;176781
3607934656;176782
3607955066;176783
3607975475;176784
3607995884;176785
3608016293;176786
3608036706;176787
3608057111;176788
3608077520;176789
3608097929;176790
3608118338;176791
3608138748;176792
3608159156;176793
3608179565;176794
3608199975;176795
3608220383;176796
3608240793;176797
3608261202;176798
3608281610;176799
3608302020;176800
3608322429;176801
3608342838;176802
3608363251;176803
3608383657;176804
3608404065;176805
3608424474;176806
3608444884;176807
3608465292;176808
3608485702;176809
3608506111;176810
3608526520;176811
3608546929;176812
3608567338;176813
3608587747;176814
3608608156;176815
3608628566;176816
3608648974;176817
3608669383;176818
3608689793;176819
3608710201;176820
3608730611;176821
3608751024;176822
3608771429;176823
3608791838;176824
3608812246;176825
3608832656;176826
3608853065;176827
3608873474;176828
3608893883;176829
3608914293;176830
3608934701;176831
3608955110;176832
3608975520;176833
3608995928;176834
3609016338;176835
3609036747;176836
3609057155;176837
3609077565;176838
3609097974;176839
3609118383;176840
3609138792;176841
3609159202;176842
3609179610;176843
3609200019;176844
3609220429;176845
3609240841;176846
3609261247;176847
3609281656;176848
3609302065;176849
3609322478;176850
3609342887;176851
3609363292;176852
3609383701;176853
3609404111;176854
3609424519;176855
3609444928;176856
3609465338;176857
3609485746;176858
3609506156;176859
3609526564;176860
3609546974;176861
3609567383;176862
3609587791;176863
3609608201;176864
3609628610;176865
3609649019;176866
3609669428;176867
3609689838;176868
3609710250;176869
3609730655;176870
3609751065;176871
3609771477;176872
3609791883;176873
3609812292;176874
3609832704;176875
3609853110;176876
3609873519;176877
3609893928;176878
3609914337;176879
3609934747;176880
3609955155;176881
3609975564;176882
3609995974;176883
3610016382;176884
3610036792;176885
3610057201;176886
3610077610;176887
3610098019;176888
3610118428;176889
3610138837;176890
3610159246;176891
3610179656;176892
3610200064;176893
3610220474;176894
3610240882;176895
3610261291;176896
3610281701;176897
3610302109;176898
3610322523;176899
3610342932;176900
3610363336;176901
3610383750;176902
3610404155;176903
3610424564;176904
3610444973;176905
3610465382;176906
3610485791;176907
3610506200;176908
3610526610;176909
3610547018;176910
3610567428;176911
3610587837;176912
3610608246;176913
3610628659;176914
3610649064;176915
3610669473;176916
3610689882;176917
3610710292;176918
3610730700;176919
3610751109;176920
3610771519;176921
3610791927;176922
3610812337;176923
3610832746;176924
3610853155;176925
3610873564;176926
3610893973;176927
3610914382;176928
3610934791;176929
3610955200;176930
3610975609;176931
3610996022;176932
3611016427;176933
3611036836;176934
3611057246;176935
3611077654;176936
3611098064;176937
3611118473;176938
3611138881;176939
3611159291;176940
3611179700;176941
3611200109;176942
3611220518;176943
3611240928;176944
3611261336;176945
3611281745;176946
3611302155;176947
3611322563;176948
3611342973;176949
3611363382;176950
3611383791;176951
3611404200;176952
3611424609;176953
3611445018;176954
3611465427;176955
3611485837;176956
3611506245;176957
3611526654;176958
3611547064;176959
3611567472;176960
3611587882;176961
3611608291;176962
3611628700;176963
3611649109;176964
3611669517;176965
3611689927;176966
3611710336;176967
3611730745;176968
3611751154;176969
3611771564;176970
3611791972;176971
3611812381;176972
3611832791;176973
3611853199;176974
3611873609;176975
3611894018;176976
3611914426;176977
3611934836;176978
3611955245;176979
3611975654;176980
3611996063;176981
3612016473;176982
3612036881;176983
3612057290;176984
3612077700;176985
3612098108;176986
3612118518;176987
3612138927;176988
3612159336;176989
3612179745;176990
3612200154;176991
3612220563;176992
3612240972;176993
3612261386;176994
3612281790;176995
3612302199;176996
3612322609;176997
3612343021;176998
3612363427;176999
3612383835;177000
3612404245;177001
3612424654;177002
3612445062;177003
3612465472;177004
3612485881;177005
3612506290;177006
3612526699;177007
3612547112;177008
3612567517;177009
3612587926;177010
3612608336;177011
3612628744;177012
3612649154;177013
3612669563;177014
3612689972;177015
3612710381;177016
3612730790;177017
3612751199;177018
3612771608;177019
3612792018;177020
3612812430;177021
3612832835;177022
3612853245;177023
3612873653;177024
3612894063;177025
3612914472;177026
3612934881;177027
3612955294;177028
3612975699;177029
3612996108;177030
3613016517;177031
3613036927;177032
3613057335;177033
3613077744;177034
3613098153;177035
3613118562;177036
3613138972;177037
3613159380;177038
3613179790;177039
3613200199;177040
3613220608;177041
3613241017;177042
3613261426;177043
3613281835;177044
3613302244;177045
3613322654;177046
3613343062;177047
3613363471;177048
3613383881;177049
3613404289;177050
3613424699;177051
3613445112;177052
3613465517;177053
3613485926;177054
3613506339;177055
3613526744;177056
3613547153;177057
3613567563;177058
3613587971;177059
3613608381;177060
3613628790;177061
3613649198;177062
3613669608;177063
3613690017;177064
3613710426;177065
3613730835;177066
3613751244;177067
3613771653;177068
3613792062;177069
3613812471;177070
3613832880;177071
3613853290;177072
3613873698;177073
3613894107;177074
3613914517;177075
3613934925;177076
3613955335;177077
3613975744;177078
3613996153;177079
3614016562;177080
3614036975;177081
3614057380;177082
3614077789;177083
3614098199;177084
3614118607;177085
3614139016;177086
3614159426;177087
3614179834;177088
3614200244;177089
3614220653;177090
3614241062;177091
3614261444;177092
3614281853;177093
3614302262;177094
3614322671;177095
3614343080;177096
3614363489;177097
3614383899;177098
3614404307;177099
3614424716;177100
3614445125;177101
3614465534;177102
3614485948;177103
3614506352;177104
3614526761;177105
3614547170;177106
3614567579;177107
3614587989;177108
3614608401;177109
3614628807;177110
3614649215;177111
3614669624;177112
3614690034;177113
3614710442;177114
3614730856;177115
3614751260;177116
3614771669;177117
3614792079;177118
3614812487;177119
3614832897;177120
3614853305;177121
3614873715;177122
3614894124;177123
3614914532;177124
3614934942;177125
3614955350;177126
3614975760;177127
3614996169;177128
3615016578;177129
3615036987;177130
3615057395;177131
3615077805;177132
3615098214;177133
3615118623;177134
3615139032;177135
3615159441;177136
3615179854;177137
3615200259;177138
3615220668;177139
3615241077;177140
3615261486;177141
3615281899;177142
3615302305;177143
3615322713;177144
3615343122;177145
3615363531;177146
3615383940;177147
3615404350;177148
3615424758;177149
3615445167;177150
3615465576;177151
3615485985;177152
3615506395;177153
3615526803;177154
3615547212;177155
3615567621;177156
3615588030;177157
3615608440;177158
3615628848;177159
3615649262;177160
3615669666;177161
3615690076;177162
3615710485;177163
3615730893;177164
3615751303;177165
3615771711;177166
3615792121;177167
3615812530;177168
3615832938;177169
3615853348;177170
3615873756;177171
3615894166;177172
3615914575;177173
3615934984;177174
3615955393;177175
3615975801;177176
3615996211;177177
3616016620;177178
3616037029;177179
3616057438;177180
3616077847;177181
3616098256;177182
3616118665;177183
3616139074;177184
3616159483;177185
3616179892;177186
3616200301;177187
3616220710;177188
3616241119;177189
3616261528;177190
3616281938;177191
3616302346;177192
3616322756;177193
3616343164;177194
3616363573;177195
3616383983;177196
3616404391;177197
3616424801;177198
3616445209;177199
3616465619;177200
3616486028;177201
3616506440;177202
3616526850;177203
3616547254;177204
3616567664;177205
3616588073;177206
3616608481;177207
3616628891;177208
3616649299;177209
3616669709;177210
3616690118;177211
3616710527;177212
3616730936;177213
3616751344;177214
3616771754;177215
3616792163;177216
3616812572;177217
3616832981;177218
3616853390;177219
3616873799;177220
3616894208;177221
3616914621;177222
3616935026;177223
3616955435;177224
3616975844;177225
3616996253;177226
3617016662;177227
3617037071;177228
3617057480;177229
3617077889;177230
3617098299;177231
3617118707;177232
3617139116;177233
3617159525;177234
3617179938;177235
3617200344;177236
3617220756;177237
3617241165;177238
3617261570;177239
3617281979;177240
3617302389;177241
3617322797;177242
3617343207;177243
3617363615;177244
3617384025;177245
3617404434;177246
3617424842;177247
3617445252;177248
3617465660;177249
3617486070;177250
3617506479;177251
3617526887;177252
3617547297;177253
3617567705;177254
3617588115;177255
3617608524;177256
3617628933;177257
3617649342;177258
3617669750;177259
3617690160;177260
3617710569;177261
3617730978;177262
3617751387;177263
3617771796;177264
3617792205;177265
3617812618;177266
3617833023;177267
3617853432;177268
3617873841;177269
3617894254;177270
3617914660;177271
3617935068;177272
3617955477;177273
3617975890;177274
3617996295;177275
3618016705;177276
3618037117;177277
3618057522;177278
3618077931;177279
3618098340;177280
3618118750;177281
3618139158;177282
3618159568;177283
3618179976;177284
3618200385;177285
3618220795;177286
3618241203;177287
3618261613;177288
3618282022;177289
3618302431;177290
3618322840;177291
3618343248;177292
3618363658;177293
3618384067;177294
3618404476;177295
3618424885;177296
3618445293;177297
3618465703;177298
3618486112;177299
3618506521;177300
3618526934;177301
3618547342;177302
3618567748;177303
3618588157;177304
3618608566;177305
3618628975;177306
3618649384;177307
3618669793;177308
3618690203;177309
3618710611;177310
3618731020;177311
3618751429;177312
3618771838;177313
3618792248;177314
3618812656;177315
3618833066;177316
3618853474;177317
3618873883;177318
3618894293;177319
3618914701;177320
3618935111;177321
3618955519;177322
3618975928;177323
3618996338;177324
3619016746;177325
3619037156;177326
3619057564;177327
3619077974;177328
3619098383;177329
3619118791;177330
3619139201;177331
3619159609;177332
3619180023;177333
3619200428;177334
3619220836;177335
3619241246;177336
3619261654;177337
3619282064;177338
3619302473;177339
3619322882;177340
3619343291;177341
3619363700;177342
3619384109;177343
3619404518;177344
3619424927;177345
3619445336;177346
3619465745;177347
3619486154;177348
3619506563;177349
3619526972;177350
3619547381;177351
3619567790;177352
3619588199;177353
3619608612;177354
3619629017;177355
3619649426;177356
3619669835;177357
3619690244;177358
3619710654;177359
3619731062;177360
3619751472;177361
3619771880;177362
3619792289;177363
3619812699;177364
3619833107;177365
3619853517;177366
3619873925;177367
3619894334;177368
3619914744;177369
3619935156;177370
3619955562;177371
3619975970;177372
3619996379;177373
3620016789;177374
3620037197;177375
3620057607;177376
3620078015;177377
3620098425;177378
3620118834;177379
3620139246;177380
3620159652;177381
3620180060;177382
3620200470;177383
3620220879;177384
3620241288;177385
3620261697;177386
3620282106;177387
3620302515;177388
3620322924;177389
3620343333;177390
3620363742;177391
3620384151;177392
3620404560;177393
3620424969;177394
3620445378;177395
3620465787;177396
3620486197;177397
3620506605;177398
3620527015;177399
3620547423;177400
3620567832;177401
3620588242;177402
3620608650;177403
3620629060;177404
3620649468;177405
3620669877;177406
3620690287;177407
3620710695;177408
3620731105;177409
3620751513;177410
3620771923;177411
3620792332;177412
3620812740;177413
3620833150;177414
3620853558;177415
3620873968;177416
3620894377;177417
3620914786;177418
3620935195;177419
3620955603;177420
3620976013;177421
3620996422;177422
3621016831;177423
3621037240;177424
3621057648;177425
3621078058;177426
3621098467;177427
3621118876;177428
3621139285;177429
3621159694;177430
3621180103;177431
3621200516;177432
3621220921;177433
3621241330;177434
3621261739;177435
3621282148;177436
3621302558;177437
3621322966;177438
3621343375;177439
3621363784;177440
3621384193;177441
3621404603;177442
3621425011;177443
3621445420;177444
3621465829;177445
3621486238;177446
3621506648;177447
3621527056;177448
3621547466;177449
3621567874;177450
3621588283;177451
3621608693;177452
3621629101;177453
3621649511;177454
3621669919;177455
3621690328;177456
3621710738;177457
3621731146;177458
3621751556;177459
3621771964;177460
3621792374;177461
3621812783;177462
3621833191;177463
3621853601;177464
3621874009;177465
3621894419;177466
3621914828;177467
3621935237;177468
3621955646;177469
3621976054;177470
3621996464;177471
3622016873;177472
3622037282;177473
3622057691;177474
3622078099;177475
3622098509;177476
3622118918;177477
3622139327;177478
3622159736;177479
3622180145;177480
3622200554;177481
3622220963;177482
3622241372;177483
3622261785;177484
3622282191;177485
3622302599;177486
3622323009;177487
3622343417;177488
3622363826;177489
3622384236;177490
3622404644;177491
3622425054;177492
3622445462;177493
3622465875;177494
3622486281;177495
3622506689;177496
3622527103;177497
3622547507;177498
3622567917;177499
3622588326;177500
3622608735;177501
3622629144;177502
3622649552;177503
3622669962;177504
3622690371;177505
3622710780;177506
3622731189;177507
3622751597;177508
3622772007;177509
3622792416;177510
3622812825;177511
3622833234;177512
3622853643;177513
3622874056;177514
3622894461;177515
3622914870;177516
3622935279;177517
3622955688;177518
3622976097;177519
3622996510;177520
3623016915;177521
3623037324;177522
3623057733;177523
3623078142;177524
3623098552;177525
3623118960;177526
3623139369;177527
3623159778;177528
3623180187;177529
3623200601;177530
3623221005;177531
3623241415;177532
3623261823;177533
3623282232;177534
3623302642;177535
3623323050;177536
3623343460;177537
3623363868;177538
3623384277;177539
3623404687;177540
3623425095;177541
3623445505;177542
3623465913;177543
3623486323;177544
3623506732;177545
3623527140;177546
3623547550;177547
3623567958;177548
3623588368;177549
3623608777;177550
3623629189;177551
3623649595;177552
3623670003;177553
3623690413;177554
3623710822;177555
3623731231;177556
3623751640;177557
3623772048;177558
3623792458;177559
3623812867;177560
3623833276;177561
3623853685;177562
3623874094;177563
3623894503;177564
3623914912;177565
3623935321;177566
3623955730;177567
3623976139;177568
3623996548;177569
3624016957;177570
3624037366;177571
3624057779;177572
3624078184;177573
3624098597;177574
3624119003;177575
3624139411;177576
3624159821;177577
3624180229;177578
3624200638;177579
3624221048;177580
3624241456;177581
3624261858;177582
3624282266;177583
3624302679;177584
3624323085;177585
3624343493;177586
3624363903;177587
3624384311;177588
3624404721;177589
3624425130;177590
3624445538;177591
3624465948;177592
3624486356;177593
3624506766;177594
3624527175;177595
3624547584;177596
3624567993;177597
3624588401;177598
3624608811;177599
3624629219;177600
3624649629;177601
3624670038;177602
3624690446;177603
3624710856;177604
3624731264;177605
3624751674;177606
3624772083;177607
3624792492;177608
3624812901;177609
3624833309;177610
3624853719;177611
3624874127;177612
3624894537;177613
3624914946;177614
3624935355;177615
3624955764;177616
3624976172;177617
3624996582;177618
3625016991;177619
3625037400;177620
3625057809;177621
3625078218;177622
3625098627;177623
3625119035;177624
3625139445;177625
3625159854;177626
3625180263;177627
3625200672;177628
3625221080;177629
3625241490;177630
3625261899;177631
3625282308;177632
3625302717;177633
3625323126;177634
3625343535;177635
3625363945;177636
3625384353;177637
3625404762;177638
3625425171;177639
3625445580;177640
3625465989;177641
3625486398;177642
3625506807;177643
3625527216;177644
3625547625;177645
3625568034;177646
3625588443;177647
3625608852;177648
3625629261;177649
3625649670;177650
3625670079;177651
3625690488;177652
3625710897;177653
3625731306;177654
3625751715;177655
3625772124;177656
3625792533;177657
3625812942;177658
3625833351;177659
3625853761;177660
3625874169;177661
3625894578;177662
3625914987;177663
3625935400;177664
3625955806;177665
3625976214;177666
3625996624;177667
3626017032;177668
3626037441;177669
3626057850;177670
3626078259;177671
3626098669;177672
3626119077;177673
3626139487;177674
3626159895;177675
3626180304;177676
3626200714;177677
3626221122;177678
3626241532;177679
3626261940;177680
3626282349;177681
3626302758;177682
3626323167;177683
3626343577;177684
3626363985;177685
3626384394;177686
3626404803;177687
3626425212;177688
3626445622;177689
3626466030;177690
3626486440;177691
3626506848;177692
3626527257;177693
3626547666;177694
3626568075;177695
3626588485;177696
3626608897;177697
3626629303;177698
3626649711;177699
3626670120;177700
3626690530;177701
3626710938;177702
3626731348;177703
3626751756;177704
3626772166;177705
3626792575;177706
3626812983;177707
3626833393;177708
3626853801;177709
3626874211;177710
3626894619;177711
3626915028;177712
3626935438;177713
3626955846;177714
3626976260;177715
3626996668;177716
3627017074;177717
3627037487;177718
3627057892;177719
3627078301;177720
3627098709;177721
3627119119;177722
3627139527;177723
3627159937;177724
3627180346;177725
3627200754;177726
3627221164;177727
3627241572;177728
3627261982;177729
3627282391;177730
3627302799;177731
3627323209;177732
3627343617;177733
3627364027;177734
3627384436;177735
3627404845;177736
3627425254;177737
3627445662;177738
3627466072;177739
3627486480;177740
3627506890;177741
3627527299;177742
3627547711;177743
3627568117;177744
3627588525;177745
3627608935;177746
3627629344;177747
3627649753;177748
3627670162;177749
3627690570;177750
3627710980;177751
3627731388;177752
3627751798;177753
3627772207;177754
3627792620;177755
3627813025;177756
3627833433;177757
3627853843;177758
3627874252;177759
3627894661;177760
3627915070;177761
3627935479;177762
3627955888;177763
3627976296;177764
3627996706;177765
3628017115;177766
3628037524;177767
3628057937;177768
3628078342;177769
3628098751;177770
3628119160;177771
3628139569;177772
3628159982;177773
3628180387;177774
3628200796;177775
3628221206;177776
3628241614;177777
3628262023;177778
3628282432;177779
3628302841;177780
3628323250;177781
3628343659;177782
3628364068;177783
3628384477;177784
3628404886;177785
3628425299;177786
3628445704;177787
3628466114;177788
3628486522;177789
3628506931;177790
3628527340;177791
3628547749;177792
3628568158;177793
3628588567;177794
3628608980;177795
3628629385;177796
3628649794;177797
3628670203;177798
3628690612;177799
3628711022;177800
3628731434;177801
3628751839;177802
3628772248;177803
3628792657;177804
3628813067;177805
3628833475;177806
3628853884;177807
3628874293;177808
3628894702;177809
3628915111;177810
3628935520;177811
3628955930;177812
3628976338;177813
3628996747;177814
3629017156;177815
3629037565;177816
3629057975;177817
3629078383;177818
3629098793;177819
3629119205;177820
3629139610;177821
3629160019;177822
3629180432;177823
3629200838;177824
3629221246;177825
3629241659;177826
3629262064;177827
3629282473;177828
3629302883;177829
3629323295;177830
3629343705;177831
3629364109;177832
3629384518;177833
3629404931;177834
3629425336;177835
3629445746;177836
3629466154;177837
3629486564;177838
3629506972;177839
3629527381;177840
3629547791;177841
3629568199;177842
3629588609;177843
3629609017;177844
3629629427;177845
3629649836;177846
3629670244;177847
3629690658;177848
3629711062;177849
3629731472;177850
3629751880;177851
3629772290;177852
3629792699;177853
3629813107;177854
3629833517;177855
3629853925;177856
3629874335;177857
3629894744;177858
3629915152;177859
3629935562;177860
3629955970;177861
3629976380;177862
3629996788;177863
3630017198;177864
3630037607;177865
3630058015;177866
3630078425;177867
3630098833;177868
3630119243;177869
3630139652;177870
3630160060;177871
3630180470;177872
3630200878;177873
3630221292;177874
3630241697;177875
3630262106;177876
3630282515;177877
3630302923;177878
3630323333;177879
3630343741;177880
3630364151;177881
3630384560;177882
3630404972;177883
3630425378;177884
3630445786;177885
3630466196;177886
3630486605;177887
3630507014;177888
3630527423;177889
3630547831;177890
3630568241;177891
3630588649;177892
3630609059;177893
3630629468;177894
3630649877;177895
3630670286;177896
3630690694;177897
3630711104;177898
3630731513;177899
3630751922;177900
3630772331;177901
3630792740;177902
3630813149;177903
3630833557;177904
3630853971;177905
3630874376;177906
3630894785;177907
3630915194;177908
3630935602;177909
3630956012;177910
3630976421;177911
3630996830;177912
3631017239;177913
3631037648;177914
3631058057;177915
3631078466;177916
3631098875;177917
3631119288;177918
3631139693;177919
3631160106;177920
3631180511;177921
3631200920;177922
3631221329;177923
3631241738;177924
3631262147;177925
3631282560;177926
3631302965;177927
3631323375;177928
3631343783;177929
3631364192;177930
3631384601;177931
3631405010;177932
3631425419;177933
3631445828;177934
3631466237;177935
3631486646;177936
3631507055;177937
3631527464;177938
3631547873;177939
3631568283;177940
3631588691;177941
3631609100;177942
3631629509;177943
3631649922;177944
3631670327;177945
3631690736;177946
3631711146;177947
3631731554;177948
3631751963;177949
3631772376;177950
3631792781;177951
3631813191;177952
3631833599;177953
3631854008;177954
3631874417;177955
3631894826;177956
3631915236;177957
3631935644;177958
3631956054;177959
3631976462;177960
3631996871;177961
3632017280;177962
3632037689;177963
3632058099;177964
3632078507;177965
3632098916;177966
3632119325;177967
3632139734;177968
3632160144;177969
3632180556;177970
3632200962;177971
3632221370;177972
3632241779;177973
3632262188;177974
3632282597;177975
3632303007;177976
3632323415;177977
3632343825;177978
3632364233;177979
3632384642;177980
3632405052;177981
3632425460;177982
3632445870;177983
3632466278;177984
3632486688;177985
3632507097;177986
3632527505;177987
3632547915;177988
3632568327;177989
3632588733;177990
3632609141;177991
3632629550;177992
3632649960;177993
3632670368;177994
3632690778;177995
3632711186;177996
3632731596;177997
3632752005;177998
3632772413;177999
3632792823;178000
3632813231;178001
3632833645;178002
3632854049;178003
3632874459;178004
3632894868;178005
3632915276;178006
3632935686;178007
3632956094;178008
3632976504;178009
3632996913;178010
3633017321;178011
3633037731;178012
3633058139;178013
3633078549;178014
3633098957;178015
3633119367;178016
3633139776;178017
3633160185;178018
3633180594;178019
3633201002;178020
3633221412;178021
3633241825;178022
3633262230;178023
3633282639;178024
3633303047;178025
3633323457;178026
3633343866;178027
3633364275;178028
3633384684;178029
3633405093;178030
3633425502;178031
3633445910;178032
3633466320;178033
3633486729;178034
3633507138;178035
3633527547;178036
3633547959;178037
3633568365;178038
3633588774;178039
3633609183;178040
3633629592;178041
3633650001;178042
3633670410;178043
3633690818;178044
3633711232;178045
3633731637;178046
3633752046;178047
3633772459;178048
3633792864;178049
3633813273;178050
3633833682;178051
3633854091;178052
3633874500;178053
3633894909;178054
3633915318;178055
3633935728;178056
3633956140;178057
3633976545;178058
3633996954;178059
3634017367;178060
3634037772;178061
3634058181;178062
3634078591;178063
3634098999;178064
3634119408;178065
3634139817;178066
3634160226;178067
3634180636;178068
3634201044;178069
3634221453;178070
3634241862;178071
3634262273;178072
3634282682;178073
3634303091;178074
3634323501;178075
3634343909;178076
3634364318;178077
3634384727;178078
3634405136;178079
3634425546;178080
3634445954;178081
3634466364;178082
3634486772;178083
3634507181;178084
3634527591;178085
3634547999;178086
3634568409;178087
3634588817;178088
3634609230;178089
3634629636;178090
3634650044;178091
3634670454;178092
3634690862;178093
3634711272;178094
3634731680;178095
3634752090;178096
3634772499;178097
3634792907;178098
3634813317;178099
3634833725;178100
3634854135;178101
3634874544;178102
3634894952;178103
3634915362;178104
3634935770;178105
3634956180;178106
3634976589;178107
3634996998;178108
3635017407;178109
3635037815;178110
3635058225;178111
3635078633;178112
3635099043;178113
3635119452;178114
3635139861;178115
3635160270;178116
3635180678;178117
3635201088;178118
3635221497;178119
3635241906;178120
3635262315;178121
3635282723;178122
3635303133;178123
3635323542;178124
3635343951;178125
3635364360;178126
3635384769;178127
3635405178;178128
3635425587;178129
3635445996;178130
3635466405;178131
3635486814;178132
3635507223;178133
3635527632;178134
3635548045;178135
3635568450;178136
3635588859;178137
3635609268;178138
3635629677;178139
3635650086;178140
3635670496;178141
3635690908;178142
3635711313;178143
3635731722;178144
3635752131;178145
3635772541;178146
3635792949;178147
3635813358;178148
3635833767;178149
3635854176;178150
3635874585;178151
3635894994;178152
3635915404;178153
3635935812;178154
3635956221;178155
3635976630;178156
3635997039;178157
3636017449;178158
3636037857;178159
3636058267;178160
3636078675;178161
3636099084;178162
3636119494;178163
3636139902;178164
3636160312;178165
3636180720;178166
3636201129;178167
3636221539;178168
3636241947;178169
3636262357;178170
3636282765;178171
3636303175;178172
3636323583;178173
3636343992;178174
3636364402;178175
3636384810;178176
3636405220;178177
3636425628;178178
3636446038;178179
3636466447;178180
3636486859;178181
3636507265;178182
3636527673;178183
3636548083;178184
3636568492;178185
3636588900;178186
3636609310;178187
3636629718;178188
3636650132;178189
3636670536;178190
3636690946;178191
3636711355;178192
3636731763;178193
3636752173;178194
3636772585;178195
3636792991;178196
3636813400;178197
3636833813;178198
3636854218;178199
3636874626;178200
3636895036;178201
3636915445;178202
3636935854;178203
3636956263;178204
3636976675;178205
3636997081;178206
3637017490;178207
3637037899;178208
3637058308;178209
3637078717;178210
3637099126;178211
3637119535;178212
3637139944;178213
3637160353;178214
3637180762;178215
3637201171;178216
3637221579;178217
3637241989;178218
3637262398;178219
3637282807;178220
3637303216;178221
3637323625;178222
3637344034;178223
3637364443;178224
3637384852;178225
3637405261;178226
3637425670;178227
3637446079;178228
3637466488;178229
3637486897;178230
3637507306;178231
3637527715;178232
3637548124;178233
3637568533;178234
3637588942;178235
3637609355;178236
3637629760;178237
3637650169;178238
3637670578;178239
3637690987;178240
3637711397;178241
3637731805;178242
3637752214;178243
3637772623;178244
3637793036;178245
3637813442;178246
3637833850;178247
3637854260;178248
3637874668;178249
3637895077;178250
3637915486;178251
3637935899;178252
3637956309;178253
3637976713;178254
3637997123;178255
3638017531;178256
3638037940;178257
3638058350;178258
3638078758;178259
3638099168;178260
3638119576;178261
3638139986;178262
3638160395;178263
3638180803;178264
3638201213;178265
3638221625;178266
3638242031;178267
3638262439;178268
3638282848;178269
3638303258;178270
3638323666;178271
3638344076;178272
3638364484;178273
3638384894;178274
3638405303;178275
3638425711;178276
3638446121;178277
3638466529;178278
3638486939;178279
3638507348;178280
3638527757;178281
3638548166;178282
3638568574;178283
3638588984;178284
3638609393;178285
3638629802;178286
3638650211;178287
3638670620;178288
3638691029;178289
3638711437;178290
3638731847;178291
3638752256;178292
3638772665;178293
3638793074;178294
3638813483;178295
3638833892;178296
3638854301;178297
3638874710;178298
3638895119;178299
3638915528;178300
3638935937;178301
3638956346;178302
3638976759;178303
3638997164;178304
3639017573;178305
3639037982;178306
3639058391;178307
3639078800;178308
3639099209;178309
3639119618;178310
3639140027;178311
3639160436;178312
3639180849;178313
3639201254;178314
3639221663;178315
3639242072;178316
3639262481;178317
3639282894;178318
3639303300;178319
3639323708;178320
3639344118;178321
3639364526;178322
3639384935;178323
3639405345;178324
3639425753;178325
3639446163;178326
3639466571;178327
3639486980;178328
3639507389;178329
3639527798;178330
3639548208;178331
3639568616;178332
3639589029;178333
3639609434;178334
3639629843;178335
3639650253;178336
3639670661;178337
3639691071;178338
3639711479;178339
3639731888;178340
3639752298;178341
3639772710;178342
3639793116;178343
3639813524;178344
3639833934;178345
3639854342;178346
3639874751;178347
3639895161;178348
3639915569;178349
3639935979;178350
3639956387;178351
3639976797;178352
3639997206;178353
3640017614;178354
3640038024;178355
3640058432;178356
3640078842;178357
3640099251;178358
3640119660;178359
3640140069;178360
3640160477;178361
3640180887;178362
3640201296;178363
3640221705;178364
3640242114;178365
3640262522;178366
3640282932;178367
3640303340;178368
3640323750;178369
3640344159;178370
3640364568;178371
3640384977;178372
3640405385;178373
3640425795;178374
3640446204;178375
3640466613;178376
3640487022;178377
3640507430;178378
3640527840;178379
3640548249;178380
3640568658;178381
3640589067;178382
3640609476;178383
3640629885;178384
3640650297;178385
3640670703;178386
3640691116;178387
3640711521;178388
3640731930;178389
3640752339;178390
3640772748;178391
3640793157;178392
3640813566;178393
3640833975;178394
3640854384;178395
3640874797;178396
3640895203;178397
3640915611;178398
3640936020;178399
3640956429;178400
3640976838;178401
3640997248;178402
3641017656;178403
3641038065;178404
3641058474;178405
3641078883;178406
3641099292;178407
3641119701;178408
3641140111;178409
3641160519;178410
3641180928;178411
3641201337;178412
3641221746;178413
3641242160;178414
3641262564;178415
3641282974;178416
3641303382;178417
3641323791;178418
3641344201;178419
3641364609;178420
3641385019;178421
3641405427;178422
3641425836;178423
3641446245;178424
3641466654;178425
3641487064;178426
3641507472;178427
3641527882;178428
3641548290;178429
3641568699;178430
3641589109;178431
