7829213323;383608
7829233729;383609
7829254137;383610
7829274547;383611
7829294956;383612
7829315366;383613
7829335779;383614
7829356185;383615
7829376594;383616
7829397003;383617
7829417412;383618
7829437826;383619
7829458232;383620
7829478645;383621
7829499051;383622
7829519460;383623
7829539870;383624
7829560282;383625
7829580692;383626
7829601101;383627
7829621507;383628
7829641916;383629
7829662326;383630
7829682738;383631
7829703144;383632
7829723553;383633
7829743963;383634
7829764372;383635
7829784782;383636
7829805191;383637
7829825601;383638
7829846009;383639
7829866419;383640
7829886828;383641
7829907238;383642
7829927651;383643
7829948057;383644
7829968467;383645
7829988875;383646
7830009285;383647
7830029694;383648
7830050108;383649
7830070517;383650
7830090927;383651
7830111336;383652
7830131742;383653
7830152154;383654
7830172560;383655
7830192969;383656
7830213379;383657
7830233788;383658
7830254202;383659
7830274607;383660
7830295016;383661
7830315425;383662
7830335835;383663
7830356244;383664
7830376654;383665
7830397063;383666
7830417473;383667
7830437881;383668
7830458291;383669
7830478705;383670
7830499110;383671
7830519520;383672
7830539929;383673
7830560339;383674
7830580747;383675
7830601157;383676
7830621566;383677
7830641976;383678
7830662385;383679
7830682799;383680
7830703204;383681
7830723613;383682
7830744022;383683
7830764432;383684
7830784841;383685
7830805251;383686
7830825660;383687
7830846070;383688
7830866478;383689
7830886888;383690
7830907297;383691
7830927707;383692
7830948117;383693
7830968526;383694
7830988936;383695
7831009345;383696
7831029754;383697
7831050163;383698
7831070573;383699
7831090986;383700
7831111396;383701
7831131801;383702
7831152210;383703
7831172619;383704
7831193029;383705
7831213438;383706
7831233848;383707
7831254257;383708
7831274667;383709
7831295076;383710
7831315485;383711
7831335894;383712
7831356304;383713
7831376713;383714
7831397127;383715
7831417532;383716
7831437942;383717
7831458355;383718
7831478760;383719
7831499170;383720
7831519579;383721
7831539989;383722
7831560398;383723
7831580808;383724
7831601216;383725
7831621626;383726
7831642035;383727
7831662445;383728
7831682854;383729
7831703268;383730
7831723673;383731
7831744083;383732
7831764491;383733
7831784901;383734
7831805314;383735
7831825720;383736
7831846129;383737
7831866539;383738
7831886948;383739
7831907357;383740
7831927766;383741
7831948176;383742
7831968586;383743
7831988995;383744
7832009405;383745
7832029817;383746
7832050223;383747
7832070632;383748
7832091042;383749
7832111451;383750
7832131861;383751
7832152270;383752
7832172680;383753
7832193088;383754
7832213498;383755
7832233911;383756
7832254317;383757
7832274730;383758
7832295140;383759
7832315548;383760
7832335954;383761
7832356367;383762
7832376773;383763
7832397182;383764
7832417592;383765
7832438001;383766
7832458411;383767
7832478821;383768
7832499229;383769
7832519639;383770
7832540048;383771
7832560458;383772
7832580867;383773
7832601277;383774
7832621685;383775
7832642095;383776
7832662504;383777
7832682914;383778
7832703323;383779
7832723733;383780
7832744146;383781
7832764552;383782
7832784960;383783
7832805374;383784
7832825779;383785
7832846189;383786
7832866598;383787
7832887008;383788
7832907420;383789
7832927826;383790
7832948236;383791
7832968645;383792
7832989055;383793
7833009464;383794
7833029874;383795
7833050283;383796
7833070693;383797
7833091101;383798
7833111511;383799
7833131920;383800
7833152330;383801
7833172739;383802
7833193149;383803
7833213557;383804
7833233967;383805
7833254380;383806
7833274786;383807
7833295195;383808
7833315605;383809
7833336014;383810
7833356424;383811
7833376832;383812
7833397242;383813
7833417655;383814
7833438061;383815
7833458471;383816
7833478880;383817
7833499290;383818
7833519698;383819
7833540108;383820
7833560517;383821
7833580927;383822
7833601336;383823
7833621746;383824
7833642155;383825
7833662564;383826
7833682977;383827
7833703383;383828
7833723792;383829
7833744206;383830
7833764611;383831
7833785021;383832
7833805430;383833
7833825839;383834
7833846248;383835
7833866658;383836
7833887067;383837
7833907477;383838
7833927886;383839
7833948295;383840
7833968705;383841
7833989114;383842
7834009524;383843
7834029933;383844
7834050347;383845
7834070752;383846
7834091162;383847
7834111570;383848
7834131980;383849
7834152389;383850
7834172799;383851
7834193212;383852
7834213618;383853
7834234027;383854
7834254440;383855
7834274845;383856
7834295255;383857
7834315664;383858
7834336074;383859
7834356483;383860
7834376893;383861
7834397301;383862
7834417711;383863
7834438120;383864
7834458530;383865
7834478940;383866
7834499349;383867
7834519780;383868
7834540189;383869
7834560598;383870
7834581007;383871
7834601417;383872
7834621826;383873
7834642236;383874
7834662646;383875
7834683055;383876
7834703464;383877
7834723873;383878
7834744283;383879
7834764692;383880
7834785102;383881
7834805511;383882
7834825921;383883
7834846330;383884
7834866739;383885
7834887149;383886
7834907558;383887
7834927972;383888
7834948377;383889
7834968787;383890
7834989196;383891
7835009605;383892
7835030015;383893
7835050428;383894
7835070838;383895
7835091247;383896
7835111653;383897
7835132061;383898
7835152471;383899
7835172881;383900
7835193290;383901
7835213704;383902
7835234109;383903
7835254519;383904
7835274931;383905
7835295341;383906
7835315747;383907
7835336156;383908
7835356566;383909
7835376975;383910
7835397385;383911
7835417794;383912
7835438203;383913
7835458612;383914
7835479022;383915
7835499432;383916
7835519845;383917
7835540251;383918
7835560664;383919
7835581069;383920
7835601478;383921
7835621892;383922
7835642298;383923
7835662707;383924
7835683117;383925
7835703526;383926
7835723935;383927
7835744344;383928
7835764754;383929
7835785164;383930
7835805573;383931
7835825983;383932
7835846392;383933
7835866802;383934
7835887214;383935
7835907620;383936
7835928029;383937
7835948439;383938
7835968849;383939
7835989258;383940
7836009668;383941
7836030076;383942
7836050486;383943
7836070895;383944
7836091309;383945
7836111715;383946
7836132124;383947
7836152534;383948
7836172942;383949
7836193352;383950
7836213765;383951
7836234171;383952
7836254580;383953
7836274990;383954
7836295403;383955
7836315808;383956
7836336218;383957
7836356627;383958
7836377037;383959
7836397450;383960
7836417860;383961
7836438266;383962
7836458678;383963
7836479088;383964
7836499493;383965
7836519907;383966
7836540312;383967
7836560722;383968
7836581131;383969
7836601541;383970
7836621950;383971
7836642363;383972
7836662769;383973
7836683178;383974
7836703588;383975
7836723997;383976
7836744407;383977
7836764820;383978
7836785225;383979
7836805635;383980
7836826048;383981
7836846454;383982
7836866863;383983
7836887273;383984
7836907681;383985
7836928095;383986
7836948501;383987
7836968910;383988
7836989320;383989
7837009729;383990
7837030139;383991
7837050547;383992
7837070957;383993
7837091371;383994
7837111776;383995
7837132190;383996
7837152595;383997
7837173005;383998
7837193413;383999
7837213827;384000
7837234237;384001
7837254642;384002
7837275052;384003
7837295461;384004
7837315871;384005
7837336280;384006
7837356689;384007
7837377098;384008
7837397512;384009
7837417918;384010
7837438327;384011
7837458741;384012
7837479149;384013
7837499555;384014
7837519964;384015
7837540374;384016
7837560788;384017
7837581193;384018
7837601603;384019
7837622011;384020
7837642421;384021
7837662830;384022
7837683240;384023
7837703653;384024
7837724059;384025
7837744469;384026
7837764878;384027
7837785287;384028
7837805696;384029
7837826106;384030
7837846515;384031
7837866925;384032
7837887335;384033
7837907744;384034
7837928153;384035
7837948562;384036
7837968976;384037
7837989381;384038
7838009791;384039
7838030200;384040
7838050610;384041
7838071019;384042
7838091432;384043
7838111842;384044
7838132251;384045
7838152657;384046
7838173066;384047
7838193476;384048
7838213886;384049
7838234294;384050
7838254704;384051
7838275113;384052
7838295523;384053
7838315932;384054
7838336346;384055
7838356751;384056
7838377160;384057
7838397570;384058
7838417979;384059
7838438389;384060
7838458802;384061
7838479212;384062
7838499620;384063
7838520026;384064
7838540436;384065
7838560845;384066
7838581255;384067
7838601664;384068
7838622074;384069
7838642483;384070
7838662892;384071
7838683301;384072
7838703711;384073
7838724121;384074
7838744530;384075
7838764940;384076
7838785349;384077
7838805762;384078
7838826171;384079
7838846577;384080
7838866991;384081
7838887396;384082
7838907806;384083
7838928219;384084
7838948625;384085
7838969033;384086
7838989443;384087
7839009853;384088
7839030262;384089
7839050672;384090
7839071081;384091
7839091491;384092
7839111899;384093
7839132309;384094
7839152718;384095
7839173128;384096
7839193538;384097
7839213951;384098
7839234357;384099
7839254765;384100
7839275175;384101
7839295588;384102
7839315994;384103
7839336408;384104
7839356813;384105
7839377223;384106
7839397631;384107
7839418041;384108
7839438454;384109
7839458860;384110
7839479269;384111
7839499679;384112
7839520089;384113
7839540498;384114
7839560907;384115
7839581316;384116
7839601726;384117
7839622135;384118
7839642549;384119
7839662959;384120
7839683364;384121
7839703773;384122
7839724182;384123
7839744592;384124
7839765001;384125
7839785415;384126
7839805820;384127
7839826230;384128
7839846639;384129
7839867048;384130
7839887462;384131
7839907867;384132
7839928277;384133
7839948686;384134
7839969100;384135
7839989505;384136
7840009914;384137
7840030328;384138
7840050733;384139
7840071143;384140
7840091552;384141
7840111966;384142
7840132374;384143
7840152780;384144
7840173190;384145
7840193599;384146
7840214013;384147
7840234418;384148
7840254828;384149
7840275236;384150
7840295646;384151
7840316056;384152
7840336465;384153
7840356875;384154
7840377284;384155
7840397694;384156
7840418106;384157
7840438512;384158
7840458921;384159
7840479331;384160
7840499741;384161
7840520150;384162
7840540560;384163
7840560969;384164
7840581378;384165
7840601787;384166
7840622197;384167
7840642607;384168
7840663016;384169
7840683426;384170
7840703835;384171
7840724244;384172
7840744653;384173
7840765063;384174
7840785473;384175
7840805882;384176
7840826292;384177
7840846701;384178
7840867114;384179
7840887519;384180
7840907929;384181
7840928338;384182
7840948748;384183
7840969158;384184
7840989567;384185
7841009977;384186
7841030385;384187
7841050795;384188
7841071204;384189
7841091614;384190
7841112024;384191
7841132433;384192
7841152843;384193
7841173251;384194
7841193661;384195
7841214070;384196
7841234480;384197
7841254889;384198
7841275299;384199
7841295712;384200
7841316117;384201
7841336527;384202
7841356936;384203
7841377346;384204
7841397755;384205
7841418165;384206
7841438575;384207
7841458983;384208
7841479397;384209
7841499802;384210
7841520212;384211
7841540621;384212
7841561031;384213
7841581440;384214
7841601849;384215
7841622259;384216
7841642668;384217
7841663078;384218
7841683487;384219
7841703897;384220
7841724310;384221
7841744716;384222
7841765125;384223
7841785538;384224
7841805948;384225
7841826353;384226
7841846763;384227
7841867172;384228
7841887582;384229
7841907990;384230
7841928400;384231
7841948810;384232
7841969219;384233
7841989629;384234
7842010038;384235
7842030448;384236
7842050856;384237
7842071270;384238
7842091676;384239
7842112085;384240
7842132495;384241
7842152904;384242
7842173314;384243
7842193722;384244
7842214132;384245
7842234541;384246
7842254951;384247
7842275365;384248
7842295770;384249
7842316180;384250
7842336592;384251
7842356998;384252
7842377407;384253
7842397817;384254
7842418231;384255
7842438636;384256
7842459046;384257
7842479458;384258
7842499864;384259
7842520273;384260
7842540683;384261
7842561093;384262
7842581502;384263
7842601912;384264
7842622320;384265
7842642730;384266
7842663139;384267
7842683549;384268
7842703958;384269
7842724368;384270
7842744782;384271
7842765187;384272
7842785596;384273
7842806005;384274
7842826415;384275
7842846824;384276
7842867234;384277
7842887644;384278
7842908053;384279
7842928463;384280
7842948875;384281
7842969281;384282
7842989694;384283
7843010100;384284
7843030509;384285
7843050919;384286
7843071332;384287
7843091741;384288
7843112151;384289
7843132556;384290
7843152966;384291
7843173375;384292
7843193785;384293
7843214195;384294
7843234603;384295
7843255013;384296
7843275422;384297
7843295832;384298
7843316241;384299
7843336651;384300
7843357060;384301
7843377469;384302
7843397879;384303
7843418288;384304
7843438702;384305
7843459107;384306
7843479517;384307
7843499926;384308
7843520335;384309
7843540745;384310
7843561154;384311
7843581568;384312
7843601973;384313
7843622387;384314
7843642792;384315
7843663201;384316
7843683610;384317
7843704024;384318
7843724434;384319
7843744839;384320
7843765249;384321
7843785658;384322
7843806068;384323
7843826480;384324
7843846890;384325
7843867296;384326
7843887705;384327
7843908115;384328
7843928524;384329
7843948933;384330
7843969342;384331
7843989752;384332
7844010162;384333
7844030571;384334
7844050981;384335
7844071390;384336
7844091799;384337
7844112208;384338
7844132618;384339
7844153027;384340
7844173437;384341
7844193847;384342
7844214256;384343
7844234666;384344
7844255074;384345
7844275484;384346
7844295893;384347
7844316303;384348
7844336713;384349
7844357122;384350
7844377532;384351
7844397940;384352
7844418350;384353
7844438759;384354
7844459169;384355
7844479578;384356
7844499988;384357
7844520421;384358
7844540829;384359
7844561239;384360
7844581648;384361
7844602058;384362
7844622468;384363
7844642877;384364
7844663287;384365
7844683696;384366
7844704105;384367
7844724515;384368
7844744924;384369
7844765334;384370
7844785744;384371
7844806153;384372
7844826563;384373
7844846975;384374
7844867381;384375
7844887791;384376
7844908200;384377
7844928610;384378
7844949019;384379
7844969429;384380
7844989838;384381
7845010247;384382
7845030661;384383
7845051066;384384
7845071476;384385
7845091886;384386
7845112295;384387
7845132704;384388
7845153114;384389
7845173523;384390
7845193933;384391
7845214342;384392
7845234756;384393
7845255162;384394
7845275571;384395
7845295984;384396
7845316389;384397
7845336799;384398
7845357209;384399
7845377618;384400
7845398028;384401
7845418437;384402
7845438850;384403
7845459256;384404
7845479669;384405
7845500075;384406
7845520484;384407
7845540898;384408
7845561304;384409
7845581712;384410
7845602122;384411
7845622532;384412
7845642941;384413
7845663351;384414
7845683760;384415
7845704170;384416
7845724579;384417
7845744992;384418
7845765398;384419
7845785807;384420
7845806217;384421
7845826631;384422
7845847036;384423
7845867445;384424
7845887854;384425
7845908264;384426
7845928674;384427
7845949083;384428
7845969497;384429
7845989906;384430
7846010312;384431
7846030721;384432
7846051130;384433
7846071540;384434
7846091950;384435
7846112359;384436
7846132769;384437
7846153178;384438
7846173591;384439
7846194001;384440
7846214406;384441
7846234816;384442
7846255225;384443
7846275639;384444
7846296048;384445
7846316453;384446
7846336863;384447
7846357273;384448
7846377686;384449
7846398096;384450
7846418501;384451
7846438911;384452
7846459320;384453
7846479733;384454
7846500139;384455
7846520548;384456
7846540958;384457
7846561368;384458
7846581777;384459
7846602186;384460
7846622595;384461
7846643009;384462
7846663415;384463
7846683828;384464
7846704234;384465
7846724643;384466
7846745053;384467
7846765466;384468
7846785871;384469
7846806285;384470
7846826691;384471
7846847100;384472
7846867510;384473
7846887922;384474
7846908328;384475
7846928738;384476
7846949147;384477
7846969557;384478
7846989966;384479
7847010376;384480
7847030789;384481
7847051198;384482
7847071604;384483
7847092013;384484
7847112423;384485
7847132833;384486
7847153242;384487
7847173652;384488
7847194061;384489
7847214470;384490
7847234880;384491
7847255289;384492
7847275699;384493
7847296109;384494
7847316518;384495
7847336927;384496
7847357340;384497
7847377746;384498
7847398160;384499
7847418565;384500
7847438975;384501
7847459384;384502
7847479793;384503
7847500203;384504
7847520612;384505
7847541022;384506
7847561432;384507
7847581841;384508
7847602251;384509
7847622659;384510
7847643069;384511
7847663479;384512
7847683888;384513
7847704298;384514
7847724707;384515
7847745117;384516
7847765526;384517
7847785935;384518
7847806345;384519
7847826754;384520
7847847164;384521
7847867574;384522
7847887987;384523
7847908393;384524
7847928801;384525
7847949211;384526
7847969621;384527
7847990030;384528
7848010440;384529
7848030850;384530
7848051259;384531
7848071669;384532
7848092077;384533
7848112487;384534
7848132897;384535
7848153306;384536
7848173716;384537
7848194125;384538
7848214538;384539
7848234944;384540
7848255353;384541
7848275763;384542
7848296176;384543
7848316582;384544
7848336996;384545
7848357401;384546
7848377814;384547
7848398220;384548
7848418629;384549
7848439039;384550
7848459448;384551
7848479858;384552
7848500271;384553
7848520676;384554
7848541086;384555
7848561495;384556
7848581905;384557
7848602315;384558
7848622724;384559
7848643138;384560
7848663542;384561
7848683952;384562
7848704362;384563
7848724771;384564
7848745181;384565
7848765591;384566
7848786000;384567
7848806410;384568
7848826818;384569
7848847228;384570
7848867638;384571
7848888047;384572
7848908457;384573
7848928866;384574
7848949276;384575
7848969685;384576
7848990094;384577
7849010504;384578
7849030913;384579
7849051323;384580
7849071733;384581
7849092142;384582
7849112555;384583
7849132960;384584
7849153370;384585
7849173780;384586
7849194189;384587
7849214599;384588
7849235009;384589
7849255421;384590
7849275827;384591
7849296236;384592
7849316646;384593
7849337056;384594
7849357465;384595
7849377875;384596
7849398284;384597
7849418693;384598
7849439107;384599
7849459512;384600
7849479922;384601
7849500331;384602
7849520741;384603
7849541151;384604
7849561559;384605
7849581969;384606
7849602383;384607
7849622788;384608
7849643202;384609
7849663611;384610
7849684017;384611
7849704426;384612
7849724839;384613
7849745245;384614
7849765654;384615
7849786064;384616
7849806474;384617
7849826883;384618
7849847292;384619
7849867701;384620
7849888111;384621
7849908525;384622
7849928930;384623
7849949340;384624
7849969750;384625
7849990162;384626
7850010568;384627
7850030977;384628
7850051391;384629
7850071797;384630
7850092210;384631
7850112620;384632
7850133024;384633
7850153434;384634
7850173844;384635
7850194253;384636
7850214663;384637
7850235072;384638
7850255486;384639
7850275892;384640
7850296300;384641
7850316710;384642
7850337124;384643
7850357529;384644
7850377939;384645
7850398348;384646
7850418758;384647
7850439167;384648
7850459576;384649
7850479986;384650
7850500395;384651
7850520805;384652
7850541215;384653
7850561623;384654
7850582037;384655
7850602442;384656
7850622852;384657
7850643262;384658
7850663671;384659
7850684081;384660
7850704490;384661
7850724899;384662
7850745309;384663
7850765718;384664
7850786128;384665
7850806538;384666
7850826947;384667
7850847357;384668
7850867765;384669
7850888175;384670
7850908585;384671
7850928994;384672
7850949404;384673
7850969813;384674
7850990223;384675
7851010633;384676
7851031041;384677
7851051451;384678
7851071860;384679
7851092270;384680
7851112680;384681
7851133093;384682
7851153502;384683
7851173912;384684
7851194321;384685
7851214727;384686
7851235136;384687
7851255546;384688
7851275956;384689
7851296365;384690
7851316774;384691
7851337183;384692
7851357593;384693
7851378007;384694
7851398412;384695
7851418822;384696
7851439231;384697
7851459640;384698
7851480050;384699
7851500459;384700
7851520869;384701
7851541283;384702
7851561688;384703
7851582102;384704
7851602506;384705
7851622920;384706
7851643326;384707
7851663735;384708
7851684145;384709
7851704554;384710
7851724964;384711
7851745373;384712
7851765782;384713
7851786192;384714
7851806601;384715
7851827015;384716
7851847425;384717
7851867834;384718
7851888240;384719
7851908648;384720
7851929062;384721
7851949468;384722
7851969877;384723
7851990287;384724
7852010697;384725
7852031105;384726
7852051515;384727
7852071924;384728
7852092334;384729
7852112744;384730
7852133153;384731
7852153563;384732
7852173972;384733
7852194381;384734
7852214791;384735
7852235200;384736
7852255610;384737
7852276019;384738
7852296429;384739
7852316839;384740
7852337247;384741
7852357657;384742
7852378071;384743
7852398476;384744
7852418886;384745
7852439295;384746
7852459705;384747
7852480118;384748
7852500527;384749
7852520937;384750
7852541342;384751
7852561752;384752
7852582162;384753
7852602575;384754
7852622980;384755
7852643393;384756
7852663799;384757
7852684209;384758
7852704618;384759
7852725028;384760
7852745438;384761
7852765846;384762
7852786256;384763
7852806665;384764
7852827075;384765
7852847485;384766
7852867894;384767
7852888304;384768
7852908713;384769
7852929126;384770
7852949536;384771
7852969941;384772
7852990351;384773
7853010764;384774
7853031170;384775
7853051580;384776
7853071988;384777
7853092402;384778
7853112807;384779
7853133217;384780
7853153627;384781
7853174040;384782
7853194446;384783
7853214856;384784
7853235268;384785
7853255674;384786
7853276083;384787
7853296493;384788
7853316903;384789
7853337312;384790
7853357725;384791
7853378130;384792
7853398540;384793
7853418950;384794
7853439359;384795
7853459769;384796
7853480178;384797
7853500588;384798
7853520997;384799
7853541406;384800
7853561820;384801
7853582226;384802
7853602635;384803
7853623045;384804
7853643453;384805
7853663863;384806
7853684273;384807
7853704686;384808
7853725092;384809
7853745501;384810
7853765911;384811
7853786321;384812
7853806729;384813
7853827139;384814
7853847548;384815
7853867958;384816
7853888368;384817
7853908777;384818
7853929186;384819
7853949596;384820
7853970005;384821
7853990415;384822
7854010824;384823
7854031238;384824
7854051648;384825
7854072053;384826
7854092462;384827
7854112871;384828
7854133281;384829
7854153691;384830
7854174100;384831
7854194510;384832
7854214919;384833
7854235328;384834
7854255738;384835
7854276151;384836
7854296561;384837
7854316966;384838
7854337376;384839
7854357790;384840
7854378194;384841
7854398604;384842
7854419014;384843
7854439427;384844
7854459837;384845
7854480246;384846
7854500656;384847
7854521060;384848
7854541465;384849
7854561875;384850
7854582284;384851
7854602694;384852
7854623104;384853
7854643513;384854
7854663923;384855
7854684331;384856
7854704741;384857
7854725151;384858
7854745564;384859
7854765970;384860
7854786379;384861
7854806789;384862
7854827198;384863
7854847607;384864
7854868017;384865
7854888426;384866
7854908836;384867
7854929246;384868
7854949655;384869
7854970068;384870
7854990473;384871
7855010887;384872
7855031297;384873
7855051702;384874
7855072112;384875
7855092521;384876
7855112930;384877
7855133340;384878
7855153749;384879
7855174159;384880
7855194568;384881
7855214978;384882
7855235388;384883
7855255796;384884
7855276206;384885
7855296615;384886
7855317025;384887
7855337435;384888
7855357844;384889
7855378254;384890
7855398663;384891
7855419072;384892
7855439482;384893
7855459891;384894
7855480301;384895
7855500710;384896
7855521120;384897
7855541533;384898
7855561938;384899
7855582348;384900
7855602757;384901
7855623171;384902
7855643577;384903
7855663986;384904
7855684400;384905
7855704804;384906
7855725214;384907
7855745624;384908
7855766033;384909
7855786443;384910
7855806852;384911
7855827261;384912
7855847671;384913
7855868080;384914
7855888490;384915
7855908899;384916
7855929309;384917
7855949719;384918
7855970128;384919
7855990541;384920
7856010950;384921
7856031360;384922
7856051770;384923
7856072179;384924
7856092585;384925
7856112994;384926
7856133407;384927
7856153813;384928
7856174222;384929
7856194636;384930
7856215041;384931
7856235451;384932
7856255861;384933
7856276270;384934
7856296679;384935
7856317088;384936
7856337498;384937
7856357908;384938
7856378321;384939
7856398727;384940
7856419135;384941
7856439545;384942
7856459955;384943
7856480364;384944
7856500774;384945
7856521187;384946
7856541597;384947
7856562006;384948
7856582411;384949
7856602825;384950
7856623230;384951
7856643640;384952
7856664050;384953
7856684459;384954
7856704869;384955
7856725277;384956
7856745687;384957
7856766097;384958
7856786510;384959
7856806916;384960
7856827329;384961
7856847735;384962
7856868148;384963
7856888553;384964
7856908967;384965
7856929372;384966
7856949786;384967
7856970192;384968
7856990601;384969
7857011010;384970
7857031419;384971
7857051829;384972
7857072239;384973
7857092652;384974
7857113058;384975
7857133467;384976
7857153876;384977
7857174290;384978
7857194699;384979
7857215105;384980
7857235514;384981
7857255924;384982
7857276334;384983
7857296743;384984
7857317152;384985
7857337561;384986
7857357971;384987
7857378381;384988
7857398790;384989
7857419200;384990
7857439612;384991
7857460018;384992
7857480428;384993
7857500837;384994
7857521247;384995
7857541656;384996
7857562066;384997
7857582476;384998
7857602885;384999
7857623294;385000
7857643703;385001
7857664113;385002
7857684523;385003
7857704936;385004
7857725342;385005
7857745750;385006
7857766160;385007
7857786574;385008
7857806983;385009
7857827389;385010
7857847798;385011
7857868208;385012
7857888617;385013
7857909026;385014
7857929436;385015
7857949845;385016
7857970255;385017
7857990669;385018
7858011078;385019
7858031487;385020
7858051892;385021
7858072302;385022
7858092712;385023
7858113125;385024
7858133531;385025
7858153940;385026
7858174353;385027
7858194759;385028
7858215168;385029
7858235578;385030
7858255987;385031
7858276397;385032
7858296811;385033
7858317216;385034
7858337625;385035
7858358034;385036
7858378444;385037
7858398854;385038
7858419263;385039
7858439673;385040
7858460082;385041
7858480492;385042
7858500901;385043
7858521314;385044
7858541720;385045
7858562129;385046
7858582539;385047
7858602949;385048
7858623357;385049
7858643767;385050
7858664176;385051
7858684586;385052
7858704996;385053
7858725405;385054
7858745815;385055
7858766227;385056
7858786633;385057
7858807047;385058
7858827456;385059
7858847866;385060
7858868271;385061
7858888681;385062
7858909091;385063
7858929499;385064
7858949909;385065
7858970318;385066
7858990732;385067
7859011142;385068
7859031547;385069
7859051960;385070
7859072366;385071
7859092775;385072
7859113185;385073
7859133594;385074
7859154004;385075
7859174413;385076
7859194823;385077
7859215232;385078
7859235641;385079
7859256051;385080
7859276460;385081
7859296870;385082
7859317280;385083
7859337689;385084
7859358098;385085
7859378507;385086
7859398917;385087
7859419327;385088
7859439736;385089
7859460146;385090
7859480555;385091
7859500965;385092
7859521374;385093
7859541787;385094
7859562193;385095
7859582606;385096
7859603012;385097
7859623426;385098
7859643831;385099
7859664244;385100
7859684649;385101
7859705063;385102
7859725469;385103
7859745878;385104
7859766288;385105
7859786697;385106
7859807110;385107
7859827520;385108
7859847925;385109
7859868335;385110
7859888744;385111
7859909158;385112
7859929568;385113
7859949972;385114
7859970382;385115
7859990791;385116
7860011201;385117
7860031615;385118
7860052020;385119
7860072433;385120
7860092838;385121
7860113248;385122
7860133658;385123
7860154071;385124
7860174477;385125
7860194886;385126
7860215296;385127
7860235705;385128
7860256114;385129
7860276524;385130
7860296933;385131
7860317347;385132
7860337753;385133
7860358162;385134
7860378575;385135
7860398980;385136
7860419390;385137
7860439800;385138
7860460209;385139
7860480619;385140
7860501028;385141
7860521438;385142
7860541851;385143
7860562260;385144
7860582666;385145
7860603075;385146
7860623485;385147
7860643899;385148
7860664304;385149
7860684713;385150
7860705126;385151
7860725536;385152
7860745942;385153
7860766351;385154
7860786761;385155
7860807170;385156
7860827579;385157
7860847989;385158
7860868398;385159
7860888808;385160
7860909217;385161
7860929631;385162
7860950037;385163
7860970445;385164
7860990855;385165
7861011264;385166
7861031674;385167
7861052084;385168
7861072493;385169
7861092906;385170
7861113311;385171
7861133721;385172
7861154131;385173
7861174540;385174
7861194950;385175
7861215359;385176
7861235773;385177
7861256179;385178
7861276587;385179
7861296997;385180
7861317406;385181
7861337820;385182
7861358226;385183
7861378635;385184
7861399045;385185
7861419453;385186
7861439863;385187
7861460273;385188
7861480682;385189
7861501092;385190
7861521501;385191
7861541911;385192
7861562320;385193
7861582729;385194
7861603139;385195
7861623548;385196
7861643958;385197
7861664368;385198
7861684777;385199
7861705186;385200
7861725599;385201
7861746005;385202
7861766419;385203
7861786824;385204
7861807238;385205
7861827643;385206
7861848056;385207
7861868466;385208
7861888871;385209
7861909281;385210
7861929690;385211
7861950100;385212
7861970510;385213
7861990922;385214
7862011328;385215
7862031741;385216
7862052147;385217
7862072557;385218
7862092966;385219
7862113376;385220
7862133785;385221
7862154194;385222
7862174604;385223
7862195013;385224
7862215423;385225
7862235836;385226
7862256242;385227
7862276655;385228
7862297060;385229
7862317470;385230
7862337879;385231
7862358289;385232
7862378699;385233
7862399108;385234
7862419517;385235
7862439926;385236
7862460336;385237
7862480746;385238
7862501159;385239
7862521569;385240
7862541974;385241
7862562384;385242
7862582797;385243
7862603202;385244
7862623612;385245
7862644025;385246
7862664431;385247
7862684841;385248
7862705250;385249
7862725659;385250
7862746068;385251
7862766478;385252
7862786888;385253
7862807297;385254
7862827711;385255
7862848116;385256
7862868525;385257
7862888935;385258
7862909344;385259
7862929754;385260
7862950167;385261
7862970573;385262
7862990983;385263
7863011392;385264
7863031801;385265
7863052210;385266
7863072620;385267
7863093030;385268
7863113443;385269
7863133849;385270
7863154257;385271
7863174667;385272
7863195077;385273
7863215486;385274
7863235896;385275
7863256305;385276
7863276715;385277
7863297125;385278
7863317537;385279
7863337943;385280
7863358352;385281
7863378762;385282
7863399172;385283
7863419581;385284
7863439991;385285
7863460399;385286
7863480809;385287
7863501219;385288
7863521632;385289
7863542038;385290
7863562447;385291
7863582861;385292
7863603266;385293
7863623675;385294
7863644085;385295
7863664494;385296
7863684904;385297
7863705318;385298
7863725723;385299
7863746133;385300
7863766545;385301
7863786951;385302
7863807361;385303
7863827770;385304
7863848184;385305
7863868589;385306
7863888998;385307
7863909408;385308
7863929821;385309
7863950227;385310
7863970636;385311
7863991046;385312
7864011456;385313
7864031865;385314
7864052274;385315
7864072683;385316
7864093093;385317
7864113503;385318
7864133912;385319
7864154322;385320
7864174731;385321
7864195140;385322
7864215550;385323
7864235963;385324
7864256373;385325
7864276778;385326
7864297192;385327
7864317598;385328
7864338006;385329
7864358416;385330
7864378825;385331
7864399235;385332
7864419645;385333
7864440054;385334
7864460464;385335
7864480872;385336
7864501282;385337
7864521073;385338
7864541486;385339
7864561890;385340
7864582298;385341
7864602707;385342
7864623114;385343
7864643522;385344
7864663931;385345
7864684339;385346
7864704747;385347
7864725160;385348
7864745564;385349
7864765973;385350
7864786380;385351
7864806788;385352
7864827197;385353
7864847605;385354
7864868013;385355
7864888422;385356
7864908830;385357
7864929237;385358
7864949646;385359
7864970054;385360
7864990462;385361
7865010871;385362
7865031279;385363
7865051687;385364
7865072095;385365
7865092503;385366
7865112911;385367
7865133320;385368
7865153728;385369
7865174136;385370
7865194545;385371
7865214956;385372
7865235360;385373
7865255769;385374
7865276177;385375
7865296585;385376
7865316998;385377
7865337406;385378
7865357809;385379
7865378218;385380
7865398626;385381
7865419034;385382
7865439443;385383
7865459851;385384
7865480259;385385
7865500667;385386
7865521075;385387
7865541483;385388
7865561892;385389
7865582300;385390
7865602708;385391
7865623117;385392
7865643525;385393
7865663932;385394
7865684345;385395
7865704749;385396
7865725161;385397
7865745566;385398
7865765978;385399
7865786382;385400
7865806790;385401
7865827198;385402
7865847610;385403
7865868015;385404
7865888423;385405
7865908831;385406
7865929240;385407
7865949651;385408
7865970056;385409
7865990464;385410
7866010872;385411
7866031281;385412
7866051689;385413
7866072097;385414
7866092505;385415
7866112917;385416
7866133321;385417
7866153730;385418
7866174138;385419
7866194546;385420
7866214955;385421
7866235363;385422
7866255770;385423
7866276179;385424
7866296587;385425
7866316995;385426
7866337404;385427
7866357812;385428
7866378220;385429
7866398628;385430
7866419036;385431
7866439444;385432
7866459853;385433
7866480261;385434
7866500669;385435
7866521077;385436
7866541489;385437
7866561893;385438
7866582302;385439
7866602710;385440
7866623118;385441
7866643527;385442
7866663935;385443
7866684342;385444
7866704755;385445
7866725163;385446
7866745567;385447
7866765976;385448
7866786384;385449
7866806792;385450
7866827200;385451
7866847608;385452
7866868016;385453
7866888425;385454
7866908837;385455
7866929245;385456
7866949650;385457
7866970061;385458
7866990465;385459
7867010874;385460
7867031282;385461
7867051690;385462
7867072103;385463
7867092510;385464
7867112914;385465
7867133323;385466
7867153735;385467
7867174139;385468
7867194548;385469
7867214960;385470
7867235369;385471
7867255776;385472
7867276184;385473
7867296589;385474
7867316997;385475
7867337405;385476
7867357818;385477
7867378222;385478
7867398630;385479
7867419038;385480
7867439446;385481
7867459854;385482
7867480263;385483
7867500671;385484
7867521083;385485
7867541488;385486
7867561895;385487
7867582303;385488
7867602716;385489
7867623124;385490
7867643528;385491
7867663937;385492
7867684345;385493
7867704752;385494
7867725161;385495
7867745573;385496
7867765977;385497
7867786386;385498
7867806794;385499
7867827202;385500
7867847610;385501
7867868018;385502
7867888430;385503
7867908835;385504
7867929243;385505
7867949651;385506
7867970060;385507
7867990467;385508
7868010875;385509
7868031284;385510
7868051692;385511
7868072100;385512
7868092509;385513
7868112917;385514
7868133324;385515
7868153733;385516
7868174141;385517
7868194549;385518
7868214958;385519
7868235366;385520
7868255774;385521
7868276183;385522
7868296590;385523
7868316998;385524
7868337407;385525
7868357815;385526
7868378223;385527
7868398632;385528
7868419040;385529
7868439448;385530
7868459856;385531
7868480268;385532
7868500673;385533
7868521081;385534
7868541489;385535
7868561902;385536
7868582306;385537
7868602717;385538
7868623126;385539
7868643530;385540
7868663938;385541
7868684347;385542
7868704755;385543
7868725162;385544
7868745571;385545
7868765979;385546
7868786387;385547
7868806796;385548
7868827204;385549
7868847612;385550
7868868024;385551
7868888428;385552
7868908836;385553
7868929245;385554
7868949653;385555
7868970065;385556
7868990470;385557
7869010878;385558
7869031289;385559
7869051698;385560
7869072102;385561
7869092514;385562
7869112919;385563
7869133327;385564
7869153735;385565
7869174143;385566
7869194551;385567
7869214959;385568
7869235372;385569
7869255780;385570
7869276184;385571
7869296593;385572
7869317000;385573
7869337408;385574
7869357817;385575
7869378225;385576
7869398633;385577
7869419042;385578
7869439450;385579
7869459857;385580
7869480266;385581
7869500674;385582
7869521082;385583
7869541495;385584
7869561899;385585
7869582307;385586
7869602715;385587
7869623123;385588
7869643531;385589
7869663940;385590
7869684352;385591
7869704757;385592
7869725169;385593
7869745573;385594
7869765981;385595
7869786389;385596
7869806797;385597
7869827206;385598
7869847618;385599
7869868022;385600
7869888431;385601
7869908842;385602
7869929246;385603
7869949655;385604
7869970063;385605
7869990471;385606
7870010880;385607
7870031292;385608
7870051695;385609
7870072108;385610
7870092512;385611
7870112920;385612
7870133329;385613
7870153737;385614
7870174145;385615
7870194553;385616
7870214961;385617
7870235369;385618
7870255778;385619
7870276190;385620
7870296594;385621
7870317003;385622
7870337410;385623
7870357822;385624
7870378227;385625
7870398635;385626
7870419043;385627
7870439452;385628
7870459860;385629
7870480268;385630
7870500676;385631
7870521088;385632
7870541496;385633
7870561901;385634
7870582313;385635
7870602717;385636
7870623126;385637
7870643533;385638
7870663941;385639
7870684350;385640
7870704758;385641
7870725166;385642
7870745575;385643
7870765987;385644
7870786390;385645
7870806799;385646
7870827207;385647
7870847615;385648
7870868024;385649
7870888432;385650
7870908841;385651
7870929249;385652
7870949660;385653
7870970065;385654
7870990477;385655
7871010881;385656
7871031290;385657
7871051698;385658
7871072105;385659
7871092514;385660
7871112926;385661
7871133330;385662
7871153739;385663
7871174147;385664
7871194555;385665
7871214964;385666
7871235371;385667
7871255779;385668
7871276188;385669
7871296596;385670
7871317004;385671
7871337413;385672
7871357821;385673
7871378232;385674
7871398637;385675
7871419045;385676
7871439453;385677
7871459862;385678
7871480270;385679
7871500678;385680
7871521086;385681
7871541494;385682
7871561902;385683
7871582311;385684
7871602723;385685
7871623127;385686
7871643536;385687
7871663944;385688
7871684351;385689
7871704760;385690
7871725168;385691
7871745576;385692
7871765985;385693
7871786393;385694
7871806800;385695
7871827209;385696
7871847621;385697
7871868029;385698
7871888434;385699
7871908842;385700
7871929250;385701
7871949659;385702
7871970066;385703
7871990474;385704
7872010883;385705
7872031291;385706
7872051699;385707
7872072108;385708
7872092516;385709
7872112923;385710
7872133332;385711
7872153740;385712
7872174149;385713
7872194561;385714
7872214965;385715
7872235374;385716
7872255781;385717
7872276189;385718
7872296598;385719
7872317006;385720
7872337414;385721
7872357827;385722
7872378235;385723
7872398639;385724
7872419047;385725
7872439455;385726
7872459863;385727
7872480272;385728
7872500680;385729
7872521088;385730
7872541497;385731
7872561908;385732
7872582312;385733
7872602721;385734
7872623129;385735
7872643537;385736
7872663946;385737
7872684357;385738
7872704761;385739
7872725170;385740
7872745578;385741
7872765986;385742
7872786395;385743
7872806803;385744
7872827214;385745
7872847619;385746
7872868027;385747
7872888435;385748
7872908848;385749
7872929256;385750
7872949660;385751
7872970072;385752
7872990480;385753
7873010884;385754
7873031293;385755
7873051701;385756
7873072109;385757
7873092518;385758
7873112926;385759
7873133333;385760
7873153742;385761
7873174150;385762
7873194558;385763
7873214967;385764
7873235375;385765
7873255783;385766
7873276192;385767
7873296603;385768
7873317007;385769
7873337416;385770
7873357824;385771
7873378233;385772
7873398641;385773
7873419048;385774
7873439457;385775
7873459865;385776
7873480273;385777
7873500682;385778
7873521090;385779
7873541502;385780
7873561907;385781
7873582314;385782
7873602722;385783
7873623135;385784
7873643539;385785
7873663947;385786
7873684356;385787
7873704764;385788
7873725175;385789
7873745580;385790
7873765988;385791
7873786396;385792
7873806805;385793
7873827217;385794
7873847625;385795
7873868029;385796
7873888437;385797
7873908845;385798
7873929254;385799
7873949662;385800
7873970070;385801
7873990479;385802
7874010890;385803
7874031294;385804
7874051703;385805
7874072115;385806
7874092519;385807
7874112928;385808
7874133336;385809
7874153743;385810
7874174156;385811
7874194564;385812
7874214968;385813
7874235377;385814
7874255789;385815
7874276193;385816
7874296602;385817
7874317013;385818
7874337417;385819
7874357826;385820
7874378234;385821
7874398642;385822
7874419051;385823
7874439459;385824
7874459866;385825
7874480275;385826
7874500683;385827
7874521091;385828
7874542705;385829
7874563120;385830
7874583526;385831
7874603936;385832
7874624347;385833
7874644758;385834
7874665169;385835
7874685579;385836
7874705990;385837
7874726400;385838
7874746815;385839
7874767221;385840
7874787632;385841
7874808047;385842
7874828454;385843
7874848865;385844
7874869279;385845
7874889686;385846
7874910096;385847
7874930507;385848
7874950918;385849
7874971328;385850
7874991739;385851
7875012150;385852
7875032561;385853
7875052971;385854
7875073381;385855
7875093792;385856
7875114203;385857
7875134614;385858
7875155025;385859
7875175439;385860
7875195849;385861
7875216256;385862
7875236667;385863
7875257081;385864
7875277492;385865
7875297899;385866
7875318310;385867
7875338720;385868
7875359130;385869
7875379541;385870
7875399952;385871
7875420363;385872
7875440778;385873
7875461184;385874
7875481594;385875
7875502005;385876
7875522416;385877
7875542827;385878
7875563237;385879
7875583648;385880
7875604059;385881
7875624469;385882
7875644880;385883
7875665290;385884
7875685701;385885
7875706112;385886
7875726523;385887
7875746934;385888
7875767344;385889
7875787758;385890
7875808165;385891
7875828576;385892
7875848990;385893
7875869397;385894
7875889808;385895
7875910219;385896
7875930629;385897
7875951039;385898
7875971450;385899
7875991861;385900
7876012272;385901
7876032687;385902
7876053096;385903
7876073503;385904
7876093914;385905
7876114329;385906
7876134736;385907
7876155146;385908
7876175557;385909
7876195968;385910
7876216378;385911
7876236789;385912
7876257199;385913
7876277610;385914
7876298021;385915
7876318436;385916
7876338842;385917
7876359252;385918
7876379663;385919
7876400074;385920
7876420485;385921
7876440895;385922
7876461306;385923
7876481717;385924
7876502128;385925
7876522538;385926
7876542952;385927
7876563359;385928
7876583770;385929
7876604185;385930
7876624592;385931
7876645002;385932
7876665416;385933
7876685823;385934
7876706234;385935
7876726645;385936
7876747055;385937
7876767466;385938
7876787881;385939
7876808287;385940
7876828698;385941
7876849112;385942
7876869523;385943
7876889930;385944
7876910341;385945
7876930751;385946
7876951161;385947
7876971572;385948
7876991983;385949
7877012394;385950
7877032804;385951
7877053215;385952
7877073626;385953
7877094037;385954
7877114447;385955
7877134857;385956
7877155268;385957
7877175679;385958
7877196090;385959
7877216501;385960
7877236910;385961
7877257321;385962
7877277732;385963
7877298143;385964
7877318554;385965
7877338964;385966
7877359375;385967
7877379789;385968
7877400196;385969
7877420606;385970
7877441017;385971
7877461432;385972
7877481839;385973
7877502250;385974
7877522660;385975
7877543071;385976
7877563481;385977
7877583892;385978
7877604303;385979
7877624713;385980
7877645124;385981
7877665535;385982
7877685945;385983
7877706356;385984
7877726770;385985
7877747181;385986
7877767588;385987
7877787999;385988
7877808410;385989
7877828820;385990
7877849234;385991
7877869645;385992
7877890052;385993
7877910463;385994
7877930873;385995
7877951284;385996
7877971695;385997
7877992105;385998
7878012515;385999
7878032926;386000
7878053337;386001
7878073748;386002
7878094159;386003
7878114569;386004
7878134979;386005
7878155390;386006
7878175805;386007
7878196216;386008
7878216622;386009
7878237037;386010
7878257444;386011
7878277855;386012
7878298265;386013
7878318675;386014
7878339090;386015
7878359501;386016
7878379908;386017
7878400319;386018
7878420728;386019
7878441139;386020
7878461550;386021
7878481961;386022
7878502371;386023
7878522782;386024
7878543193;386025
7878563604;386026
7878584014;386027
7878604424;386028
7878624835;386029
7878645246;386030
7878665657;386031
7878686068;386032
7878706477;386033
7878726888;386034
7878747299;386035
7878767714;386036
7878788125;386037
7878808531;386038
7878828942;386039
7878849353;386040
7878869763;386041
7878890174;386042
7878910584;386043
7878930995;386044
7878951406;386045
7878971817;386046
7878992228;386047
7879012637;386048
7879033048;386049
7879053459;386050
7879073870;386051
7879094280;386052
7879114691;386053
7879135102;386054
7879155512;386055
7879175923;386056
7879196333;386057
7879216744;386058
7879237155;386059
7879257566;386060
7879277981;386061
7879298387;386062
7879318797;386063
7879339208;386064
7879359619;386065
7879380030;386066
7879400440;386067
7879420851;386068
7879441262;386069
7879461672;386070
7879482083;386071
7879502493;386072
7879522908;386073
7879543315;386074
7879563726;386075
7879584136;386076
7879604546;386077
7879624957;386078
7879645372;386079
7879665779;386080
7879686189;386081
7879706600;386082
7879727014;386083
7879747425;386084
7879767832;386085
7879788242;386086
7879808653;386087
7879829068;386088
7879849475;386089
7879869886;386090
7879890295;386091
7879910710;386092
7879931121;386093
7879951528;386094
7879971939;386095
7879992349;386096
7880012760;386097
7880033170;386098
7880053581;386099
7880073992;386100
7880094402;386101
7880114813;386102
7880135224;386103
7880155635;386104
7880176045;386105
7880196455;386106
7880216866;386107
7880237281;386108
7880257688;386109
7880278098;386110
7880298509;386111
7880318920;386112
7880339334;386113
7880359745;386114
7880380151;386115
7880400562;386116
7880420977;386117
7880441384;386118
7880461795;386119
7880482204;386120
7880502615;386121
7880523026;386122
7880543437;386123
7880563848;386124
7880584258;386125
7880604669;386126
7880625079;386127
7880645490;386128
7880665901;386129
7880686311;386130
7880706722;386131
7880727133;386132
7880747544;386133
7880767957;386134
7880788364;386135
7880808775;386136
7880829186;386137
7880849601;386138
7880870011;386139
7880890418;386140
7880910828;386141
7880931239;386142
7880951650;386143
7880972060;386144
7880992471;386145
7881012882;386146
7881033293;386147
7881053704;386148
7881074113;386149
7881094524;386150
7881114935;386151
7881135346;386152
7881155757;386153
7881176167;386154
7881196577;386155
7881216988;386156
7881237399;386157
7881257809;386158
7881278220;386159
7881298631;386160
7881319042;386161
7881339453;386162
7881359862;386163
7881380277;386164
7881400684;386165
7881421095;386166
7881441506;386167
7881461916;386168
7881482330;386169
7881502741;386170
7881523148;386171
7881543559;386172
7881563969;386173
7881584380;386174
7881604795;386175
7881625202;386176
7881645612;386177
7881666022;386178
7881686433;386179
7881706844;386180
7881727255;386181
7881747666;386182
7881768076;386183
7881788486;386184
7881808897;386185
7881829308;386186
7881849718;386187
7881870133;386188
7881890540;386189
7881910951;386190
7881931362;386191
7881951771;386192
7881972182;386193
7881992593;386194
7882013004;386195
7882033419;386196
7882053825;386197
7882074239;386198
7882094646;386199
7882115057;386200
7882135468;386201
7882155878;386202
7882176293;386203
7882196700;386204
7882217111;386205
7882237521;386206
7882257931;386207
7882278342;386208
7882298753;386209
7882319168;386210
7882339574;386211
7882359985;386212
7882380399;386213
7882400806;386214
7882421221;386215
7882441627;386216
7882462038;386217
7882482449;386218
7882502860;386219
7882523270;386220
7882543680;386221
7882564091;386222
7882584502;386223
7882604913;386224
7882625324;386225
7882645734;386226
7882666145;386227
7882686555;386228
7882706966;386229
7882727377;386230
7882747787;386231
7882768198;386232
7882788613;386233
7882809020;386234
7882829430;386235
7882849840;386236
7882870251;386237
7882890662;386238
7882911073;386239
7882931483;386240
7882951897;386241
7882972304;386242
7882992715;386243
7883013126;386244
7883033536;386245
7883053947;386246
7883074358;386247
7883094772;386248
7883115183;386249
7883135589;386250
7883156000;386251
7883176411;386252
7883196822;386253
7883217233;386254
7883237643;386255
7883258053;386256
7883278464;386257
7883298875;386258
7883319286;386259
7883339696;386260
7883360111;386261
7883380518;386262
7883400929;386263
7883421338;386264
7883441749;386265
7883462160;386266
7883482571;386267
7883502982;386268
7883523392;386269
7883543803;386270
7883564213;386271
7883584624;386272
7883605035;386273
7883625445;386274
7883645856;386275
7883666267;386276
7883686678;386277
7883707088;386278
7883727498;386279
7883747913;386280
7883768320;386281
7883788731;386282
7883809142;386283
7883829552;386284
7883849962;386285
7883870377;386286
7883890784;386287
7883911195;386288
7883931605;386289
7883952020;386290
7883972427;386291
7883992837;386292
7884013247;386293
7884033658;386294
7884054069;386295
7884074480;386296
7884094891;386297
7884115305;386298
7884135711;386299
7884156126;386300
7884176537;386301
7884196944;386302
7884217354;386303
7884237765;386304
7884258176;386305
7884278587;386306
7884298997;386307
7884319407;386308
7884339818;386309
7884360229;386310
7884380640;386311
7884401051;386312
7884421461;386313
7884441871;386314
7884462282;386315
7884482693;386316
7884503103;386317
7884523514;386318
7884543338;386319
7884563747;386320
7884584156;386321
7884604565;386322
7884624975;386323
7884645385;386324
7884665794;386325
7884686204;386326
7884706613;386327
7884727023;386328
7884747432;386329
7884767841;386330
7884788255;386331
7884808660;386332
7884829070;386333
7884849479;386334
7884869889;386335
7884890298;386336
7884910707;386337
7884931117;386338
7884951526;386339
7884971936;386340
7884992346;386341
7885012755;386342
7885033164;386343
7885053573;386344
7885073983;386345
7885094397;386346
7885114802;386347
7885135212;386348
7885155625;386349
7885176030;386350
7885196440;386351
7885216849;386352
7885237263;386353
7885257672;386354
7885278078;386355
7885298488;386356
7885318900;386357
7885339306;386358
7885359715;386359
7885380125;386360
7885400535;386361
7885420944;386362
7885441354;386363
7885461763;386364
7885482172;386365
7885502582;386366
7885522991;386367
7885543401;386368
7885563810;386369
7885584220;386370
7885604633;386371
7885625038;386372
7885645448;386373
7885665857;386374
7885686267;386375
7885706676;386376
7885727090;386377
7885747496;386378
7885767908;386379
7885788318;386380
7885808723;386381
7885829133;386382
7885849543;386383
7885869952;386384
7885890362;386385
7885910771;386386
7885931180;386387
7885951590;386388
7885972003;386389
7885992409;386390
7886012818;386391
7886033228;386392
7886053638;386393
7886074046;386394
7886094456;386395
7886114865;386396
7886135275;386397
7886155685;386398
7886176094;386399
7886196504;386400
7886216912;386401
7886237322;386402
7886257731;386403
7886278141;386404
7886298551;386405
7886318960;386406
7886339370;386407
7886359778;386408
7886380188;386409
7886400602;386410
7886421011;386411
7886441417;386412
7886461826;386413
7886482235;386414
7886502645;386415
7886523054;386416
7886543464;386417
7886563873;386418
7886584283;386419
7886604693;386420
7886625102;386421
7886645512;386422
7886665920;386423
7886686330;386424
7886706740;386425
7886727149;386426
7886747559;386427
7886767968;386428
7886788382;386429
7886808787;386430
7886829196;386431
7886849606;386432
7886870015;386433
7886890425;386434
7886910834;386435
7886931244;386436
7886951653;386437
7886972062;386438
7886992472;386439
7887012885;386440
7887033295;386441
7887053701;386442
7887074110;386443
7887094520;386444
7887114928;386445
7887135338;386446
7887155748;386447
7887176157;386448
7887196567;386449
7887216980;386450
7887237386;386451
7887257795;386452
7887278204;386453
7887298614;386454
7887319023;386455
7887339433;386456
7887359843;386457
7887380255;386458
7887400661;386459
7887421070;386460
7887441480;386461
7887461890;386462
7887482299;386463
7887502709;386464
7887523118;386465
7887543531;386466
7887563936;386467
7887584346;386468
7887604756;386469
7887625169;386470
7887645575;386471
7887665984;386472
7887686393;386473
7887706807;386474
7887727212;386475
7887747622;386476
7887768031;386477
7887788441;386478
7887808855;386479
7887829260;386480
7887849669;386481
7887870078;386482
7887890492;386483
7887910898;386484
7887931307;386485
7887951717;386486
7887972126;386487
7887992536;386488
7888012945;386489
7888033354;386490
7888053764;386491
7888074173;386492
7888094583;386493
7888114993;386494
7888135402;386495
7888155815;386496
7888176220;386497
7888196630;386498
7888217039;386499
7888237449;386500
7888257859;386501
7888278267;386502
7888298677;386503
7888319086;386504
7888339496;386505
7888359906;386506
7888380315;386507
7888400725;386508
7888421137;386509
7888441547;386510
7888461953;386511
7888482366;386512
7888502772;386513
7888523181;386514
7888543591;386515
7888564001;386516
7888584409;386517
7888604819;386518
7888625228;386519
7888645638;386520
7888666048;386521
7888686457;386522
7888706871;386523
7888727275;386524
7888747689;386525
7888768095;386526
7888788504;386527
7888808918;386528
7888829323;386529
7888849733;386530
7888870142;386531
7888890551;386532
7888910961;386533
7888931374;386534
7888951780;386535
7888972189;386536
7888992599;386537
7889013009;386538
7889033421;386539
7889053827;386540
7889074236;386541
7889094646;386542
7889115056;386543
7889135465;386544
7889155878;386545
7889176283;386546
7889196697;386547
7889217103;386548
7889237512;386549
7889257922;386550
7889278331;386551
7889298741;386552
7889319150;386553
7889339559;386554
7889359973;386555
7889380378;386556
7889400788;386557
7889421198;386558
7889441607;386559
7889462016;386560
7889482425;386561
7889502835;386562
7889523244;386563
7889543654;386564
7889564064;386565
7889584473;386566
7889604883;386567
7889625291;386568
7889645701;386569
7889666111;386570
7889686520;386571
7889706930;386572
7889727339;386573
7889747749;386574
7889768158;386575
7889788567;386576
7889808977;386577
7889829386;386578
7889849796;386579
7889870210;386580
7889890615;386581
7889911024;386582
7889931433;386583
7889951843;386584
7889972253;386585
7889992666;386586
7890013072;386587
7890033484;386588
7890053894;386589
7890074304;386590
7890094709;386591
7890115119;386592
7890135528;386593
7890155938;386594
7890176348;386595
7890196756;386596
7890217166;386597
7890237575;386598
7890257989;386599
7890278394;386600
7890298804;386601
7890319218;386602
7890339622;386603
7890360036;386604
7890380445;386605
7890400851;386606
7890421261;386607
7890441674;386608
7890462084;386609
7890482488;386610
7890502898;386611
7890523308;386612
7890543721;386613
7890564127;386614
7890584536;386615
7890604946;386616
7890625356;386617
7890645764;386618
7890666178;386619
7890686583;386620
7890706997;386621
7890727403;386622
7890747816;386623
7890768222;386624
7890788630;386625
7890809040;386626
7890829450;386627
7890849859;386628
7890870273;386629
7890890678;386630
7890911088;386631
7890931496;386632
7890951906;386633
7890972316;386634
7890992729;386635
7891013135;386636
7891033548;386637
7891053954;386638
7891074363;386639
7891094772;386640
7891115182;386641
7891135591;386642
7891156001;386643
7891176411;386644
7891196820;386645
7891217229;386646
7891237638;386647
7891258052;386648
7891278458;386649
7891298871;386650
7891319277;386651
7891339686;386652
7891360096;386653
7891380505;386654
7891400914;386655
7891421324;386656
7891441733;386657
7891462143;386658
7891482557;386659
7891502962;386660
7891523371;386661
7891543784;386662
7891564190;386663
7891584599;386664
7891605009;386665
7891625419;386666
7891645831;386667
7891666237;386668
7891686646;386669
7891707056;386670
7891727466;386671
7891747875;386672
7891768285;386673
7891788694;386674
7891809103;386675
7891829513;386676
7891849926;386677
7891870332;386678
7891890741;386679
7891911151;386680
7891931561;386681
7891951969;386682
7891972379;386683
7891992788;386684
7892013198;386685
7892033608;386686
7892054017;386687
7892074431;386688
7892094839;386689
7892115245;386690
7892135655;386691
7892156064;386692
7892176474;386693
7892196883;386694
7892217297;386695
7892237705;386696
7892258111;386697
7892278522;386698
7892298930;386699
7892319340;386700
7892339749;386701
7892360159;386702
7892380568;386703
7892400977;386704
7892421391;386705
7892441796;386706
7892462206;386707
7892482616;386708
7892503025;386709
7892523435;386710
7892543847;386711
7892564253;386712
7892584663;386713
7892605072;386714
7892625482;386715
7892645891;386716
7892666301;386717
7892686714;386718
7892707119;386719
7892727529;386720
7892747938;386721
7892768348;386722
7892788762;386723
7892809167;386724
7892829577;386725
7892849989;386726
7892870395;386727
7892890804;386728
7892911214;386729
7892931624;386730
7892952033;386731
7892972443;386732
7892992851;386733
7893013265;386734
7893033675;386735
7893054080;386736
7893074490;386737
7893094899;386738
7893115309;386739
7893135718;386740
7893156127;386741
7893176537;386742
7893196946;386743
7893217356;386744
7893237766;386745
7893258175;386746
7893278584;386747
7893298993;386748
7893319407;386749
7893339813;386750
7893360222;386751
7893380632;386752
7893401044;386753
7893421450;386754
7893441860;386755
7893462269;386756
7893482679;386757
7893503092;386758
7893523498;386759
7893543911;386760
7893564316;386761
7893584730;386762
7893605135;386763
7893625545;386764
7893645954;386765
7893666364;386766
7893686774;386767
7893707182;386768
7893727592;386769
7893748001;386770
7893768411;386771
7893788821;386772
7893809230;386773
7893829640;386774
7893850049;386775
7893870458;386776
7893890868;386777
7893911281;386778
7893931687;386779
7893952096;386780
7893972506;386781
7893992916;386782
7894013324;386783
7894033734;386784
7894054143;386785
7894074557;386786
7894094963;386787
7894115376;386788
7894135782;386789
7894156190;386790
7894176600;386791
7894197009;386792
7894217423;386793
7894237833;386794
7894258238;386795
7894278648;386796
7894299056;386797
7894319466;386798
7894339876;386799
7894360285;386800
7894380695;386801
7894401108;386802
7894421514;386803
7894441923;386804
7894462332;386805
7894482746;386806
7894503151;386807
7894523561;386808
7894543944;386809
7894564349;386810
7894584762;386811
7894605167;386812
7894625577;386813
7894645986;386814
7894666396;386815
7894686809;386816
7894707215;386817
7894727624;386818
7894748033;386819
7894768446;386820
7894788856;386821
7894809261;386822
7894829671;386823
7894850085;386824
7894870490;386825
7894890899;386826
7894911308;386827
7894931718;386828
7894952127;386829
7894972537;386830
7894992950;386831
7895013356;386832
7895033768;386833
7895054174;386834
7895074583;386835
7895094993;386836
7895115406;386837
7895135812;386838
7895156221;386839
7895176631;386840
7895197040;386841
7895217449;386842
7895237859;386843
7895258268;386844
7895278682;386845
7895299087;386846
7895319497;386847
7895339905;386848
7895360315;386849
7895380724;386850
7895401134;386851
7895421543;386852
7895441953;386853
7895462362;386854
7895482771;386855
7895503181;386856
7895523590;386857
7895544004;386858
7895564413;386859
7895584819;386860
7895605232;386861
7895625637;386862
7895646046;386863
7895666460;386864
7895686865;386865
7895707275;386866
7895727684;386867
7895748094;386868
7895768503;386869
7895788916;386870
7895809321;386871
7895829731;386872
7895850141;386873
7895870554;386874
7895890960;386875
7895911369;386876
7895931778;386877
7895952187;386878
7895972597;386879
7895993006;386880
7896013416;386881
7896033825;386882
7896054239;386883
7896074643;386884
7896095053;386885
7896115462;386886
7896135872;386887
7896156281;386888
7896176691;386889
7896197101;386890
7896217509;386891
7896237919;386892
7896258328;386893
7896278738;386894
7896299151;386895
7896319557;386896
7896339966;386897
7896360376;386898
7896380788;386899
7896401194;386900
7896421603;386901
7896442013;386902
7896462426;386903
7896482836;386904
7896503242;386905
7896523650;386906
7896544060;386907
7896564469;386908
7896584879;386909
7896605288;386910
7896625702;386911
7896646110;386912
7896666516;386913
7896686929;386914
7896707339;386915
7896727748;386916
7896748154;386917
7896768563;386918
7896788973;386919
7896809381;386920
7896829791;386921
7896850201;386922
7896870614;386923
7896891020;386924
7896911429;386925
7896931839;386926
7896952251;386927
7896972657;386928
7896993066;386929
7897013476;386930
7897033885;386931
7897054295;386932
7897074704;386933
7897095117;386934
7897115522;386935
7897135932;386936
7897156341;386937
7897176751;386938
7897197165;386939
7897217570;386940
7897237980;386941
7897258388;386942
7897278798;386943
7897299207;386944
7897319617;386945
7897340026;386946
7897360436;386947
7897380844;386948
7897401258;386949
7897421663;386950
7897442073;386951
7897462482;386952
7897482892;386953
7897503302;386954
7897523711;386955
7897544120;386956
7897564529;386957
7897584939;386958
7897605348;386959
7897625758;386960
7897646167;386961
7897666577;386962
7897686985;386963
7897707395;386964
7897727804;386965
7897748214;386966
7897768623;386967
7897789033;386968
7897809442;386969
7897829855;386970
7897850265;386971
7897870670;386972
7897891084;386973
7897911489;386974
7897931899;386975
7897952308;386976
7897972717;386977
7897993126;386978
7898013536;386979
7898033945;386980
7898054355;386981
7898074764;386982
7898095174;386983
7898115583;386984
7898135992;386985
7898156401;386986
7898176811;386987
7898197221;386988
7898217630;386989
7898238044;386990
7898258449;386991
7898278858;386992
7898299267;386993
7898319677;386994
7898340086;386995
7898360496;386996
7898380905;386997
7898401315;386998
7898421724;386999
7898442137;387000
7898462546;387001
7898482952;387002
7898503362;387003
7898523771;387004
7898544181;387005
7898564593;387006
7898584999;387007
7898605408;387008
7898625818;387009
7898646227;387010
7898666637;387011
7898687046;387012
7898707456;387013
7898727864;387014
7898748274;387015
7898768683;387016
7898789093;387017
7898809502;387018
7898829916;387019
7898850322;387020
7898870730;387021
7898891140;387022
7898911549;387023
7898931959;387024
7898952368;387025
7898972778;387026
7898993187;387027
7899013600;387028
7899034005;387029
7899054415;387030
7899074824;387031
7899095234;387032
7899115643;387033
7899136053;387034
7899156461;387035
7899176871;387036
7899197281;387037
7899217690;387038
7899238100;387039
7899258509;387040
7899278923;387041
7899299328;387042
7899319737;387043
7899340146;387044
7899360556;387045
7899380965;387046
7899401375;387047
7899421784;387048
7899442197;387049
7899462606;387050
7899483012;387051
7899503422;387052
7899523831;387053
7899544241;387054
7899564650;387055
7899585060;387056
7899605468;387057
7899625878;387058
7899646287;387059
7899666697;387060
7899687106;387061
7899707516;387062
7899727925;387063
7899748334;387064
7899768743;387065
7899789153;387066
7899809562;387067
7899829972;387068
7899850386;387069
7899870791;387070
7899891204;387071
7899911609;387072
7899932019;387073
7899952428;387074
7899972842;387075
7899993247;387076
7900013657;387077
7900034066;387078
7900054479;387079
7900074884;387080
7900095294;387081
7900115703;387082
7900136117;387083
7900156526;387084
7900176932;387085
7900197341;387086
7900217750;387087
7900238160;387088
7900258573;387089
7900278979;387090
7900299388;387091
7900319798;387092
7900340206;387093
7900360616;387094
7900381029;387095
7900401439;387096
7900421844;387097
7900442254;387098
7900462663;387099
7900483073;387100
7900503486;387101
7900523891;387102
7900544305;387103
7900564710;387104
7900585120;387105
7900605529;387106
7900625939;387107
7900646347;387108
7900666757;387109
7900687170;387110
7900707576;387111
7900727985;387112
7900748395;387113
7900768808;387114
7900789213;387115
7900809622;387116
7900830032;387117
7900850442;387118
7900870851;387119
7900891261;387120
7900911670;387121
7900932080;387122
7900952488;387123
7900972898;387124
7900993307;387125
7901013717;387126
7901034130;387127
7901054536;387128
7901074945;387129
7901095354;387130
7901115763;387131
7901136173;387132
7901156582;387133
7901176992;387134
7901197402;387135
7901217810;387136
7901238220;387137
7901258629;387138
7901279039;387139
7901299448;387140
7901319858;387141
7901340267;387142
7901360677;387143
7901381085;387144
7901401499;387145
7901421904;387146
7901442314;387147
7901462723;387148
7901483133;387149
7901503543;387150
7901523951;387151
7901544361;387152
7901564770;387153
7901585180;387154
7901605589;387155
7901625999;387156
7901646408;387157
7901666817;387158
7901687226;387159
7901707636;387160
7901728045;387161
7901748455;387162
7901768864;387163
7901789274;387164
7901809682;387165
7901830092;387166
7901850506;387167
7901870911;387168
7901891321;387169
7901911730;387170
7901932140;387171
7901952549;387172
7901972958;387173
7901993367;387174
7902013777;387175
7902034186;387176
7902054596;387177
7902075005;387178
7902095415;387179
7902115823;387180
7902136233;387181
7902156642;387182
7902177052;387183
7902197462;387184
7902217871;387185
7902238281;387186
7902258689;387187
7902279099;387188
7902299508;387189
7902319918;387190
7902340327;387191
7902360737;387192
7902381146;387193
7902401555;387194
7902421964;387195
7902442374;387196
7902462783;387197
7902483193;387198
7902503603;387199
7902524012;387200
7902544422;387201
7902564830;387202
7902585244;387203
7902605653;387204
7902626059;387205
7902646468;387206
7902666878;387207
7902687287;387208
7902707696;387209
7902728105;387210
7902748515;387211
7902768924;387212
7902789338;387213
7902809747;387214
7902830152;387215
7902850562;387216
7902870975;387217
