7829211269;383617
7829231679;383618
7829252087;383619
7829272496;383620
7829292905;383621
7829313314;383622
7829333723;383623
7829354132;383624
7829374540;383625
7829394950;383626
7829415358;383627
7829435767;383628
7829456176;383629
7829476585;383630
7829496994;383631
7829517403;383632
7829537812;383633
7829558221;383634
7829578630;383635
7829599038;383636
7829619452;383637
7829639856;383638
7829660266;383639
7829680674;383640
7829701083;383641
7829721496;383642
7829741901;383643
7829762309;383644
7829782719;383645
7829803127;383646
7829823537;383647
7829843945;383648
7829864354;383649
7829884763;383650
7829905172;383651
7829925581;383652
7829945990;383653
7829966398;383654
7829986808;383655
7830007221;383656
7830027625;383657
7830048035;383658
7830068443;383659
7830088853;383660
7830109265;383661
7830129670;383662
7830150079;383663
7830170488;383664
7830190896;383665
7830211306;383666
7830231714;383667
7830252124;383668
7830272532;383669
7830292941;383670
7830313350;383671
7830333759;383672
7830354167;383673
7830374577;383674
7830394985;383675
7830415395;383676
7830435803;383677
7830456212;383678
7830476621;383679
7830497030;383680
7830517440;383681
7830537848;383682
7830558257;383683
7830578666;383684
7830599075;383685
7830619483;383686
7830639893;383687
7830660301;383688
7830680711;383689
7830701119;383690
7830721528;383691
7830741937;383692
7830762346;383693
7830782754;383694
7830803164;383695
7830823572;383696
7830843982;383697
7830864390;383698
7830884799;383699
7830905208;383700
7830925617;383701
7830946026;383702
7830966435;383703
7830986843;383704
7831007253;383705
7831027662;383706
7831048070;383707
7831068480;383708
7831088888;383709
7831109298;383710
7831129706;383711
7831150115;383712
7831170524;383713
7831190933;383714
7831211341;383715
7831231751;383716
7831252159;383717
7831272573;383718
7831292977;383719
7831313386;383720
7831333795;383721
7831354204;383722
7831374612;383723
7831395026;383724
7831415430;383725
7831435840;383726
7831456248;383727
7831476657;383728
7831497067;383729
7831517475;383730
7831537884;383731
7831558293;383732
7831578702;383733
7831599111;383734
7831619524;383735
7831639928;383736
7831660338;383737
7831680746;383738
7831701156;383739
7831721564;383740
7831741973;383741
7831762382;383742
7831782791;383743
7831803203;383744
7831823609;383745
7831844017;383746
7831864427;383747
7831884835;383748
7831905244;383749
7831925653;383750
7831946062;383751
7831966471;383752
7831986880;383753
7832007289;383754
7832027702;383755
7832048107;383756
7832068515;383757
7832088925;383758
7832109333;383759
7832129743;383760
7832150151;383761
7832170560;383762
7832190969;383763
7832211378;383764
7832231786;383765
7832252200;383766
7832272604;383767
7832293014;383768
7832313422;383769
7832333831;383770
7832354240;383771
7832374649;383772
7832395061;383773
7832415467;383774
7832435875;383775
7832456284;383776
7832476693;383777
7832497102;383778
7832517512;383779
7832537920;383780
7832558330;383781
7832578742;383782
7832599151;383783
7832619556;383784
7832639965;383785
7832660374;383786
7832680787;383787
7832701191;383788
7832721601;383789
7832742009;383790
7832762418;383791
7832782827;383792
7832803236;383793
7832823644;383794
7832844054;383795
7832864462;383796
7832884872;383797
7832905280;383798
7832925689;383799
7832946098;383800
7832966507;383801
7832986916;383802
7833007325;383803
7833027734;383804
7833048143;383805
7833068552;383806
7833088961;383807
7833109370;383808
7833129778;383809
7833150188;383810
7833170596;383811
7833191005;383812
7833211414;383813
7833231823;383814
7833252232;383815
7833272641;383816
7833293049;383817
7833313459;383818
7833333867;383819
7833354276;383820
7833374685;383821
7833395098;383822
7833415503;383823
7833435912;383824
7833456320;383825
7833476730;383826
7833497139;383827
7833517547;383828
7833537957;383829
7833558369;383830
7833578778;383831
7833599183;383832
7833619592;383833
7833640001;383834
7833660410;383835
7833680818;383836
7833701228;383837
7833721636;383838
7833742046;383839
7833762454;383840
7833782867;383841
7833803272;383842
7833823681;383843
7833844093;383844
7833864499;383845
7833884907;383846
7833905317;383847
7833925725;383848
7833946134;383849
7833966543;383850
7833986952;383851
7834007362;383852
7834027770;383853
7834048179;383854
7834068588;383855
7834088997;383856
7834109406;383857
7834129815;383858
7834150223;383859
7834170633;383860
7834191041;383861
7834211450;383862
7834231859;383863
7834252268;383864
7834272677;383865
7834293086;383866
7834313498;383867
7834333908;383868
7834354312;383869
7834374722;383870
7834395130;383871
7834415539;383872
7834435948;383873
7834456357;383874
7834476765;383875
7834497175;383876
7834517605;383877
7834538013;383878
7834558423;383879
7834578831;383880
7834599241;383881
7834619649;383882
7834640058;383883
7834660467;383884
7834680876;383885
7834701286;383886
7834721694;383887
7834742103;383888
7834762512;383889
7834782921;383890
7834803329;383891
7834823739;383892
7834844148;383893
7834864557;383894
7834884966;383895
7834905374;383896
7834925784;383897
7834946192;383898
7834966602;383899
7834987010;383900
7835007419;383901
7835027829;383902
7835048237;383903
7835068650;383904
7835089059;383905
7835109464;383906
7835129873;383907
7835150282;383908
7835170691;383909
7835191100;383910
7835211509;383911
7835231917;383912
7835252327;383913
7835272735;383914
7835293145;383915
7835313553;383916
7835333962;383917
7835354372;383918
7835374780;383919
7835395190;383920
7835415598;383921
7835436007;383922
7835456416;383923
7835476825;383924
7835497234;383925
7835517643;383926
7835538052;383927
7835558461;383928
7835578870;383929
7835599278;383930
7835619688;383931
7835640097;383932
7835660505;383933
7835680915;383934
7835701323;383935
7835721733;383936
7835742145;383937
7835762550;383938
7835782959;383939
7835803368;383940
7835823777;383941
7835844186;383942
7835864595;383943
7835885004;383944
7835905413;383945
7835925821;383946
7835946231;383947
7835966640;383948
7835987049;383949
7836007458;383950
7836027866;383951
7836048276;383952
7836068684;383953
7836089093;383954
7836109502;383955
7836129911;383956
7836150321;383957
7836170729;383958
7836191138;383959
7836211547;383960
7836231956;383961
7836252365;383962
7836272778;383963
7836293183;383964
7836313592;383965
7836334001;383966
7836354409;383967
7836374819;383968
7836395227;383969
7836415640;383970
7836436045;383971
7836456454;383972
7836476864;383973
7836497272;383974
7836517681;383975
7836538090;383976
7836558499;383977
7836578908;383978
7836599321;383979
7836619726;383980
7836640135;383981
7836660544;383982
7836680953;383983
7836701362;383984
7836721770;383985
7836742180;383986
7836762588;383987
7836782997;383988
7836803407;383989
7836823815;383990
7836844224;383991
7836864633;383992
7836885042;383993
7836905451;383994
7836925860;383995
7836946269;383996
7836966678;383997
7836987087;383998
7837007495;383999
7837027905;384000
7837048313;384001
7837068723;384002
7837089131;384003
7837109540;384004
7837129950;384005
7837150358;384006
7837170768;384007
7837191176;384008
7837211585;384009
7837231994;384010
7837252403;384011
7837272813;384012
7837293221;384013
7837313630;384014
7837334039;384015
7837354448;384016
7837374856;384017
7837395266;384018
7837415675;384019
7837436083;384020
7837456493;384021
7837476901;384022
7837497311;384023
7837517723;384024
7837538128;384025
7837558541;384026
7837578946;384027
7837599356;384028
7837619764;384029
7837640173;384030
7837660582;384031
7837680991;384032
7837701399;384033
7837721813;384034
7837742218;384035
7837762627;384036
7837783036;384037
7837803444;384038
7837823854;384039
7837844262;384040
7837864671;384041
7837885080;384042
7837905489;384043
7837925899;384044
7837946307;384045
7837966716;384046
7837987129;384047
7838007534;384048
7838027943;384049
7838048352;384050
7838068765;384051
7838089170;384052
7838109583;384053
7838129987;384054
7838150397;384055
7838170805;384056
7838191215;384057
7838211623;384058
7838232032;384059
7838252442;384060
7838272850;384061
7838293263;384062
7838313668;384063
7838334077;384064
7838354486;384065
7838374895;384066
7838395304;384067
7838415717;384068
7838436122;384069
7838456530;384070
7838476940;384071
7838497348;384072
7838517758;384073
7838538166;384074
7838558575;384075
7838578985;384076
7838599393;384077
7838619807;384078
7838640211;384079
7838660620;384080
7838681033;384081
7838701442;384082
7838721847;384083
7838742256;384084
7838762665;384085
7838783074;384086
7838803487;384087
7838823891;384088
7838844301;384089
7838864709;384090
7838885119;384091
7838905528;384092
7838925936;384093
7838946346;384094
7838966754;384095
7838987163;384096
7839007572;384097
7839027981;384098
7839048391;384099
7839068799;384100
7839089208;384101
7839109617;384102
7839130026;384103
7839150438;384104
7839170844;384105
7839191253;384106
7839211662;384107
7839232071;384108
7839252479;384109
7839272889;384110
7839293297;384111
7839313706;384112
7839334115;384113
7839354524;384114
7839374934;384115
7839395342;384116
7839415751;384117
7839436160;384118
7839456569;384119
7839476977;384120
7839497387;384121
7839517796;384122
7839538205;384123
7839558614;384124
7839579022;384125
7839599436;384126
7839619840;384127
7839640250;384128
7839660658;384129
7839681067;384130
7839701477;384131
7839721885;384132
7839742294;384133
7839762703;384134
7839783116;384135
7839803521;384136
7839823930;384137
7839844339;384138
7839864748;384139
7839885157;384140
7839905566;384141
7839925975;384142
7839946383;384143
7839966793;384144
7839987201;384145
7840007610;384146
7840028020;384147
7840048428;384148
7840068838;384149
7840089246;384150
7840109655;384151
7840130064;384152
7840150473;384153
7840170882;384154
7840191291;384155
7840211700;384156
7840232109;384157
7840252518;384158
7840272926;384159
7840293336;384160
7840313744;384161
7840334153;384162
7840354563;384163
7840374971;384164
7840395385;384165
7840415789;384166
7840436198;384167
7840456611;384168
7840477016;384169
7840497426;384170
7840517834;384171
7840538243;384172
7840558652;384173
7840579061;384174
7840599470;384175
7840619879;384176
7840640288;384177
7840660697;384178
7840681106;384179
7840701514;384180
7840721924;384181
7840742332;384182
7840762741;384183
7840783150;384184
7840803559;384185
7840823969;384186
7840844381;384187
7840864786;384188
7840885195;384189
7840905604;384190
7840926013;384191
7840946422;384192
7840966831;384193
7840987240;384194
7841007649;384195
7841028058;384196
7841048467;384197
7841068875;384198
7841089285;384199
7841109693;384200
7841130102;384201
7841150512;384202
7841170920;384203
7841191329;384204
7841211738;384205
7841232147;384206
7841252556;384207
7841272965;384208
7841293374;384209
7841313783;384210
7841334192;384211
7841354601;384212
7841375010;384213
7841395418;384214
7841415828;384215
7841436236;384216
7841456645;384217
7841477059;384218
7841497463;384219
7841517877;384220
7841538281;384221
7841558690;384222
7841579099;384223
7841599508;384224
7841619917;384225
7841640326;384226
7841660735;384227
7841681144;384228
7841701553;384229
7841721961;384230
7841742371;384231
7841762779;384232
7841783189;384233
7841803598;384234
7841824010;384235
7841844416;384236
7841864824;384237
7841885233;384238
7841905642;384239
7841926051;384240
7841946461;384241
7841966869;384242
7841987278;384243
7842007687;384244
7842028096;384245
7842048504;384246
7842068914;384247
7842089326;384248
7842109736;384249
7842130141;384250
7842150549;384251
7842170959;384252
7842191367;384253
7842211777;384254
7842232185;384255
7842252594;384256
7842273004;384257
7842293412;384258
7842313821;384259
7842334230;384260
7842354639;384261
7842375048;384262
7842395461;384263
7842415866;384264
7842436275;384265
7842456688;384266
7842477092;384267
7842497502;384268
7842517910;384269
7842538320;384270
7842558728;384271
7842579137;384272
7842599547;384273
7842619955;384274
7842640365;384275
7842660773;384276
7842681182;384277
7842701591;384278
7842722004;384279
7842742413;384280
7842762818;384281
7842783227;384282
7842803636;384283
7842824045;384284
7842844453;384285
7842864863;384286
7842885271;384287
7842905680;384288
7842926090;384289
7842946498;384290
7842966908;384291
7842987316;384292
7843007729;384293
7843028134;384294
7843048543;384295
7843068953;384296
7843089361;384297
7843109770;384298
7843130179;384299
7843150588;384300
7843170996;384301
7843191406;384302
7843211814;384303
7843232227;384304
7843252633;384305
7843273041;384306
7843293451;384307
7843313859;384308
7843334272;384309
7843354677;384310
7843375086;384311
7843395496;384312
7843415904;384313
7843436313;384314
7843456722;384315
7843477131;384316
7843497539;384317
7843517949;384318
7843538357;384319
7843558767;384320
7843579176;384321
7843599584;384322
7843619994;384323
7843640402;384324
7843660812;384325
7843681220;384326
7843701633;384327
7843722039;384328
7843742447;384329
7843762856;384330
7843783265;384331
7843803678;384332
7843824086;384333
7843844492;384334
7843864900;384335
7843885314;384336
7843905719;384337
7843926127;384338
7843946541;384339
7843966945;384340
7843987355;384341
7844007763;384342
7844028172;384343
7844048582;384344
7844068990;384345
7844089400;384346
7844109808;384347
7844130217;384348
7844150626;384349
7844171035;384350
7844191444;384351
7844211853;384352
7844232262;384353
7844252671;384354
7844273084;384355
7844293488;384356
7844313898;384357
7844334306;384358
7844354715;384359
7844375125;384360
7844395533;384361
7844415943;384362
7844436351;384363
7844456760;384364
7844477169;384365
7844497578;384366
7844518014;384367
7844538419;384368
7844558828;384369
7844579237;384370
7844599646;384371
7844620055;384372
7844640464;384373
7844660873;384374
7844681282;384375
7844701691;384376
7844722100;384377
7844742509;384378
7844762918;384379
7844783327;384380
7844803736;384381
7844824145;384382
7844844554;384383
7844864963;384384
7844885372;384385
7844905781;384386
7844926190;384387
7844946598;384388
7844967008;384389
7844987417;384390
7845007830;384391
7845028235;384392
7845048643;384393
7845069053;384394
7845089462;384395
7845109871;384396
7845130280;384397
7845150688;384398
7845171098;384399
7845191511;384400
7845211915;384401
7845232325;384402
7845252733;384403
7845273143;384404
7845293552;384405
7845313960;384406
7845334370;384407
7845354779;384408
7845375188;384409
7845395597;384410
7845416005;384411
7845436415;384412
7845456824;384413
7845477236;384414
7845497642;384415
7845518050;384416
7845538460;384417
7845558869;384418
7845579277;384419
7845599687;384420
7845620095;384421
7845640504;384422
7845660914;384423
7845681326;384424
7845701732;384425
7845722141;384426
7845742553;384427
7845762959;384428
7845783367;384429
7845803776;384430
7845824186;384431
7845844594;384432
7845865004;384433
7845885412;384434
7845905821;384435
7845926231;384436
7845946639;384437
7845967049;384438
7845987457;384439
7846007866;384440
7846028276;384441
7846048684;384442
7846069093;384443
7846089503;384444
7846109911;384445
7846130321;384446
7846150733;384447
7846171138;384448
7846191548;384449
7846211956;384450
7846232365;384451
7846252774;384452
7846273183;384453
7846293593;384454
7846314001;384455
7846334410;384456
7846354819;384457
7846375228;384458
7846395637;384459
7846416046;384460
7846436455;384461
7846456864;384462
7846477273;384463
7846497682;384464
7846518091;384465
7846538500;384466
7846558909;384467
7846579318;384468
7846599727;384469
7846620136;384470
7846640545;384471
7846660954;384472
7846681367;384473
7846701772;384474
7846722181;384475
7846742590;384476
7846762999;384477
7846783408;384478
7846803817;384479
7846824225;384480
7846844639;384481
7846865044;384482
7846885453;384483
7846905862;384484
7846926271;384485
7846946680;384486
7846967089;384487
7846987497;384488
7847007907;384489
7847028316;384490
7847048725;384491
7847069134;384492
7847089542;384493
7847109952;384494
7847130361;384495
7847150770;384496
7847171179;384497
7847191587;384498
7847211997;384499
7847232406;384500
7847252818;384501
7847273224;384502
7847293633;384503
7847314042;384504
7847334451;384505
7847354859;384506
7847375269;384507
7847395678;384508
7847416087;384509
7847436496;384510
7847456904;384511
7847477314;384512
7847497723;384513
7847518135;384514
7847538541;384515
7847558949;384516
7847579359;384517
7847599768;384518
7847620176;384519
7847640586;384520
7847660994;384521
7847681407;384522
7847701813;384523
7847722221;384524
7847742634;384525
7847763040;384526
7847783452;384527
7847803858;384528
7847824266;384529
7847844675;384530
7847865085;384531
7847885493;384532
7847905903;384533
7847926311;384534
7847946720;384535
7847967130;384536
7847987538;384537
7848007948;384538
7848028356;384539
7848048765;384540
7848069175;384541
7848089583;384542
7848109992;384543
7848130402;384544
7848150810;384545
7848171220;384546
7848191628;384547
7848212037;384548
7848232447;384549
7848252855;384550
7848273264;384551
7848293673;384552
7848314082;384553
7848334492;384554
7848354900;384555
7848375309;384556
7848395718;384557
7848416127;384558
7848436537;384559
7848456945;384560
7848477354;384561
7848497764;384562
7848518176;384563
7848538581;384564
7848558990;384565
7848579403;384566
7848599809;384567
7848620217;384568
7848640626;384569
7848661035;384570
7848681444;384571
7848701853;384572
7848722262;384573
7848742671;384574
7848763080;384575
7848783489;384576
7848803898;384577
7848824307;384578
7848844716;384579
7848865124;384580
7848885534;384581
7848905943;384582
7848926356;384583
7848946765;384584
7848967170;384585
7848987579;384586
7849007988;384587
7849028397;384588
7849048810;384589
7849069215;384590
7849089624;384591
7849110037;384592
7849130441;384593
7849150851;384594
7849171260;384595
7849191673;384596
7849212078;384597
7849232486;384598
7849252896;384599
7849273305;384600
7849293713;384601
7849314123;384602
7849334532;384603
7849354941;384604
7849375350;384605
7849395758;384606
7849416168;384607
7849436577;384608
7849456986;384609
7849477395;384610
7849497803;384611
7849518213;384612
7849538622;384613
7849559030;384614
7849579440;384615
7849599848;384616
7849620258;384617
7849640667;384618
7849661075;384619
7849681485;384620
7849701894;384621
7849722302;384622
7849742712;384623
7849763120;384624
7849783530;384625
7849803939;384626
7849824351;384627
7849844757;384628
7849865165;384629
7849885575;384630
7849905984;384631
7849926392;384632
7849946806;384633
7849967210;384634
7849987619;384635
7850008029;384636
7850028437;384637
7850048847;384638
7850069259;384639
7850089664;384640
7850110074;384641
7850130482;384642
7850150891;384643
7850171301;384644
7850191709;384645
7850212123;384646
7850232527;384647
7850252936;384648
7850273346;384649
7850293754;384650
7850314164;384651
7850334576;384652
7850354981;384653
7850375391;384654
7850395799;384655
7850416212;384656
7850436617;384657
7850457026;384658
7850477439;384659
7850497844;384660
7850518253;384661
7850538663;384662
7850559075;384663
7850579480;384664
7850599889;384665
7850620298;384666
7850640708;384667
7850661116;384668
7850681525;384669
7850701934;384670
7850722343;384671
7850742753;384672
7850763161;384673
7850783570;384674
7850803979;384675
7850824388;384676
7850844801;384677
7850865206;384678
7850885615;384679
7850906025;384680
7850926433;384681
7850946842;384682
7850967251;384683
7850987660;384684
7851008069;384685
7851028478;384686
7851048887;384687
7851069299;384688
7851089705;384689
7851110114;384690
7851130523;384691
7851150932;384692
7851171340;384693
7851191750;384694
7851212159;384695
7851232568;384696
7851252981;384697
7851273385;384698
7851293795;384699
7851314204;384700
7851334613;384701
7851355022;384702
7851375431;384703
7851395840;384704
7851416249;384705
7851436657;384706
7851457067;384707
7851477476;384708
7851497885;384709
7851518294;384710
7851538702;384711
7851559112;384712
7851579521;384713
7851599929;384714
7851620339;384715
7851640747;384716
7851661157;384717
7851681566;384718
7851701974;384719
7851722384;384720
7851742793;384721
7851763201;384722
7851783611;384723
7851804019;384724
7851824429;384725
7851844838;384726
7851865246;384727
7851885656;384728
7851906064;384729
7851926473;384730
7851946883;384731
7851967291;384732
7851987701;384733
7852008109;384734
7852028518;384735
7852048928;384736
7852069336;384737
7852089746;384738
7852110155;384739
7852130563;384740
7852150973;384741
7852171381;384742
7852191790;384743
7852212200;384744
7852232608;384745
7852253018;384746
7852273426;384747
7852293839;384748
7852314245;384749
7852334653;384750
7852355066;384751
7852375471;384752
7852395880;384753
7852416290;384754
7852436698;384755
7852457107;384756
7852477516;384757
7852497925;384758
7852518335;384759
7852538743;384760
7852559152;384761
7852579562;384762
7852599970;384763
7852620379;384764
7852640788;384765
7852661197;384766
7852681607;384767
7852702015;384768
7852722428;384769
7852742833;384770
7852763242;384771
7852783651;384772
7852804060;384773
7852824469;384774
7852844878;384775
7852865291;384776
7852885696;384777
7852906105;384778
7852926514;384779
7852946923;384780
7852967332;384781
7852987741;384782
7853008150;384783
7853028559;384784
7853048968;384785
7853069377;384786
7853089786;384787
7853110195;384788
7853130604;384789
7853151013;384790
7853171422;384791
7853191831;384792
7853212243;384793
7853232649;384794
7853253058;384795
7853273467;384796
7853293876;384797
7853314285;384798
7853334694;384799
7853355103;384800
7853375512;384801
7853395921;384802
7853416330;384803
7853436739;384804
7853457148;384805
7853477556;384806
7853497966;384807
7853518375;384808
7853538783;384809
7853559193;384810
7853579601;384811
7853600011;384812
7853620420;384813
7853640828;384814
7853661238;384815
7853681646;384816
7853702059;384817
7853722465;384818
7853742873;384819
7853763283;384820
7853783692;384821
7853804100;384822
7853824510;384823
7853844918;384824
7853865328;384825
7853885737;384826
7853906145;384827
7853926555;384828
7853946963;384829
7853967373;384830
7853987782;384831
7854008190;384832
7854028600;384833
7854049008;384834
7854069417;384835
7854089827;384836
7854110235;384837
7854130644;384838
7854151054;384839
7854171462;384840
7854191872;384841
7854212280;384842
7854232689;384843
7854253099;384844
7854273507;384845
7854293917;384846
7854314325;384847
7854334734;384848
7854355144;384849
7854375552;384850
7854395961;384851
7854416370;384852
7854436779;384853
7854457189;384854
7854477597;384855
7854498006;384856
7854518411;384857
7854538819;384858
7854559228;384859
7854579637;384860
7854600046;384861
7854620456;384862
7854640864;384863
7854661273;384864
7854681682;384865
7854702091;384866
7854722501;384867
7854742909;384868
7854763318;384869
7854783727;384870
7854804136;384871
7854824545;384872
7854844954;384873
7854865363;384874
7854885776;384875
7854906181;384876
7854926594;384877
7854946999;384878
7854967408;384879
7854987816;384880
7855008226;384881
7855028635;384882
7855049044;384883
7855069453;384884
7855089861;384885
7855110271;384886
7855130680;384887
7855151089;384888
7855171498;384889
7855191906;384890
7855212316;384891
7855232725;384892
7855253133;384893
7855273543;384894
7855293955;384895
7855314361;384896
7855334770;384897
7855355178;384898
7855375588;384899
7855395996;384900
7855416405;384901
7855436815;384902
7855457227;384903
7855477633;384904
7855498041;384905
7855518450;384906
7855538860;384907
7855559268;384908
7855579677;384909
7855600086;384910
7855620495;384911
7855640905;384912
7855661313;384913
7855681722;384914
7855702131;384915
7855722540;384916
7855742950;384917
7855763358;384918
7855783771;384919
7855804176;384920
7855824585;384921
7855844994;384922
7855865403;384923
7855885812;384924
7855906220;384925
7855926630;384926
7855947039;384927
7855967448;384928
7855987857;384929
7856008265;384930
7856028675;384931
7856049084;384932
7856069493;384933
7856089902;384934
7856110310;384935
7856130720;384936
7856151129;384937
7856171538;384938
7856191947;384939
7856212355;384940
7856232765;384941
7856253174;384942
7856273582;384943
7856293992;384944
7856314400;384945
7856334810;384946
7856355219;384947
7856375627;384948
7856396037;384949
7856416445;384950
7856436854;384951
7856457264;384952
7856477672;384953
7856498082;384954
7856518490;384955
7856538899;384956
7856559309;384957
7856579717;384958
7856600126;384959
7856620535;384960
7856640948;384961
7856661354;384962
7856681762;384963
7856702171;384964
7856722580;384965
7856742989;384966
7856763399;384967
7856783807;384968
7856804216;384969
7856824625;384970
7856845034;384971
7856865443;384972
7856885852;384973
7856906261;384974
7856926670;384975
7856947079;384976
7856967488;384977
7856987897;384978
7857008306;384979
7857028714;384980
7857049124;384981
7857069533;384982
7857089942;384983
7857110355;384984
7857130759;384985
7857151169;384986
7857171578;384987
7857191987;384988
7857212396;384989
7857232804;384990
7857253214;384991
7857273623;384992
7857294031;384993
7857314441;384994
7857334849;384995
7857355258;384996
7857375668;384997
7857396076;384998
7857416486;384999
7857436894;385000
7857457303;385001
7857477713;385002
7857498121;385003
7857518531;385004
7857538939;385005
7857559348;385006
7857579758;385007
7857600166;385008
7857620576;385009
7857640984;385010
7857661393;385011
7857681803;385012
7857702211;385013
7857722620;385014
7857743029;385015
7857763438;385016
7857783847;385017
7857804256;385018
7857824665;385019
7857845074;385020
7857865483;385021
7857885892;385022
7857906301;385023
7857926710;385024
7857947119;385025
7857967528;385026
7857987937;385027
7858008346;385028
7858028755;385029
7858049164;385030
7858069573;385031
7858089982;385032
7858110395;385033
7858130800;385034
7858151208;385035
7858171618;385036
7858192027;385037
7858212436;385038
7858232845;385039
7858253253;385040
7858273663;385041
7858294072;385042
7858314480;385043
7858334894;385044
7858355298;385045
7858375708;385046
7858396117;385047
7858416525;385048
7858436939;385049
7858457343;385050
7858477752;385051
7858498162;385052
7858518570;385053
7858538980;385054
7858559388;385055
7858579797;385056
7858600207;385057
7858620615;385058
7858641028;385059
7858661433;385060
7858681842;385061
7858702252;385062
7858722660;385063
7858743069;385064
7858763478;385065
7858783887;385066
7858804297;385067
7858824705;385068
7858845114;385069
7858865523;385070
7858885932;385071
7858906341;385072
7858926750;385073
7858947159;385074
7858967568;385075
7858987977;385076
7859008386;385077
7859028795;385078
7859049208;385079
7859069612;385080
7859090022;385081
7859110431;385082
7859130840;385083
7859151249;385084
7859171657;385085
7859192067;385086
7859212476;385087
7859232884;385088
7859253294;385089
7859273702;385090
7859294112;385091
7859314521;385092
7859334929;385093
7859355339;385094
7859375747;385095
7859396156;385096
7859416566;385097
7859436974;385098
7859457384;385099
7859477792;385100
7859498201;385101
7859518611;385102
7859539019;385103
7859559429;385104
7859579837;385105
7859600246;385106
7859620656;385107
7859641064;385108
7859661473;385109
7859681882;385110
7859702295;385111
7859722701;385112
7859743109;385113
7859763518;385114
7859783927;385115
7859804336;385116
7859824746;385117
7859845154;385118
7859865563;385119
7859885972;385120
7859906381;385121
7859926790;385122
7859947199;385123
7859967608;385124
7859988020;385125
7860008426;385126
7860028835;385127
7860049244;385128
7860069653;385129
7860090061;385130
7860110471;385131
7860130880;385132
7860151289;385133
7860171698;385134
7860192106;385135
7860212516;385136
7860232925;385137
7860253333;385138
7860273743;385139
7860294151;385140
7860314561;385141
7860334970;385142
7860355382;385143
7860375788;385144
7860396196;385145
7860416606;385146
7860437015;385147
7860457423;385148
7860477833;385149
7860498245;385150
7860518654;385151
7860539060;385152
7860559468;385153
7860579878;385154
7860600286;385155
7860620695;385156
7860641105;385157
7860661513;385158
7860681922;385159
7860702331;385160
7860722740;385161
7860743153;385162
7860763558;385163
7860783967;385164
7860804376;385165
7860824785;385166
7860845195;385167
7860865603;385168
7860886012;385169
7860906421;385170
7860926830;385171
7860947239;385172
7860967648;385173
7860988057;385174
7861008465;385175
7861028875;385176
7861049284;385177
7861069693;385178
7861090102;385179
7861110510;385180
7861130920;385181
7861151329;385182
7861171738;385183
7861192147;385184
7861212555;385185
7861232969;385186
7861253374;385187
7861273782;385188
7861294196;385189
7861314600;385190
7861335013;385191
7861355419;385192
7861375827;385193
7861396237;385194
7861416645;385195
7861437054;385196
7861457464;385197
7861477872;385198
7861498282;385199
7861518690;385200
7861539099;385201
7861559509;385202
7861579917;385203
7861600330;385204
7861620735;385205
7861641144;385206
7861661554;385207
7861681962;385208
7861702371;385209
7861722780;385210
7861743189;385211
7861763599;385212
7861784007;385213
7861804416;385214
7861824825;385215
7861845234;385216
7861865643;385217
7861886052;385218
7861906461;385219
7861926870;385220
7861947279;385221
7861967688;385222
7861988097;385223
7862008506;385224
7862028914;385225
7862049324;385226
7862069733;385227
7862090142;385228
7862110551;385229
7862130959;385230
7862151369;385231
7862171778;385232
7862192187;385233
7862212596;385234
7862233004;385235
7862253414;385236
7862273823;385237
7862294231;385238
7862314641;385239
7862335053;385240
7862355459;385241
7862375868;385242
7862396276;385243
7862416686;385244
7862437094;385245
7862457503;385246
7862477913;385247
7862498321;385248
7862518731;385249
7862539139;385250
7862559548;385251
7862579958;385252
7862600366;385253
7862620775;385254
7862641184;385255
7862661593;385256
7862682003;385257
7862702411;385258
7862722820;385259
7862743229;385260
7862763638;385261
7862784047;385262
7862804456;385263
7862824865;385264
7862845274;385265
7862865683;385266
7862886092;385267
7862906501;385268
7862926910;385269
7862947319;385270
7862967728;385271
7862988137;385272
7863008546;385273
7863028955;385274
7863049363;385275
7863069773;385276
7863090182;385277
7863110591;385278
7863131000;385279
7863151408;385280
7863171822;385281
7863192227;385282
7863212636;385283
7863233045;385284
7863253457;385285
7863273863;385286
7863294272;385287
7863314680;385288
7863335090;385289
7863355498;385290
7863375908;385291
7863396317;385292
7863416725;385293
7863437135;385294
7863457543;385295
7863477952;385296
7863498362;385297
7863518770;385298
7863539183;385299
7863559588;385300
7863579997;385301
7863600407;385302
7863620819;385303
7863641224;385304
7863661633;385305
7863682042;385306
7863702452;385307
7863722860;385308
7863743269;385309
7863763678;385310
7863784087;385311
7863804497;385312
7863824905;385313
7863845318;385314
7863865723;385315
7863886132;385316
7863906541;385317
7863926950;385318
7863947359;385319
7863967768;385320
7863988177;385321
7864008586;385322
7864028995;385323
7864049404;385324
7864069812;385325
7864090222;385326
7864110631;385327
7864131040;385328
7864151449;385329
7864171857;385330
7864192267;385331
7864212676;385332
7864233084;385333
7864253494;385334
7864273902;385335
7864294312;385336
7864314721;385337
7864335129;385338
7864355539;385339
7864375947;385340
7864396357;385341
7864416766;385342
7864437174;385343
7864457584;385344
7864477992;385345
7864498401;385346
7864518194;385347
7864538600;385348
7864559008;385349
7864579416;385350
7864599823;385351
7864620231;385352
7864640643;385353
7864661046;385354
7864681454;385355
7864701862;385356
7864722270;385357
7864742677;385358
7864763085;385359
7864783493;385360
7864803900;385361
7864824309;385362
7864844716;385363
7864865123;385364
7864885532;385365
7864905939;385366
7864926346;385367
7864946755;385368
7864967162;385369
7864987570;385370
7865007978;385371
7865028385;385372
7865048793;385373
7865069201;385374
7865089608;385375
7865110016;385376
7865130424;385377
7865150832;385378
7865171239;385379
7865191647;385380
7865212055;385381
7865232462;385382
7865252870;385383
7865273278;385384
7865293685;385385
7865314094;385386
7865334501;385387
7865354908;385388
7865375317;385389
7865395724;385390
7865416132;385391
7865436540;385392
7865456947;385393
7865477355;385394
7865497763;385395
7865518170;385396
7865538578;385397
7865558986;385398
7865579394;385399
7865599801;385400
7865620209;385401
7865640617;385402
7865661025;385403
7865681432;385404
7865701840;385405
7865722248;385406
7865742656;385407
7865763063;385408
7865783471;385409
7865803883;385410
7865824286;385411
7865844695;385412
7865865102;385413
7865885513;385414
7865905918;385415
7865926325;385416
7865946732;385417
7865967141;385418
7865987548;385419
7866007956;385420
7866028364;385421
7866048771;385422
7866069179;385423
7866089587;385424
7866109994;385425
7866130402;385426
7866150810;385427
7866171218;385428
7866191625;385429
7866212033;385430
7866232441;385431
7866252848;385432
7866273256;385433
7866293664;385434
7866314071;385435
7866334480;385436
7866354887;385437
7866375294;385438
7866395703;385439
7866416110;385440
7866436517;385441
7866456926;385442
7866477333;385443
7866497741;385444
7866518149;385445
7866538560;385446
7866558964;385447
7866579372;385448
7866599780;385449
7866620187;385450
7866640595;385451
7866661003;385452
7866681414;385453
7866701818;385454
7866722226;385455
7866742637;385456
7866763046;385457
7866783449;385458
7866803856;385459
7866824265;385460
7866844672;385461
7866865081;385462
7866885488;385463
7866905895;385464
7866926304;385465
7866946711;385466
7866967118;385467
7866987527;385468
7867007934;385469
7867028341;385470
7867048750;385471
7867069157;385472
7867089565;385473
7867109973;385474
7867130380;385475
7867150788;385476
7867171196;385477
7867191603;385478
7867212011;385479
7867232419;385480
7867252827;385481
7867273234;385482
7867293642;385483
7867314050;385484
7867334457;385485
7867354866;385486
7867375273;385487
7867395680;385488
7867416089;385489
7867436496;385490
7867456904;385491
7867477312;385492
7867497719;385493
7867518127;385494
7867538539;385495
7867558942;385496
7867579350;385497
7867599758;385498
7867620166;385499
7867640573;385500
7867660981;385501
7867681389;385502
7867701796;385503
7867722204;385504
7867742612;385505
7867763019;385506
7867783428;385507
7867803839;385508
7867824242;385509
7867844651;385510
7867865062;385511
7867885465;385512
7867905874;385513
7867926281;385514
7867946689;385515
7867967097;385516
7867987504;385517
7868007912;385518
7868028320;385519
7868048728;385520
7868069136;385521
7868089543;385522
7868109951;385523
7868130359;385524
7868150766;385525
7868171174;385526
7868191582;385527
7868211989;385528
7868232397;385529
7868252805;385530
7868273213;385531
7868293624;385532
7868314028;385533
7868334436;385534
7868354843;385535
7868375256;385536
7868395659;385537
7868416066;385538
7868436475;385539
7868456882;385540
7868477289;385541
7868497698;385542
7868518105;385543
7868538513;385544
7868558921;385545
7868579328;385546
7868599736;385547
7868620144;385548
7868640552;385549
7868660959;385550
7868681367;385551
7868701775;385552
7868722182;385553
7868742590;385554
7868762998;385555
7868783405;385556
7868803814;385557
7868824221;385558
7868844628;385559
7868865037;385560
7868885444;385561
7868905851;385562
7868926260;385563
7868946667;385564
7868967075;385565
7868987483;385566
7869007890;385567
7869028298;385568
7869048706;385569
7869069113;385570
7869089521;385571
7869109929;385572
7869130337;385573
7869150744;385574
7869171152;385575
7869191560;385576
7869211967;385577
7869232376;385578
7869252783;385579
7869273190;385580
7869293599;385581
7869314006;385582
7869334415;385583
7869354822;385584
7869375229;385585
7869395638;385586
7869416045;385587
7869436452;385588
7869456861;385589
7869477272;385590
7869497675;385591
7869518084;385592
7869538491;385593
7869558899;385594
7869579307;385595
7869599714;385596
7869620122;385597
7869640530;385598
7869660938;385599
7869681345;385600
7869701753;385601
7869722161;385602
7869742568;385603
7869762976;385604
7869783384;385605
7869803791;385606
7869824204;385607
7869844607;385608
7869865014;385609
7869885423;385610
7869905830;385611
7869926238;385612
7869946646;385613
7869967053;385614
7869987461;385615
7870007869;385616
7870028276;385617
7870048684;385618
7870069092;385619
7870089500;385620
7870109907;385621
7870130315;385622
7870150723;385623
7870171130;385624
7870191538;385625
7870211946;385626
7870232357;385627
7870252765;385628
7870273169;385629
7870293576;385630
7870313985;385631
7870334392;385632
7870354799;385633
7870375208;385634
7870395615;385635
7870416023;385636
7870436431;385637
7870456838;385638
7870477246;385639
7870497658;385640
7870518061;385641
7870538470;385642
7870558881;385643
7870579285;385644
7870599693;385645
7870620100;385646
7870640512;385647
7870660916;385648
7870681327;385649
7870701731;385650
7870722139;385651
7870742547;385652
7870762954;385653
7870783363;385654
7870803770;385655
7870824181;385656
7870844586;385657
7870864993;385658
7870885400;385659
7870905809;385660
7870926216;385661
7870946624;385662
7870967036;385663
7870987439;385664
7871007847;385665
7871028255;385666
7871048662;385667
7871069070;385668
7871089478;385669
7871109886;385670
7871130293;385671
7871150701;385672
7871171109;385673
7871191516;385674
7871211925;385675
7871232332;385676
7871252739;385677
7871273148;385678
7871293555;385679
7871313966;385680
7871334371;385681
7871354778;385682
7871375185;385683
7871395594;385684
7871416001;385685
7871436409;385686
7871456817;385687
7871477224;385688
7871497632;385689
7871518040;385690
7871538448;385691
7871558855;385692
7871579267;385693
7871599671;385694
7871620078;385695
7871640486;385696
7871660894;385697
7871681301;385698
7871701710;385699
7871722117;385700
7871742524;385701
7871762933;385702
7871783344;385703
7871803749;385704
7871824160;385705
7871844563;385706
7871864976;385707
7871885379;385708
7871905786;385709
7871926195;385710
7871946602;385711
7871967010;385712
7871987422;385713
7872007825;385714
7872028233;385715
7872048641;385716
7872069048;385717
7872089456;385718
7872109864;385719
7872130272;385720
7872150683;385721
7872171087;385722
7872191499;385723
7872211906;385724
7872232311;385725
7872252718;385726
7872273125;385727
7872293534;385728
7872313945;385729
7872334348;385730
7872354757;385731
7872375164;385732
7872395572;385733
7872415980;385734
7872436387;385735
7872456795;385736
7872477203;385737
7872497610;385738
7872518018;385739
7872538426;385740
7872558834;385741
7872579241;385742
7872599649;385743
7872620057;385744
7872640464;385745
7872660873;385746
7872681280;385747
7872701687;385748
7872722096;385749
7872742503;385750
7872762914;385751
7872783319;385752
7872803726;385753
7872824134;385754
7872844542;385755
7872864953;385756
7872885357;385757
7872905765;385758
7872926172;385759
7872946580;385760
7872966988;385761
7872987396;385762
7873007804;385763
7873028211;385764
7873048619;385765
7873069027;385766
7873089438;385767
7873109842;385768
7873130250;385769
7873150658;385770
7873171065;385771
7873191473;385772
7873211881;385773
7873232288;385774
7873252697;385775
7873273104;385776
7873293511;385777
7873313920;385778
7873334327;385779
7873354734;385780
7873375143;385781
7873395550;385782
7873415958;385783
7873436366;385784
7873456773;385785
7873477181;385786
7873497589;385787
7873518000;385788
7873538404;385789
7873558812;385790
7873579220;385791
7873599627;385792
7873620035;385793
7873640443;385794
7873660850;385795
7873681258;385796
7873701666;385797
7873722073;385798
7873742482;385799
7873762889;385800
7873783296;385801
7873803705;385802
7873824112;385803
7873844520;385804
7873864928;385805
7873885335;385806
7873905743;385807
7873926151;385808
7873946558;385809
7873966966;385810
7873987374;385811
7874007782;385812
7874028189;385813
7874048597;385814
7874069005;385815
7874089412;385816
7874109820;385817
7874130228;385818
7874150635;385819
7874171044;385820
7874191451;385821
7874211859;385822
7874232267;385823
7874252674;385824
7874273082;385825
7874293490;385826
7874313897;385827
7874334306;385828
7874354713;385829
7874375120;385830
7874395529;385831
7874415936;385832
7874436344;385833
7874456752;385834
7874477159;385835
7874497567;385836
7874517975;385837
7874539587;385838
7874559997;385839
7874580407;385840
7874600821;385841
7874621228;385842
7874641637;385843
7874662048;385844
7874682458;385845
7874702868;385846
7874723279;385847
7874743688;385848
7874764099;385849
7874784509;385850
7874804919;385851
7874825330;385852
7874845739;385853
7874866150;385854
7874886560;385855
7874906970;385856
7874927381;385857
7874947790;385858
7874968200;385859
7874988611;385860
7875009021;385861
7875029432;385862
7875049841;385863
7875070251;385864
7875090662;385865
7875111072;385866
7875131481;385867
7875151892;385868
7875172302;385869
7875192713;385870
7875213123;385871
7875233532;385872
7875253943;385873
7875274353;385874
7875294763;385875
7875315178;385876
7875335583;385877
7875355994;385878
7875376404;385879
7875396814;385880
7875417229;385881
7875437634;385882
7875458044;385883
7875478459;385884
7875498865;385885
7875519276;385886
7875539685;385887
7875560099;385888
7875580506;385889
7875600916;385890
7875621326;385891
7875641736;385892
7875662146;385893
7875682557;385894
7875702967;385895
7875723376;385896
7875743787;385897
7875764197;385898
7875784608;385899
7875805018;385900
7875825427;385901
7875845838;385902
7875866248;385903
7875886658;385904
7875907069;385905
7875927478;385906
7875947889;385907
7875968299;385908
7875988709;385909
7876009120;385910
7876029529;385911
7876049940;385912
7876070350;385913
7876090760;385914
7876111171;385915
7876131580;385916
7876151990;385917
7876172401;385918
7876192811;385919
7876213221;385920
7876233631;385921
7876254041;385922
7876274452;385923
7876294866;385924
7876315272;385925
7876335682;385926
7876356092;385927
7876376503;385928
7876396913;385929
7876417322;385930
7876437733;385931
7876458143;385932
7876478554;385933
7876498964;385934
7876519373;385935
7876539784;385936
7876560194;385937
7876580604;385938
7876601015;385939
7876621424;385940
7876641835;385941
7876662245;385942
7876682655;385943
7876703065;385944
7876723479;385945
7876743885;385946
7876764296;385947
7876784706;385948
7876805116;385949
7876825526;385950
7876845936;385951
7876866347;385952
7876886757;385953
7876907166;385954
7876927577;385955
7876947987;385956
7876968398;385957
7876988808;385958
7877009217;385959
7877029628;385960
7877050038;385961
7877070449;385962
7877090859;385963
7877111268;385964
7877131679;385965
7877152089;385966
7877172499;385967
7877192914;385968
7877213319;385969
7877233730;385970
7877254140;385971
7877274550;385972
7877294960;385973
7877315374;385974
7877335781;385975
7877356191;385976
7877376601;385977
7877397011;385978
7877417421;385979
7877437831;385980
7877458242;385981
7877478652;385982
7877499062;385983
7877519472;385984
7877539882;385985
7877560293;385986
7877580703;385987
7877601112;385988
7877621523;385989
7877641933;385990
7877662344;385991
7877682754;385992
7877703163;385993
7877723574;385994
7877743984;385995
7877764395;385996
7877784804;385997
7877805214;385998
7877825625;385999
7877846035;386000
7877866445;386001
7877886855;386002
7877907265;386003
7877927676;386004
7877948086;386005
7877968496;386006
7877988906;386007
7878009320;386008
7878029726;386009
7878050137;386010
7878070547;386011
7878090957;386012
7878111367;386013
7878131777;386014
7878152188;386015
7878172598;386016
7878193007;386017
7878213418;386018
7878233828;386019
7878254239;386020
7878274648;386021
7878295058;386022
7878315469;386023
7878335879;386024
7878356290;386025
7878376699;386026
7878397109;386027
7878417520;386028
7878437930;386029
7878458340;386030
7878478750;386031
7878499160;386032
7878519571;386033
7878539981;386034
7878560391;386035
7878580801;386036
7878601211;386037
7878621622;386038
7878642032;386039
7878662442;386040
7878682852;386041
7878703262;386042
7878723672;386043
7878744083;386044
7878764493;386045
7878784902;386046
7878805313;386047
7878825723;386048
7878846134;386049
7878866543;386050
7878886953;386051
7878907364;386052
7878927774;386053
7878948188;386054
7878968594;386055
7878989004;386056
7879009415;386057
7879029825;386058
7879050235;386059
7879070645;386060
7879091055;386061
7879111466;386062
7879131876;386063
7879152286;386064
7879172696;386065
7879193110;386066
7879213517;386067
7879233927;386068
7879254337;386069
7879274747;386070
7879295157;386071
7879315567;386072
7879335978;386073
7879356387;386074
7879376798;386075
7879397208;386076
7879417618;386077
7879438029;386078
7879458438;386079
7879478848;386080
7879499259;386081
7879519669;386082
7879540080;386083
7879560489;386084
7879580899;386085
7879601310;386086
7879621720;386087
7879642131;386088
7879662540;386089
7879682950;386090
7879703361;386091
7879723771;386092
7879744181;386093
7879764591;386094
7879785001;386095
7879805412;386096
7879825822;386097
7879846232;386098
7879866642;386099
7879887052;386100
7879907462;386101
7879927873;386102
7879948282;386103
7879968693;386104
7879989103;386105
7880009513;386106
7880029924;386107
7880050337;386108
7880070743;386109
7880091154;386110
7880111564;386111
7880131975;386112
7880152384;386113
7880172794;386114
7880193205;386115
7880213615;386116
7880234025;386117
7880254435;386118
7880274845;386119
7880295256;386120
7880315666;386121
7880336076;386122
7880356486;386123
7880376896;386124
7880397307;386125
7880417717;386126
7880438126;386127
7880458537;386128
7880478947;386129
7880499357;386130
7880519768;386131
7880540177;386132
7880560588;386133
7880580998;386134
7880601408;386135
7880621819;386136
7880642228;386137
7880662638;386138
7880683049;386139
7880703459;386140
7880723870;386141
7880744279;386142
7880764689;386143
7880785100;386144
7880805510;386145
7880825921;386146
7880846330;386147
7880866740;386148
7880887151;386149
7880907561;386150
7880927971;386151
7880948381;386152
7880968791;386153
7880989202;386154
7881009612;386155
7881030021;386156
7881050432;386157
7881070842;386158
7881091253;386159
7881111663;386160
7881132072;386161
7881152483;386162
7881172893;386163
7881193303;386164
7881213714;386165
7881234123;386166
7881254534;386167
7881274944;386168
7881295354;386169
7881315765;386170
7881336174;386171
7881356584;386172
7881376995;386173
7881397405;386174
7881417815;386175
7881438225;386176
7881458635;386177
7881479046;386178
7881499460;386179
7881519865;386180
7881540276;386181
7881560686;386182
7881581097;386183
7881601507;386184
7881621916;386185
7881642327;386186
7881662737;386187
7881683147;386188
7881703558;386189
7881723967;386190
7881744378;386191
7881764788;386192
7881785198;386193
7881805609;386194
7881826018;386195
7881846428;386196
7881866839;386197
7881887249;386198
7881907660;386199
7881928069;386200
7881948479;386201
7881968890;386202
7881989300;386203
7882009711;386204
7882030120;386205
7882050530;386206
7882070945;386207
7882091355;386208
7882111760;386209
7882132171;386210
7882152585;386211
7882172992;386212
7882193402;386213
7882213811;386214
7882234222;386215
7882254632;386216
7882275042;386217
7882295453;386218
7882315862;386219
7882336273;386220
7882356687;386221
7882377093;386222
7882397504;386223
7882417913;386224
7882438324;386225
7882458734;386226
7882479144;386227
7882499555;386228
7882519964;386229
7882540374;386230
7882560785;386231
7882581195;386232
7882601605;386233
7882622015;386234
7882642425;386235
7882662836;386236
7882683250;386237
7882703655;386238
7882724066;386239
7882744476;386240
7882764887;386241
7882785297;386242
7882805706;386243
7882826117;386244
7882846527;386245
7882866938;386246
7882887348;386247
7882907757;386248
7882928168;386249
7882948578;386250
7882968988;386251
7882989399;386252
7883009808;386253
7883030219;386254
7883050629;386255
7883071039;386256
7883091450;386257
7883111859;386258
7883132269;386259
7883152680;386260
7883173090;386261
7883193500;386262
7883213910;386263
7883234320;386264
7883254731;386265
7883275141;386266
7883295551;386267
7883315961;386268
7883336371;386269
7883356782;386270
7883377192;386271
7883397601;386272
7883418012;386273
7883438422;386274
7883458832;386275
7883479243;386276
7883499652;386277
7883520063;386278
7883540473;386279
7883560883;386280
7883581294;386281
7883601703;386282
7883622114;386283
7883642524;386284
7883662934;386285
7883683344;386286
7883703754;386287
7883724165;386288
7883744579;386289
7883764989;386290
7883785395;386291
7883805809;386292
7883826215;386293
7883846626;386294
7883867036;386295
7883887446;386296
7883907856;386297
7883928266;386298
7883948677;386299
7883969087;386300
7883989496;386301
7884009907;386302
7884030317;386303
7884050728;386304
7884071138;386305
7884091547;386306
7884111958;386307
7884132368;386308
7884152778;386309
7884173189;386310
7884193598;386311
7884214009;386312
7884234419;386313
7884254829;386314
7884275239;386315
7884295649;386316
7884316060;386317
7884336470;386318
7884356880;386319
7884377290;386320
7884397700;386321
7884418110;386322
7884438521;386323
7884458931;386324
7884479341;386325
7884499751;386326
7884520161;386327
7884539985;386328
7884560393;386329
7884580802;386330
7884601211;386331
7884621620;386332
7884642029;386333
7884662438;386334
7884682847;386335
7884703256;386336
7884723665;386337
7884744074;386338
7884764483;386339
7884784892;386340
7884805305;386341
7884825710;386342
7884846118;386343
7884866528;386344
7884886937;386345
7884907345;386346
7884927759;386347
7884948163;386348
7884968573;386349
7884988982;386350
7885009390;386351
7885029800;386352
7885050208;386353
7885070621;386354
7885091027;386355
7885111435;386356
7885131845;386357
7885152253;386358
7885172666;386359
7885193071;386360
7885213480;386361
7885233890;386362
7885254298;386363
7885274707;386364
7885295116;386365
7885315525;386366
7885335935;386367
7885356343;386368
7885376752;386369
7885397161;386370
7885417570;386371
7885437980;386372
7885458388;386373
7885478797;386374
7885499206;386375
7885519615;386376
7885540024;386377
7885560433;386378
7885580842;386379
7885601251;386380
7885621660;386381
7885642069;386382
7885662478;386383
7885682887;386384
7885703295;386385
7885723705;386386
7885744114;386387
7885764523;386388
7885784936;386389
7885805340;386390
7885825750;386391
7885846162;386392
7885866567;386393
7885886977;386394
7885907385;386395
7885927795;386396
7885948203;386397
7885968612;386398
7885989022;386399
7886009430;386400
7886029840;386401
7886050248;386402
7886070657;386403
7886091067;386404
7886111479;386405
7886131884;386406
7886152293;386407
7886172702;386408
7886193112;386409
7886213520;386410
7886233929;386411
7886254338;386412
7886274747;386413
7886295156;386414
7886315565;386415
7886335974;386416
7886356383;386417
7886376792;386418
7886397201;386419
7886417610;386420
7886438019;386421
7886458427;386422
7886478841;386423
7886499246;386424
7886519655;386425
7886540064;386426
7886560472;386427
7886580882;386428
7886601290;386429
7886621700;386430
7886642109;386431
7886662517;386432
7886682927;386433
7886703335;386434
7886723744;386435
7886744154;386436
7886764562;386437
7886784972;386438
7886805380;386439
7886825793;386440
7886846199;386441
7886866611;386442
7886887016;386443
7886907425;386444
7886927834;386445
7886948244;386446
7886968652;386447
7886989061;386448
7887009470;386449
7887029879;386450
7887050289;386451
7887070697;386452
7887091106;386453
7887111515;386454
7887131924;386455
7887152334;386456
7887172742;386457
7887193151;386458
7887213560;386459
7887233969;386460
7887254377;386461
7887274787;386462
7887295196;386463
7887315608;386464
7887336014;386465
7887356422;386466
7887376832;386467
7887397241;386468
7887417649;386469
7887438059;386470
7887458467;386471
7887478877;386472
7887499286;386473
7887519694;386474
7887540108;386475
7887560512;386476
7887580921;386477
7887601331;386478
7887621739;386479
7887642149;386480
7887662557;386481
7887682966;386482
7887703380;386483
7887723784;386484
7887744193;386485
7887764602;386486
7887785011;386487
7887805421;386488
7887825833;386489
7887846238;386490
7887866647;386491
7887887060;386492
7887907465;386493
7887927874;386494
7887948283;386495
7887968692;386496
7887989101;386497
7888009509;386498
7888029919;386499
7888050328;386500
7888070737;386501
7888091146;386502
7888111554;386503
7888131964;386504
7888152373;386505
7888172782;386506
7888193191;386507
7888213599;386508
7888234009;386509
7888254418;386510
7888274826;386511
7888295236;386512
7888315644;386513
7888336054;386514
7888356463;386515
7888376871;386516
7888397281;386517
7888417689;386518
7888438099;386519
7888458512;386520
7888478916;386521
7888499326;386522
7888519734;386523
7888540143;386524
7888560552;386525
7888580961;386526
7888601374;386527
7888621779;386528
7888642188;386529
7888662597;386530
7888683006;386531
7888703415;386532
7888723824;386533
7888744233;386534
7888764642;386535
7888785051;386536
7888805460;386537
7888825869;386538
7888846278;386539
7888866686;386540
7888887096;386541
7888907505;386542
7888927914;386543
7888948323;386544
7888968731;386545
7888989141;386546
7889009550;386547
7889029959;386548
7889050368;386549
7889070776;386550
7889091186;386551
7889111595;386552
7889132003;386553
7889152413;386554
7889172821;386555
7889193231;386556
7889213639;386557
7889234048;386558
7889254458;386559
7889274866;386560
7889295275;386561
7889315684;386562
7889336093;386563
7889356503;386564
7889376911;386565
7889397320;386566
7889417729;386567
7889438142;386568
7889458548;386569
7889478956;386570
7889499365;386571
7889519774;386572
7889540183;386573
7889560592;386574
7889581001;386575
7889601410;386576
7889621819;386577
7889642228;386578
7889662637;386579
7889683046;386580
7889703455;386581
7889723863;386582
7889744273;386583
7889764682;386584
7889785091;386585
7889805500;386586
7889825908;386587
7889846318;386588
7889866726;386589
7889887135;386590
7889907545;386591
7889927953;386592
7889948363;386593
7889968771;386594
7889989180;386595
7890009590;386596
7890029998;386597
7890050408;386598
7890070816;386599
7890091225;386600
7890111635;386601
7890132043;386602
7890152452;386603
7890172861;386604
7890193274;386605
7890213680;386606
7890234088;386607
7890254497;386608
7890274906;386609
7890295315;386610
7890315725;386611
7890336133;386612
7890356542;386613
7890376954;386614
7890397360;386615
7890417769;386616
7890438178;386617
7890458587;386618
7890478999;386619
7890499405;386620
7890519813;386621
7890540223;386622
7890560632;386623
7890581040;386624
7890601454;386625
7890621858;386626
7890642268;386627
7890662677;386628
7890683085;386629
7890703495;386630
7890723903;386631
7890744312;386632
7890764722;386633
7890785130;386634
7890805540;386635
7890825948;386636
7890846357;386637
7890866771;386638
7890887179;386639
7890907584;386640
7890927993;386641
7890948402;386642
7890968812;386643
7890989220;386644
7891009629;386645
7891030038;386646
7891050447;386647
7891070857;386648
7891091265;386649
7891111678;386650
7891132087;386651
7891152492;386652
7891172900;386653
7891193310;386654
7891213719;386655
7891234128;386656
7891254537;386657
7891274945;386658
7891295355;386659
7891315764;386660
7891336172;386661
7891356582;386662
7891376990;386663
7891397400;386664
7891417809;386665
7891438217;386666
7891458627;386667
7891479035;386668
7891499444;386669
7891519854;386670
7891540266;386671
7891560672;386672
7891581080;386673
7891601489;386674
7891621899;386675
7891642307;386676
7891662717;386677
7891683125;386678
7891703534;386679
7891723944;386680
7891744352;386681
7891764761;386682
7891785170;386683
7891805579;386684
7891825988;386685
7891846397;386686
7891866806;386687
7891887219;386688
7891907624;386689
7891928032;386690
7891948446;386691
7891968851;386692
7891989260;386693
7892009669;386694
7892030077;386695
7892050487;386696
7892070896;386697
7892091305;386698
7892111714;386699
7892132122;386700
7892152532;386701
7892172941;386702
7892193349;386703
7892213759;386704
7892234167;386705
7892254577;386706
7892274986;386707
7892295394;386708
7892315804;386709
7892336212;386710
7892356621;386711
7892377031;386712
7892397439;386713
7892417849;386714
7892438257;386715
7892458666;386716
7892479076;386717
7892499484;386718
7892519893;386719
7892540306;386720
7892560711;386721
7892581120;386722
7892601529;386723
7892621942;386724
7892642347;386725
7892662756;386726
7892683164;386727
7892703574;386728
7892723983;386729
7892744392;386730
7892764801;386731
7892785209;386732
7892805619;386733
7892826028;386734
7892846437;386735
7892866846;386736
7892887254;386737
7892907664;386738
7892928073;386739
7892948481;386740
7892968895;386741
7892989299;386742
7893009709;386743
7893030118;386744
7893050526;386745
7893070936;386746
7893091344;386747
7893111754;386748
7893132163;386749
7893152571;386750
7893172981;386751
7893193389;386752
7893213802;386753
7893234211;386754
7893254616;386755
7893275026;386756
7893295434;386757
7893315843;386758
7893336252;386759
7893356661;386760
7893377070;386761
7893397479;386762
7893417888;386763
7893438297;386764
7893458706;386765
7893479115;386766
7893499524;386767
7893519933;386768
7893540341;386769
7893560751;386770
7893581160;386771
7893601573;386772
7893621978;386773
7893642386;386774
7893662796;386775
7893683205;386776
7893703613;386777
7893724023;386778
7893744431;386779
7893764841;386780
7893785250;386781
7893805658;386782
7893826068;386783
7893846476;386784
7893866886;386785
7893887294;386786
7893907703;386787
7893928113;386788
7893948521;386789
7893968930;386790
7893989339;386791
7894009748;386792
7894030158;386793
7894050566;386794
7894070975;386795
7894091384;386796
7894111793;386797
7894132202;386798
7894152611;386799
7894173020;386800
7894193429;386801
7894213838;386802
7894234251;386803
7894254656;386804
7894275065;386805
7894295473;386806
7894315883;386807
7894336292;386808
7894356701;386809
7894377114;386810
7894397518;386811
7894417928;386812
7894438337;386813
7894458746;386814
7894479155;386815
7894499567;386816
7894519973;386817
7894540351;386818
7894560759;386819
7894581173;386820
7894601577;386821
7894621987;386822
7894642395;386823
7894662804;386824
7894683213;386825
7894703622;386826
7894724030;386827
7894744440;386828
7894764848;386829
7894785258;386830
7894805666;386831
7894826075;386832
7894846484;386833
7894866893;386834
7894887303;386835
7894907711;386836
7894928120;386837
7894948529;386838
7894968938;386839
7894989346;386840
7895009756;386841
7895030164;386842
7895050574;386843
7895070982;386844
7895091391;386845
7895111800;386846
7895132209;386847
7895152621;386848
7895173027;386849
7895193435;386850
7895213845;386851
7895234254;386852
7895254662;386853
7895275072;386854
7895295480;386855
7895315890;386856
7895336298;386857
7895356707;386858
7895377120;386859
7895397525;386860
7895417933;386861
7895438343;386862
7895458751;386863
7895479161;386864
7895499569;386865
7895519978;386866
7895540387;386867
7895560796;386868
7895581206;386869
7895601614;386870
7895622023;386871
7895642432;386872
7895662841;386873
7895683249;386874
7895703663;386875
7895724067;386876
7895744477;386877
7895764885;386878
7895785294;386879
7895805703;386880
7895826112;386881
7895846521;386882
7895866930;386883
7895887339;386884
7895907748;386885
7895928157;386886
7895948565;386887
7895968975;386888
7895989383;386889
7896009792;386890
7896030201;386891
7896050610;386892
7896071019;386893
7896091428;386894
7896111836;386895
7896132246;386896
7896152654;386897
7896173064;386898
7896193472;386899
7896213881;386900
7896234291;386901
7896254699;386902
7896275108;386903
7896295517;386904
7896315926;386905
7896336335;386906
7896356744;386907
7896377152;386908
7896397562;386909
7896417970;386910
7896438380;386911
7896458788;386912
7896479197;386913
7896499606;386914
7896520019;386915
7896540423;386916
7896560833;386917
7896581242;386918
7896601651;386919
7896622060;386920
7896642468;386921
7896662878;386922
7896683286;386923
7896703695;386924
7896724104;386925
7896744513;386926
7896764922;386927
7896785331;386928
7896805739;386929
7896826149;386930
7896846557;386931
7896866966;386932
7896887376;386933
7896907784;386934
7896928194;386935
7896948602;386936
7896969011;386937
7896989420;386938
7897009829;386939
7897030238;386940
7897050647;386941
7897071055;386942
7897091465;386943
7897111873;386944
7897132282;386945
7897152691;386946
7897173100;386947
7897193509;386948
7897213918;386949
7897234327;386950
7897254736;386951
7897275145;386952
7897295554;386953
7897315963;386954
7897336371;386955
7897356781;386956
7897377189;386957
7897397598;386958
7897418007;386959
7897438416;386960
7897458828;386961
7897479234;386962
7897499646;386963
7897520052;386964
7897540460;386965
7897560869;386966
7897581279;386967
7897601687;386968
7897622097;386969
7897642505;386970
7897662914;386971
7897683323;386972
7897703732;386973
7897724140;386974
7897744550;386975
7897764958;386976
7897785368;386977
7897805776;386978
7897826185;386979
7897846594;386980
7897867003;386981
7897887413;386982
7897907821;386983
7897928230;386984
7897948639;386985
7897969048;386986
7897989456;386987
7898009866;386988
7898030274;386989
7898050684;386990
7898071092;386991
7898091501;386992
7898111910;386993
7898132319;386994
7898152728;386995
7898173137;386996
7898193545;386997
7898213955;386998
7898234364;386999
7898254772;387000
7898275182;387001
7898295590;387002
7898315999;387003
7898336408;387004
7898356817;387005
7898377226;387006
7898397635;387007
7898418043;387008
7898438453;387009
7898458861;387010
7898479271;387011
7898499679;387012
7898520088;387013
7898540497;387014
7898560906;387015
7898581315;387016
7898601724;387017
7898622133;387018
7898642542;387019
7898662951;387020
7898683359;387021
7898703769;387022
7898724177;387023
7898744587;387024
7898764995;387025
7898785404;387026
7898805817;387027
7898826222;387028
7898846630;387029
7898867040;387030
7898887449;387031
7898907858;387032
7898928267;387033
7898948675;387034
7898969085;387035
7898989493;387036
7899009906;387037
7899030311;387038
7899050720;387039
7899071129;387040
7899091538;387041
7899111946;387042
7899132356;387043
7899152764;387044
7899173173;387045
7899193582;387046
7899213991;387047
7899234401;387048
7899254809;387049
7899275219;387050
7899295627;387051
7899316036;387052
7899336445;387053
7899356854;387054
7899377262;387055
7899397672;387056
7899418080;387057
7899438489;387058
7899458898;387059
7899479307;387060
7899499716;387061
7899520125;387062
7899540537;387063
7899560947;387064
7899581352;387065
7899601761;387066
7899622170;387067
7899642578;387068
7899662988;387069
7899683396;387070
7899703805;387071
7899724214;387072
7899744623;387073
7899765032;387074
7899785445;387075
7899805853;387076
7899826259;387077
7899846667;387078
7899867076;387079
7899887486;387080
7899907894;387081
7899928304;387082
7899948712;387083
7899969121;387084
7899989530;387085
7900009943;387086
7900030348;387087
7900050757;387088
7900071165;387089
7900091575;387090
7900111983;387091
7900132392;387092
7900152801;387093
7900173210;387094
7900193619;387095
7900214028;387096
7900234437;387097
7900254846;387098
7900275255;387099
7900295663;387100
7900316073;387101
7900336481;387102
7900356891;387103
7900377303;387104
7900397708;387105
7900418121;387106
7900438526;387107
7900458935;387108
7900479344;387109
7900499752;387110
7900520162;387111
7900540570;387112
7900560979;387113
7900581389;387114
7900601797;387115
7900622207;387116
7900642615;387117
7900663024;387118
7900683433;387119
7900703846;387120
7900724250;387121
7900744660;387122
7900765068;387123
7900785478;387124
7900805886;387125
7900826295;387126
7900846704;387127
7900867113;387128
7900887522;387129
7900907931;387130
7900928340;387131
7900948749;387132
7900969158;387133
7900989570;387134
7901009980;387135
7901030384;387136
7901050794;387137
7901071206;387138
7901091611;387139
7901112020;387140
7901132429;387141
7901152837;387142
7901173251;387143
7901193655;387144
7901214065;387145
7901234474;387146
7901254882;387147
7901275292;387148
7901295700;387149
7901316109;387150
7901336518;387151
7901356927;387152
7901377336;387153
7901397745;387154
7901418157;387155
7901438563;387156
7901458971;387157
7901479381;387158
7901499789;387159
7901520198;387160
7901540607;387161
7901561016;387162
7901581425;387163
7901601834;387164
7901622247;387165
7901642652;387166
7901663061;387167
7901683469;387168
7901703879;387169
7901724291;387170
7901744696;387171
7901765105;387172
7901785514;387173
7901805923;387174
7901826332;387175
7901846740;387176
7901867150;387177
7901887558;387178
7901907967;387179
7901928377;387180
7901948785;387181
7901969195;387182
7901989603;387183
7902010012;387184
7902030421;387185
7902050830;387186
7902071239;387187
7902091648;387188
7902112056;387189
7902132466;387190
7902152874;387191
7902173283;387192
7902193692;387193
7902214101;387194
7902234511;387195
7902254919;387196
7902275328;387197
7902295737;387198
7902316146;387199
7902336555;387200
7902356964;387201
7902377376;387202
7902397782;387203
7902418190;387204
7902438599;387205
7902459008;387206
7902479417;387207
7902499826;387208
7902520235;387209
7902540647;387210
7902561053;387211
7902581462;387212
7902601870;387213
7902622280;387214
7902642688;387215
7902663098;387216
7902683506;387217
7902703915;387218
7902724324;387219
7902744733;387220
7902765141;387221
7902785551;387222
7902805959;387223
7902826369;387224
7902846777;387225
7902867186;387226
