7829224221;383617
7829244629;383618
7829265039;383619
7829285447;383620
7829305857;383621
7829326265;383622
7829346674;383623
7829367083;383624
7829387492;383625
7829407905;383626
7829428310;383627
7829448722;383628
7829469128;383629
7829489536;383630
7829509946;383631
7829530354;383632
7829550763;383633
7829571172;383634
7829591581;383635
7829611990;383636
7829632399;383637
7829652808;383638
7829673217;383639
7829693626;383640
7829714035;383641
7829734444;383642
7829754853;383643
7829775262;383644
7829795670;383645
7829816080;383646
7829836488;383647
7829856898;383648
7829877310;383649
7829897716;383650
7829918124;383651
7829938533;383652
7829958942;383653
7829979351;383654
7829999760;383655
7830020169;383656
7830040577;383657
7830060987;383658
7830081399;383659
7830101805;383660
7830122213;383661
7830142623;383662
7830163031;383663
7830183440;383664
7830203850;383665
7830224258;383666
7830244668;383667
7830265076;383668
7830285485;383669
7830305894;383670
7830326303;383671
7830346715;383672
7830367121;383673
7830387529;383674
7830407939;383675
7830428347;383676
7830448757;383677
7830469165;383678
7830489574;383679
7830509983;383680
7830530392;383681
7830550801;383682
7830571210;383683
7830591618;383684
7830612028;383685
7830632436;383686
7830652846;383687
7830673255;383688
7830693664;383689
7830714073;383690
7830734481;383691
7830754891;383692
7830775299;383693
7830795709;383694
7830816117;383695
7830836530;383696
7830856935;383697
7830877344;383698
7830897753;383699
7830918162;383700
7830938571;383701
7830958980;383702
7830979388;383703
7830999798;383704
7831020206;383705
7831040615;383706
7831061028;383707
7831081433;383708
7831101842;383709
7831122251;383710
7831142660;383711
7831163069;383712
7831183482;383713
7831203887;383714
7831224296;383715
7831244705;383716
7831265114;383717
7831285523;383718
7831305932;383719
7831326344;383720
7831346750;383721
7831367162;383722
7831387568;383723
7831407976;383724
7831428385;383725
7831448794;383726
7831469203;383727
7831489612;383728
7831510025;383729
7831530430;383730
7831550839;383731
7831571247;383732
7831591661;383733
7831612065;383734
7831632478;383735
7831652883;383736
7831673292;383737
7831693702;383738
7831714110;383739
7831734520;383740
7831754928;383741
7831775337;383742
7831795746;383743
7831816155;383744
7831836564;383745
7831856973;383746
7831877381;383747
7831897791;383748
7831918199;383749
7831938609;383750
7831959017;383751
7831979426;383752
7831999839;383753
7832020244;383754
7832040653;383755
7832061062;383756
7832081471;383757
7832101880;383758
7832122288;383759
7832142698;383760
7832163106;383761
7832183516;383762
7832203925;383763
7832224333;383764
7832244743;383765
7832265151;383766
7832285561;383767
7832305969;383768
7832326379;383769
7832346787;383770
7832367196;383771
7832387605;383772
7832408014;383773
7832428423;383774
7832448832;383775
7832469244;383776
7832489654;383777
7832510058;383778
7832530468;383779
7832550876;383780
7832571285;383781
7832591694;383782
7832612103;383783
7832632512;383784
7832652921;383785
7832673330;383786
7832693739;383787
7832714148;383788
7832734557;383789
7832754966;383790
7832775375;383791
7832795784;383792
7832816193;383793
7832836602;383794
7832857010;383795
7832877420;383796
7832897832;383797
7832918237;383798
7832938646;383799
7832959055;383800
7832979464;383801
7832999873;383802
7833020282;383803
7833040691;383804
7833061103;383805
7833081509;383806
7833101917;383807
7833122327;383808
7833142735;383809
7833163144;383810
7833183554;383811
7833203962;383812
7833224372;383813
7833244780;383814
7833265190;383815
7833285598;383816
7833306007;383817
7833326416;383818
7833346829;383819
7833367234;383820
7833387643;383821
7833408051;383822
7833428461;383823
7833448869;383824
7833469279;383825
7833489687;383826
7833510096;383827
7833530505;383828
7833550914;383829
7833571323;383830
7833591732;383831
7833612141;383832
7833632550;383833
7833652958;383834
7833673368;383835
7833693777;383836
7833714186;383837
7833734595;383838
7833755003;383839
7833775413;383840
7833795821;383841
7833816231;383842
7833836639;383843
7833857049;383844
7833877457;383845
7833897866;383846
7833918279;383847
7833938684;383848
7833959093;383849
7833979502;383850
7833999910;383851
7834020320;383852
7834040728;383853
7834061138;383854
7834081546;383855
7834101955;383856
7834122368;383857
7834142773;383858
7834163182;383859
7834183591;383860
7834204001;383861
7834224409;383862
7834244818;383863
7834265227;383864
7834285636;383865
7834306049;383866
7834326454;383867
7834346862;383868
7834367272;383869
7834387680;383870
7834408090;383871
7834428498;383872
7834448907;383873
7834469316;383874
7834489725;383875
7834510134;383876
7834530564;383877
7834550973;383878
7834571382;383879
7834591791;383880
7834612200;383881
7834632609;383882
7834653018;383883
7834673431;383884
7834693835;383885
7834714245;383886
7834734654;383887
7834755063;383888
7834775472;383889
7834795880;383890
7834816290;383891
7834836698;383892
7834857108;383893
7834877516;383894
7834897926;383895
7834918335;383896
7834938743;383897
7834959153;383898
7834979561;383899
7834999971;383900
7835020379;383901
7835040788;383902
7835061198;383903
7835081606;383904
7835102016;383905
7835122428;383906
7835142834;383907
7835163242;383908
7835183651;383909
7835204060;383910
7835224473;383911
7835244879;383912
7835265287;383913
7835285696;383914
7835306105;383915
7835326518;383916
7835346923;383917
7835367332;383918
7835387741;383919
7835408150;383920
7835428559;383921
7835448968;383922
7835469377;383923
7835489786;383924
7835510195;383925
7835530603;383926
7835551017;383927
7835571422;383928
7835591831;383929
7835612240;383930
7835632648;383931
7835653058;383932
7835673466;383933
7835693876;383934
7835714289;383935
7835734694;383936
7835755103;383937
7835775511;383938
7835795921;383939
7835816329;383940
7835836738;383941
7835857147;383942
7835877556;383943
7835897966;383944
7835918374;383945
7835938784;383946
7835959192;383947
7835979601;383948
7836000010;383949
7836020419;383950
7836040829;383951
7836061237;383952
7836081646;383953
7836102055;383954
7836122464;383955
7836142873;383956
7836163282;383957
7836183695;383958
7836204100;383959
7836224509;383960
7836244918;383961
7836265331;383962
7836285736;383963
7836306145;383964
7836326553;383965
7836346963;383966
7836367372;383967
7836387781;383968
7836408190;383969
7836428598;383970
7836449008;383971
7836469416;383972
7836489826;383973
7836510235;383974
7836530644;383975
7836551053;383976
7836571461;383977
7836591871;383978
7836612283;383979
7836632689;383980
7836653097;383981
7836673506;383982
7836693916;383983
7836714324;383984
7836734734;383985
7836755142;383986
7836775551;383987
7836795960;383988
7836816369;383989
7836836779;383990
7836857187;383991
7836877597;383992
7836898005;383993
7836918414;383994
7836938823;383995
7836959232;383996
7836979641;383997
7837000050;383998
7837020459;383999
7837040868;384000
7837061277;384001
7837081686;384002
7837102095;384003
7837122504;384004
7837142913;384005
7837163322;384006
7837183731;384007
7837204140;384008
7837224549;384009
7837244958;384010
7837265366;384011
7837285776;384012
7837306184;384013
7837326594;384014
7837347003;384015
7837367411;384016
7837387821;384017
7837408229;384018
7837428639;384019
7837449047;384020
7837469457;384021
7837489866;384022
7837510274;384023
7837530684;384024
7837551092;384025
7837571502;384026
7837591910;384027
7837612319;384028
7837632728;384029
7837653137;384030
7837673547;384031
7837693955;384032
7837714364;384033
7837734773;384034
7837755182;384035
7837775591;384036
7837796000;384037
7837816409;384038
7837836818;384039
7837857227;384040
7837877636;384041
7837898045;384042
7837918453;384043
7837938863;384044
7837959272;384045
7837979681;384046
7838000090;384047
7838020499;384048
7838040908;384049
7838061316;384050
7838081726;384051
7838102134;384052
7838122544;384053
7838142953;384054
7838163361;384055
7838183771;384056
7838204179;384057
7838224589;384058
7838245001;384059
7838265407;384060
7838285816;384061
7838306224;384062
7838326634;384063
7838347042;384064
7838367452;384065
7838387860;384066
7838408273;384067
7838428678;384068
7838449091;384069
7838469497;384070
7838489905;384071
7838510314;384072
7838530723;384073
7838551132;384074
7838571541;384075
7838591950;384076
7838612363;384077
7838632768;384078
7838653177;384079
7838673586;384080
7838693995;384081
7838714404;384082
7838734813;384083
7838755221;384084
7838775631;384085
7838796040;384086
7838816449;384087
7838836858;384088
7838857267;384089
7838877676;384090
7838898084;384091
7838918494;384092
7838938907;384093
7838959312;384094
7838979721;384095
7839000129;384096
7839020539;384097
7839040947;384098
7839061357;384099
7839081765;384100
7839102174;384101
7839122584;384102
7839142992;384103
7839163402;384104
7839183810;384105
7839204219;384106
7839224628;384107
7839245037;384108
7839265447;384109
7839285855;384110
7839306265;384111
7839326673;384112
7839347082;384113
7839367491;384114
7839387900;384115
7839408314;384116
7839428718;384117
7839449128;384118
7839469536;384119
7839489945;384120
7839510354;384121
7839530763;384122
7839551171;384123
7839571585;384124
7839591990;384125
7839612399;384126
7839632808;384127
7839653217;384128
7839673626;384129
7839694034;384130
7839714444;384131
7839734853;384132
7839755262;384133
7839775671;384134
7839796079;384135
7839816489;384136
7839836897;384137
7839857307;384138
7839877715;384139
7839898125;384140
7839918534;384141
7839938942;384142
7839959356;384143
7839979760;384144
7840000170;384145
7840020578;384146
7840040987;384147
7840061397;384148
7840081805;384149
7840102215;384150
7840122623;384151
7840143032;384152
7840163441;384153
7840183850;384154
7840204259;384155
7840224672;384156
7840245078;384157
7840265486;384158
7840285895;384159
7840306304;384160
7840326713;384161
7840347121;384162
7840367531;384163
7840387940;384164
7840408349;384165
7840428758;384166
7840449167;384167
7840469576;384168
7840489985;384169
7840510394;384170
7840530802;384171
7840551212;384172
7840571621;384173
7840592030;384174
7840612439;384175
7840632847;384176
7840653257;384177
7840673665;384178
7840694075;384179
7840714484;384180
7840734893;384181
7840755302;384182
7840775710;384183
7840796120;384184
7840816528;384185
7840836938;384186
7840857346;384187
7840877755;384188
7840898165;384189
7840918573;384190
7840938983;384191
7840959391;384192
7840979800;384193
7841000209;384194
7841020618;384195
7841041028;384196
7841061436;384197
7841081845;384198
7841102254;384199
7841122663;384200
7841143076;384201
7841163481;384202
7841183891;384203
7841204299;384204
7841224708;384205
7841245117;384206
7841265526;384207
7841285939;384208
7841306344;384209
7841326752;384210
7841347162;384211
7841367571;384212
7841387980;384213
7841408389;384214
7841428798;384215
7841449207;384216
7841469615;384217
7841490025;384218
7841510438;384219
7841530843;384220
7841551252;384221
7841571660;384222
7841592070;384223
7841612478;384224
7841632888;384225
7841653296;384226
7841673705;384227
7841694115;384228
7841714523;384229
7841734933;384230
7841755341;384231
7841775750;384232
7841796159;384233
7841816568;384234
7841836978;384235
7841857386;384236
7841877796;384237
7841898204;384238
7841918613;384239
7841939022;384240
7841959431;384241
7841979840;384242
7842000249;384243
7842020658;384244
7842041067;384245
7842061476;384246
7842081885;384247
7842102294;384248
7842122706;384249
7842143112;384250
7842163521;384251
7842183930;384252
7842204339;384253
7842224748;384254
7842245157;384255
7842265565;384256
7842285975;384257
7842306383;384258
7842326793;384259
7842347202;384260
7842367610;384261
7842388020;384262
7842408428;384263
7842428838;384264
7842449246;384265
7842469656;384266
7842490065;384267
7842510473;384268
7842530883;384269
7842551291;384270
7842571705;384271
7842592109;384272
7842612518;384273
7842632927;384274
7842653336;384275
7842673746;384276
7842694154;384277
7842714563;384278
7842734972;384279
7842755381;384280
7842775790;384281
7842796199;384282
7842816608;384283
7842837017;384284
7842857426;384285
7842877835;384286
7842898244;384287
7842918653;384288
7842939062;384289
7842959471;384290
7842979880;384291
7843000289;384292
7843020698;384293
7843041107;384294
7843061515;384295
7843081925;384296
7843102333;384297
7843122747;384298
7843143152;384299
7843163561;384300
7843183970;384301
7843204378;384302
7843224788;384303
7843245196;384304
7843265609;384305
7843286019;384306
7843306427;384307
7843326833;384308
7843347241;384309
7843367651;384310
7843388059;384311
7843408469;384312
7843428877;384313
7843449286;384314
7843469696;384315
7843490104;384316
7843510514;384317
7843530922;384318
7843551335;384319
7843571740;384320
7843592149;384321
7843612559;384322
7843632967;384323
7843653376;384324
7843673785;384325
7843694194;384326
7843714603;384327
7843735012;384328
7843755420;384329
7843775830;384330
7843796239;384331
7843816648;384332
7843837057;384333
7843857466;384334
7843877875;384335
7843898287;384336
7843918693;384337
7843939106;384338
7843959511;384339
7843979920;384340
7844000328;384341
7844020738;384342
7844041146;384343
7844061556;384344
7844081964;384345
7844102374;384346
7844122783;384347
7844143191;384348
7844163601;384349
7844184009;384350
7844204419;384351
7844224827;384352
7844245236;384353
7844265646;384354
7844286058;384355
7844306464;384356
7844326872;384357
7844347281;384358
7844367690;384359
7844388099;384360
7844408508;384361
7844428917;384362
7844449327;384363
7844469735;384364
7844490144;384365
7844510553;384366
7844530985;384367
7844551395;384368
7844571803;384369
7844592212;384370
7844612621;384371
7844633034;384372
7844653440;384373
7844673848;384374
7844694257;384375
7844714666;384376
7844735075;384377
7844755485;384378
7844775893;384379
7844796306;384380
7844816715;384381
7844837120;384382
7844857530;384383
7844877942;384384
7844898347;384385
7844918757;384386
7844939165;384387
7844959575;384388
7844979983;384389
7845000393;384390
7845020802;384391
7845041214;384392
7845061620;384393
7845082028;384394
7845102442;384395
7845122847;384396
7845143256;384397
7845163665;384398
7845184073;384399
7845204483;384400
7845224896;384401
7845245301;384402
7845265710;384403
7845286118;384404
7845306528;384405
7845326937;384406
7845347346;384407
7845367755;384408
7845388168;384409
7845408573;384410
7845428982;384411
7845449395;384412
7845469804;384413
7845490210;384414
7845510618;384415
7845531027;384416
7845551436;384417
7845571845;384418
7845592255;384419
7845612667;384420
7845633076;384421
7845653481;384422
7845673890;384423
7845694300;384424
7845714712;384425
7845735117;384426
7845755527;384427
7845775935;384428
7845796345;384429
7845816753;384430
7845837163;384431
7845857572;384432
7845877980;384433
7845898390;384434
7845918802;384435
7845939208;384436
7845959617;384437
7845980025;384438
7846000435;384439
7846020843;384440
7846041253;384441
7846061662;384442
7846082070;384443
7846102480;384444
7846122889;384445
7846143298;384446
7846163707;384447
7846184116;384448
7846204525;384449
7846224934;384450
7846245343;384451
7846265752;384452
7846286161;384453
7846306574;384454
7846326979;384455
7846347388;384456
7846367797;384457
7846388206;384458
7846408615;384459
7846429028;384460
7846449433;384461
7846469842;384462
7846490255;384463
7846510664;384464
7846531070;384465
7846551478;384466
7846571887;384467
7846592297;384468
7846612705;384469
7846633115;384470
7846653523;384471
7846673932;384472
7846694342;384473
7846714750;384474
7846735160;384475
7846755568;384476
7846775978;384477
7846796387;384478
7846816795;384479
7846837205;384480
7846857613;384481
7846878023;384482
7846898432;384483
7846918840;384484
7846939250;384485
7846959659;384486
7846980068;384487
7847000477;384488
7847020885;384489
7847041295;384490
7847061704;384491
7847082113;384492
7847102522;384493
7847122930;384494
7847143340;384495
7847163753;384496
7847184158;384497
7847204567;384498
7847224976;384499
7847245385;384500
7847265794;384501
7847286203;384502
7847306612;384503
7847327022;384504
7847347430;384505
7847367839;384506
7847388248;384507
7847408657;384508
7847429067;384509
7847449475;384510
7847469885;384511
7847490293;384512
7847510702;384513
7847531112;384514
7847551520;384515
7847571930;384516
7847592338;384517
7847612747;384518
7847633157;384519
7847653565;384520
7847673975;384521
7847694383;384522
7847714796;384523
7847735202;384524
7847755610;384525
7847776020;384526
7847796429;384527
7847816838;384528
7847837247;384529
7847857655;384530
7847878065;384531
7847898474;384532
7847918883;384533
7847939292;384534
7847959700;384535
7847980110;384536
7848000519;384537
7848020928;384538
7848041337;384539
7848061746;384540
7848082155;384541
7848102564;384542
7848122973;384543
7848143382;384544
7848163792;384545
7848184200;384546
7848204609;384547
7848225018;384548
7848245427;384549
7848265837;384550
7848286245;384551
7848306654;384552
7848327063;384553
7848347472;384554
7848367882;384555
7848388290;384556
7848408700;384557
7848429108;384558
7848449517;384559
7848469927;384560
7848490335;384561
7848510745;384562
7848531154;384563
7848551562;384564
7848571972;384565
7848592380;384566
7848612790;384567
7848633199;384568
7848653607;384569
7848674017;384570
7848694425;384571
7848714835;384572
7848735244;384573
7848755653;384574
7848776062;384575
7848796470;384576
7848816880;384577
7848837289;384578
7848857698;384579
7848878107;384580
7848898515;384581
7848918925;384582
7848939334;384583
7848959743;384584
7848980152;384585
7849000561;384586
7849020970;384587
7849041379;384588
7849061788;384589
7849082197;384590
7849102607;384591
7849123015;384592
7849143424;384593
7849163837;384594
7849184242;384595
7849204652;384596
7849225060;384597
7849245469;384598
7849265878;384599
7849286287;384600
7849306697;384601
7849327105;384602
7849347514;384603
7849367924;384604
7849388332;384605
7849408742;384606
7849429150;384607
7849449559;384608
7849469969;384609
7849490377;384610
7849510787;384611
7849531195;384612
7849551605;384613
7849572014;384614
7849592426;384615
7849612832;384616
7849633240;384617
7849653650;384618
7849674063;384619
7849694467;384620
7849714877;384621
7849735286;384622
7849755695;384623
7849776104;384624
7849796512;384625
7849816922;384626
7849837331;384627
7849857740;384628
7849878149;384629
7849898558;384630
7849918967;384631
7849939376;384632
7849959785;384633
7849980194;384634
7850000603;384635
7850021012;384636
7850041422;384637
7850061830;384638
7850082243;384639
7850102648;384640
7850123057;384641
7850143466;384642
7850163875;384643
7850184284;384644
7850204694;384645
7850225102;384646
7850245512;384647
7850265920;384648
7850286333;384649
7850306739;384650
7850327147;384651
7850347557;384652
7850367965;384653
7850388374;384654
7850408784;384655
7850429192;384656
7850449602;384657
7850470010;384658
7850490420;384659
7850510829;384660
7850531237;384661
7850551647;384662
7850572056;384663
7850592465;384664
7850612874;384665
7850633282;384666
7850653692;384667
7850674101;384668
7850694514;384669
7850714919;384670
7850735328;384671
7850755737;384672
7850776146;384673
7850796555;384674
7850816964;384675
7850837373;384676
7850857782;384677
7850878191;384678
7850898600;384679
7850919009;384680
7850939419;384681
7850959827;384682
7850980236;384683
7851000645;384684
7851021054;384685
7851041464;384686
7851061872;384687
7851082281;384688
7851102690;384689
7851123099;384690
7851143509;384691
7851163921;384692
7851184327;384693
7851204735;384694
7851225144;384695
7851245554;384696
7851265962;384697
7851286372;384698
7851306780;384699
7851327189;384700
7851347599;384701
7851368007;384702
7851388417;384703
7851408830;384704
7851429234;384705
7851449644;384706
7851470052;384707
7851490466;384708
7851510871;384709
7851531280;384710
7851551689;384711
7851572097;384712
7851592507;384713
7851612916;384714
7851633325;384715
7851653734;384716
7851674146;384717
7851694552;384718
7851714961;384719
7851735370;384720
7851755783;384721
7851776188;384722
7851796597;384723
7851817006;384724
7851837415;384725
7851857824;384726
7851878234;384727
7851898646;384728
7851919051;384729
7851939460;384730
7851959869;384731
7851980279;384732
7852000687;384733
7852021100;384734
7852041505;384735
7852061914;384736
7852082324;384737
7852102732;384738
7852123141;384739
7852143555;384740
7852163959;384741
7852184369;384742
7852204777;384743
7852225186;384744
7852245596;384745
7852266004;384746
7852286414;384747
7852306822;384748
7852327232;384749
7852347641;384750
7852368053;384751
7852388459;384752
7852408867;384753
7852429277;384754
7852449686;384755
7852470095;384756
7852490504;384757
7852510912;384758
7852531326;384759
7852551731;384760
7852572140;384761
7852592549;384762
7852612958;384763
7852633367;384764
7852653776;384765
7852674185;384766
7852694594;384767
7852715003;384768
7852735412;384769
7852755821;384770
7852776230;384771
7852796639;384772
7852817049;384773
7852837457;384774
7852857866;384775
7852878279;384776
7852898684;384777
7852919094;384778
7852939502;384779
7852959911;384780
7852980321;384781
7853000729;384782
7853021139;384783
7853041551;384784
7853061956;384785
7853082366;384786
7853102774;384787
7853123184;384788
7853143592;384789
7853164001;384790
7853184411;384791
7853204819;384792
7853225229;384793
7853245637;384794
7853266047;384795
7853286456;384796
7853306864;384797
7853327274;384798
7853347683;384799
7853368092;384800
7853388501;384801
7853408909;384802
7853429319;384803
7853449728;384804
7853470137;384805
7853490546;384806
7853510958;384807
7853531364;384808
7853551773;384809
7853572182;384810
7853592595;384811
7853613000;384812
7853633409;384813
7853653818;384814
7853674227;384815
7853694636;384816
7853715045;384817
7853735454;384818
7853755863;384819
7853776276;384820
7853796681;384821
7853817091;384822
7853837499;384823
7853857912;384824
7853878317;384825
7853898726;384826
7853919136;384827
7853939544;384828
7853959954;384829
7853980362;384830
7854000771;384831
7854021181;384832
7854041589;384833
7854061999;384834
7854082407;384835
7854102816;384836
7854123230;384837
7854143634;384838
7854164044;384839
7854184453;384840
7854204862;384841
7854225271;384842
7854245679;384843
7854266089;384844
7854286498;384845
7854306907;384846
7854327316;384847
7854347724;384848
7854368134;384849
7854388543;384850
7854408952;384851
7854429361;384852
7854449773;384853
7854470179;384854
7854490588;384855
7854510997;384856
7854531401;384857
7854551813;384858
7854572219;384859
7854592628;384860
7854613037;384861
7854633450;384862
7854653855;384863
7854674264;384864
7854694673;384865
7854715086;384866
7854735491;384867
7854755900;384868
7854776309;384869
7854796718;384870
7854817127;384871
7854837536;384872
7854857945;384873
7854878354;384874
7854898763;384875
7854919172;384876
7854939581;384877
7854959990;384878
7854980399;384879
7855000809;384880
7855021217;384881
7855041626;384882
7855062035;384883
7855082444;384884
7855102854;384885
7855123262;384886
7855143671;384887
7855164080;384888
7855184489;384889
7855204899;384890
7855225307;384891
7855245717;384892
7855266125;384893
7855286534;384894
7855306944;384895
7855327352;384896
7855347762;384897
7855368170;384898
7855388579;384899
7855408993;384900
7855429397;384901
7855449807;384902
7855470215;384903
7855490624;384904
7855511034;384905
7855531446;384906
7855551852;384907
7855572260;384908
7855592670;384909
7855613079;384910
7855633491;384911
7855653897;384912
7855674305;384913
7855694715;384914
7855715124;384915
7855735532;384916
7855755942;384917
7855776350;384918
7855796760;384919
7855817169;384920
7855837578;384921
7855857987;384922
7855878395;384923
7855898805;384924
7855919218;384925
7855939622;384926
7855960036;384927
7855980440;384928
7856000850;384929
7856021259;384930
7856041668;384931
7856062077;384932
7856082485;384933
7856102899;384934
7856123308;384935
7856143713;384936
7856164122;384937
7856184530;384938
7856204940;384939
7856225349;384940
7856245758;384941
7856266167;384942
7856286576;384943
7856306985;384944
7856327398;384945
7856347803;384946
7856368212;384947
7856388621;384948
7856409034;384949
7856429439;384950
7856449848;384951
7856470257;384952
7856490666;384953
7856511079;384954
7856531484;384955
7856551893;384956
7856572302;384957
7856592711;384958
7856613120;384959
7856633529;384960
7856653938;384961
7856674347;384962
7856694760;384963
7856715165;384964
7856735575;384965
7856755983;384966
7856776392;384967
7856796801;384968
7856817210;384969
7856837620;384970
7856858028;384971
7856878437;384972
7856898846;384973
7856919255;384974
7856939665;384975
7856960073;384976
7856980486;384977
7857000891;384978
7857021300;384979
7857041710;384980
7857062118;384981
7857082528;384982
7857102936;384983
7857123345;384984
7857143755;384985
7857164163;384986
7857184573;384987
7857204981;384988
7857225391;384989
7857245800;384990
7857266208;384991
7857286618;384992
7857307026;384993
7857327436;384994
7857347845;384995
7857368253;384996
7857388663;384997
7857409071;384998
7857429481;384999
7857449890;385000
7857470298;385001
7857490708;385002
7857511116;385003
7857531526;385004
7857551935;385005
7857572344;385006
7857592757;385007
7857613161;385008
7857633575;385009
7857653980;385010
7857674392;385011
7857694798;385012
7857715206;385013
7857735616;385014
7857756025;385015
7857776434;385016
7857796843;385017
7857817251;385018
7857837661;385019
7857858070;385020
7857878479;385021
7857898892;385022
7857919296;385023
7857939706;385024
7857960115;385025
7857980528;385026
7858000933;385027
7858021342;385028
7858041751;385029
7858062160;385030
7858082569;385031
7858102978;385032
7858123387;385033
7858143796;385034
7858164209;385035
7858184614;385036
7858205023;385037
7858225432;385038
7858245841;385039
7858266251;385040
7858286663;385041
7858307068;385042
7858327477;385043
7858347886;385044
7858368296;385045
7858388704;385046
7858409113;385047
7858429522;385048
7858449931;385049
7858470340;385050
7858490749;385051
7858511158;385052
7858531567;385053
7858551976;385054
7858572386;385055
7858592794;385056
7858613203;385057
7858633612;385058
7858654021;385059
7858674431;385060
7858694839;385061
7858715249;385062
7858735657;385063
7858756066;385064
7858776476;385065
7858796884;385066
7858817294;385067
7858837702;385068
7858858111;385069
7858878521;385070
7858898929;385071
7858919339;385072
7858939747;385073
7858960156;385074
7858980570;385075
7859000974;385076
7859021384;385077
7859041792;385078
7859062202;385079
7859082611;385080
7859103019;385081
7859123429;385082
7859143837;385083
7859164247;385084
7859184656;385085
7859205064;385086
7859225474;385087
7859245882;385088
7859266292;385089
7859286701;385090
7859307109;385091
7859327519;385092
7859347927;385093
7859368337;385094
7859388746;385095
7859409155;385096
7859429564;385097
7859449972;385098
7859470382;385099
7859490791;385100
7859511200;385101
7859531609;385102
7859552017;385103
7859572427;385104
7859592836;385105
7859613245;385106
7859633654;385107
7859654062;385108
7859674472;385109
7859694881;385110
7859715290;385111
7859735699;385112
7859756111;385113
7859776517;385114
7859796926;385115
7859817335;385116
7859837744;385117
7859858153;385118
7859878562;385119
7859898971;385120
7859919380;385121
7859939789;385122
7859960198;385123
7859980611;385124
7860001016;385125
7860021425;385126
7860041838;385127
7860062243;385128
7860082652;385129
7860103062;385130
7860123470;385131
7860143879;385132
7860164288;385133
7860184697;385134
7860205107;385135
7860225515;385136
7860245924;385137
7860266333;385138
7860286742;385139
7860307152;385140
7860327560;385141
7860347969;385142
7860368378;385143
7860388787;385144
7860409197;385145
7860429605;385146
7860450015;385147
7860470423;385148
7860490832;385149
7860511242;385150
7860531650;385151
7860552060;385152
7860572468;385153
7860592877;385154
7860613287;385155
7860633695;385156
7860654109;385157
7860674513;385158
7860694923;385159
7860715332;385160
7860735740;385161
7860756150;385162
7860776558;385163
7860796968;385164
7860817377;385165
7860837785;385166
7860858199;385167
7860878603;385168
7860899013;385169
7860919422;385170
7860939830;385171
7860960240;385172
7860980648;385173
7861001058;385174
7861021467;385175
7861041875;385176
7861062285;385177
7861082693;385178
7861103103;385179
7861123512;385180
7861143920;385181
7861164330;385182
7861184738;385183
7861205148;385184
7861225557;385185
7861245966;385186
7861266375;385187
7861286783;385188
7861307193;385189
7861327602;385190
7861348011;385191
7861368420;385192
7861388828;385193
7861409238;385194
7861429647;385195
7861450056;385196
7861470465;385197
7861490874;385198
7861511283;385199
7861531692;385200
7861552101;385201
7861572510;385202
7861592919;385203
7861613328;385204
7861633737;385205
7861654146;385206
7861674555;385207
7861694964;385208
7861715373;385209
7861735782;385210
7861756191;385211
7861776600;385212
7861797009;385213
7861817418;385214
7861837828;385215
7861858236;385216
7861878645;385217
7861899058;385218
7861919463;385219
7861939873;385220
7861960281;385221
7861980690;385222
7862001099;385223
7862021508;385224
7862041918;385225
7862062326;385226
7862082735;385227
7862103144;385228
7862123553;385229
7862143963;385230
7862164371;385231
7862184780;385232
7862205189;385233
7862225598;385234
7862246008;385235
7862266416;385236
7862286830;385237
7862307234;385238
7862327643;385239
7862348053;385240
7862368461;385241
7862388871;385242
7862409279;385243
7862429689;385244
7862450098;385245
7862470506;385246
7862490916;385247
7862511324;385248
7862531733;385249
7862552143;385250
7862572551;385251
7862592961;385252
7862613369;385253
7862633779;385254
7862654188;385255
7862674596;385256
7862695006;385257
7862715414;385258
7862735824;385259
7862756233;385260
7862776642;385261
7862797051;385262
7862817459;385263
7862837869;385264
7862858278;385265
7862878687;385266
7862899096;385267
7862919508;385268
7862939914;385269
7862960327;385270
7862980732;385271
7863001141;385272
7863021549;385273
7863041959;385274
7863062368;385275
7863082777;385276
7863103186;385277
7863123594;385278
7863144004;385279
7863164413;385280
7863184822;385281
7863205231;385282
7863225640;385283
7863246049;385284
7863266458;385285
7863286867;385286
7863307276;385287
7863327685;385288
7863348094;385289
7863368503;385290
7863388912;385291
7863409321;385292
7863429730;385293
7863450139;385294
7863470552;385295
7863490957;385296
7863511366;385297
7863531775;385298
7863552184;385299
7863572594;385300
7863593002;385301
7863613411;385302
7863633820;385303
7863654229;385304
7863674639;385305
7863695047;385306
7863715456;385307
7863735865;385308
7863756274;385309
7863776684;385310
7863797092;385311
7863817501;385312
7863837910;385313
7863858319;385314
7863878729;385315
7863899137;385316
7863919547;385317
7863939959;385318
7863960364;385319
7863980774;385320
7864001182;385321
7864021592;385322
7864042000;385323
7864062409;385324
7864082819;385325
7864103227;385326
7864123637;385327
7864144045;385328
7864164455;385329
7864184864;385330
7864205276;385331
7864225682;385332
7864246090;385333
7864266500;385334
7864286909;385335
7864307321;385336
7864327727;385337
7864348135;385338
7864368545;385339
7864388958;385340
7864409362;385341
7864429772;385342
7864450180;385343
7864470590;385344
7864490999;385345
7864511407;385346
7864531198;385347
7864551605;385348
7864572014;385349
7864592425;385350
7864612829;385351
7864633237;385352
7864653644;385353
7864674052;385354
7864694460;385355
7864714868;385356
7864735276;385357
7864755683;385358
7864776091;385359
7864796499;385360
7864816907;385361
7864837314;385362
7864857723;385363
7864878130;385364
7864898537;385365
7864918946;385366
7864939353;385367
7864959761;385368
7864980169;385369
7865000580;385370
7865020984;385371
7865041392;385372
7865061800;385373
7865082207;385374
7865102615;385375
7865123027;385376
7865143430;385377
7865163839;385378
7865184246;385379
7865204654;385380
7865225062;385381
7865245469;385382
7865265877;385383
7865286285;385384
7865306693;385385
7865327100;385386
7865347508;385387
7865367916;385388
7865388323;385389
7865408732;385390
7865429139;385391
7865449546;385392
7865469955;385393
7865490366;385394
7865510770;385395
7865531178;385396
7865551586;385397
7865571993;385398
7865592401;385399
7865612813;385400
7865633216;385401
7865653625;385402
7865674032;385403
7865694439;385404
7865714848;385405
7865735255;385406
7865755663;385407
7865776071;385408
7865796478;385409
7865816886;385410
7865837294;385411
7865857702;385412
7865878109;385413
7865898517;385414
7865918925;385415
7865939332;385416
7865959741;385417
7865980148;385418
7866000557;385419
7866020964;385420
7866041371;385421
7866061780;385422
7866082187;385423
7866102595;385424
7866123003;385425
7866143410;385426
7866163818;385427
7866184226;385428
7866204634;385429
7866225041;385430
7866245450;385431
7866265857;385432
7866286264;385433
7866306673;385434
7866327080;385435
7866347488;385436
7866367896;385437
7866388303;385438
7866408711;385439
7866429119;385440
7866449527;385441
7866469938;385442
7866490342;385443
7866510750;385444
7866531157;385445
7866551566;385446
7866571973;385447
7866592380;385448
7866612789;385449
7866633196;385450
7866653604;385451
7866674012;385452
7866694420;385453
7866714827;385454
7866735235;385455
7866755643;385456
7866776054;385457
7866796458;385458
7866816866;385459
7866837274;385460
7866857682;385461
7866878089;385462
7866898497;385463
7866918905;385464
7866939313;385465
7866959720;385466
7866980128;385467
7867000536;385468
7867020943;385469
7867041352;385470
7867061759;385471
7867082166;385472
7867102575;385473
7867122986;385474
7867143390;385475
7867163798;385476
7867184206;385477
7867204614;385478
7867225021;385479
7867245429;385480
7867265837;385481
7867286245;385482
7867306652;385483
7867327060;385484
7867347468;385485
7867367875;385486
7867388284;385487
7867408691;385488
7867429098;385489
7867449507;385490
7867469914;385491
7867490322;385492
7867510730;385493
7867531141;385494
7867551545;385495
7867571953;385496
7867592361;385497
7867612768;385498
7867633177;385499
7867653584;385500
7867673995;385501
7867694400;385502
7867714811;385503
7867735215;385504
7867755623;385505
7867776030;385506
7867796438;385507
7867816846;385508
7867837254;385509
7867857661;385510
7867878069;385511
7867898477;385512
7867918884;385513
7867939293;385514
7867959700;385515
7867980108;385516
7868000516;385517
7868020923;385518
7868041331;385519
7868061739;385520
7868082147;385521
7868102554;385522
7868122962;385523
7868143370;385524
7868163777;385525
7868184186;385526
7868204593;385527
7868225001;385528
7868245409;385529
7868265816;385530
7868286224;385531
7868306632;385532
7868327039;385533
7868347447;385534
7868367855;385535
7868388263;385536
7868408671;385537
7868429079;385538
7868449490;385539
7868469894;385540
7868490302;385541
7868510709;385542
7868531118;385543
7868551525;385544
7868571933;385545
7868592341;385546
7868612748;385547
7868633156;385548
7868653564;385549
7868673972;385550
7868694379;385551
7868714791;385552
7868735195;385553
7868755602;385554
7868776011;385555
7868796422;385556
7868816825;385557
7868837234;385558
7868857641;385559
7868878049;385560
7868898457;385561
7868918865;385562
7868939272;385563
7868959680;385564
7868980088;385565
7869000495;385566
7869020904;385567
7869041311;385568
7869061718;385569
7869082127;385570
7869102534;385571
7869122942;385572
7869143354;385573
7869163758;385574
7869184165;385575
7869204573;385576
7869224981;385577
7869245388;385578
7869265796;385579
7869286204;385580
7869306611;385581
7869327020;385582
7869347427;385583
7869367835;385584
7869388243;385585
7869408650;385586
7869429058;385587
7869449466;385588
7869469874;385589
7869490281;385590
7869510693;385591
7869531097;385592
7869551504;385593
7869571913;385594
7869592320;385595
7869612728;385596
7869633136;385597
7869653543;385598
7869673956;385599
7869694359;385600
7869714767;385601
7869735179;385602
7869755586;385603
7869775990;385604
7869796398;385605
7869816806;385606
7869837213;385607
7869857622;385608
7869878029;385609
7869898436;385610
7869918849;385611
7869939252;385612
7869959663;385613
7869980068;385614
7870000475;385615
7870020883;385616
7870041291;385617
7870061699;385618
7870082106;385619
7870102514;385620
7870122922;385621
7870143329;385622
7870163738;385623
7870184145;385624
7870204552;385625
7870224961;385626
7870245368;385627
7870265776;385628
7870286184;385629
7870306592;385630
7870326999;385631
7870347407;385632
7870367815;385633
7870388222;385634
7870408631;385635
7870429038;385636
7870449445;385637
7870469854;385638
7870490261;385639
7870510669;385640
7870531077;385641
7870551484;385642
7870571892;385643
7870592300;385644
7870612708;385645
7870633115;385646
7870653524;385647
7870673931;385648
7870694338;385649
7870714747;385650
7870735154;385651
7870755562;385652
7870775970;385653
7870796377;385654
7870816785;385655
7870837193;385656
7870857601;385657
7870878009;385658
7870898416;385659
7870918824;385660
7870939232;385661
7870959640;385662
7870980047;385663
7871000456;385664
7871020863;385665
7871041274;385666
7871061679;385667
7871082086;385668
7871102494;385669
7871122902;385670
7871143309;385671
7871163717;385672
7871184125;385673
7871204533;385674
7871224940;385675
7871245349;385676
7871265756;385677
7871286163;385678
7871306572;385679
7871326979;385680
7871347391;385681
7871367795;385682
7871388202;385683
7871408610;385684
7871429018;385685
7871449426;385686
7871469833;385687
7871490242;385688
7871510649;385689
7871531060;385690
7871551465;385691
7871571872;385692
7871592280;385693
7871612688;385694
7871633095;385695
7871653503;385696
7871673911;385697
7871694319;385698
7871714726;385699
7871735134;385700
7871755542;385701
7871775949;385702
7871796358;385703
7871816765;385704
7871837173;385705
7871857581;385706
7871877988;385707
7871898396;385708
7871918804;385709
7871939212;385710
7871959619;385711
7871980027;385712
7872000439;385713
7872020842;385714
7872041251;385715
7872061662;385716
7872082065;385717
7872102474;385718
7872122881;385719
7872143290;385720
7872163697;385721
7872184104;385722
7872204513;385723
7872224920;385724
7872245328;385725
7872265736;385726
7872286144;385727
7872306551;385728
7872326959;385729
7872347367;385730
7872367774;385731
7872388183;385732
7872408590;385733
7872428997;385734
7872449406;385735
7872469813;385736
7872490221;385737
7872510633;385738
7872531036;385739
7872551444;385740
7872571856;385741
7872592260;385742
7872612667;385743
7872633076;385744
7872653483;385745
7872673890;385746
7872694299;385747
7872714706;385748
7872735114;385749
7872755526;385750
7872775929;385751
7872796337;385752
7872816745;385753
7872837153;385754
7872857560;385755
7872877969;385756
7872898376;385757
7872918783;385758
7872939196;385759
7872959599;385760
7872980007;385761
7873000415;385762
7873020822;385763
7873041230;385764
7873061638;385765
7873082046;385766
7873102453;385767
7873122861;385768
7873143269;385769
7873163676;385770
7873184085;385771
7873204496;385772
7873224900;385773
7873245308;385774
7873265715;385775
7873286123;385776
7873306531;385777
7873326939;385778
7873347347;385779
7873367758;385780
7873388162;385781
7873408570;385782
7873428978;385783
7873449385;385784
7873469793;385785
7873490201;385786
7873510608;385787
7873531017;385788
7873551424;385789
7873571836;385790
7873592240;385791
7873612647;385792
7873633059;385793
7873653463;385794
7873673871;385795
7873694278;385796
7873714686;385797
7873735094;385798
7873755501;385799
7873775910;385800
7873796317;385801
7873816724;385802
7873837133;385803
7873857540;385804
7873877952;385805
7873898356;385806
7873918764;385807
7873939171;385808
7873959579;385809
7873979987;385810
7874000394;385811
7874020803;385812
7874041210;385813
7874061617;385814
7874082026;385815
7874102433;385816
7874122841;385817
7874143249;385818
7874163656;385819
7874184064;385820
7874204472;385821
7874224880;385822
7874245287;385823
7874265695;385824
7874286103;385825
7874306510;385826
7874326919;385827
7874347326;385828
7874367734;385829
7874388142;385830
7874408549;385831
7874428957;385832
7874449365;385833
7874469777;385834
7874490180;385835
7874510589;385836
7874530996;385837
7874552610;385838
7874573020;385839
7874593430;385840
7874613841;385841
7874634254;385842
7874654661;385843
7874675071;385844
7874695481;385845
7874715892;385846
7874736302;385847
7874756712;385848
7874777122;385849
7874797532;385850
7874817943;385851
7874838353;385852
7874858763;385853
7874879173;385854
7874899583;385855
7874919994;385856
7874940404;385857
7874960813;385858
7874981228;385859
7875001634;385860
7875022045;385861
7875042455;385862
7875062865;385863
7875083275;385864
7875103685;385865
7875124096;385866
7875144506;385867
7875164916;385868
7875185326;385869
7875205736;385870
7875226147;385871
7875246561;385872
7875266971;385873
7875287377;385874
7875307788;385875
7875328202;385876
7875348608;385877
7875369018;385878
7875389428;385879
7875409839;385880
7875430249;385881
7875450658;385882
7875471069;385883
7875491479;385884
7875511890;385885
7875532300;385886
7875552709;385887
7875573120;385888
7875593530;385889
7875613941;385890
7875634355;385891
7875654761;385892
7875675171;385893
7875695581;385894
7875715992;385895
7875736402;385896
7875756812;385897
7875777222;385898
7875797633;385899
7875818043;385900
7875838457;385901
7875858863;385902
7875879273;385903
7875899683;385904
7875920094;385905
7875940504;385906
7875960918;385907
7875981328;385908
7876001735;385909
7876022145;385910
7876042554;385911
7876062965;385912
7876083375;385913
7876103786;385914
7876124196;385915
7876144605;385916
7876165016;385917
7876185426;385918
7876205841;385919
7876226247;385920
7876246656;385921
7876267067;385922
7876287477;385923
7876307888;385924
7876328298;385925
7876348708;385926
7876369118;385927
7876389532;385928
7876409939;385929
7876430349;385930
7876450759;385931
7876471169;385932
7876491579;385933
7876511990;385934
7876532399;385935
7876552810;385936
7876573220;385937
7876593631;385938
7876614041;385939
7876634450;385940
7876654865;385941
7876675271;385942
7876695682;385943
7876716096;385944
7876736501;385945
7876756912;385946
7876777322;385947
7876797733;385948
7876818143;385949
7876838553;385950
7876858963;385951
7876879373;385952
7876899784;385953
7876920194;385954
7876940607;385955
7876961014;385956
7876981424;385957
7877001835;385958
7877022245;385959
7877042655;385960
7877063065;385961
7877083475;385962
7877103886;385963
7877124295;385964
7877144706;385965
7877165120;385966
7877185527;385967
7877205941;385968
7877226346;385969
7877246757;385970
7877267167;385971
7877287578;385972
7877307988;385973
7877328397;385974
7877348808;385975
7877369218;385976
7877389629;385977
7877410039;385978
7877430448;385979
7877450859;385980
7877471269;385981
7877491680;385982
7877512090;385983
7877532500;385984
7877552910;385985
7877573320;385986
7877593731;385987
7877614140;385988
7877634555;385989
7877654961;385990
7877675371;385991
7877695782;385992
7877716191;385993
7877736602;385994
7877757012;385995
7877777422;385996
7877797833;385997
7877818242;385998
7877838653;385999
7877859067;386000
7877879474;386001
7877899888;386002
7877920293;386003
7877940704;386004
7877961114;386005
7877981525;386006
7878001939;386007
7878022344;386008
7878042755;386009
7878063165;386010
7878083576;386011
7878103986;386012
7878124395;386013
7878144806;386014
7878165216;386015
7878185627;386016
7878206036;386017
7878226447;386018
7878246857;386019
7878267267;386020
7878287682;386021
7878308087;386022
7878328498;386023
7878348908;386024
7878369318;386025
7878389729;386026
7878410138;386027
7878430549;386028
7878450963;386029
7878471369;386030
7878491780;386031
7878512189;386032
7878532600;386033
7878553010;386034
7878573421;386035
7878593831;386036
7878614240;386037
7878634651;386038
7878655061;386039
7878675472;386040
7878695881;386041
7878716291;386042
7878736706;386043
7878757112;386044
7878777523;386045
7878797932;386046
7878818342;386047
7878838753;386048
7878859163;386049
7878879578;386050
7878899983;386051
7878920394;386052
7878940804;386053
7878961214;386054
7878981625;386055
7879002038;386056
7879022445;386057
7879042855;386058
7879063265;386059
7879083676;386060
7879104085;386061
7879124496;386062
7879144906;386063
7879165317;386064
7879185727;386065
7879206136;386066
7879226547;386067
7879246957;386068
7879267368;386069
7879287777;386070
7879308187;386071
7879328598;386072
7879349008;386073
7879369419;386074
7879389828;386075
7879410238;386076
7879430649;386077
7879451059;386078
7879471470;386079
7879491883;386080
7879512293;386081
7879532700;386082
7879553114;386083
7879573521;386084
7879593930;386085
7879614341;386086
7879634751;386087
7879655165;386088
7879675572;386089
7879695981;386090
7879716392;386091
7879736802;386092
7879757212;386093
7879777622;386094
7879798032;386095
7879818443;386096
7879838853;386097
7879859263;386098
7879879673;386099
7879900083;386100
7879920494;386101
7879940904;386102
7879961315;386103
7879981724;386104
7880002134;386105
7880022545;386106
7880042955;386107
7880063366;386108
7880083775;386109
7880104185;386110
7880124596;386111
7880145006;386112
7880165417;386113
7880185826;386114
7880206237;386115
7880226647;386116
7880247057;386117
7880267468;386118
7880287877;386119
7880308288;386120
7880328698;386121
7880349108;386122
7880369518;386123
7880389928;386124
7880410339;386125
7880430749;386126
7880451163;386127
7880471569;386128
7880491979;386129
7880512390;386130
7880532800;386131
7880553210;386132
7880573620;386133
7880594030;386134
7880614441;386135
7880634851;386136
7880655262;386137
7880675671;386138
7880696081;386139
7880716492;386140
7880736902;386141
7880757317;386142
7880777722;386143
7880798132;386144
7880818543;386145
7880838953;386146
7880859363;386147
7880879773;386148
7880900184;386149
7880920594;386150
7880941004;386151
7880961414;386152
7880981824;386153
7881002235;386154
7881022645;386155
7881043059;386156
7881063465;386157
7881083875;386158
7881104286;386159
7881124696;386160
7881145106;386161
7881165516;386162
7881185926;386163
7881206337;386164
7881226747;386165
7881247157;386166
7881267567;386167
7881287977;386168
7881308392;386169
7881328798;386170
7881349209;386171
7881369622;386172
7881390028;386173
7881410439;386174
7881430849;386175
7881451259;386176
7881471669;386177
7881492079;386178
7881512490;386179
7881532900;386180
7881553310;386181
7881573720;386182
7881594131;386183
7881614541;386184
7881634951;386185
7881655361;386186
7881675771;386187
7881696182;386188
7881716592;386189
7881737002;386190
7881757412;386191
7881777822;386192
7881798233;386193
7881818643;386194
7881839053;386195
7881859463;386196
7881879873;386197
7881900284;386198
7881920694;386199
7881941107;386200
7881961514;386201
7881981924;386202
7882002335;386203
7882022745;386204
7882043158;386205
7882063569;386206
7882083975;386207
7882104386;386208
7882124796;386209
7882145206;386210
7882165616;386211
7882186030;386212
7882206437;386213
7882226847;386214
7882247257;386215
7882267667;386216
7882288078;386217
7882308488;386218
7882328898;386219
7882349308;386220
7882369718;386221
7882390133;386222
7882410539;386223
7882430949;386224
7882451359;386225
7882471769;386226
7882492180;386227
7882512590;386228
7882532999;386229
7882553410;386230
7882573820;386231
7882594231;386232
7882614641;386233
7882635050;386234
7882655465;386235
7882675871;386236
7882696282;386237
7882716692;386238
7882737102;386239
7882757512;386240
7882777922;386241
7882798333;386242
7882818743;386243
7882839153;386244
7882859563;386245
7882879973;386246
7882900384;386247
7882920794;386248
7882941204;386249
7882961614;386250
7882982025;386251
7883002435;386252
7883022844;386253
7883043255;386254
7883063665;386255
7883084076;386256
7883104486;386257
7883124895;386258
7883145306;386259
7883165716;386260
7883186127;386261
7883206537;386262
7883226947;386263
7883247357;386264
7883267767;386265
7883288178;386266
7883308592;386267
7883328998;386268
7883349408;386269
7883369818;386270
7883390229;386271
7883410639;386272
7883431049;386273
7883451459;386274
7883471869;386275
7883492280;386276
7883512690;386277
7883533100;386278
7883553510;386279
7883573921;386280
7883594331;386281
7883614740;386282
7883635151;386283
7883655561;386284
7883675972;386285
7883696382;386286
7883716791;386287
7883737202;386288
7883757612;386289
7883778023;386290
7883798433;386291
7883818842;386292
7883839253;386293
7883859663;386294
7883880078;386295
7883900484;386296
7883920898;386297
7883941304;386298
7883961714;386299
7883982125;386300
7884002535;386301
7884022945;386302
7884043355;386303
7884063765;386304
7884084176;386305
7884104585;386306
7884124996;386307
7884145406;386308
7884165817;386309
7884186231;386310
7884206636;386311
7884227047;386312
7884247457;386313
7884267868;386314
7884288278;386315
7884308687;386316
7884329098;386317
7884349508;386318
7884369919;386319
7884390329;386320
7884410738;386321
7884431149;386322
7884451559;386323
7884471970;386324
7884492380;386325
7884512790;386326
7884533200;386327
7884553022;386328
7884573431;386329
7884593840;386330
7884614250;386331
7884634658;386332
7884655067;386333
7884675476;386334
7884695885;386335
7884716295;386336
7884736703;386337
7884757112;386338
7884777521;386339
7884797930;386340
7884818340;386341
7884838748;386342
7884859158;386343
7884879566;386344
7884899975;386345
7884920385;386346
7884940793;386347
7884961203;386348
7884981611;386349
7885002020;386350
7885022430;386351
7885042838;386352
7885063248;386353
7885083656;386354
7885104065;386355
7885124474;386356
7885144883;386357
7885165293;386358
7885185701;386359
7885206111;386360
7885226519;386361
7885246928;386362
7885267338;386363
7885287746;386364
7885308156;386365
7885328564;386366
7885348973;386367
7885369383;386368
7885389791;386369
7885410201;386370
7885430609;386371
7885451019;386372
7885471428;386373
7885491836;386374
7885512246;386375
7885532654;386376
7885553064;386377
7885573473;386378
7885593881;386379
7885614291;386380
7885634699;386381
7885655109;386382
7885675518;386383
7885695926;386384
7885716336;386385
7885736744;386386
7885757154;386387
7885777563;386388
7885797971;386389
7885818381;386390
7885838789;386391
7885859199;386392
7885879607;386393
7885900017;386394
7885920426;386395
7885940838;386396
7885961244;386397
7885981652;386398
7886002062;386399
7886022475;386400
7886042879;386401
7886063289;386402
7886083697;386403
7886104107;386404
7886124516;386405
7886144925;386406
7886165334;386407
7886185742;386408
7886206152;386409
7886226561;386410
7886246970;386411
7886267379;386412
7886287788;386413
7886308197;386414
7886328606;386415
7886349019;386416
7886369424;386417
7886389833;386418
7886410246;386419
7886430651;386420
7886451060;386421
7886471473;386422
7886491878;386423
7886512287;386424
7886532695;386425
7886553105;386426
7886573514;386427
7886593923;386428
7886614332;386429
7886634740;386430
7886655154;386431
7886675559;386432
7886695968;386433
7886716377;386434
7886736790;386435
7886757195;386436
7886777604;386437
7886798013;386438
7886818422;386439
7886838831;386440
7886859244;386441
7886879653;386442
7886900062;386443
7886920467;386444
7886940876;386445
7886961285;386446
7886981695;386447
7887002103;386448
7887022512;386449
7887042921;386450
7887063330;386451
7887083740;386452
7887104148;386453
7887124557;386454
7887144966;386455
7887165375;386456
7887185784;386457
7887206193;386458
7887226602;386459
7887247011;386460
7887267420;386461
7887287829;386462
7887308242;386463
7887328648;386464
7887349056;386465
7887369469;386466
7887389874;386467
7887410283;386468
7887430697;386469
7887451101;386470
7887471510;386471
7887491919;386472
7887512328;386473
7887532738;386474
7887553146;386475
7887573555;386476
7887593968;386477
7887614373;386478
7887634787;386479
7887655195;386480
7887675601;386481
7887696009;386482
7887716418;386483
7887736828;386484
7887757236;386485
7887777646;386486
7887798054;386487
7887818463;386488
7887838872;386489
7887859281;386490
7887879691;386491
7887900099;386492
7887920509;386493
7887940917;386494
7887961326;386495
7887981736;386496
7888002144;386497
7888022554;386498
7888042962;386499
7888063371;386500
7888083781;386501
7888104189;386502
7888124599;386503
7888145007;386504
7888165416;386505
7888185826;386506
7888206234;386507
7888226644;386508
7888247052;386509
7888267462;386510
7888287871;386511
7888308279;386512
7888328689;386513
7888349097;386514
7888369507;386515
7888389916;386516
7888410328;386517
7888430738;386518
7888451142;386519
7888471552;386520
7888491960;386521
7888512369;386522
7888532779;386523
7888553187;386524
7888573597;386525
7888594005;386526
7888614415;386527
7888634824;386528
7888655232;386529
7888675642;386530
7888696050;386531
7888716460;386532
7888736869;386533
7888757277;386534
7888777687;386535
7888798095;386536
7888818505;386537
7888838914;386538
7888859322;386539
7888879732;386540
7888900140;386541
7888920550;386542
7888940959;386543
7888961368;386544
7888981777;386545
7889002185;386546
7889022595;386547
7889043004;386548
7889063413;386549
7889083822;386550
7889104230;386551
7889124640;386552
7889145048;386553
7889165458;386554
7889185867;386555
7889206276;386556
7889226685;386557
7889247093;386558
7889267503;386559
7889287912;386560
7889308321;386561
7889328730;386562
7889349138;386563
7889369548;386564
7889389957;386565
7889410366;386566
7889430775;386567
7889451184;386568
7889471593;386569
7889492002;386570
7889512411;386571
7889532824;386572
7889553232;386573
7889573638;386574
7889594047;386575
7889614456;386576
7889634865;386577
7889655274;386578
7889675683;386579
7889696096;386580
7889716505;386581
7889736910;386582
7889757319;386583
7889777728;386584
7889798136;386585
7889818546;386586
7889838955;386587
7889859368;386588
7889879777;386589
7889900181;386590
7889920591;386591
7889941000;386592
7889961409;386593
7889981818;386594
7890002227;386595
7890022636;386596
7890043045;386597
7890063454;386598
7890083863;386599
7890104272;386600
7890124681;386601
7890145090;386602
7890165499;386603
7890185908;386604
7890206317;386605
7890226726;386606
7890247136;386607
7890267544;386608
7890287953;386609
7890308362;386610
7890328771;386611
7890349181;386612
7890369589;386613
7890389998;386614
7890410407;386615
7890430816;386616
7890451226;386617
7890471634;386618
7890492044;386619
7890512452;386620
7890532861;386621
7890553270;386622
7890573679;386623
7890594089;386624
7890614497;386625
7890634906;386626
7890655319;386627
7890675724;386628
7890696134;386629
7890716546;386630
7890736955;386631
7890757360;386632
7890777769;386633
7890798179;386634
7890818587;386635
7890839000;386636
7890859405;386637
7890879818;386638
7890900224;386639
7890920636;386640
7890941042;386641
7890961454;386642
7890981863;386643
7891002269;386644
7891022677;386645
7891043087;386646
7891063495;386647
7891083904;386648
7891104314;386649
7891124722;386650
7891145132;386651
7891165540;386652
7891185949;386653
7891206358;386654
7891226767;386655
7891247177;386656
7891267585;386657
7891287998;386658
7891308403;386659
7891328812;386660
7891349226;386661
7891369630;386662
7891390040;386663
7891410448;386664
7891430857;386665
7891451267;386666
7891471675;386667
7891492085;386668
7891512493;386669
7891532903;386670
7891553312;386671
7891573720;386672
7891594130;386673
7891614538;386674
7891634948;386675
7891655357;386676
7891675765;386677
7891696175;386678
7891716583;386679
7891736993;386680
7891757402;386681
7891777810;386682
7891798220;386683
7891818628;386684
7891839038;386685
7891859446;386686
7891879855;386687
7891900265;386688
7891920673;386689
7891941083;386690
7891961491;386691
7891981901;386692
7892002310;386693
7892022718;386694
7892043128;386695
7892063536;386696
7892083946;386697
7892104355;386698
7892124763;386699
7892145173;386700
7892165581;386701
7892185991;386702
7892206400;386703
7892226808;386704
7892247218;386705
7892267626;386706
7892288036;386707
7892308445;386708
7892328854;386709
7892349263;386710
7892369671;386711
7892390081;386712
7892410490;386713
7892430899;386714
7892451308;386715
7892471716;386716
7892492130;386717
7892512534;386718
7892532948;386719
7892553353;386720
7892573765;386721
7892594171;386722
7892614579;386723
7892634989;386724
7892655398;386725
7892675807;386726
7892696216;386727
7892716624;386728
7892737034;386729
7892757443;386730
7892777852;386731
7892798261;386732
7892818670;386733
7892839079;386734
7892859488;386735
7892879897;386736
7892900306;386737
7892920718;386738
7892941124;386739
7892961533;386740
7892981942;386741
7893002351;386742
7893022760;386743
7893043169;386744
7893063578;386745
7893083987;386746
7893104396;386747
7893124805;386748
7893145214;386749
7893165622;386750
7893186032;386751
7893206441;386752
7893226850;386753
7893247259;386754
7893267667;386755
7893288077;386756
7893308486;386757
7893328899;386758
7893349304;386759
7893369713;386760
7893390122;386761
7893410535;386762
7893430940;386763
7893451349;386764
7893471758;386765
7893492167;386766
7893512576;386767
7893532985;386768
7893553394;386769
7893573803;386770
7893594212;386771
7893614621;386772
7893635030;386773
7893655439;386774
7893675848;386775
7893696257;386776
7893716667;386777
7893737075;386778
7893757484;386779
7893777893;386780
7893798302;386781
7893818711;386782
7893839120;386783
7893859530;386784
7893879938;386785
7893900347;386786
7893920756;386787
7893941165;386788
7893961575;386789
7893981983;386790
7894002392;386791
7894022801;386792
7894043210;386793
7894063623;386794
7894084028;386795
7894104438;386796
7894124846;386797
7894145255;386798
7894165665;386799
7894186073;386800
7894206483;386801
7894226895;386802
7894247300;386803
7894267710;386804
7894288118;386805
7894308528;386806
7894328940;386807
7894349345;386808
7894369759;386809
7894390167;386810
7894410573;386811
7894430985;386812
7894451391;386813
7894471799;386814
7894492208;386815
7894512618;386816
7894533026;386817
7894553405;386818
7894573813;386819
7894594226;386820
7894614631;386821
7894635040;386822
7894655449;386823
7894675858;386824
7894696267;386825
7894716676;386826
7894737085;386827
7894757494;386828
7894777903;386829
7894798312;386830
7894818721;386831
7894839129;386832
7894859539;386833
7894879947;386834
7894900357;386835
7894920765;386836
7894941174;386837
7894961587;386838
7894981992;386839
7895002401;386840
7895022810;386841
7895043219;386842
7895063628;386843
7895084037;386844
7895104446;386845
7895124855;386846
7895145264;386847
7895165673;386848
7895186081;386849
7895206491;386850
7895226903;386851
7895247309;386852
7895267717;386853
7895288126;386854
7895308539;386855
7895328944;386856
7895349354;386857
7895369762;386858
7895390171;386859
7895410580;386860
7895430989;386861
7895451398;386862
7895471807;386863
7895492215;386864
7895512625;386865
7895533033;386866
7895553443;386867
7895573851;386868
7895594261;386869
7895614669;386870
7895635078;386871
7895655491;386872
7895675896;386873
7895696306;386874
7895716714;386875
7895737123;386876
7895757532;386877
7895777941;386878
7895798350;386879
7895818759;386880
7895839168;386881
7895859577;386882
7895879985;386883
7895900395;386884
7895920803;386885
7895941213;386886
7895961621;386887
7895982030;386888
7896002439;386889
7896022848;386890
7896043258;386891
7896063666;386892
7896084076;386893
7896104484;386894
7896124893;386895
7896145302;386896
7896165711;386897
7896186120;386898
7896206529;386899
7896226937;386900
7896247347;386901
7896267755;386902
7896288165;386903
7896308573;386904
7896328982;386905
7896349392;386906
7896369800;386907
7896390214;386908
7896410618;386909
7896431027;386910
7896451436;386911
7896471845;386912
7896492254;386913
7896512663;386914
7896533072;386915
7896553481;386916
7896573889;386917
7896594299;386918
7896614707;386919
7896635117;386920
7896655525;386921
7896675938;386922
7896696344;386923
7896716752;386924
7896737166;386925
7896757570;386926
7896777979;386927
7896798388;386928
7896818797;386929
7896839206;386930
7896859615;386931
7896880024;386932
7896900433;386933
7896920841;386934
7896941251;386935
7896961659;386936
7896982069;386937
7897002477;386938
7897022887;386939
7897043296;386940
7897063704;386941
7897084114;386942
7897104522;386943
7897124932;386944
7897145340;386945
7897165749;386946
7897186158;386947
7897206567;386948
7897226976;386949
7897247385;386950
7897267793;386951
7897288203;386952
7897308611;386953
7897329021;386954
7897349434;386955
7897369839;386956
7897390248;386957
7897410656;386958
7897431066;386959
7897451474;386960
7897471884;386961
7897492292;386962
7897512701;386963
7897533110;386964
7897553519;386965
7897573928;386966
7897594337;386967
7897614749;386968
7897635155;386969
7897655563;386970
7897675973;386971
7897696382;386972
7897716790;386973
7897737200;386974
7897757608;386975
7897778018;386976
7897798426;386977
7897818836;386978
7897839244;386979
7897859653;386980
7897880062;386981
7897900471;386982
7897920880;386983
7897941289;386984
7897961698;386985
7897982107;386986
7898002515;386987
7898022925;386988
7898043334;386989
7898063743;386990
7898084152;386991
7898104560;386992
7898124970;386993
7898145378;386994
7898165788;386995
7898186200;386996
7898206605;386997
7898227014;386998
7898247423;386999
7898267832;387000
7898288241;387001
7898308653;387002
7898329059;387003
7898349468;387004
7898369877;387005
7898390286;387006
7898410695;387007
7898431108;387008
7898451512;387009
7898471922;387010
7898492330;387011
7898512744;387012
7898533148;387013
7898553557;387014
7898573966;387015
7898594375;387016
7898614784;387017
7898635193;387018
7898655602;387019
7898676011;387020
7898696420;387021
7898716829;387022
7898737238;387023
7898757647;387024
7898778056;387025
7898798464;387026
7898818874;387027
7898839282;387028
7898859692;387029
7898880100;387030
7898900510;387031
7898920918;387032
7898941327;387033
7898961736;387034
7898982145;387035
7899002554;387036
7899022963;387037
7899043372;387038
7899063781;387039
7899084190;387040
7899104599;387041
7899125008;387042
7899145416;387043
7899165826;387044
7899186234;387045
7899206644;387046
7899227052;387047
7899247462;387048
7899267870;387049
7899288279;387050
7899308688;387051
7899329097;387052
7899349507;387053
7899369915;387054
7899390324;387055
7899410733;387056
7899431142;387057
7899451551;387058
7899471960;387059
7899492368;387060
7899512778;387061
7899533190;387062
7899553596;387063
7899574004;387064
7899594414;387065
7899614822;387066
7899635231;387067
7899655640;387068
7899676049;387069
7899696459;387070
7899716867;387071
7899737276;387072
7899757685;387073
7899778094;387074
7899798503;387075
7899818912;387076
7899839320;387077
7899859730;387078
7899880138;387079
7899900548;387080
7899920956;387081
7899941366;387082
7899961774;387083
7899982183;387084
7900002592;387085
7900023001;387086
7900043411;387087
7900063819;387088
7900084228;387089
7900104637;387090
7900125046;387091
7900145455;387092
7900165864;387093
7900186272;387094
7900206682;387095
7900227090;387096
7900247500;387097
7900267908;387098
7900288318;387099
7900308726;387100
7900329135;387101
7900349545;387102
7900369953;387103
7900390363;387104
7900410771;387105
7900431180;387106
7900451589;387107
7900471998;387108
7900492407;387109
7900512816;387110
7900533225;387111
7900553634;387112
7900574042;387113
7900594452;387114
7900614860;387115
7900635270;387116
7900655678;387117
7900676087;387118
7900696497;387119
7900716905;387120
7900737315;387121
7900757723;387122
7900778132;387123
7900798541;387124
7900818950;387125
7900839359;387126
7900859768;387127
7900880177;387128
7900900586;387129
7900920994;387130
7900941404;387131
7900961812;387132
7900982222;387133
7901002630;387134
7901023039;387135
7901043449;387136
7901063857;387137
7901084267;387138
7901104675;387139
7901125084;387140
7901145493;387141
7901165902;387142
7901186311;387143
7901206720;387144
7901227128;387145
7901247542;387146
7901267946;387147
7901288356;387148
7901308764;387149
7901329174;387150
7901349583;387151
7901369991;387152
7901390401;387153
7901410809;387154
7901431219;387155
7901451627;387156
7901472037;387157
7901492445;387158
7901512854;387159
7901533263;387160
7901553672;387161
7901574081;387162
7901594490;387163
7901614898;387164
7901635308;387165
7901655716;387166
7901676126;387167
7901696539;387168
7901716943;387169
7901737353;387170
7901757761;387171
7901778171;387172
7901798579;387173
7901818989;387174
7901839401;387175
7901859806;387176
7901880215;387177
7901900624;387178
7901921033;387179
7901941442;387180
7901961850;387181
7901982264;387182
7902002668;387183
7902023078;387184
7902043487;387185
7902063895;387186
7902084305;387187
7902104713;387188
7902125123;387189
7902145531;387190
7902165941;387191
7902186349;387192
7902206758;387193
7902227167;387194
7902247576;387195
7902267985;387196
7902288394;387197
7902308802;387198
7902329212;387199
7902349621;387200
7902370030;387201
7902390439;387202
7902410847;387203
7902431261;387204
7902451665;387205
7902472075;387206
7902492483;387207
7902512893;387208
7902533301;387209
7902553710;387210
7902574119;387211
7902594528;387212
7902614937;387213
7902635346;387214
7902655754;387215
7902676164;387216
7902696573;387217
7902716982;387218
7902737391;387219
7902757799;387220
7902778209;387221
7902798621;387222
7902819027;387223
7902839435;387224
7902859844;387225
