7829216938;383617
7829237347;383618
7829257755;383619
7829278169;383620
7829298577;383621
7829318983;383622
7829339391;383623
7829359800;383624
7829380210;383625
7829400618;383626
7829421027;383627
7829441436;383628
7829461845;383629
7829482254;383630
7829502663;383631
7829523071;383632
7829543481;383633
7829563889;383634
7829584299;383635
7829604707;383636
7829625117;383637
7829645525;383638
7829665938;383639
7829686343;383640
7829706752;383641
7829727160;383642
7829747570;383643
7829767978;383644
7829788388;383645
7829808796;383646
7829829205;383647
7829849614;383648
7829870027;383649
7829890433;383650
7829910841;383651
7829931250;383652
7829951659;383653
7829972068;383654
7829992480;383655
7830012890;383656
7830033294;383657
7830053708;383658
7830074112;383659
7830094521;383660
7830114930;383661
7830135339;383662
7830155748;383663
7830176157;383664
7830196565;383665
7830216975;383666
7830237383;383667
7830257793;383668
7830278201;383669
7830298610;383670
7830319019;383671
7830339428;383672
7830359838;383673
7830380250;383674
7830400655;383675
7830421064;383676
7830441473;383677
7830461882;383678
7830482291;383679
7830502699;383680
7830523109;383681
7830543521;383682
7830563926;383683
7830584335;383684
7830604744;383685
7830625153;383686
7830645566;383687
7830665974;383688
7830686380;383689
7830706788;383690
7830727198;383691
7830747606;383692
7830768015;383693
7830788428;383694
7830808837;383695
7830829242;383696
7830849651;383697
7830870060;383698
7830890469;383699
7830910882;383700
7830931287;383701
7830951696;383702
7830972104;383703
7830992514;383704
7831012922;383705
7831033332;383706
7831053740;383707
7831074153;383708
7831094558;383709
7831114971;383710
7831135379;383711
7831155785;383712
7831176197;383713
7831196603;383714
7831217011;383715
7831237421;383716
7831257829;383717
7831278238;383718
7831298647;383719
7831319060;383720
7831339464;383721
7831359874;383722
7831380283;383723
7831400696;383724
7831421101;383725
7831441509;383726
7831461923;383727
7831482331;383728
7831502737;383729
7831523145;383730
7831543554;383731
7831563967;383732
7831584372;383733
7831604784;383734
7831625190;383735
7831645598;383736
7831666008;383737
7831686416;383738
7831706826;383739
7831727234;383740
7831747647;383741
7831768052;383742
7831788461;383743
7831808870;383744
7831829279;383745
7831849687;383746
7831870097;383747
7831890506;383748
7831910915;383749
7831931324;383750
7831951732;383751
7831972142;383752
7831992554;383753
7832012959;383754
7832033368;383755
7832053777;383756
7832074186;383757
7832094595;383758
7832115007;383759
7832135413;383760
7832155821;383761
7832176231;383762
7832196639;383763
7832217052;383764
7832237457;383765
7832257866;383766
7832278275;383767
7832298684;383768
7832319092;383769
7832339506;383770
7832359911;383771
7832380319;383772
7832400729;383773
7832421137;383774
7832441547;383775
7832461955;383776
7832482364;383777
7832502773;383778
7832523182;383779
7832543591;383780
7832564000;383781
7832584409;383782
7832604818;383783
7832625226;383784
7832645636;383785
7832666044;383786
7832686453;383787
7832706862;383788
7832727271;383789
7832747680;383790
7832768089;383791
7832788501;383792
7832808907;383793
7832829315;383794
7832849724;383795
7832870134;383796
7832890546;383797
7832910952;383798
7832931360;383799
7832951769;383800
7832972178;383801
7832992587;383802
7833012996;383803
7833033405;383804
7833053814;383805
7833074223;383806
7833094631;383807
7833115041;383808
7833135449;383809
7833155858;383810
7833176267;383811
7833196680;383812
7833217085;383813
7833237494;383814
7833257903;383815
7833278312;383816
7833298720;383817
7833319130;383818
7833339538;383819
7833359951;383820
7833380357;383821
7833400765;383822
7833421179;383823
7833441583;383824
7833461992;383825
7833482401;383826
7833502814;383827
7833523219;383828
7833543628;383829
7833564036;383830
7833584446;383831
7833604854;383832
7833625264;383833
7833645672;383834
7833666081;383835
7833686490;383836
7833706899;383837
7833727308;383838
7833747721;383839
7833768125;383840
7833788535;383841
7833808943;383842
7833829352;383843
7833849761;383844
7833870170;383845
7833890580;383846
7833910988;383847
7833931397;383848
7833951806;383849
7833972215;383850
7833992624;383851
7834013033;383852
7834033445;383853
7834053855;383854
7834074259;383855
7834094669;383856
7834115077;383857
7834135486;383858
7834155895;383859
7834176304;383860
7834196713;383861
7834217122;383862
7834237530;383863
7834257940;383864
7834278348;383865
7834298761;383866
7834319170;383867
7834339575;383868
7834359985;383869
7834380393;383870
7834400803;383871
7834421211;383872
7834441620;383873
7834462029;383874
7834482438;383875
7834502850;383876
7834523277;383877
7834543685;383878
7834564095;383879
7834584503;383880
7834604912;383881
7834625321;383882
7834645734;383883
7834666140;383884
7834686548;383885
7834706957;383886
7834727366;383887
7834747779;383888
7834768187;383889
7834788593;383890
7834809002;383891
7834829411;383892
7834849820;383893
7834870229;383894
7834890638;383895
7834911046;383896
7834931456;383897
7834951865;383898
7834972273;383899
7834992683;383900
7835013091;383901
7835033501;383902
7835053909;383903
7835074318;383904
7835094727;383905
7835115136;383906
7835135550;383907
7835155958;383908
7835176363;383909
7835196772;383910
7835217181;383911
7835237590;383912
7835258003;383913
7835278408;383914
7835298821;383915
7835319226;383916
7835339635;383917
7835360048;383918
7835380456;383919
7835400862;383920
7835421270;383921
7835441680;383922
7835462089;383923
7835482501;383924
7835502907;383925
7835523315;383926
7835543725;383927
7835564133;383928
7835584542;383929
7835604952;383930
7835625364;383931
7835645770;383932
7835666178;383933
7835686587;383934
7835706996;383935
7835727405;383936
7835747817;383937
7835768223;383938
7835788632;383939
7835809041;383940
7835829450;383941
7835849858;383942
7835870268;383943
7835890676;383944
7835911090;383945
7835931495;383946
7835951903;383947
7835972313;383948
7835992721;383949
7836013134;383950
7836033539;383951
7836053948;383952
7836074361;383953
7836094766;383954
7836115176;383955
7836135584;383956
7836155993;383957
7836176406;383958
7836196811;383959
7836217223;383960
7836237629;383961
7836258038;383962
7836278447;383963
7836298856;383964
7836319264;383965
7836339674;383966
7836360082;383967
7836380492;383968
7836400901;383969
7836421309;383970
7836441719;383971
7836462131;383972
7836482541;383973
7836502945;383974
7836523354;383975
7836543763;383976
7836564172;383977
7836584582;383978
7836604990;383979
7836625399;383980
7836645808;383981
7836666217;383982
7836686626;383983
7836707035;383984
7836727444;383985
7836747853;383986
7836768262;383987
7836788675;383988
7836809084;383989
7836829488;383990
7836849898;383991
7836870306;383992
7836890719;383993
7836911125;383994
7836931537;383995
7836951947;383996
7836972351;383997
7836992761;383998
7837013169;383999
7837033578;384000
7837053988;384001
7837074396;384002
7837094805;384003
7837115218;384004
7837135623;384005
7837156032;384006
7837176441;384007
7837196849;384008
7837217263;384009
7837237668;384010
7837258077;384011
7837278486;384012
7837298894;384013
7837319304;384014
7837339716;384015
7837360122;384016
7837380531;384017
7837400939;384018
7837421349;384019
7837441757;384020
7837462167;384021
7837482575;384022
7837502984;384023
7837523393;384024
7837543806;384025
7837564212;384026
7837584624;384027
7837605029;384028
7837625438;384029
7837645847;384030
7837666256;384031
7837686665;384032
7837707074;384033
7837727483;384034
7837747892;384035
7837768300;384036
7837788710;384037
7837809118;384038
7837829528;384039
7837849936;384040
7837870349;384041
7837890755;384042
7837911163;384043
7837931573;384044
7837951981;384045
7837972390;384046
7837992799;384047
7838013208;384048
7838033617;384049
7838054026;384050
7838074435;384051
7838094844;384052
7838115257;384053
7838135661;384054
7838156071;384055
7838176480;384056
7838196889;384057
7838217298;384058
7838237707;384059
7838258120;384060
7838278524;384061
7838298934;384062
7838319342;384063
7838339751;384064
7838360161;384065
7838380569;384066
7838400979;384067
7838421387;384068
7838441796;384069
7838462205;384070
7838482614;384071
7838503027;384072
7838523432;384073
7838543841;384074
7838564254;384075
7838584659;384076
7838605067;384077
7838625477;384078
7838645885;384079
7838666295;384080
7838686704;384081
7838707112;384082
7838727522;384083
7838747930;384084
7838768340;384085
7838788748;384086
7838809157;384087
7838829571;384088
7838849975;384089
7838870385;384090
7838890793;384091
7838911206;384092
7838931611;384093
7838952024;384094
7838972429;384095
7838992838;384096
7839013251;384097
7839033656;384098
7839054069;384099
7839074474;384100
7839094887;384101
7839115291;384102
7839135701;384103
7839156114;384104
7839176518;384105
7839196928;384106
7839217336;384107
7839237746;384108
7839258158;384109
7839278564;384110
7839298976;384111
7839319381;384112
7839339791;384113
7839360203;384114
7839380609;384115
7839401021;384116
7839421426;384117
7839441835;384118
7839462248;384119
7839482653;384120
7839503062;384121
7839523475;384122
7839543880;384123
7839564289;384124
7839584701;384125
7839605107;384126
7839625515;384127
7839645925;384128
7839666334;384129
7839686742;384130
7839707152;384131
7839727560;384132
7839747970;384133
7839768378;384134
7839788787;384135
7839809197;384136
7839829605;384137
7839850015;384138
7839870423;384139
7839890832;384140
7839911241;384141
7839931650;384142
7839952060;384143
7839972472;384144
7839992877;384145
7840013286;384146
7840033699;384147
7840054104;384148
7840074517;384149
7840094925;384150
7840115331;384151
7840135740;384152
7840156148;384153
7840176558;384154
7840196966;384155
7840217376;384156
7840237784;384157
7840258193;384158
7840278603;384159
7840299011;384160
7840319421;384161
7840339829;384162
7840360242;384163
7840380647;384164
7840401060;384165
7840421465;384166
7840441874;384167
7840462283;384168
7840482696;384169
7840503101;384170
7840523510;384171
7840543919;384172
7840564327;384173
7840584737;384174
7840605146;384175
7840625555;384176
7840645968;384177
7840666376;384178
7840686782;384179
7840707190;384180
7840727599;384181
7840748008;384182
7840768417;384183
7840788831;384184
7840809235;384185
7840829648;384186
7840850053;384187
7840870462;384188
7840890871;384189
7840911280;384190
7840931689;384191
7840952098;384192
7840972507;384193
7840992916;384194
7841013325;384195
7841033733;384196
7841054143;384197
7841074551;384198
7841094960;384199
7841115370;384200
7841135782;384201
7841156188;384202
7841176596;384203
7841197006;384204
7841217414;384205
7841237823;384206
7841258233;384207
7841278641;384208
7841299051;384209
7841319459;384210
7841339868;384211
7841360281;384212
7841380686;384213
7841401094;384214
7841421504;384215
7841441913;384216
7841462322;384217
7841482731;384218
7841503139;384219
7841523553;384220
7841543957;384221
7841564367;384222
7841584776;384223
7841605184;384224
7841625594;384225
7841646002;384226
7841666412;384227
7841686820;384228
7841707229;384229
7841727639;384230
7841748051;384231
7841768457;384232
7841788865;384233
7841809274;384234
7841829683;384235
7841850092;384236
7841870500;384237
7841890910;384238
7841911319;384239
7841931732;384240
7841952137;384241
7841972545;384242
7841992959;384243
7842013363;384244
7842033773;384245
7842054182;384246
7842074590;384247
7842095000;384248
7842115412;384249
7842135818;384250
7842156226;384251
7842176635;384252
7842197044;384253
7842217453;384254
7842237863;384255
7842258271;384256
7842278680;384257
7842299089;384258
7842319498;384259
7842339907;384260
7842360316;384261
7842380725;384262
7842401134;384263
7842421543;384264
7842441951;384265
7842462361;384266
7842482773;384267
7842503179;384268
7842523587;384269
7842543996;384270
7842564410;384271
7842584814;384272
7842605224;384273
7842625636;384274
7842646041;384275
7842666450;384276
7842686859;384277
7842707272;384278
7842727677;384279
7842748090;384280
7842768495;384281
7842788904;384282
7842809313;384283
7842829722;384284
7842850130;384285
7842870540;384286
7842890949;384287
7842911357;384288
7842931767;384289
7842952175;384290
7842972585;384291
7842992997;384292
7843013403;384293
7843033816;384294
7843054224;384295
7843074630;384296
7843095038;384297
7843115447;384298
7843135856;384299
7843156269;384300
7843176679;384301
7843197087;384302
7843217492;384303
7843237901;384304
7843258310;384305
7843278723;384306
7843299128;384307
7843319536;384308
7843339946;384309
7843360359;384310
7843380764;384311
7843401173;384312
7843421581;384313
7843441991;384314
7843462403;384315
7843482809;384316
7843503218;384317
7843523626;384318
7843544036;384319
7843564444;384320
7843584854;384321
7843605262;384322
7843625671;384323
7843646080;384324
7843666489;384325
7843686899;384326
7843707307;384327
7843727716;384328
7843748125;384329
7843768534;384330
7843788942;384331
7843809352;384332
7843829765;384333
7843850174;384334
7843870583;384335
7843890991;384336
7843911401;384337
7843931805;384338
7843952215;384339
7843972623;384340
7843993032;384341
7844013442;384342
7844033850;384343
7844054260;384344
7844074668;384345
7844095077;384346
7844115490;384347
7844135895;384348
7844156304;384349
7844176713;384350
7844197122;384351
7844217531;384352
7844237940;384353
7844258348;384354
7844278758;384355
7844299166;384356
7844319576;384357
7844339985;384358
7844360393;384359
7844380803;384360
7844401215;384361
7844421621;384362
7844442029;384363
7844462438;384364
7844482848;384365
7844503256;384366
7844523689;384367
7844544097;384368
7844564506;384369
7844584916;384370
7844605328;384371
7844625734;384372
7844646142;384373
7844666551;384374
7844686961;384375
7844707369;384376
7844727779;384377
7844748187;384378
7844768600;384379
7844789006;384380
7844809414;384381
7844829824;384382
7844850232;384383
7844870641;384384
7844891051;384385
7844911459;384386
7844931869;384387
7844952278;384388
7844972686;384389
7844993096;384390
7845013504;384391
7845033913;384392
7845054323;384393
7845074731;384394
7845095141;384395
7845115549;384396
7845135958;384397
7845156368;384398
7845176780;384399
7845197190;384400
7845217594;384401
7845238003;384402
7845258413;384403
7845278821;384404
7845299230;384405
7845319639;384406
7845340048;384407
7845360458;384408
7845380866;384409
7845401276;384410
7845421685;384411
7845442093;384412
7845462507;384413
7845482911;384414
7845503320;384415
7845523734;384416
7845544142;384417
7845564548;384418
7845584956;384419
7845605365;384420
7845625775;384421
7845646183;384422
7845666593;384423
7845687001;384424
7845707410;384425
7845727820;384426
7845748228;384427
7845768641;384428
7845789051;384429
7845809455;384430
7845829865;384431
7845850273;384432
7845870683;384433
7845891092;384434
7845911500;384435
7845931910;384436
7845952318;384437
7845972731;384438
7845993141;384439
7846013545;384440
7846033955;384441
7846054363;384442
7846074772;384443
7846095182;384444
7846115594;384445
7846136000;384446
7846156413;384447
7846176818;384448
7846197227;384449
7846217635;384450
7846238048;384451
7846258454;384452
7846278862;384453
7846299272;384454
7846319680;384455
7846340090;384456
7846360503;384457
7846380907;384458
7846401321;384459
7846421725;384460
7846442139;384461
7846462544;384462
7846482956;384463
7846503366;384464
7846523774;384465
7846544183;384466
7846564589;384467
7846584997;384468
7846605407;384469
7846625816;384470
7846646224;384471
7846666634;384472
7846687042;384473
7846707452;384474
7846727861;384475
7846748273;384476
7846768679;384477
7846789091;384478
7846809501;384479
7846829910;384480
7846850314;384481
7846870724;384482
7846891132;384483
7846911542;384484
7846931955;384485
7846952359;384486
7846972769;384487
7846993178;384488
7847013587;384489
7847033996;384490
7847054404;384491
7847074814;384492
7847095223;384493
7847115632;384494
7847136041;384495
7847156449;384496
7847176859;384497
7847197268;384498
7847217677;384499
7847238086;384500
7847258494;384501
7847278904;384502
7847299313;384503
7847319721;384504
7847340131;384505
7847360540;384506
7847380949;384507
7847401358;384508
7847421766;384509
7847442176;384510
7847462585;384511
7847482994;384512
7847503403;384513
7847523811;384514
7847544221;384515
7847564630;384516
7847585039;384517
7847605448;384518
7847625856;384519
7847646266;384520
7847666675;384521
7847687084;384522
7847707493;384523
7847727901;384524
7847748311;384525
7847768724;384526
7847789132;384527
7847809538;384528
7847829947;384529
7847850356;384530
7847870765;384531
7847891173;384532
7847911583;384533
7847931992;384534
7847952401;384535
7847972810;384536
7847993218;384537
7848013632;384538
7848034041;384539
7848054450;384540
7848074859;384541
7848095263;384542
7848115673;384543
7848136086;384544
7848156491;384545
7848176900;384546
7848197309;384547
7848217718;384548
7848238127;384549
7848258536;384550
7848278949;384551
7848299354;384552
7848319763;384553
7848340172;384554
7848360580;384555
7848380994;384556
7848401403;384557
7848421808;384558
7848442217;384559
7848462625;384560
7848483035;384561
7848503444;384562
7848523853;384563
7848544262;384564
7848564672;384565
7848585080;384566
7848605489;384567
7848625898;384568
7848646307;384569
7848666716;384570
7848687125;384571
7848707534;384572
7848727943;384573
7848748352;384574
7848768765;384575
7848789170;384576
7848809579;384577
7848829988;384578
7848850397;384579
7848870806;384580
7848891215;384581
7848911624;384582
7848932033;384583
7848952442;384584
7848972851;384585
7848993260;384586
7849013669;384587
7849034082;384588
7849054487;384589
7849074900;384590
7849095305;384591
7849115714;384592
7849136124;384593
7849156536;384594
7849176941;384595
7849197350;384596
7849217759;384597
7849238168;384598
7849258577;384599
7849278990;384600
7849299399;384601
7849319804;384602
7849340213;384603
7849360622;384604
7849381031;384605
7849401441;384606
7849421849;384607
7849442258;384608
7849462667;384609
7849483080;384610
7849503489;384611
7849523894;384612
7849544307;384613
7849564712;384614
7849585125;384615
7849605530;384616
7849625943;384617
7849646348;384618
7849666757;384619
7849687166;384620
7849707576;384621
7849727984;384622
7849748393;384623
7849768807;384624
7849789215;384625
7849809624;384626
7849830033;384627
7849850438;384628
7849870848;384629
7849891256;384630
7849911669;384631
7849932074;384632
7849952483;384633
7849972893;384634
7849993301;384635
7850013710;384636
7850034119;384637
7850054528;384638
7850074938;384639
7850095346;384640
7850115755;384641
7850136164;384642
7850156573;384643
7850176983;384644
7850197395;384645
7850217800;384646
7850238210;384647
7850258618;384648
7850279028;384649
7850299440;384650
7850319845;384651
7850340255;384652
7850360663;384653
7850381073;384654
7850401481;384655
7850421894;384656
7850442300;384657
7850462712;384658
7850483121;384659
7850503530;384660
7850523939;384661
7850544345;384662
7850564753;384663
7850585162;384664
7850605572;384665
7850625980;384666
7850646393;384667
7850666798;384668
7850687211;384669
7850707617;384670
7850728025;384671
7850748435;384672
7850768847;384673
7850789252;384674
7850809662;384675
7850830070;384676
7850850480;384677
7850870888;384678
7850891297;384679
7850911707;384680
7850932115;384681
7850952528;384682
7850972934;384683
7850993342;384684
7851013752;384685
7851034160;384686
7851054569;384687
7851074979;384688
7851095387;384689
7851115797;384690
7851136205;384691
7851156614;384692
7851177024;384693
7851197432;384694
7851217842;384695
7851238250;384696
7851258663;384697
7851279069;384698
7851299477;384699
7851319887;384700
7851340295;384701
7851360704;384702
7851381114;384703
7851401522;384704
7851421932;384705
7851442341;384706
7851462749;384707
7851483159;384708
7851503567;384709
7851523980;384710
7851544390;384711
7851564794;384712
7851585204;384713
7851605612;384714
7851626021;384715
7851646431;384716
7851666839;384717
7851687249;384718
7851707657;384719
7851728066;384720
7851748476;384721
7851768884;384722
7851789294;384723
7851809707;384724
7851830111;384725
7851850521;384726
7851870929;384727
7851891339;384728
7851911748;384729
7851932156;384730
7851952566;384731
7851972974;384732
7851993383;384733
7852013797;384734
7852034201;384735
7852054611;384736
7852075019;384737
7852095429;384738
7852115837;384739
7852136246;384740
7852156656;384741
7852177065;384742
7852197473;384743
7852217887;384744
7852238295;384745
7852258705;384746
7852279110;384747
7852299518;384748
7852319928;384749
7852340336;384750
7852360746;384751
7852381155;384752
7852401563;384753
7852421973;384754
7852442381;384755
7852462795;384756
7852483200;384757
7852503608;384758
7852524022;384759
7852544426;384760
7852564836;384761
7852585245;384762
7852605653;384763
7852626063;384764
7852646476;384765
7852666881;384766
7852687290;384767
7852707698;384768
7852728108;384769
7852748517;384770
7852768925;384771
7852789335;384772
7852809743;384773
7852830153;384774
7852850562;384775
7852870970;384776
7852891380;384777
7852911788;384778
7852932198;384779
7852952607;384780
7852973015;384781
7852993425;384782
7853013838;384783
7853034246;384784
7853054652;384785
7853075060;384786
7853095474;384787
7853115879;384788
7853136287;384789
7853156697;384790
7853177105;384791
7853197515;384792
7853217924;384793
7853238332;384794
7853258746;384795
7853279150;384796
7853299560;384797
7853319969;384798
7853340381;384799
7853360787;384800
7853381196;384801
7853401605;384802
7853422014;384803
7853442422;384804
7853462832;384805
7853483241;384806
7853503650;384807
7853524059;384808
7853544467;384809
7853564877;384810
7853585286;384811
7853605695;384812
7853626104;384813
7853646512;384814
7853666922;384815
7853687331;384816
7853707740;384817
7853728149;384818
7853748561;384819
7853768967;384820
7853789380;384821
7853809784;384822
7853830194;384823
7853850603;384824
7853871012;384825
7853891425;384826
7853911833;384827
7853932243;384828
7853952652;384829
7853973057;384830
7853993466;384831
7854013878;384832
7854034284;384833
7854054693;384834
7854075102;384835
7854095511;384836
7854115919;384837
7854136329;384838
7854156738;384839
7854177147;384840
7854197556;384841
7854217965;384842
7854238374;384843
7854258783;384844
7854279195;384845
7854299605;384846
7854320010;384847
7854340419;384848
7854360828;384849
7854381237;384850
7854401646;384851
7854422059;384852
7854442464;384853
7854462873;384854
7854483281;384855
7854503691;384856
7854524095;384857
7854544504;384858
7854564913;384859
7854585321;384860
7854605735;384861
7854626144;384862
7854646549;384863
7854666958;384864
7854687366;384865
7854707780;384866
7854728189;384867
7854748594;384868
7854769003;384869
7854789411;384870
7854809825;384871
7854830230;384872
7854850639;384873
7854871048;384874
7854891456;384875
7854911866;384876
7854932275;384877
7854952683;384878
7854973093;384879
7854993501;384880
7855013911;384881
7855034320;384882
7855054728;384883
7855075142;384884
7855095546;384885
7855115956;384886
7855136369;384887
7855156773;384888
7855177183;384889
7855197591;384890
7855218001;384891
7855238410;384892
7855258822;384893
7855279228;384894
7855299636;384895
7855320046;384896
7855340455;384897
7855360863;384898
7855381277;384899
7855401681;384900
7855422091;384901
7855442500;384902
7855462908;384903
7855483318;384904
7855503726;384905
7855524139;384906
7855544545;384907
7855564957;384908
7855585363;384909
7855605775;384910
7855626180;384911
7855646594;384912
7855666998;384913
7855687408;384914
7855707816;384915
7855728225;384916
7855748635;384917
7855769043;384918
7855789456;384919
7855809861;384920
7855830270;384921
7855850680;384922
7855871088;384923
7855891501;384924
7855911906;384925
7855932315;384926
7855952725;384927
7855973133;384928
7855993542;384929
7856013955;384930
7856034360;384931
7856054770;384932
7856075182;384933
7856095587;384934
7856115996;384935
7856136405;384936
7856156815;384937
7856177223;384938
7856197632;384939
7856218041;384940
7856238450;384941
7856258860;384942
7856279268;384943
7856299677;384944
7856320086;384945
7856340499;384946
7856360905;384947
7856381313;384948
7856401722;384949
7856422131;384950
7856442544;384951
7856462950;384952
7856483358;384953
7856503771;384954
7856524176;384955
7856544585;384956
7856564995;384957
7856585403;384958
7856605816;384959
7856626221;384960
7856646630;384961
7856667039;384962
7856687448;384963
7856707861;384964
7856728266;384965
7856748675;384966
7856769084;384967
7856789493;384968
7856809906;384969
7856830315;384970
7856850720;384971
7856871129;384972
7856891538;384973
7856911947;384974
7856932356;384975
7856952769;384976
7856973178;384977
7856993583;384978
7857013992;384979
7857034401;384980
7857054814;384981
7857075219;384982
7857095628;384983
7857116041;384984
7857136446;384985
7857156855;384986
7857177264;384987
7857197673;384988
7857218082;384989
7857238491;384990
7857258900;384991
7857279309;384992
7857299722;384993
7857320131;384994
7857340539;384995
7857360945;384996
7857381354;384997
7857401763;384998
7857422172;384999
7857442584;385000
7857462990;385001
7857483399;385002
7857503808;385003
7857524217;385004
7857544629;385005
7857565039;385006
7857585444;385007
7857605853;385008
7857626262;385009
7857646670;385010
7857667080;385011
7857687489;385012
7857707898;385013
7857728307;385014
7857748715;385015
7857769125;385016
7857789534;385017
7857809943;385018
7857830352;385019
7857850760;385020
7857871174;385021
7857891583;385022
7857911987;385023
7857932397;385024
7857952805;385025
7857973219;385026
7857993624;385027
7858014032;385028
7858034442;385029
7858054850;385030
7858075264;385031
7858095669;385032
7858116081;385033
7858136491;385034
7858156899;385035
7858177305;385036
7858197718;385037
7858218122;385038
7858238532;385039
7858258940;385040
7858279350;385041
7858299763;385042
7858320167;385043
7858340577;385044
7858360985;385045
7858381395;385046
7858401804;385047
7858422212;385048
7858442626;385049
7858463030;385050
7858483439;385051
7858503849;385052
7858524261;385053
7858544667;385054
7858565079;385055
7858585484;385056
7858605894;385057
7858626302;385058
7858646716;385059
7858667120;385060
7858687529;385061
7858707939;385062
7858728351;385063
7858748757;385064
7858769165;385065
7858789574;385066
7858809984;385067
7858830396;385068
7858850805;385069
7858871214;385070
7858891623;385071
7858912029;385072
7858932441;385073
7858952847;385074
7858973255;385075
7858993664;385076
7859014074;385077
7859034486;385078
7859054895;385079
7859075300;385080
7859095709;385081
7859116119;385082
7859136527;385083
7859156936;385084
7859177345;385085
7859197754;385086
7859218164;385087
7859238572;385088
7859258981;385089
7859279390;385090
7859299799;385091
7859320209;385092
7859340617;385093
7859361026;385094
7859381435;385095
7859401844;385096
7859422254;385097
7859442666;385098
7859463071;385099
7859483484;385100
7859503893;385101
7859524298;385102
7859544707;385103
7859565120;385104
7859585529;385105
7859605938;385106
7859626343;385107
7859646752;385108
7859667161;385109
7859687574;385110
7859707979;385111
7859728388;385112
7859748797;385113
7859769206;385114
7859789615;385115
7859810024;385116
7859830433;385117
7859850842;385118
7859871251;385119
7859891659;385120
7859912073;385121
7859932482;385122
7859952891;385123
7859973296;385124
7859993705;385125
7860014118;385126
7860034527;385127
7860054932;385128
7860075341;385129
7860095749;385130
7860116159;385131
7860136568;385132
7860156977;385133
7860177390;385134
7860197798;385135
7860218204;385136
7860238613;385137
7860259022;385138
7860279431;385139
7860299839;385140
7860320249;385141
7860340662;385142
7860361067;385143
7860381480;385144
7860401884;385145
7860422294;385146
7860442703;385147
7860463112;385148
7860483521;385149
7860503929;385150
7860524339;385151
7860544748;385152
7860565160;385153
7860585566;385154
7860605974;385155
7860626384;385156
7860646793;385157
7860667201;385158
7860687611;385159
7860708019;385160
7860728429;385161
7860748838;385162
7860769246;385163
7860789656;385164
7860810064;385165
7860830474;385166
7860850883;385167
7860871291;385168
7860891701;385169
7860912109;385170
7860932519;385171
7860952928;385172
7860973336;385173
7860993746;385174
7861014158;385175
7861034567;385176
7861054973;385177
7861075381;385178
7861095791;385179
7861116199;385180
7861136609;385181
7861157018;385182
7861177430;385183
7861197836;385184
7861218244;385185
7861238653;385186
7861259063;385187
7861279471;385188
7861299881;385189
7861320289;385190
7861340698;385191
7861361108;385192
7861381516;385193
7861401930;385194
7861422338;385195
7861442747;385196
7861463157;385197
7861483561;385198
7861503971;385199
7861524379;385200
7861544792;385201
7861565198;385202
7861585610;385203
7861606019;385204
7861626424;385205
7861646833;385206
7861667243;385207
7861687651;385208
7861708060;385209
7861728469;385210
7861748878;385211
7861769288;385212
7861789696;385213
7861810109;385214
7861830514;385215
7861850927;385216
7861871333;385217
7861891741;385218
7861912150;385219
7861932559;385220
7861952968;385221
7861973378;385222
7861993786;385223
7862014195;385224
7862034604;385225
7862055017;385226
7862075423;385227
7862095831;385228
7862116240;385229
7862136649;385230
7862157058;385231
7862177468;385232
7862197876;385233
7862218289;385234
7862238694;385235
7862259103;385236
7862279513;385237
7862299921;385238
7862320330;385239
7862340739;385240
7862361148;385241
7862381561;385242
7862401966;385243
7862422379;385244
7862442788;385245
7862463193;385246
7862483602;385247
7862504011;385248
7862524424;385249
7862544829;385250
7862565238;385251
7862585647;385252
7862606060;385253
7862626465;385254
7862646874;385255
7862667283;385256
7862687692;385257
7862708101;385258
7862728510;385259
7862748919;385260
7862769328;385261
7862789737;385262
7862810146;385263
7862830555;385264
7862850964;385265
7862871373;385266
7862891782;385267
7862912191;385268
7862932600;385269
7862953009;385270
7862973418;385271
7862993827;385272
7863014236;385273
7863034645;385274
7863055053;385275
7863075463;385276
7863095872;385277
7863116281;385278
7863136690;385279
7863157098;385280
7863177508;385281
7863197917;385282
7863218326;385283
7863238739;385284
7863259147;385285
7863279557;385286
7863299962;385287
7863320370;385288
7863340780;385289
7863361188;385290
7863381598;385291
7863402007;385292
7863422415;385293
7863442825;385294
7863463233;385295
7863483643;385296
7863504052;385297
7863524460;385298
7863544870;385299
7863565282;385300
7863585688;385301
7863606097;385302
7863626505;385303
7863646915;385304
7863667323;385305
7863687733;385306
7863708142;385307
7863728550;385308
7863748964;385309
7863769368;385310
7863789781;385311
7863810187;385312
7863830595;385313
7863851005;385314
7863871413;385315
7863891823;385316
7863912232;385317
7863932640;385318
7863953050;385319
7863973462;385320
7863993871;385321
7864014281;385322
7864034689;385323
7864055095;385324
7864075503;385325
7864095916;385326
7864116322;385327
7864136730;385328
7864157140;385329
7864177548;385330
7864197957;385331
7864218371;385332
7864238779;385333
7864259185;385334
7864279593;385335
7864300002;385336
7864320412;385337
7864340820;385338
7864361230;385339
7864381638;385340
7864402047;385341
7864422457;385342
7864442865;385343
7864463275;385344
7864483687;385345
7864504092;385346
7864523883;385347
7864544291;385348
7864564698;385349
7864585106;385350
7864605514;385351
7864625922;385352
7864646329;385353
7864666741;385354
7864687145;385355
7864707552;385356
7864727961;385357
7864748372;385358
7864768775;385359
7864789184;385360
7864809591;385361
7864829999;385362
7864850407;385363
7864870814;385364
7864891222;385365
7864911630;385366
7864932038;385367
7864952445;385368
7864972853;385369
7864993261;385370
7865013672;385371
7865034080;385372
7865054488;385373
7865074892;385374
7865095300;385375
7865115707;385376
7865136116;385377
7865156523;385378
7865176930;385379
7865197339;385380
7865217746;385381
7865238153;385382
7865258562;385383
7865278969;385384
7865299377;385385
7865319785;385386
7865340192;385387
7865360600;385388
7865381008;385389
7865401416;385390
7865421823;385391
7865442235;385392
7865462639;385393
7865483046;385394
7865503455;385395
7865523862;385396
7865544269;385397
7865564678;385398
7865585085;385399
7865605497;385400
7865625905;385401
7865646308;385402
7865666720;385403
7865687124;385404
7865707532;385405
7865727939;385406
7865748347;385407
7865768755;385408
7865789162;385409
7865809574;385410
7865829978;385411
7865850385;385412
7865870794;385413
7865891205;385414
7865911609;385415
7865932021;385416
7865952424;385417
7865972835;385418
7865993240;385419
7866013647;385420
7866034055;385421
7866054463;385422
7866074875;385423
7866095278;385424
7866115686;385425
7866136094;385426
7866156501;385427
7866176910;385428
7866197317;385429
7866217724;385430
7866238133;385431
7866258540;385432
7866278947;385433
7866299356;385434
7866319763;385435
7866340176;385436
7866360579;385437
7866380987;385438
7866401395;385439
7866421802;385440
7866442210;385441
7866462622;385442
7866483029;385443
7866503433;385444
7866523841;385445
7866544249;385446
7866564656;385447
7866585064;385448
7866605472;385449
7866625879;385450
7866646288;385451
7866666695;385452
7866687102;385453
7866707511;385454
7866727918;385455
7866748329;385456
7866768734;385457
7866789145;385458
7866809549;385459
7866829961;385460
7866850365;385461
7866870776;385462
7866891184;385463
7866911588;385464
7866931995;385465
7866952403;385466
7866972815;385467
7866993218;385468
7867013627;385469
7867034034;385470
7867054445;385471
7867074854;385472
7867095257;385473
7867115665;385474
7867136073;385475
7867156480;385476
7867176888;385477
7867197296;385478
7867217704;385479
7867238111;385480
7867258519;385481
7867278931;385482
7867299334;385483
7867319743;385484
7867340150;385485
7867360557;385486
7867380966;385487
7867401373;385488
7867421781;385489
7867442189;385490
7867462596;385491
7867483004;385492
7867503416;385493
7867523823;385494
7867544228;385495
7867564635;385496
7867585043;385497
7867605451;385498
7867625862;385499
7867646270;385500
7867666678;385501
7867687082;385502
7867707489;385503
7867727897;385504
7867748305;385505
7867768712;385506
7867789121;385507
7867809528;385508
7867829939;385509
7867850344;385510
7867870751;385511
7867891159;385512
7867911567;385513
7867931974;385514
7867952382;385515
7867972790;385516
7867993197;385517
7868013605;385518
7868034017;385519
7868054421;385520
7868074828;385521
7868095237;385522
7868115644;385523
7868136051;385524
7868156464;385525
7868176871;385526
7868197274;385527
7868217683;385528
7868238094;385529
7868258502;385530
7868278906;385531
7868299313;385532
7868319725;385533
7868340129;385534
7868360537;385535
7868380944;385536
7868401352;385537
7868421760;385538
7868442167;385539
7868462576;385540
7868482983;385541
7868503390;385542
7868523803;385543
7868544206;385544
7868564614;385545
7868585022;385546
7868605429;385547
7868625837;385548
7868646245;385549
7868666656;385550
7868687064;385551
7868707472;385552
7868727876;385553
7868748283;385554
7868768691;385555
7868789099;385556
7868809507;385557
7868829915;385558
7868850322;385559
7868870730;385560
7868891138;385561
7868911549;385562
7868931954;385563
7868952361;385564
7868972768;385565
7868993177;385566
7869013584;385567
7869033992;385568
7869054400;385569
7869074807;385570
7869095215;385571
7869115623;385572
7869136031;385573
7869156438;385574
7869176846;385575
7869197254;385576
7869217665;385577
7869238073;385578
7869258477;385579
7869278884;385580
7869299293;385581
7869319700;385582
7869340108;385583
7869360516;385584
7869380927;385585
7869401331;385586
7869421739;385587
7869442147;385588
7869462554;385589
7869482962;385590
7869503370;385591
7869523777;385592
7869544185;385593
7869564597;385594
7869585000;385595
7869605413;385596
7869625816;385597
7869646227;385598
7869666636;385599
7869687043;385600
7869707451;385601
7869727855;385602
7869748262;385603
7869768670;385604
7869789078;385605
7869809486;385606
7869829893;385607
7869850301;385608
7869870709;385609
7869891116;385610
7869911524;385611
7869931932;385612
7869952343;385613
7869972748;385614
7869993155;385615
7870013563;385616
7870033971;385617
7870054378;385618
7870074787;385619
7870095194;385620
7870115601;385621
7870136010;385622
7870156417;385623
7870176825;385624
7870197233;385625
7870217640;385626
7870238052;385627
7870258456;385628
7870278864;385629
7870299275;385630
7870319679;385631
7870340087;385632
7870360494;385633
7870380902;385634
7870401310;385635
7870421717;385636
7870442126;385637
7870462533;385638
7870482940;385639
7870503349;385640
7870523756;385641
7870544168;385642
7870564576;385643
7870584980;385644
7870605387;385645
7870625795;385646
7870646203;385647
7870666610;385648
7870687018;385649
7870707426;385650
7870727833;385651
7870748242;385652
7870768653;385653
7870789056;385654
7870809465;385655
7870829872;385656
7870850280;385657
7870870692;385658
7870891095;385659
7870911503;385660
7870931911;385661
7870952319;385662
7870972726;385663
7870993134;385664
7871013542;385665
7871033949;385666
7871054358;385667
7871074769;385668
7871095172;385669
7871115581;385670
7871135988;385671
7871156395;385672
7871176804;385673
7871197211;385674
7871217624;385675
7871238027;385676
7871258434;385677
7871278847;385678
7871299250;385679
7871319658;385680
7871340066;385681
7871360473;385682
7871380881;385683
7871401289;385684
7871421697;385685
7871442104;385686
7871462512;385687
7871482920;385688
7871503327;385689
7871523740;385690
7871544147;385691
7871564554;385692
7871584959;385693
7871605366;385694
7871625774;385695
7871646182;385696
7871666593;385697
7871687001;385698
7871707405;385699
7871727812;385700
7871748220;385701
7871768628;385702
7871789036;385703
7871809443;385704
7871829851;385705
7871850259;385706
7871870666;385707
7871891075;385708
7871911482;385709
7871931889;385710
7871952298;385711
7871972705;385712
7871993113;385713
7872013521;385714
7872033928;385715
7872054336;385716
7872074744;385717
7872095152;385718
7872115559;385719
7872135967;385720
7872156375;385721
7872176782;385722
7872197191;385723
7872217598;385724
7872238009;385725
7872258414;385726
7872278821;385727
7872299232;385728
7872319637;385729
7872340044;385730
7872360456;385731
7872380860;385732
7872401268;385733
7872421679;385734
7872442083;385735
7872462491;385736
7872482899;385737
7872503306;385738
7872523714;385739
7872544126;385740
7872564534;385741
7872584937;385742
7872605345;385743
7872625753;385744
7872646160;385745
7872666569;385746
7872686976;385747
7872707383;385748
7872727792;385749
7872748199;385750
7872768607;385751
7872789015;385752
7872809422;385753
7872829830;385754
7872850238;385755
7872870645;385756
7872891053;385757
7872911461;385758
7872931869;385759
7872952276;385760
7872972685;385761
7872993092;385762
7873013499;385763
7873033908;385764
7873054315;385765
7873074722;385766
7873095131;385767
7873115538;385768
7873135946;385769
7873156354;385770
7873176761;385771
7873197173;385772
7873217577;385773
7873237985;385774
7873258392;385775
7873278804;385776
7873299208;385777
7873319615;385778
7873340024;385779
7873360431;385780
7873380838;385781
7873401247;385782
7873421658;385783
7873442062;385784
7873462470;385785
7873482877;385786
7873503285;385787
7873523693;385788
7873544100;385789
7873564508;385790
7873584916;385791
7873605328;385792
7873625731;385793
7873646139;385794
7873666547;385795
7873686959;385796
7873707363;385797
7873727770;385798
7873748178;385799
7873768586;385800
7873788993;385801
7873809402;385802
7873829809;385803
7873850216;385804
7873870625;385805
7873891032;385806
7873911444;385807
7873931848;385808
7873952255;385809
7873972663;385810
7873993071;385811
7874013479;385812
7874033886;385813
7874054298;385814
7874074702;385815
7874095109;385816
7874115518;385817
7874135925;385818
7874156332;385819
7874176741;385820
7874197148;385821
7874217555;385822
7874237964;385823
7874258375;385824
7874278783;385825
7874299187;385826
7874319594;385827
7874340002;385828
7874360410;385829
7874380818;385830
7874401225;385831
7874421633;385832
7874442041;385833
7874462448;385834
7874482857;385835
7874503264;385836
7874523671;385837
7874545285;385838
7874565695;385839
7874586106;385840
7874606515;385841
7874626925;385842
7874647336;385843
7874667746;385844
7874688157;385845
7874708566;385846
7874728976;385847
7874749387;385848
7874769801;385849
7874790210;385850
7874810617;385851
7874831027;385852
7874851438;385853
7874871848;385854
7874892257;385855
7874912672;385856
7874933078;385857
7874953489;385858
7874973899;385859
7874994308;385860
7875014719;385861
7875035133;385862
7875055540;385863
7875075950;385864
7875096359;385865
7875116770;385866
7875137180;385867
7875157591;385868
7875178001;385869
7875198410;385870
7875218821;385871
7875239231;385872
7875259645;385873
7875280052;385874
7875300465;385875
7875320872;385876
7875341282;385877
7875361693;385878
7875382102;385879
7875402512;385880
7875422923;385881
7875443333;385882
7875463743;385883
7875484153;385884
7875504563;385885
7875524974;385886
7875545384;385887
7875565794;385888
7875586208;385889
7875606614;385890
7875627025;385891
7875647435;385892
7875667845;385893
7875688255;385894
7875708665;385895
7875729076;385896
7875749486;385897
7875769896;385898
7875790306;385899
7875810716;385900
7875831127;385901
7875851537;385902
7875871950;385903
7875892357;385904
7875912767;385905
7875933178;385906
7875953588;385907
7875973997;385908
7875994408;385909
7876014818;385910
7876035228;385911
7876055639;385912
7876076048;385913
7876096462;385914
7876116869;385915
7876137279;385916
7876157690;385917
7876178099;385918
7876198510;385919
7876218920;385920
7876239334;385921
7876259741;385922
7876280150;385923
7876300561;385924
7876320971;385925
7876341381;385926
7876361796;385927
7876382205;385928
7876402615;385929
7876423026;385930
7876443436;385931
7876463846;385932
7876484252;385933
7876504662;385934
7876525077;385935
7876545483;385936
7876565893;385937
7876586303;385938
7876606714;385939
7876627124;385940
7876647534;385941
7876667944;385942
7876688354;385943
7876708764;385944
7876729175;385945
7876749589;385946
7876769995;385947
7876790405;385948
7876810819;385949
7876831230;385950
7876851636;385951
7876872046;385952
7876892456;385953
7876912870;385954
7876933277;385955
7876953686;385956
7876974097;385957
7876994507;385958
7877014917;385959
7877035328;385960
7877055741;385961
7877076151;385962
7877096558;385963
7877116968;385964
7877137379;385965
7877157792;385966
7877178198;385967
7877198609;385968
7877219019;385969
7877239430;385970
7877259839;385971
7877280249;385972
7877300660;385973
7877321070;385974
7877341481;385975
7877361894;385976
7877382300;385977
7877402711;385978
7877423121;385979
7877443536;385980
7877463941;385981
7877484351;385982
7877504762;385983
7877525172;385984
7877545582;385985
7877565992;385986
7877586402;385987
7877606813;385988
7877627223;385989
7877647633;385990
7877668043;385991
7877688453;385992
7877708864;385993
7877729274;385994
7877749683;385995
7877770094;385996
7877790504;385997
7877810915;385998
7877831325;385999
7877851734;386000
7877872145;386001
7877892555;386002
7877912966;386003
7877933376;386004
7877953785;386005
7877974196;386006
7877994610;386007
7878015021;386008
7878035426;386009
7878055836;386010
7878076247;386011
7878096657;386012
7878117068;386013
7878137477;386014
7878157887;386015
7878178302;386016
7878198708;386017
7878219119;386018
7878239528;386019
7878259942;386020
7878280349;386021
7878300759;386022
7878321170;386023
7878341579;386024
7878361989;386025
7878382400;386026
7878402810;386027
7878423221;386028
7878443630;386029
7878464044;386030
7878484451;386031
7878504861;386032
7878525275;386033
7878545681;386034
7878566091;386035
7878586506;386036
7878606912;386037
7878627321;386038
7878647732;386039
7878668142;386040
7878688553;386041
7878708963;386042
7878729372;386043
7878749783;386044
7878770197;386045
7878790604;386046
7878811014;386047
7878831423;386048
7878851834;386049
7878872244;386050
7878892655;386051
7878913065;386052
7878933474;386053
7878953885;386054
7878974295;386055
7878994706;386056
7879015116;386057
7879035525;386058
7879055936;386059
7879076346;386060
7879096756;386061
7879117166;386062
7879137576;386063
7879157987;386064
7879178397;386065
7879198807;386066
7879219221;386067
7879239631;386068
7879260038;386069
7879280452;386070
7879300858;386071
7879321268;386072
7879341678;386073
7879362089;386074
7879382499;386075
7879402909;386076
7879423319;386077
7879443729;386078
7879464140;386079
7879484550;386080
7879504960;386081
7879525370;386082
7879545780;386083
7879566190;386084
7879586601;386085
7879607011;386086
7879627421;386087
7879647831;386088
7879668241;386089
7879688652;386090
7879709061;386091
7879729472;386092
7879749882;386093
7879770292;386094
7879790703;386095
7879811112;386096
7879831523;386097
7879851937;386098
7879872343;386099
7879892754;386100
7879913163;386101
7879933574;386102
7879953984;386103
7879974394;386104
7879994805;386105
7880015214;386106
7880035624;386107
7880056035;386108
7880076449;386109
7880096856;386110
7880117265;386111
7880137676;386112
7880158090;386113
7880178496;386114
7880198906;386115
7880219316;386116
7880239726;386117
7880260137;386118
7880280547;386119
7880300957;386120
7880321367;386121
7880341777;386122
7880362188;386123
7880382602;386124
7880403008;386125
7880423418;386126
7880443828;386127
7880464239;386128
7880484653;386129
7880505059;386130
7880525473;386131
7880545879;386132
7880566294;386133
7880586704;386134
7880607110;386135
7880627520;386136
7880647930;386137
7880668341;386138
7880688751;386139
7880709160;386140
7880729571;386141
7880749981;386142
7880770392;386143
7880790801;386144
7880811211;386145
7880831622;386146
7880852032;386147
7880872443;386148
7880892852;386149
7880913262;386150
7880933673;386151
7880954083;386152
7880974494;386153
7880994903;386154
7881015313;386155
7881035724;386156
7881056134;386157
7881076549;386158
7881096954;386159
7881117364;386160
7881137779;386161
7881158185;386162
7881178596;386163
7881199005;386164
7881219419;386165
7881239826;386166
7881260236;386167
7881280649;386168
7881301060;386169
7881321466;386170
7881341877;386171
7881362287;386172
7881382696;386173
7881403107;386174
7881423517;386175
7881443928;386176
7881464338;386177
7881484747;386178
7881505158;386179
7881525568;386180
7881545979;386181
7881566389;386182
7881586798;386183
7881607209;386184
7881627619;386185
7881648030;386186
7881668440;386187
7881688849;386188
7881709260;386189
7881729670;386190
7881750080;386191
7881770491;386192
7881790900;386193
7881811311;386194
7881831721;386195
7881852135;386196
7881872541;386197
7881892951;386198
7881913366;386199
7881933776;386200
7881954186;386201
7881974596;386202
7881995002;386203
7882015413;386204
7882035823;386205
7882056233;386206
7882076643;386207
7882097053;386208
7882117464;386209
7882137874;386210
7882158284;386211
7882178694;386212
7882199104;386213
7882219515;386214
7882239925;386215
7882260335;386216
7882280745;386217
7882301155;386218
7882321565;386219
7882341976;386220
7882362385;386221
7882382796;386222
7882403206;386223
7882423616;386224
7882444031;386225
7882464436;386226
7882484847;386227
7882505261;386228
7882525667;386229
7882546078;386230
7882566487;386231
7882586898;386232
7882607308;386233
7882627718;386234
7882648129;386235
7882668538;386236
7882688949;386237
7882709359;386238
7882729773;386239
7882750180;386240
7882770589;386241
7882791000;386242
7882811410;386243
7882831824;386244
7882852231;386245
7882872640;386246
7882893054;386247
7882913465;386248
7882933875;386249
7882954281;386250
7882974691;386251
7882995101;386252
7883015512;386253
7883035922;386254
7883056332;386255
7883076746;386256
7883097152;386257
7883117563;386258
7883137973;386259
7883158383;386260
7883178793;386261
7883199203;386262
7883219614;386263
7883240024;386264
7883260434;386265
7883280844;386266
7883301254;386267
7883321665;386268
7883342079;386269
7883362485;386270
7883382895;386271
7883403305;386272
7883423716;386273
7883444125;386274
7883464536;386275
7883484946;386276
7883505360;386277
7883525767;386278
7883546176;386279
7883566590;386280
7883587001;386281
7883607407;386282
7883627818;386283
7883648227;386284
7883668637;386285
7883689048;386286
7883709458;386287
7883729873;386288
7883750278;386289
7883770688;386290
7883791099;386291
7883811509;386292
7883831920;386293
7883852333;386294
7883872739;386295
7883893150;386296
7883913564;386297
7883933971;386298
7883954380;386299
7883974794;386300
7883995201;386301
7884015611;386302
7884036020;386303
7884056431;386304
7884076841;386305
7884097252;386306
7884117662;386307
7884138075;386308
7884158482;386309
7884178892;386310
7884199303;386311
7884219713;386312
7884240122;386313
7884260533;386314
7884280943;386315
7884301358;386316
7884321764;386317
7884342177;386318
7884362584;386319
7884382994;386320
7884403405;386321
7884423815;386322
7884444228;386323
7884464635;386324
7884485045;386325
7884505456;386326
7884525865;386327
7884545688;386328
7884566097;386329
7884586510;386330
7884606915;386331
7884627324;386332
7884647733;386333
7884668142;386334
7884688551;386335
7884708963;386336
7884729369;386337
7884749778;386338
7884770187;386339
7884790596;386340
7884811008;386341
7884831414;386342
7884851823;386343
7884872232;386344
7884892645;386345
7884913053;386346
7884933459;386347
7884953868;386348
7884974277;386349
7884994686;386350
7885015094;386351
7885035504;386352
7885055913;386353
7885076322;386354
7885096731;386355
7885117139;386356
7885137549;386357
7885157957;386358
7885178367;386359
7885198776;386360
7885219184;386361
7885239594;386362
7885260002;386363
7885280412;386364
7885300821;386365
7885321229;386366
7885341639;386367
7885362047;386368
7885382457;386369
7885402866;386370
7885423278;386371
7885443688;386372
7885464092;386373
7885484501;386374
7885504911;386375
7885525319;386376
7885545729;386377
7885566137;386378
7885586546;386379
7885606960;386380
7885627364;386381
7885647774;386382
7885668182;386383
7885688591;386384
7885709005;386385
7885729413;386386
7885749819;386387
7885770227;386388
7885790636;386389
7885811045;386390
7885831454;386391
7885851864;386392
7885872272;386393
7885892681;386394
7885913094;386395
7885933499;386396
7885953909;386397
7885974321;386398
7885994726;386399
7886015135;386400
7886035544;386401
7886055957;386402
7886076362;386403
7886096771;386404
7886117184;386405
7886137589;386406
7886157999;386407
7886178407;386408
7886198816;386409
7886219225;386410
7886239634;386411
7886260043;386412
7886280452;386413
7886300861;386414
7886321270;386415
7886341679;386416
7886362092;386417
7886382497;386418
7886402906;386419
7886423315;386420
7886443724;386421
7886464132;386422
7886484542;386423
7886504951;386424
7886525360;386425
7886545769;386426
7886566177;386427
7886586587;386428
7886607000;386429
7886627405;386430
7886647814;386431
7886668222;386432
7886688632;386433
7886709041;386434
7886729450;386435
7886749859;386436
7886770267;386437
7886790677;386438
7886811086;386439
7886831495;386440
7886851904;386441
7886872312;386442
7886892722;386443
7886913135;386444
7886933539;386445
7886953949;386446
7886974357;386447
7886994767;386448
7887015176;386449
7887035584;386450
7887055994;386451
7887076402;386452
7887096812;386453
7887117220;386454
7887137629;386455
7887158039;386456
7887178447;386457
7887198857;386458
7887219269;386459
7887239674;386460
7887260084;386461
7887280492;386462
7887300902;386463
7887321310;386464
7887341719;386465
7887362129;386466
7887382537;386467
7887402947;386468
7887423355;386469
7887443764;386470
7887464174;386471
7887484582;386472
7887504992;386473
7887525400;386474
7887545809;386475
7887566219;386476
7887586627;386477
7887607036;386478
7887627445;386479
7887647854;386480
7887668268;386481
7887688672;386482
7887709081;386483
7887729490;386484
7887749899;386485
7887770308;386486
7887790717;386487
7887811126;386488
7887831535;386489
7887851944;386490
7887872353;386491
7887892762;386492
7887913171;386493
7887933580;386494
7887953989;386495
7887974398;386496
7887994807;386497
7888015220;386498
7888035625;386499
7888056034;386500
7888076443;386501
7888096852;386502
7888117261;386503
7888137670;386504
7888158079;386505
7888178488;386506
7888198897;386507
7888219306;386508
7888239715;386509
7888260124;386510
7888280533;386511
7888300946;386512
7888321351;386513
7888341760;386514
7888362169;386515
7888382577;386516
7888402987;386517
7888423395;386518
7888443805;386519
7888464214;386520
7888484622;386521
7888505032;386522
7888525440;386523
7888545850;386524
7888566259;386525
7888586671;386526
7888607077;386527
7888627485;386528
7888647895;386529
7888668304;386530
7888688712;386531
7888709122;386532
7888729534;386533
7888749939;386534
7888770349;386535
7888790757;386536
7888811167;386537
7888831575;386538
7888851984;386539
7888872398;386540
7888892802;386541
7888913212;386542
7888933620;386543
7888954030;386544
7888974439;386545
7888994847;386546
7889015261;386547
7889035665;386548
7889056074;386549
7889076483;386550
7889096892;386551
7889117302;386552
7889137710;386553
7889158119;386554
7889178532;386555
7889198941;386556
7889219347;386557
7889239759;386558
7889260164;386559
7889280573;386560
7889300982;386561
7889321392;386562
7889341800;386563
7889362209;386564
7889382618;386565
7889403031;386566
7889423437;386567
7889443845;386568
7889464258;386569
7889484663;386570
7889505072;386571
7889525485;386572
7889545890;386573
7889566299;386574
7889586708;386575
7889607117;386576
7889627526;386577
7889647935;386578
7889668344;386579
7889688753;386580
7889709162;386581
7889729575;386582
7889749984;386583
7889770389;386584
7889790798;386585
7889811207;386586
7889831615;386587
7889852025;386588
7889872434;386589
7889892843;386590
7889913252;386591
7889933660;386592
7889954070;386593
7889974479;386594
7889994891;386595
7890015297;386596
7890035705;386597
7890056115;386598
7890076524;386599
7890096933;386600
7890117342;386601
7890137750;386602
7890158160;386603
7890178569;386604
7890198977;386605
7890219387;386606
7890239795;386607
7890260205;386608
7890280614;386609
7890301022;386610
7890321432;386611
7890341840;386612
7890362250;386613
7890382659;386614
7890403067;386615
7890423481;386616
7890443889;386617
7890464295;386618
7890484707;386619
7890505112;386620
7890525526;386621
7890545934;386622
7890566339;386623
7890586748;386624
7890607157;386625
7890627567;386626
7890647975;386627
7890668385;386628
7890688793;386629
7890709206;386630
7890729616;386631
7890750024;386632
7890770429;386633
7890790838;386634
7890811251;386635
7890831657;386636
7890852065;386637
7890872474;386638
7890892887;386639
7890913292;386640
7890933702;386641
7890954110;386642
7890974519;386643
7890994928;386644
7891015337;386645
7891035746;386646
7891056155;386647
7891076564;386648
7891096973;386649
7891117382;386650
7891137790;386651
7891158200;386652
7891178609;386653
7891199022;386654
7891219427;386655
7891239835;386656
7891260245;386657
7891280654;386658
7891301063;386659
7891321472;386660
7891341880;386661
7891362290;386662
7891382703;386663
7891403108;386664
7891423517;386665
7891443925;386666
7891464339;386667
7891484748;386668
7891505153;386669
7891525562;386670
7891545974;386671
7891566380;386672
7891586793;386673
7891607201;386674
7891627607;386675
7891648019;386676
7891668425;386677
7891688834;386678
7891709242;386679
7891729652;386680
7891750060;386681
7891770470;386682
7891790878;386683
7891811287;386684
7891831697;386685
7891852105;386686
7891872515;386687
7891892923;386688
7891913332;386689
7891933742;386690
7891954150;386691
7891974560;386692
7891994968;386693
7892015377;386694
7892035787;386695
7892056195;386696
7892076605;386697
7892097013;386698
7892117426;386699
7892137832;386700
7892158240;386701
7892178649;386702
7892199062;386703
7892219467;386704
7892239877;386705
7892260289;386706
7892280695;386707
7892301103;386708
7892321512;386709
7892341922;386710
7892362330;386711
7892382739;386712
7892403148;386713
7892423557;386714
7892443966;386715
7892464375;386716
7892484788;386717
7892505197;386718
7892525602;386719
7892546011;386720
7892566420;386721
7892586829;386722
7892607242;386723
7892627647;386724
7892648056;386725
7892668465;386726
7892688874;386727
7892709283;386728
7892729692;386729
7892750101;386730
7892770510;386731
7892790919;386732
7892811328;386733
7892831741;386734
7892852145;386735
7892872555;386736
7892892964;386737
7892913373;386738
7892933782;386739
7892954194;386740
7892974600;386741
7892995009;386742
7893015418;386743
7893035827;386744
7893056235;386745
7893076645;386746
7893097053;386747
7893117463;386748
7893137876;386749
7893158284;386750
7893178690;386751
7893199102;386752
7893219508;386753
7893239917;386754
7893260325;386755
7893280735;386756
7893301143;386757
7893321553;386758
7893341962;386759
7893362370;386760
7893382784;386761
7893403188;386762
7893423597;386763
7893444007;386764
7893464415;386765
7893484825;386766
7893505233;386767
7893525642;386768
7893546052;386769
7893566464;386770
7893586870;386771
7893607278;386772
7893627687;386773
7893648097;386774
7893668505;386775
7893688915;386776
7893709327;386777
7893729736;386778
7893750141;386779
7893770550;386780
7893790960;386781
7893811372;386782
7893831777;386783
7893852186;386784
7893872595;386785
7893893005;386786
7893913413;386787
7893933822;386788
7893954231;386789
7893974644;386790
7893995050;386791
7894015458;386792
7894035867;386793
7894056276;386794
7894076689;386795
7894097095;386796
7894117503;386797
7894137912;386798
7894158321;386799
7894178730;386800
7894199139;386801
7894219548;386802
7894239957;386803
7894260366;386804
7894280775;386805
7894301184;386806
7894321593;386807
7894342002;386808
7894362411;386809
7894382820;386810
7894403228;386811
7894423638;386812
7894444047;386813
7894464456;386814
7894484865;386815
7894505273;386816
7894525687;386817
7894546061;386818
7894566470;386819
7894586879;386820
7894607291;386821
7894627697;386822
7894648105;386823
7894668515;386824
7894688923;386825
7894709332;386826
7894729741;386827
7894750150;386828
7894770558;386829
7894790968;386830
7894811377;386831
7894831786;386832
7894852195;386833
7894872603;386834
7894893017;386835
7894913425;386836
7894933831;386837
7894954239;386838
7894974648;386839
7894995057;386840
7895015466;386841
7895035875;386842
7895056284;386843
7895076692;386844
7895097102;386845
7895117510;386846
7895137920;386847
7895158329;386848
7895178741;386849
7895199147;386850
7895219559;386851
7895239964;386852
7895260373;386853
7895280782;386854
7895301191;386855
7895321600;386856
7895342009;386857
7895362422;386858
7895382830;386859
7895403236;386860
7895423644;386861
7895444054;386862
7895464463;386863
7895484875;386864
7895505281;386865
7895525689;386866
7895546098;386867
7895566507;386868
7895586916;386869
7895607325;386870
7895627738;386871
7895648146;386872
7895668552;386873
7895688960;386874
7895709370;386875
7895729778;386876
7895750191;386877
7895770596;386878
7895791005;386879
7895811415;386880
7895831823;386881
7895852232;386882
7895872641;386883
7895893050;386884
7895913458;386885
7895933868;386886
7895954276;386887
7895974686;386888
7895995098;386889
7896015503;386890
7896035912;386891
7896056321;386892
7896076730;386893
7896097139;386894
7896117551;386895
7896137957;386896
7896158366;386897
7896178775;386898
7896199184;386899
7896219592;386900
7896240002;386901
7896260410;386902
7896280824;386903
7896301228;386904
7896321637;386905
7896342046;386906
7896362455;386907
7896382864;386908
7896403273;386909
7896423685;386910
7896444091;386911
7896464500;386912
7896484909;386913
7896505322;386914
7896525730;386915
7896546136;386916
7896566544;386917
7896586954;386918
7896607362;386919
7896627771;386920
7896648184;386921
7896668593;386922
7896688997;386923
7896709407;386924
7896729815;386925
7896750225;386926
7896770633;386927
7896791046;386928
7896811452;386929
7896831860;386930
7896852270;386931
7896872678;386932
7896893087;386933
7896913500;386934
7896933905;386935
7896954318;386936
7896974723;386937
7896995131;386938
7897015541;386939
7897035949;386940
7897056359;386941
7897076767;386942
7897097176;386943
7897117585;386944
7897137998;386945
7897158404;386946
7897178816;386947
7897199221;386948
7897219630;386949
7897240039;386950
7897260447;386951
7897280857;386952
7897301269;386953
7897321675;386954
7897342083;386955
7897362492;386956
7897382901;386957
7897403310;386958
7897423719;386959
7897444128;386960
7897464537;386961
7897484950;386962
7897505355;386963
7897525764;386964
7897546173;386965
7897566581;386966
7897586991;386967
7897607403;386968
7897627809;386969
7897648217;386970
7897668626;386971
7897689035;386972
7897709444;386973
7897729856;386974
7897750266;386975
7897770674;386976
7897791080;386977
7897811489;386978
7897831902;386979
7897852307;386980
7897872715;386981
7897893129;386982
7897913533;386983
7897933943;386984
7897954351;386985
7897974760;386986
7897995169;386987
7898015578;386988
7898035986;386989
7898056396;386990
7898076808;386991
7898097218;386992
7898117622;386993
7898138031;386994
7898158441;386995
7898178853;386996
7898199259;386997
7898219671;386998
7898240076;386999
7898260485;387000
7898280894;387001
7898301303;387002
7898321712;387003
7898342120;387004
7898362530;387005
7898382938;387006
7898403348;387007
7898423756;387008
7898444165;387009
7898464575;387010
7898484983;387011
7898505393;387012
7898525801;387013
7898546210;387014
7898566619;387015
7898587028;387016
7898607437;387017
7898627846;387018
7898648254;387019
7898668664;387020
7898689072;387021
7898709481;387022
7898729890;387023
7898750299;387024
7898770708;387025
7898791117;387026
7898811526;387027
7898831935;387028
7898852344;387029
7898872757;387030
7898893162;387031
7898913574;387032
7898933980;387033
7898954388;387034
7898974798;387035
7898995206;387036
7899015615;387037
7899036024;387038
7899056433;387039
7899076842;387040
7899097251;387041
7899117659;387042
7899138069;387043
7899158478;387044
7899178886;387045
7899199296;387046
7899219708;387047
7899240114;387048
7899260522;387049
7899280935;387050
7899301340;387051
7899321749;387052
7899342158;387053
7899362567;387054
7899382975;387055
7899403385;387056
7899423793;387057
7899444203;387058
7899464612;387059
7899485020;387060
7899505430;387061
7899525838;387062
7899546248;387063
7899566660;387064
7899587069;387065
7899607474;387066
7899627883;387067
7899648292;387068
7899668701;387069
7899689109;387070
7899709519;387071
7899729931;387072
7899750340;387073
7899770745;387074
7899791158;387075
7899811564;387076
7899831972;387077
7899852382;387078
7899872794;387079
7899893199;387080
7899913608;387081
7899934017;387082
7899954426;387083
7899974835;387084
7899995243;387085
7900015653;387086
7900036061;387087
7900056470;387088
7900076879;387089
7900097288;387090
7900117697;387091
7900138106;387092
7900158515;387093
7900178928;387094
7900199333;387095
7900219742;387096
7900240155;387097
7900260559;387098
7900280969;387099
7900301377;387100
7900321787;387101
7900342195;387102
7900362604;387103
7900383013;387104
7900403422;387105
7900423834;387106
7900444240;387107
7900464649;387108
7900485058;387109
7900505467;387110
7900525875;387111
7900546289;387112
7900566693;387113
7900587103;387114
7900607511;387115
7900627920;387116
7900648329;387117
7900668742;387118
7900689147;387119
7900709556;387120
7900729964;387121
7900750374;387122
7900770782;387123
7900791192;387124
7900811601;387125
7900832009;387126
7900852419;387127
7900872827;387128
7900893237;387129
7900913645;387130
7900934058;387131
7900954463;387132
7900974872;387133
7900995281;387134
7901015690;387135
7901036098;387136
7901056508;387137
7901076916;387138
7901097329;387139
7901117734;387140
7901138143;387141
7901158553;387142
7901178961;387143
7901199370;387144
7901219779;387145
7901240188;387146
7901260597;387147
7901281006;387148
7901301414;387149
7901321824;387150
7901342232;387151
7901362646;387152
7901383050;387153
7901403459;387154
7901423868;387155
7901444277;387156
7901464687;387157
7901485095;387158
7901505504;387159
7901525913;387160
7901546322;387161
7901566731;387162
7901587140;387163
7901607548;387164
7901627958;387165
7901648366;387166
7901668776;387167
7901689184;387168
7901709593;387169
7901730002;387170
7901750411;387171
7901770819;387172
7901791229;387173
7901811638;387174
7901832047;387175
7901852456;387176
7901872864;387177
7901893274;387178
7901913682;387179
7901934092;387180
7901954500;387181
7901974913;387182
7901995322;387183
7902015727;387184
7902036139;387185
7902056545;387186
7902076953;387187
7902097363;387188
7902117771;387189
7902138181;387190
7902158590;387191
7902178998;387192
7902199408;387193
7902219816;387194
7902240225;387195
7902260634;387196
7902281043;387197
7902301452;387198
7902321861;387199
7902342269;387200
7902362683;387201
7902383087;387202
7902403497;387203
7902423905;387204
7902444314;387205
7902464728;387206
7902485132;387207
7902505542;387208
7902525950;387209
7902546363;387210
7902566768;387211
7902587177;387212
7902607586;387213
7902627995;387214
7902648403;387215
7902668817;387216
7902689221;387217
7902709630;387218
7902730039;387219
7902750448;387220
7902770857;387221
7902791270;387222
7902811676;387223
7902832088;387224
7902852493;387225
7902872906;387226
