7829220048;383617
7829240453;383618
7829260862;383619
7829281271;383620
7829301680;383621
7829322089;383622
7829342502;383623
7829362907;383624
7829383316;383625
7829403724;383626
7829424134;383627
7829444542;383628
7829464952;383629
7829485360;383630
7829505769;383631
7829526178;383632
7829546587;383633
7829566996;383634
7829587405;383635
7829607813;383636
7829628223;383637
7829648631;383638
7829669041;383639
7829689449;383640
7829709858;383641
7829730267;383642
7829750676;383643
7829771085;383644
7829791494;383645
7829811904;383646
7829832312;383647
7829852725;383648
7829873130;383649
7829893539;383650
7829913947;383651
7829934357;383652
7829954765;383653
7829975175;383654
7829995583;383655
7830015992;383656
7830036401;383657
7830056810;383658
7830077219;383659
7830097628;383660
7830118036;383661
7830138446;383662
7830158854;383663
7830179264;383664
7830199676;383665
7830220085;383666
7830240490;383667
7830260899;383668
7830281313;383669
7830301717;383670
7830322126;383671
7830342535;383672
7830362944;383673
7830383353;383674
7830403762;383675
7830424170;383676
7830444584;383677
7830464988;383678
7830485398;383679
7830505806;383680
7830526215;383681
7830546624;383682
7830567033;383683
7830587442;383684
7830607851;383685
7830628260;383686
7830648669;383687
7830669077;383688
7830689487;383689
7830709895;383690
7830730305;383691
7830750713;383692
7830771122;383693
7830791532;383694
7830811940;383695
7830832353;383696
7830852762;383697
7830873167;383698
7830893576;383699
7830913989;383700
7830934394;383701
7830954807;383702
7830975211;383703
7830995621;383704
7831016029;383705
7831036439;383706
7831056847;383707
7831077260;383708
7831097665;383709
7831118074;383710
7831138483;383711
7831158892;383712
7831179300;383713
7831199710;383714
7831220118;383715
7831240528;383716
7831260936;383717
7831281345;383718
7831301755;383719
7831322163;383720
7831342573;383721
7831362981;383722
7831383390;383723
7831403799;383724
7831424208;383725
7831444617;383726
7831465026;383727
7831485434;383728
7831505844;383729
7831526252;383730
7831546662;383731
7831567070;383732
7831587479;383733
7831607888;383734
7831628297;383735
7831648706;383736
7831669115;383737
7831689523;383738
7831709933;383739
7831730341;383740
7831750751;383741
7831771159;383742
7831791568;383743
7831811978;383744
7831832386;383745
7831852796;383746
7831873204;383747
7831893613;383748
7831914026;383749
7831934431;383750
7831954840;383751
7831975249;383752
7831995657;383753
7832016067;383754
7832036475;383755
7832056885;383756
7832077293;383757
7832097702;383758
7832118111;383759
7832138520;383760
7832158929;383761
7832179338;383762
7832199746;383763
7832220160;383764
7832240564;383765
7832260974;383766
7832281383;383767
7832301791;383768
7832322201;383769
7832342609;383770
7832363019;383771
7832383427;383772
7832403837;383773
7832424245;383774
7832444658;383775
7832465063;383776
7832485472;383777
7832505880;383778
7832526290;383779
7832546698;383780
7832567108;383781
7832587516;383782
7832607926;383783
7832628334;383784
7832648747;383785
7832669152;383786
7832689565;383787
7832709970;383788
7832730383;383789
7832750787;383790
7832771197;383791
7832791606;383792
7832812015;383793
7832832424;383794
7832852832;383795
7832873242;383796
7832893650;383797
7832914060;383798
7832934468;383799
7832954881;383800
7832975286;383801
7832995695;383802
7833016104;383803
7833036513;383804
7833056921;383805
7833077331;383806
7833097739;383807
7833118149;383808
7833138557;383809
7833158966;383810
7833179375;383811
7833199784;383812
7833220193;383813
7833240602;383814
7833261010;383815
7833281420;383816
7833301829;383817
7833322242;383818
7833342647;383819
7833363055;383820
7833383465;383821
7833403873;383822
7833424283;383823
7833444691;383824
7833465100;383825
7833485509;383826
7833505918;383827
7833526331;383828
7833546736;383829
7833567144;383830
7833587554;383831
7833607962;383832
7833628372;383833
7833648780;383834
7833669189;383835
7833689598;383836
7833710007;383837
7833730416;383838
7833750825;383839
7833771233;383840
7833791647;383841
7833812052;383842
7833832461;383843
7833852874;383844
7833873278;383845
7833893688;383846
7833914096;383847
7833934506;383848
7833954914;383849
7833975324;383850
7833995732;383851
7834016141;383852
7834036550;383853
7834056959;383854
7834077368;383855
7834097777;383856
7834118185;383857
7834138595;383858
7834159003;383859
7834179413;383860
7834199825;383861
7834220234;383862
7834240639;383863
7834261048;383864
7834281458;383865
7834301866;383866
7834322275;383867
7834342684;383868
7834363093;383869
7834383502;383870
7834403911;383871
7834424319;383872
7834444733;383873
7834465137;383874
7834485547;383875
7834505955;383876
7834526385;383877
7834546794;383878
7834567203;383879
7834587612;383880
7834608021;383881
7834628430;383882
7834648839;383883
7834669248;383884
7834689657;383885
7834710066;383886
7834730474;383887
7834750884;383888
7834771293;383889
7834791702;383890
7834812111;383891
7834832519;383892
7834852929;383893
7834873337;383894
7834893747;383895
7834914159;383896
7834934564;383897
7834954974;383898
7834975382;383899
7834995792;383900
7835016200;383901
7835036609;383902
7835057018;383903
7835077427;383904
7835097837;383905
7835118245;383906
7835138654;383907
7835159063;383908
7835179472;383909
7835199885;383910
7835220290;383911
7835240698;383912
7835261108;383913
7835281517;383914
7835301926;383915
7835322335;383916
7835342747;383917
7835363153;383918
7835383561;383919
7835403971;383920
7835424380;383921
7835444789;383922
7835465198;383923
7835485606;383924
7835506016;383925
7835526424;383926
7835546833;383927
7835567242;383928
7835587651;383929
7835608061;383930
7835628469;383931
7835648882;383932
7835669287;383933
7835689696;383934
7835710105;383935
7835730514;383936
7835750923;383937
7835771332;383938
7835791741;383939
7835812154;383940
7835832559;383941
7835852967;383942
7835873377;383943
7835893786;383944
7835914195;383945
7835934604;383946
7835955012;383947
7835975422;383948
7835995830;383949
7836016240;383950
7836036648;383951
7836057057;383952
7836077467;383953
7836097875;383954
7836118285;383955
7836138693;383956
7836159103;383957
7836179515;383958
7836199924;383959
7836220330;383960
7836240738;383961
7836261148;383962
7836281556;383963
7836301965;383964
7836322374;383965
7836342783;383966
7836363192;383967
7836383601;383968
7836404014;383969
7836424419;383970
7836444828;383971
7836465240;383972
7836485646;383973
7836506054;383974
7836526464;383975
7836546873;383976
7836567282;383977
7836587691;383978
7836608099;383979
7836628509;383980
7836648917;383981
7836669327;383982
7836689735;383983
7836710144;383984
7836730554;383985
7836750962;383986
7836771372;383987
7836791780;383988
7836812189;383989
7836832598;383990
7836853007;383991
7836873417;383992
7836893825;383993
7836914234;383994
7836934643;383995
7836955052;383996
7836975461;383997
7836995870;383998
7837016278;383999
7837036688;384000
7837057097;384001
7837077506;384002
7837097919;384003
7837118323;384004
7837138733;384005
7837159141;384006
7837179551;384007
7837199960;384008
7837220368;384009
7837240778;384010
7837261186;384011
7837281596;384012
7837302004;384013
7837322413;384014
7837342822;384015
7837363231;384016
7837383641;384017
7837404049;384018
7837424458;384019
7837444867;384020
7837465276;384021
7837485685;384022
7837506094;384023
7837526503;384024
7837546916;384025
7837567321;384026
7837587730;384027
7837608139;384028
7837628548;384029
7837648957;384030
7837669370;384031
7837689775;384032
7837710184;384033
7837730596;384034
7837751002;384035
7837771410;384036
7837791820;384037
7837812228;384038
7837832641;384039
7837853047;384040
7837873455;384041
7837893865;384042
7837914273;384043
7837934682;384044
7837955091;384045
7837975500;384046
7837995910;384047
7838016318;384048
7838036727;384049
7838057136;384050
7838077545;384051
7838097954;384052
7838118363;384053
7838138771;384054
7838159181;384055
7838179594;384056
7838199999;384057
7838220412;384058
7838240816;384059
7838261226;384060
7838281634;384061
7838302044;384062
7838322453;384063
7838342862;384064
7838363271;384065
7838383679;384066
7838404089;384067
7838424497;384068
7838444907;384069
7838465315;384070
7838485724;384071
7838506134;384072
7838526542;384073
7838546952;384074
7838567360;384075
7838587769;384076
7838608178;384077
7838628587;384078
7838648997;384079
7838669405;384080
7838689814;384081
7838710223;384082
7838730632;384083
7838751041;384084
7838771450;384085
7838791858;384086
7838812268;384087
7838832677;384088
7838853086;384089
7838873495;384090
7838893903;384091
7838914313;384092
7838934721;384093
7838955131;384094
7838975540;384095
7838995948;384096
7839016358;384097
7839036766;384098
7839057176;384099
7839077584;384100
7839097993;384101
7839118402;384102
7839138811;384103
7839159221;384104
7839179629;384105
7839200038;384106
7839220447;384107
7839240856;384108
7839261265;384109
7839281674;384110
7839302083;384111
7839322492;384112
7839342901;384113
7839363310;384114
7839383719;384115
7839404127;384116
7839424537;384117
7839444946;384118
7839465355;384119
7839485764;384120
7839506172;384121
7839526582;384122
7839546990;384123
7839567400;384124
7839587808;384125
7839608218;384126
7839628627;384127
7839649035;384128
7839669445;384129
7839689853;384130
7839710266;384131
7839730671;384132
7839751080;384133
7839771490;384134
7839791898;384135
7839812308;384136
7839832716;384137
7839853129;384138
7839873534;384139
7839893943;384140
7839914351;384141
7839934761;384142
7839955170;384143
7839975579;384144
7839995992;384145
7840016397;384146
7840036806;384147
7840057214;384148
7840077623;384149
7840098033;384150
7840118445;384151
7840138851;384152
7840159259;384153
7840179669;384154
7840200077;384155
7840220490;384156
7840240895;384157
7840261304;384158
7840281714;384159
7840302122;384160
7840322532;384161
7840342940;384162
7840363349;384163
7840383758;384164
7840404167;384165
7840424577;384166
7840444985;384167
7840465394;384168
7840485803;384169
7840506212;384170
7840526621;384171
7840547030;384172
7840567438;384173
7840587848;384174
7840608257;384175
7840628666;384176
7840649075;384177
7840669483;384178
7840689897;384179
7840710305;384180
7840730714;384181
7840751120;384182
7840771528;384183
7840791938;384184
7840812346;384185
7840832756;384186
7840853164;384187
7840873573;384188
7840893983;384189
7840914395;384190
7840934801;384191
7840955209;384192
7840975622;384193
7840996027;384194
7841016436;384195
7841036845;384196
7841057254;384197
7841077663;384198
7841098072;384199
7841118481;384200
7841138890;384201
7841159299;384202
7841179707;384203
7841200117;384204
7841220526;384205
7841240935;384206
7841261344;384207
7841281752;384208
7841302162;384209
7841322574;384210
7841342980;384211
7841363388;384212
7841383797;384213
7841404207;384214
7841424615;384215
7841445025;384216
7841465437;384217
7841485842;384218
7841506251;384219
7841526660;384220
7841547074;384221
7841567478;384222
7841587887;384223
7841608296;384224
7841628705;384225
7841649114;384226
7841669523;384227
7841689931;384228
7841710341;384229
7841730750;384230
7841751159;384231
7841771568;384232
7841791976;384233
7841812386;384234
7841832794;384235
7841853204;384236
7841873613;384237
7841894022;384238
7841914431;384239
7841934839;384240
7841955249;384241
7841975657;384242
7841996067;384243
7842016475;384244
7842036884;384245
7842057294;384246
7842077702;384247
7842098112;384248
7842118520;384249
7842138929;384250
7842159338;384251
7842179747;384252
7842200157;384253
7842220565;384254
7842240974;384255
7842261383;384256
7842281792;384257
7842302204;384258
7842322610;384259
7842343018;384260
7842363428;384261
7842383837;384262
7842404246;384263
7842424655;384264
7842445063;384265
7842465473;384266
7842485881;384267
7842506291;384268
7842526700;384269
7842547108;384270
7842567518;384271
7842587926;384272
7842608336;384273
7842628748;384274
7842649153;384275
7842669563;384276
7842689975;384277
7842710381;384278
7842730789;384279
7842751198;384280
7842771607;384281
7842792016;384282
7842812425;384283
7842832834;384284
7842853243;384285
7842873652;384286
7842894061;384287
7842914470;384288
7842934879;384289
7842955287;384290
7842975697;384291
7842996110;384292
7843016518;384293
7843036928;384294
7843057332;384295
7843077742;384296
7843098150;384297
7843118560;384298
7843138968;384299
7843159377;384300
7843179787;384301
7843200195;384302
7843220609;384303
7843241013;384304
7843261422;384305
7843281831;384306
7843302240;384307
7843322650;384308
7843343062;384309
7843363467;384310
7843383876;384311
7843404285;384312
7843424694;384313
7843445103;384314
7843465511;384315
7843485921;384316
7843506330;384317
7843526739;384318
7843547148;384319
7843567556;384320
7843587966;384321
7843608374;384322
7843628784;384323
7843649193;384324
7843669601;384325
7843690011;384326
7843710419;384327
7843730829;384328
7843751237;384329
7843771646;384330
7843792055;384331
7843812464;384332
7843832874;384333
7843853282;384334
7843873691;384335
7843894100;384336
7843914513;384337
7843934918;384338
7843955327;384339
7843975737;384340
7843996145;384341
7844016554;384342
7844036963;384343
7844057372;384344
7844077781;384345
7844098190;384346
7844118598;384347
7844139008;384348
7844159417;384349
7844179826;384350
7844200235;384351
7844220643;384352
7844241053;384353
7844261461;384354
7844281871;384355
7844302280;384356
7844322688;384357
7844343098;384358
7844363506;384359
7844383916;384360
7844404324;384361
7844424737;384362
7844445143;384363
7844465551;384364
7844485961;384365
7844506369;384366
7844526801;384367
7844547210;384368
7844567619;384369
7844588029;384370
7844608437;384371
7844628846;384372
7844649255;384373
7844669664;384374
7844690074;384375
7844710482;384376
7844730891;384377
7844751300;384378
7844771709;384379
7844792119;384380
7844812527;384381
7844832936;384382
7844853346;384383
7844873754;384384
7844894164;384385
7844914572;384386
7844934985;384387
7844955391;384388
7844975799;384389
7844996209;384390
7845016617;384391
7845037030;384392
7845057436;384393
7845077844;384394
7845098258;384395
7845118662;384396
7845139071;384397
7845159481;384398
7845179889;384399
7845200299;384400
7845220708;384401
7845241116;384402
7845261526;384403
7845281934;384404
7845302344;384405
7845322753;384406
7845343161;384407
7845363571;384408
7845383979;384409
7845404389;384410
7845424798;384411
7845445206;384412
7845465616;384413
7845486024;384414
7845506434;384415
7845526843;384416
7845547251;384417
7845567661;384418
7845588070;384419
7845608479;384420
7845628888;384421
7845649296;384422
7845669706;384423
7845690115;384424
7845710528;384425
7845730937;384426
7845751341;384427
7845771751;384428
7845792160;384429
7845812569;384430
7845832978;384431
7845853386;384432
7845873796;384433
7845894205;384434
7845914614;384435
7845935027;384436
7845955431;384437
7845975841;384438
7845996250;384439
7846016659;384440
7846037068;384441
7846057478;384442
7846077886;384443
7846098295;384444
7846118708;384445
7846139113;384446
7846159523;384447
7846179931;384448
7846200340;384449
7846220749;384450
7846241158;384451
7846261568;384452
7846281976;384453
7846302385;384454
7846322798;384455
7846343203;384456
7846363613;384457
7846384021;384458
7846404430;384459
7846424840;384460
7846445248;384461
7846465658;384462
7846486066;384463
7846506479;384464
7846526885;384465
7846547293;384466
7846567702;384467
7846588111;384468
7846608520;384469
7846628930;384470
7846649338;384471
7846669748;384472
7846690160;384473
7846710565;384474
7846730975;384475
7846751383;384476
7846771793;384477
7846792202;384478
7846812614;384479
7846833020;384480
7846853432;384481
7846873838;384482
7846894247;384483
7846914655;384484
7846935069;384485
7846955473;384486
7846975883;384487
7846996292;384488
7847016704;384489
7847037110;384490
7847057518;384491
7847077928;384492
7847098337;384493
7847118745;384494
7847139155;384495
7847159563;384496
7847179973;384497
7847200382;384498
7847220790;384499
7847241200;384500
7847261609;384501
7847282018;384502
7847302427;384503
7847322835;384504
7847343249;384505
7847363654;384506
7847384063;384507
7847404472;384508
7847424884;384509
7847445290;384510
7847465699;384511
7847486108;384512
7847506517;384513
7847526925;384514
7847547335;384515
7847567744;384516
7847588153;384517
7847608562;384518
7847628971;384519
7847649380;384520
7847669789;384521
7847690198;384522
7847710607;384523
7847731016;384524
7847751425;384525
7847771834;384526
7847792243;384527
7847812652;384528
7847833061;384529
7847853470;384530
7847873879;384531
7847894288;384532
7847914697;384533
7847935106;384534
7847955515;384535
7847975924;384536
7847996334;384537
7848016742;384538
7848037151;384539
7848057560;384540
7848077969;384541
7848098379;384542
7848118787;384543
7848139196;384544
7848159609;384545
7848180014;384546
7848200424;384547
7848220832;384548
7848241241;384549
7848261650;384550
7848282059;384551
7848302469;384552
7848322877;384553
7848343287;384554
7848363696;384555
7848384104;384556
7848404514;384557
7848424922;384558
7848445332;384559
7848465741;384560
7848486149;384561
7848506559;384562
7848526967;384563
7848547377;384564
7848567785;384565
7848588194;384566
7848608604;384567
7848629016;384568
7848649422;384569
7848669831;384570
7848690239;384571
7848710649;384572
7848731061;384573
7848751467;384574
7848771876;384575
7848792284;384576
7848812694;384577
7848833103;384578
7848853512;384579
7848873921;384580
7848894329;384581
7848914739;384582
7848935152;384583
7848955557;384584
7848975966;384585
7848996374;384586
7849016784;384587
7849037193;384588
7849057605;384589
7849078011;384590
7849098419;384591
7849118829;384592
7849139238;384593
7849159647;384594
7849180060;384595
7849200465;384596
7849220874;384597
7849241283;384598
7849261692;384599
7849282101;384600
7849302510;384601
7849322919;384602
7849343328;384603
7849363737;384604
7849384146;384605
7849404555;384606
7849424964;384607
7849445373;384608
7849465786;384609
7849486191;384610
7849506600;384611
7849527009;384612
7849547418;384613
7849567828;384614
7849588236;384615
7849608645;384616
7849629054;384617
7849649463;384618
7849669873;384619
7849690281;384620
7849710690;384621
7849731099;384622
7849751508;384623
7849771918;384624
7849792330;384625
7849812736;384626
7849833144;384627
7849853553;384628
7849873967;384629
7849894371;384630
7849914780;384631
7849935189;384632
7849955598;384633
7849976008;384634
7849996416;384635
7850016825;384636
7850037235;384637
7850057643;384638
7850078053;384639
7850098461;384640
7850118871;384641
7850139280;384642
7850159688;384643
7850180098;384644
7850200506;384645
7850220916;384646
7850241325;384647
7850261733;384648
7850282147;384649
7850302551;384650
7850322960;384651
7850343370;384652
7850363778;384653
7850384188;384654
7850404597;384655
7850425006;384656
7850445415;384657
7850465823;384658
7850486233;384659
7850506642;384660
7850527051;384661
7850547460;384662
7850567868;384663
7850588278;384664
7850608687;384665
7850629096;384666
7850649505;384667
7850669913;384668
7850690323;384669
7850710736;384670
7850731141;384671
7850751550;384672
7850771959;384673
7850792368;384674
7850812777;384675
7850833186;384676
7850853595;384677
7850874004;384678
7850894413;384679
7850914822;384680
7850935231;384681
7850955644;384682
7850976049;384683
7850996458;384684
7851016867;384685
7851037276;384686
7851057685;384687
7851078094;384688
7851098503;384689
7851118912;384690
7851139321;384691
7851159730;384692
7851180139;384693
7851200548;384694
7851220957;384695
7851241367;384696
7851261775;384697
7851282184;384698
7851302593;384699
7851323002;384700
7851343412;384701
7851363820;384702
7851384229;384703
7851404642;384704
7851425047;384705
7851445457;384706
7851465865;384707
7851486274;384708
7851506683;384709
7851527092;384710
7851547502;384711
7851567910;384712
7851588319;384713
7851608729;384714
7851629137;384715
7851649547;384716
7851669955;384717
7851690364;384718
7851710774;384719
7851731182;384720
7851751592;384721
7851772000;384722
7851792409;384723
7851812819;384724
7851833227;384725
7851853637;384726
7851874045;384727
7851894454;384728
7851914864;384729
7851935272;384730
7851955682;384731
7851976091;384732
7851996499;384733
7852016909;384734
7852037317;384735
7852057727;384736
7852078136;384737
7852098544;384738
7852118954;384739
7852139362;384740
7852159771;384741
7852180181;384742
7852200590;384743
7852220999;384744
7852241407;384745
7852261821;384746
7852282226;384747
7852302634;384748
7852323044;384749
7852343452;384750
7852363862;384751
7852384271;384752
7852404679;384753
7852425089;384754
7852445498;384755
7852465907;384756
7852486316;384757
7852506725;384758
7852527134;384759
7852547543;384760
7852567952;384761
7852588361;384762
7852608770;384763
7852629179;384764
7852649588;384765
7852669997;384766
7852690406;384767
7852710814;384768
7852731228;384769
7852751633;384770
7852772042;384771
7852792451;384772
7852812861;384773
7852833269;384774
7852853678;384775
7852874087;384776
7852894496;384777
7852914905;384778
7852935314;384779
7852955723;384780
7852976132;384781
7852996541;384782
7853016951;384783
7853037359;384784
7853057768;384785
7853078177;384786
7853098586;384787
7853118995;384788
7853139404;384789
7853159813;384790
7853180223;384791
7853200631;384792
7853221041;384793
7853241449;384794
7853261858;384795
7853282268;384796
7853302676;384797
7853323086;384798
7853343494;384799
7853363903;384800
7853384313;384801
7853404721;384802
7853425131;384803
7853445539;384804
7853465952;384805
7853486358;384806
7853506766;384807
7853527179;384808
7853547584;384809
7853567993;384810
7853588403;384811
7853608811;384812
7853629221;384813
7853649630;384814
7853670042;384815
7853690448;384816
7853710856;384817
7853731266;384818
7853751675;384819
7853772083;384820
7853792492;384821
7853812901;384822
7853833311;384823
7853853720;384824
7853874128;384825
7853894538;384826
7853914946;384827
7853935356;384828
7853955765;384829
7853976173;384830
7853996583;384831
7854016992;384832
7854037401;384833
7854057810;384834
7854078218;384835
7854098632;384836
7854119037;384837
7854139446;384838
7854159855;384839
7854180267;384840
7854200673;384841
7854221086;384842
7854241491;384843
7854261900;384844
7854282308;384845
7854302718;384846
7854323127;384847
7854343536;384848
7854363945;384849
7854384354;384850
7854404763;384851
7854425172;384852
7854445581;384853
7854465994;384854
7854486399;384855
7854506808;384856
7854527212;384857
7854547625;384858
7854568030;384859
7854588439;384860
7854608848;384861
7854629257;384862
7854649666;384863
7854670075;384864
7854690484;384865
7854710897;384866
7854731302;384867
7854751711;384868
7854772120;384869
7854792529;384870
7854812938;384871
7854833347;384872
7854853760;384873
7854874165;384874
7854894574;384875
7854914983;384876
7854935392;384877
7854955801;384878
7854976210;384879
7854996620;384880
7855017028;384881
7855037437;384882
7855057846;384883
7855078255;384884
7855098664;384885
7855119073;384886
7855139482;384887
7855159891;384888
7855180300;384889
7855200709;384890
7855221122;384891
7855241527;384892
7855261936;384893
7855282345;384894
7855302755;384895
7855323163;384896
7855343572;384897
7855363981;384898
7855384390;384899
7855404799;384900
7855425208;384901
7855445617;384902
7855466026;384903
7855486435;384904
7855506845;384905
7855527253;384906
7855547662;384907
7855568071;384908
7855588480;384909
7855608889;384910
7855629298;384911
7855649707;384912
7855670116;384913
7855690525;384914
7855710935;384915
7855731343;384916
7855751752;384917
7855772161;384918
7855792570;384919
7855812979;384920
7855833388;384921
7855853797;384922
7855874206;384923
7855894615;384924
7855915025;384925
7855935433;384926
7855955842;384927
7855976251;384928
7855996660;384929
7856017070;384930
7856037478;384931
7856057887;384932
7856078296;384933
7856098705;384934
7856119115;384935
7856139523;384936
7856159932;384937
7856180341;384938
7856200750;384939
7856221160;384940
7856241572;384941
7856261977;384942
7856282386;384943
7856302795;384944
7856323205;384945
7856343613;384946
7856364022;384947
7856384431;384948
7856404840;384949
7856425250;384950
7856445658;384951
7856466067;384952
7856486476;384953
7856506889;384954
7856527295;384955
7856547703;384956
7856568112;384957
7856588521;384958
7856608930;384959
7856629340;384960
7856649748;384961
7856670157;384962
7856690566;384963
7856710975;384964
7856731385;384965
7856751793;384966
7856772202;384967
7856792611;384968
7856813020;384969
7856833430;384970
7856853838;384971
7856874247;384972
7856894656;384973
7856915065;384974
7856935475;384975
7856955883;384976
7856976296;384977
7856996701;384978
7857017110;384979
7857037520;384980
7857057928;384981
7857078337;384982
7857098746;384983
7857119155;384984
7857139565;384985
7857159973;384986
7857180382;384987
7857200791;384988
7857221200;384989
7857241610;384990
7857262018;384991
7857282427;384992
7857302836;384993
7857323245;384994
7857343655;384995
7857364063;384996
7857384472;384997
7857404881;384998
7857425290;384999
7857445700;385000
7857466108;385001
7857486518;385002
7857506926;385003
7857527335;385004
7857547745;385005
7857568153;385006
7857588562;385007
7857608971;385008
7857629380;385009
7857649790;385010
7857670198;385011
7857690608;385012
7857711016;385013
7857731425;385014
7857751835;385015
7857772243;385016
7857792652;385017
7857813061;385018
7857833470;385019
7857853880;385020
7857874288;385021
7857894698;385022
7857915106;385023
7857935515;385024
7857955925;385025
7857976333;385026
7857996743;385027
7858017155;385028
7858037560;385029
7858057970;385030
7858078378;385031
7858098788;385032
7858119196;385033
7858139605;385034
7858160015;385035
7858180423;385036
7858200833;385037
7858221241;385038
7858241650;385039
7858262060;385040
7858282468;385041
7858302878;385042
7858323286;385043
7858343695;385044
7858364105;385045
7858384513;385046
7858404923;385047
7858425331;385048
7858445740;385049
7858466150;385050
7858486558;385051
7858506968;385052
7858527376;385053
7858547785;385054
7858568199;385055
7858588603;385056
7858609013;385057
7858629421;385058
7858649830;385059
7858670240;385060
7858690648;385061
7858711058;385062
7858731466;385063
7858751875;385064
7858772285;385065
7858792693;385066
7858813103;385067
7858833511;385068
7858853924;385069
7858874330;385070
7858894738;385071
7858915148;385072
7858935556;385073
7858955965;385074
7858976379;385075
7858996783;385076
7859017193;385077
7859037601;385078
7859058010;385079
7859078420;385080
7859098828;385081
7859119238;385082
7859139646;385083
7859160055;385084
7859180465;385085
7859200877;385086
7859221283;385087
7859241691;385088
7859262100;385089
7859282510;385090
7859302918;385091
7859323328;385092
7859343736;385093
7859364145;385094
7859384555;385095
7859404963;385096
7859425373;385097
7859445781;385098
7859466190;385099
7859486600;385100
7859507008;385101
7859527418;385102
7859547826;385103
7859568235;385104
7859588645;385105
7859609053;385106
7859629463;385107
7859649871;385108
7859670281;385109
7859690690;385110
7859711098;385111
7859731508;385112
7859751916;385113
7859772325;385114
7859792735;385115
7859813143;385116
7859833553;385117
7859853961;385118
7859874370;385119
7859894780;385120
7859915188;385121
7859935598;385122
7859956006;385123
7859976415;385124
7859996825;385125
7860017233;385126
7860037643;385127
7860058051;385128
7860078460;385129
7860098870;385130
7860119278;385131
7860139688;385132
7860160096;385133
7860180505;385134
7860200915;385135
7860221323;385136
7860241733;385137
7860262141;385138
7860282550;385139
7860302960;385140
7860323368;385141
7860343778;385142
7860364186;385143
7860384599;385144
7860405005;385145
7860425413;385146
7860445823;385147
7860466231;385148
7860486641;385149
7860507050;385150
7860527458;385151
7860547872;385152
7860568276;385153
7860588686;385154
7860609095;385155
7860629507;385156
7860649913;385157
7860670321;385158
7860690731;385159
7860711140;385160
7860731548;385161
7860751958;385162
7860772366;385163
7860792775;385164
7860813185;385165
7860833593;385166
7860854003;385167
7860874411;385168
7860894821;385169
7860915230;385170
7860935642;385171
7860956048;385172
7860976456;385173
7860996866;385174
7861017275;385175
7861037687;385176
7861058093;385177
7861078501;385178
7861098911;385179
7861119324;385180
7861139728;385181
7861160138;385182
7861180546;385183
7861200956;385184
7861221365;385185
7861241773;385186
7861262183;385187
7861282591;385188
7861303004;385189
7861323410;385190
7861343818;385191
7861364228;385192
7861384636;385193
7861405046;385194
7861425455;385195
7861445863;385196
7861466273;385197
7861486681;385198
7861507091;385199
7861527500;385200
7861547908;385201
7861568318;385202
7861588726;385203
7861609136;385204
7861629545;385205
7861649953;385206
7861670363;385207
7861690771;385208
7861711181;385209
7861731590;385210
7861751998;385211
7861772408;385212
7861792816;385213
7861813226;385214
7861833635;385215
7861854043;385216
7861874453;385217
7861894861;385218
7861915271;385219
7861935680;385220
7861956088;385221
7861976498;385222
7861996906;385223
7862017316;385224
7862037729;385225
7862058133;385226
7862078543;385227
7862098951;385228
7862119361;385229
7862139770;385230
7862160178;385231
7862180588;385232
7862201000;385233
7862221406;385234
7862241815;385235
7862262223;385236
7862282633;385237
7862303041;385238
7862323451;385239
7862343860;385240
7862364268;385241
7862384678;385242
7862405086;385243
7862425496;385244
7862445905;385245
7862466313;385246
7862486723;385247
7862507131;385248
7862527541;385249
7862547950;385250
7862568358;385251
7862588768;385252
7862609176;385253
7862629586;385254
7862649995;385255
7862670403;385256
7862690813;385257
7862711221;385258
7862731631;385259
7862752040;385260
7862772448;385261
7862792858;385262
7862813266;385263
7862833676;385264
7862854085;385265
7862874493;385266
7862894903;385267
7862915311;385268
7862935721;385269
7862956130;385270
7862976538;385271
7862996948;385272
7863017356;385273
7863037766;385274
7863058175;385275
7863078583;385276
7863098993;385277
7863119401;385278
7863139811;385279
7863160220;385280
7863180628;385281
7863201038;385282
7863221446;385283
7863241856;385284
7863262265;385285
7863282673;385286
7863303083;385287
7863323491;385288
7863343901;385289
7863364310;385290
7863384719;385291
7863405128;385292
7863425536;385293
7863445946;385294
7863466355;385295
7863486763;385296
7863507173;385297
7863527581;385298
7863547991;385299
7863568404;385300
7863588808;385301
7863609218;385302
7863629626;385303
7863650036;385304
7863670445;385305
7863690854;385306
7863711267;385307
7863731671;385308
7863752081;385309
7863772490;385310
7863792899;385311
7863813308;385312
7863833716;385313
7863854126;385314
7863874535;385315
7863894943;385316
7863915353;385317
7863935761;385318
7863956171;385319
7863976580;385320
7863996988;385321
7864017398;385322
7864037806;385323
7864058216;385324
7864078625;385325
7864099034;385326
7864119443;385327
7864139851;385328
7864160261;385329
7864180670;385330
7864201079;385331
7864221488;385332
7864241896;385333
7864262306;385334
7864282715;385335
7864303124;385336
7864323533;385337
7864343945;385338
7864364351;385339
7864384760;385340
7864405169;385341
7864425582;385342
7864445986;385343
7864466396;385344
7864486805;385345
7864507214;385346
7864527004;385347
7864547412;385348
7864567820;385349
7864588227;385350
7864608636;385351
7864629043;385352
7864649450;385353
7864669859;385354
7864690270;385355
7864710674;385356
7864731082;385357
7864751489;385358
7864771897;385359
7864792305;385360
7864812713;385361
7864833120;385362
7864853528;385363
7864873936;385364
7864894343;385365
7864914752;385366
7864935159;385367
7864955566;385368
7864975975;385369
7864996382;385370
7865016790;385371
7865037198;385372
7865057605;385373
7865078013;385374
7865098421;385375
7865118829;385376
7865139236;385377
7865159644;385378
7865180052;385379
7865200459;385380
7865220872;385381
7865241275;385382
7865261686;385383
7865282091;385384
7865302498;385385
7865322906;385386
7865343314;385387
7865363722;385388
7865384129;385389
7865404537;385390
7865424945;385391
7865445352;385392
7865465760;385393
7865486168;385394
7865506576;385395
7865526984;385396
7865547391;385397
7865567799;385398
7865588207;385399
7865608614;385400
7865629023;385401
7865649430;385402
7865669838;385403
7865690246;385404
7865710653;385405
7865731061;385406
7865751469;385407
7865771877;385408
7865792284;385409
7865812692;385410
7865833100;385411
7865853507;385412
7865873916;385413
7865894323;385414
7865914730;385415
7865935139;385416
7865955546;385417
7865975953;385418
7865996362;385419
7866016769;385420
7866037177;385421
7866057585;385422
7866077992;385423
7866098400;385424
7866118812;385425
7866139216;385426
7866159623;385427
7866180035;385428
7866200439;385429
7866220846;385430
7866241255;385431
7866261662;385432
7866282070;385433
7866302478;385434
7866322885;385435
7866343293;385436
7866363701;385437
7866384109;385438
7866404516;385439
7866424924;385440
7866445336;385441
7866465739;385442
7866486148;385443
7866506555;385444
7866526962;385445
7866547371;385446
7866567778;385447
7866588186;385448
7866608594;385449
7866629005;385450
7866649409;385451
7866669817;385452
7866690228;385453
7866710633;385454
7866731044;385455
7866751448;385456
7866771856;385457
7866792264;385458
7866812671;385459
7866833079;385460
7866853487;385461
7866873894;385462
7866894307;385463
7866914710;385464
7866935117;385465
7866955526;385466
7866975933;385467
7866996341;385468
7867016749;385469
7867037156;385470
7867057564;385471
7867077972;385472
7867098384;385473
7867118787;385474
7867139195;385475
7867159603;385476
7867180010;385477
7867200419;385478
7867220826;385479
7867241233;385480
7867261642;385481
7867282049;385482
7867302457;385483
7867322865;385484
7867343272;385485
7867363680;385486
7867384088;385487
7867404496;385488
7867424903;385489
7867445311;385490
7867465723;385491
7867486126;385492
7867506535;385493
7867526942;385494
7867547349;385495
7867567758;385496
7867588165;385497
7867608573;385498
7867628981;385499
7867649389;385500
7867669796;385501
7867690204;385502
7867710612;385503
7867731019;385504
7867751427;385505
7867771835;385506
7867792242;385507
7867812651;385508
7867833062;385509
7867853465;385510
7867873874;385511
7867894281;385512
7867914690;385513
7867935097;385514
7867955505;385515
7867975913;385516
7867996320;385517
7868016728;385518
7868037136;385519
7868057543;385520
7868077951;385521
7868098359;385522
7868118767;385523
7868139174;385524
7868159582;385525
7868179994;385526
7868200401;385527
7868220806;385528
7868241213;385529
7868261620;385530
7868282029;385531
7868302436;385532
7868322844;385533
7868343256;385534
7868363659;385535
7868384071;385536
7868404479;385537
7868424883;385538
7868445290;385539
7868465699;385540
7868486106;385541
7868506513;385542
7868526922;385543
7868547329;385544
7868567737;385545
7868588145;385546
7868608552;385547
7868628960;385548
7868649368;385549
7868669779;385550
7868690183;385551
7868710591;385552
7868730999;385553
7868751406;385554
7868771815;385555
7868792222;385556
7868812629;385557
7868833038;385558
7868853445;385559
7868873853;385560
7868894261;385561
7868914668;385562
7868935076;385563
7868955484;385564
7868975892;385565
7868996303;385566
7869016707;385567
7869037115;385568
7869057522;385569
7869077931;385570
7869098338;385571
7869118745;385572
7869139158;385573
7869159561;385574
7869179970;385575
7869200377;385576
7869220784;385577
7869241193;385578
7869261600;385579
7869282008;385580
7869302416;385581
7869322823;385582
7869343231;385583
7869363643;385584
7869384047;385585
7869404454;385586
7869424862;385587
7869445270;385588
7869465677;385589
7869486086;385590
7869506493;385591
7869526900;385592
7869547309;385593
7869567716;385594
7869588124;385595
7869608532;385596
7869628939;385597
7869649347;385598
7869669755;385599
7869690163;385600
7869710570;385601
7869730982;385602
7869751386;385603
7869771793;385604
7869792202;385605
7869812609;385606
7869833016;385607
7869853425;385608
7869873832;385609
7869894240;385610
7869914648;385611
7869935055;385612
7869955463;385613
7869975871;385614
7869996279;385615
7870016686;385616
7870037094;385617
7870057502;385618
7870077909;385619
7870098318;385620
7870118725;385621
7870139132;385622
7870159541;385623
7870179948;385624
7870200356;385625
7870220764;385626
7870241172;385627
7870261579;385628
7870281987;385629
7870302395;385630
7870322802;385631
7870343210;385632
7870363622;385633
7870384026;385634
7870404434;385635
7870424841;385636
7870445249;385637
7870465657;385638
7870486064;385639
7870506473;385640
7870526880;385641
7870547288;385642
7870567696;385643
7870588103;385644
7870608511;385645
7870628919;385646
7870649326;385647
7870669734;385648
7870690142;385649
7870710554;385650
7870730957;385651
7870751366;385652
7870771773;385653
7870792180;385654
7870812589;385655
7870832996;385656
7870853404;385657
7870873812;385658
7870894219;385659
7870914627;385660
7870935035;385661
7870955443;385662
7870975850;385663
7870996258;385664
7871016666;385665
7871037073;385666
7871057482;385667
7871077889;385668
7871098296;385669
7871118705;385670
7871139112;385671
7871159520;385672
7871179928;385673
7871200335;385674
7871220743;385675
7871241151;385676
7871261559;385677
7871281966;385678
7871302378;385679
7871322782;385680
7871343189;385681
7871363598;385682
7871384005;385683
7871404412;385684
7871424821;385685
7871445228;385686
7871465636;385687
7871486044;385688
7871506451;385689
7871526859;385690
7871547267;385691
7871567679;385692
7871588083;385693
7871608490;385694
7871628898;385695
7871649306;385696
7871669714;385697
7871690121;385698
7871710529;385699
7871730937;385700
7871751344;385701
7871771753;385702
7871792160;385703
7871812571;385704
7871832976;385705
7871853383;385706
7871873791;385707
7871894199;385708
7871914607;385709
7871935014;385710
7871955422;385711
7871975830;385712
7871996237;385713
7872016646;385714
7872037057;385715
7872057464;385716
7872077869;385717
7872098276;385718
7872118683;385719
7872139092;385720
7872159499;385721
7872179907;385722
7872200315;385723
7872220722;385724
7872241130;385725
7872261538;385726
7872281946;385727
7872302357;385728
7872322765;385729
7872343173;385730
7872363576;385731
7872383985;385732
7872404392;385733
7872424800;385734
7872445208;385735
7872465615;385736
7872486023;385737
7872506431;385738
7872526839;385739
7872547246;385740
7872567654;385741
7872588062;385742
7872608469;385743
7872628878;385744
7872649289;385745
7872669692;385746
7872690101;385747
7872710508;385748
7872730916;385749
7872751324;385750
7872771731;385751
7872792139;385752
7872812547;385753
7872832955;385754
7872853363;385755
7872873770;385756
7872894178;385757
7872914586;385758
7872934994;385759
7872955401;385760
7872975809;385761
7872996217;385762
7873016624;385763
7873037033;385764
7873057440;385765
7873077847;385766
7873098256;385767
7873118663;385768
7873139071;385769
7873159479;385770
7873179886;385771
7873200294;385772
7873220702;385773
7873241110;385774
7873261517;385775
7873281925;385776
7873302333;385777
7873322740;385778
7873343149;385779
7873363556;385780
7873383963;385781
7873404372;385782
7873424779;385783
7873445187;385784
7873465595;385785
7873486002;385786
7873506410;385787
7873526818;385788
7873547226;385789
7873567633;385790
7873588041;385791
7873608449;385792
7873628856;385793
7873649265;385794
7873669672;385795
7873690079;385796
7873710488;385797
7873730895;385798
7873751303;385799
7873771711;385800
7873792122;385801
7873812526;385802
7873832934;385803
7873853342;385804
7873873749;385805
7873894157;385806
7873914565;385807
7873934972;385808
7873955381;385809
7873975788;385810
7873996195;385811
7874016604;385812
7874037011;385813
7874057420;385814
7874077827;385815
7874098234;385816
7874118643;385817
7874139050;385818
7874159458;385819
7874179866;385820
7874200274;385821
7874220681;385822
7874241089;385823
7874261497;385824
7874281904;385825
7874302312;385826
7874322720;385827
7874343127;385828
7874363536;385829
7874383943;385830
7874404350;385831
7874424759;385832
7874445166;385833
7874465574;385834
7874485982;385835
7874506389;385836
7874526797;385837
7874548410;385838
7874568821;385839
7874589231;385840
7874609642;385841
7874630051;385842
7874650461;385843
7874670872;385844
7874691282;385845
7874711696;385846
7874732102;385847
7874752512;385848
7874772923;385849
7874793333;385850
7874813743;385851
7874834153;385852
7874854563;385853
7874874974;385854
7874895384;385855
7874915794;385856
7874936204;385857
7874956614;385858
7874977025;385859
7874997435;385860
7875017844;385861
7875038255;385862
7875058665;385863
7875079076;385864
7875099486;385865
7875119895;385866
7875140306;385867
7875160716;385868
7875181127;385869
7875201537;385870
7875221947;385871
7875242357;385872
7875262767;385873
7875283182;385874
7875303592;385875
7875323998;385876
7875344408;385877
7875364818;385878
7875385229;385879
7875405639;385880
7875426049;385881
7875446459;385882
7875466869;385883
7875487280;385884
7875507690;385885
7875528100;385886
7875548510;385887
7875568924;385888
7875589331;385889
7875609740;385890
7875630151;385891
7875650561;385892
7875670971;385893
7875691382;385894
7875711791;385895
7875732202;385896
7875752612;385897
7875773022;385898
7875793433;385899
7875813842;385900
7875834253;385901
7875854663;385902
7875875073;385903
7875895488;385904
7875915893;385905
7875936304;385906
7875956714;385907
7875977124;385908
7875997535;385909
7876017944;385910
7876038355;385911
7876058765;385912
7876079175;385913
7876099585;385914
7876119995;385915
7876140406;385916
7876160816;385917
7876181226;385918
7876201636;385919
7876222046;385920
7876242457;385921
7876262867;385922
7876283277;385923
7876303687;385924
7876324097;385925
7876344508;385926
7876364918;385927
7876385328;385928
7876405738;385929
7876426152;385930
7876446559;385931
7876466969;385932
7876487380;385933
7876507793;385934
7876528199;385935
7876548610;385936
7876569020;385937
7876589430;385938
7876609840;385939
7876630250;385940
7876650665;385941
7876671075;385942
7876691480;385943
7876711891;385944
7876732301;385945
7876752712;385946
7876773122;385947
7876793532;385948
7876813942;385949
7876834352;385950
7876854763;385951
7876875173;385952
7876895582;385953
7876915993;385954
7876936403;385955
7876956814;385956
7876977224;385957
7876997634;385958
7877018044;385959
7877038454;385960
7877058865;385961
7877079275;385962
7877099684;385963
7877120099;385964
7877140505;385965
7877160916;385966
7877181325;385967
7877201736;385968
7877222146;385969
7877242556;385970
7877262967;385971
7877283376;385972
7877303787;385973
7877324197;385974
7877344611;385975
7877365018;385976
7877385427;385977
7877405838;385978
7877426248;385979
7877446658;385980
7877467069;385981
7877487478;385982
7877507889;385983
7877528299;385984
7877548709;385985
7877569120;385986
7877589529;385987
7877609940;385988
7877630350;385989
7877650760;385990
7877671171;385991
7877691580;385992
7877711995;385993
7877732401;385994
7877752811;385995
7877773221;385996
7877793631;385997
7877814042;385998
7877834452;385999
7877854862;386000
7877875272;386001
7877895686;386002
7877916097;386003
7877936503;386004
7877956913;386005
7877977323;386006
7877997733;386007
7878018144;386008
7878038554;386009
7878058964;386010
7878079374;386011
7878099788;386012
7878120195;386013
7878140605;386014
7878161015;386015
7878181425;386016
7878201839;386017
7878222246;386018
7878242656;386019
7878263065;386020
7878283476;386021
7878303886;386022
7878324301;386023
7878344707;386024
7878365116;386025
7878385527;386026
7878405937;386027
7878426348;386028
7878446758;386029
7878467167;386030
7878487578;386031
7878507988;386032
7878528399;386033
7878548809;386034
7878569219;386035
7878589629;386036
7878610039;386037
7878630450;386038
7878650860;386039
7878671270;386040
7878691680;386041
7878712090;386042
7878732501;386043
7878752911;386044
7878773320;386045
7878793735;386046
7878814141;386047
7878834552;386048
7878854961;386049
7878875371;386050
7878895782;386051
7878916192;386052
7878936603;386053
7878957012;386054
7878977423;386055
7878997833;386056
7879018243;386057
7879038654;386058
7879059063;386059
7879079477;386060
7879099884;386061
7879120294;386062
7879140705;386063
7879161118;386064
7879181528;386065
7879201935;386066
7879222345;386067
7879242756;386068
7879263165;386069
7879283576;386070
7879303986;386071
7879324396;386072
7879344806;386073
7879365216;386074
7879385627;386075
7879406037;386076
7879426447;386077
7879446857;386078
7879467267;386079
7879487678;386080
7879508088;386081
7879528498;386082
7879548912;386083
7879569318;386084
7879589729;386085
7879610139;386086
7879630549;386087
7879650959;386088
7879671369;386089
7879691780;386090
7879712190;386091
7879732600;386092
7879753010;386093
7879773420;386094
7879793831;386095
7879814241;386096
7879834650;386097
7879855061;386098
7879875471;386099
7879895886;386100
7879916292;386101
7879936701;386102
7879957112;386103
7879977522;386104
7879997937;386105
7880018343;386106
7880038752;386107
7880059163;386108
7880079573;386109
7880099984;386110
7880120394;386111
7880140803;386112
7880161214;386113
7880181624;386114
7880202035;386115
7880222445;386116
7880242854;386117
7880263265;386118
7880283675;386119
7880304086;386120
7880324496;386121
7880344905;386122
7880365316;386123
7880385726;386124
7880406137;386125
7880426546;386126
7880446956;386127
7880467367;386128
7880487777;386129
7880508188;386130
7880528597;386131
7880549007;386132
7880569418;386133
7880589828;386134
7880610239;386135
7880630648;386136
7880651062;386137
7880671469;386138
7880691879;386139
7880712290;386140
7880732699;386141
7880753113;386142
7880773520;386143
7880793930;386144
7880814341;386145
7880834754;386146
7880855161;386147
7880875571;386148
7880895981;386149
7880916391;386150
7880936801;386151
7880957212;386152
7880977622;386153
7880998032;386154
7881018442;386155
7881038852;386156
7881059262;386157
7881079673;386158
7881100083;386159
7881120493;386160
7881140903;386161
7881161313;386162
7881181724;386163
7881202134;386164
7881222544;386165
7881242954;386166
7881263365;386167
7881283775;386168
7881304185;386169
7881324595;386170
7881345005;386171
7881365416;386172
7881385826;386173
7881406236;386174
7881426646;386175
7881447056;386176
7881467467;386177
7881487877;386178
7881508286;386179
7881528697;386180
7881549107;386181
7881569518;386182
7881589932;386183
7881610337;386184
7881630748;386185
7881651158;386186
7881671569;386187
7881691979;386188
7881712388;386189
7881732799;386190
7881753209;386191
7881773620;386192
7881794030;386193
7881814439;386194
7881834850;386195
7881855260;386196
7881875671;386197
7881896081;386198
7881916490;386199
7881936905;386200
7881957311;386201
7881977725;386202
7881998131;386203
7882018541;386204
7882038952;386205
7882059362;386206
7882079777;386207
7882100182;386208
7882120592;386209
7882141003;386210
7882161413;386211
7882181824;386212
7882202233;386213
7882222643;386214
7882243054;386215
7882263464;386216
7882283875;386217
7882304284;386218
7882324698;386219
7882345105;386220
7882365515;386221
7882385930;386222
7882406335;386223
7882426745;386224
7882447156;386225
7882467570;386226
7882487977;386227
7882508386;386228
7882528796;386229
7882549207;386230
7882569617;386231
7882590027;386232
7882610437;386233
7882630847;386234
7882651258;386235
7882671668;386236
7882692078;386237
7882712488;386238
7882732898;386239
7882753309;386240
7882773723;386241
7882794129;386242
7882814539;386243
7882834949;386244
7882855364;386245
7882875770;386246
7882896180;386247
7882916590;386248
7882937000;386249
7882957415;386250
7882977821;386251
7882998235;386252
7883018641;386253
7883039051;386254
7883059462;386255
7883079871;386256
7883100282;386257
7883120692;386258
7883141102;386259
7883161513;386260
7883181922;386261
7883202333;386262
7883222743;386263
7883243153;386264
7883263564;386265
7883283977;386266
7883304384;386267
7883324794;386268
7883345205;386269
7883365615;386270
7883386028;386271
7883406435;386272
7883426849;386273
7883447256;386274
7883467666;386275
7883488075;386276
7883508486;386277
7883528896;386278
7883549306;386279
7883569717;386280
7883590126;386281
7883610537;386282
7883630947;386283
7883651358;386284
7883671771;386285
7883692177;386286
7883712588;386287
7883732998;386288
7883753412;386289
7883773818;386290
7883794228;386291
7883814639;386292
7883835049;386293
7883855460;386294
7883875869;386295
7883896279;386296
7883916690;386297
7883937100;386298
7883957511;386299
7883977920;386300
7883998330;386301
7884018741;386302
7884039151;386303
7884059562;386304
7884079971;386305
7884100381;386306
7884120792;386307
7884141202;386308
7884161612;386309
7884182022;386310
7884202432;386311
7884222843;386312
7884243253;386313
7884263663;386314
7884284073;386315
7884304487;386316
7884324894;386317
7884345304;386318
7884365714;386319
7884386124;386320
7884406534;386321
7884426945;386322
7884447355;386323
7884467765;386324
7884488175;386325
7884508585;386326
7884528996;386327
7884548818;386328
7884569227;386329
7884589636;386330
7884610049;386331
7884630454;386332
7884650863;386333
7884671272;386334
7884691681;386335
7884712089;386336
7884732499;386337
7884752908;386338
7884773317;386339
7884793726;386340
7884814135;386341
7884834544;386342
7884854957;386343
7884875362;386344
7884895771;386345
7884916180;386346
7884936589;386347
7884956998;386348
7884977407;386349
7884997816;386350
7885018224;386351
7885038634;386352
7885059043;386353
7885079452;386354
7885099861;386355
7885120270;386356
7885140679;386357
7885161088;386358
7885181497;386359
7885201906;386360
7885222314;386361
7885242724;386362
7885263133;386363
7885283542;386364
7885303951;386365
7885324360;386366
7885344769;386367
7885365182;386368
7885385587;386369
7885405996;386370
7885426404;386371
7885446814;386372
7885467222;386373
7885487632;386374
7885508041;386375
7885528450;386376
7885548863;386377
7885569267;386378
7885589677;386379
7885610086;386380
7885630495;386381
7885650904;386382
7885671312;386383
7885691722;386384
7885712131;386385
7885732540;386386
7885752949;386387
7885773357;386388
7885793766;386389
7885814176;386390
7885834585;386391
7885854994;386392
7885875402;386393
7885895812;386394
7885916221;386395
7885936630;386396
7885957039;386397
7885977447;386398
7885997857;386399
7886018266;386400
7886038675;386401
7886059084;386402
7886079492;386403
7886099902;386404
7886120310;386405
7886140720;386406
7886161129;386407
7886181537;386408
7886201947;386409
7886222355;386410
7886242765;386411
7886263174;386412
7886283583;386413
7886303992;386414
7886324400;386415
7886344814;386416
7886365219;386417
7886385628;386418
7886406037;386419
7886426445;386420
7886446855;386421
7886467264;386422
7886487673;386423
7886508082;386424
7886528490;386425
7886548900;386426
7886569309;386427
7886589717;386428
7886610127;386429
7886630535;386430
7886650945;386431
7886671354;386432
7886691763;386433
7886712172;386434
7886732580;386435
7886752990;386436
7886773398;386437
7886793808;386438
7886814217;386439
7886834625;386440
7886855035;386441
7886875443;386442
7886895853;386443
7886916262;386444
7886936670;386445
7886957080;386446
7886977492;386447
7886997898;386448
7887018307;386449
7887038715;386450
7887059125;386451
7887079533;386452
7887099943;386453
7887120352;386454
7887140760;386455
7887161170;386456
7887181582;386457
7887201988;386458
7887222397;386459
7887242809;386460
7887263215;386461
7887283623;386462
7887304033;386463
7887324442;386464
7887344850;386465
7887365264;386466
7887385668;386467
7887406078;386468
7887426486;386469
7887446895;386470
7887467305;386471
7887487713;386472
7887508123;386473
7887528531;386474
7887548941;386475
7887569354;386476
7887589758;386477
7887610168;386478
7887630576;386479
7887650985;386480
7887671395;386481
7887691803;386482
7887712213;386483
7887732621;386484
7887753034;386485
7887773440;386486
7887793848;386487
7887814258;386488
7887834666;386489
7887855076;386490
7887875485;386491
7887895893;386492
7887916303;386493
7887936711;386494
7887957120;386495
7887977530;386496
7887997938;386497
7888018348;386498
7888038756;386499
7888059166;386500
7888079574;386501
7888099983;386502
7888120393;386503
7888140801;386504
7888161211;386505
7888181619;386506
7888202028;386507
7888222438;386508
7888242846;386509
7888263256;386510
7888283664;386511
7888304073;386512
7888324483;386513
7888344891;386514
7888365301;386515
7888385713;386516
7888406118;386517
7888426528;386518
7888446936;386519
7888467346;386520
7888487754;386521
7888508163;386522
7888528573;386523
7888548981;386524
7888569391;386525
7888589799;386526
7888610208;386527
7888630618;386528
7888651026;386529
7888671436;386530
7888691844;386531
7888712253;386532
7888732662;386533
7888753071;386534
7888773481;386535
7888793889;386536
7888814298;386537
7888834707;386538
7888855116;386539
7888875526;386540
7888895934;386541
7888916343;386542
7888936752;386543
7888957161;386544
7888977571;386545
7888997979;386546
7889018388;386547
7889038797;386548
7889059210;386549
7889079616;386550
7889100024;386551
7889120433;386552
7889140842;386553
7889161251;386554
7889181661;386555
7889202069;386556
7889222478;386557
7889242887;386558
7889263296;386559
7889283706;386560
7889304114;386561
7889324523;386562
7889344932;386563
7889365341;386564
7889385750;386565
7889406159;386566
7889426569;386567
7889446977;386568
7889467386;386569
7889487795;386570
7889508204;386571
7889528613;386572
7889549022;386573
7889569431;386574
7889589840;386575
7889610249;386576
7889630662;386577
7889651071;386578
7889671476;386579
7889691885;386580
7889712294;386581
7889732704;386582
7889753112;386583
7889773521;386584
7889793930;386585
7889814343;386586
7889834752;386587
7889855157;386588
7889875566;386589
7889895975;386590
7889916388;386591
7889936794;386592
7889957202;386593
7889977615;386594
7889998020;386595
7890018429;386596
7890038839;386597
7890059247;386598
7890079656;386599
7890100065;386600
7890120474;386601
7890140882;386602
7890161292;386603
7890181701;386604
7890202110;386605
7890222519;386606
7890242927;386607
7890263337;386608
7890283746;386609
7890304155;386610
7890324564;386611
7890344973;386612
7890365382;386613
7890385791;386614
7890406200;386615
7890426609;386616
7890447017;386617
7890467427;386618
7890487836;386619
7890508245;386620
7890528654;386621
7890549066;386622
7890569472;386623
7890589881;386624
7890610290;386625
7890630699;386626
7890651108;386627
7890671521;386628
7890691926;386629
7890712335;386630
7890732748;386631
7890753153;386632
7890773562;386633
7890793970;386634
7890814380;386635
7890834789;386636
7890855198;386637
7890875607;386638
7890896015;386639
7890916425;386640
7890936834;386641
7890957243;386642
7890977652;386643
7890998060;386644
7891018470;386645
7891038879;386646
7891059288;386647
7891079697;386648
7891100109;386649
7891120515;386650
7891140924;386651
7891161333;386652
7891181742;386653
7891202150;386654
7891222560;386655
7891242969;386656
7891263378;386657
7891283787;386658
7891304195;386659
7891324609;386660
7891345014;386661
7891365423;386662
7891385832;386663
7891406240;386664
7891426650;386665
7891447058;386666
7891467468;386667
7891487881;386668
7891508285;386669
7891528695;386670
7891549103;386671
7891569513;386672
7891589922;386673
7891610330;386674
7891630740;386675
7891651148;386676
7891671558;386677
7891691967;386678
7891712375;386679
7891732785;386680
7891753193;386681
7891773603;386682
7891794012;386683
7891814420;386684
7891834830;386685
7891855238;386686
7891875648;386687
7891896057;386688
7891916465;386689
7891936875;386690
7891957287;386691
7891977697;386692
7891998102;386693
7892018510;386694
7892038920;386695
7892059328;386696
7892079738;386697
7892100146;386698
7892120555;386699
7892140965;386700
7892161373;386701
7892181783;386702
7892202191;386703
7892222601;386704
7892243010;386705
7892263418;386706
7892283828;386707
7892304236;386708
7892324645;386709
7892345055;386710
7892365463;386711
7892385873;386712
7892406281;386713
7892426694;386714
7892447104;386715
7892467508;386716
7892487918;386717
7892508326;386718
7892528735;386719
7892549145;386720
7892569553;386721
7892589963;386722
7892610371;386723
7892630780;386724
7892651190;386725
7892671602;386726
7892692008;386727
7892712416;386728
7892732826;386729
7892753234;386730
7892773643;386731
7892794053;386732
7892814461;386733
7892834870;386734
7892855279;386735
7892875688;386736
7892896098;386737
7892916506;386738
7892936916;386739
7892957324;386740
7892977737;386741
7892998143;386742
7893018551;386743
7893038961;386744
7893059369;386745
7893079778;386746
7893100188;386747
7893120596;386748
7893141006;386749
7893161414;386750
7893181823;386751
7893202233;386752
7893222641;386753
7893243051;386754
7893263459;386755
7893283868;386756
7893304278;386757
7893324686;386758
7893345096;386759
7893365504;386760
7893385913;386761
7893406322;386762
7893426731;386763
7893447141;386764
7893467549;386765
7893487958;386766
7893508367;386767
7893528776;386768
7893549186;386769
7893569594;386770
7893590003;386771
7893610412;386772
7893630821;386773
7893651231;386774
7893671639;386775
7893692048;386776
7893712457;386777
7893732866;386778
7893753276;386779
7893773684;386780
7893794093;386781
7893814502;386782
7893834911;386783
7893855321;386784
7893875729;386785
7893896138;386786
7893916547;386787
7893936956;386788
7893957370;386789
7893977774;386790
7893998183;386791
7894018592;386792
7894039001;386793
7894059410;386794
7894079819;386795
7894100228;386796
7894120637;386797
7894141046;386798
7894161455;386799
7894181864;386800
7894202273;386801
7894222682;386802
7894243091;386803
7894263500;386804
7894283909;386805
7894304322;386806
7894324731;386807
7894345136;386808
7894365545;386809
7894385954;386810
7894406364;386811
7894426772;386812
7894447181;386813
7894467590;386814
7894488003;386815
7894508409;386816
7894528817;386817
7894549195;386818
7894569604;386819
7894590017;386820
7894610421;386821
7894630831;386822
7894651239;386823
7894671649;386824
7894692057;386825
7894712466;386826
7894732875;386827
7894753284;386828
7894773694;386829
7894794102;386830
7894814512;386831
7894834920;386832
7894855329;386833
7894875738;386834
7894896151;386835
7894916556;386836
7894936965;386837
7894957373;386838
7894977783;386839
7894998191;386840
7895018601;386841
7895039009;386842
7895059418;386843
7895079828;386844
7895100236;386845
7895120646;386846
7895141054;386847
7895161463;386848
7895181872;386849
7895202281;386850
7895222690;386851
7895243099;386852
7895263507;386853
7895283917;386854
7895304325;386855
7895324735;386856
7895345143;386857
7895365552;386858
7895385961;386859
7895406374;386860
7895426780;386861
7895447188;386862
7895467601;386863
7895488006;386864
7895508419;386865
7895528824;386866
7895549233;386867
7895569641;386868
7895590050;386869
7895610459;386870
7895630869;386871
7895651277;386872
7895671686;386873
7895692095;386874
7895712504;386875
7895732913;386876
7895753322;386877
7895773731;386878
7895794140;386879
7895814549;386880
7895834958;386881
7895855367;386882
7895875776;386883
7895896185;386884
7895916593;386885
7895937003;386886
7895957411;386887
7895977821;386888
7895998229;386889
7896018638;386890
7896039047;386891
7896059456;386892
7896079866;386893
7896100274;386894
7896120683;386895
7896141092;386896
7896161501;386897
7896181910;386898
7896202319;386899
7896222727;386900
7896243137;386901
7896263549;386902
7896283955;386903
7896304363;386904
7896324776;386905
7896345181;386906
7896365590;386907
7896385999;386908
7896406408;386909
7896426817;386910
7896447226;386911
7896467635;386912
7896488044;386913
7896508457;386914
7896528861;386915
7896549275;386916
7896569679;386917
7896590089;386918
7896610497;386919
7896630906;386920
7896651319;386921
7896671724;386922
7896692133;386923
7896712542;386924
7896732950;386925
7896753360;386926
7896773769;386927
7896794178;386928
7896814587;386929
7896834995;386930
7896855405;386931
7896875813;386932
7896896223;386933
7896916631;386934
7896937040;386935
7896957449;386936
7896977858;386937
7896998267;386938
7897018676;386939
7897039084;386940
7897059498;386941
7897079907;386942
7897100312;386943
7897120721;386944
7897141129;386945
7897161539;386946
7897181951;386947
7897202357;386948
7897222765;386949
7897243174;386950
7897263583;386951
7897283992;386952
7897304401;386953
7897324810;386954
7897345218;386955
7897365628;386956
7897386036;386957
7897406446;386958
7897426855;386959
7897447263;386960
7897467673;386961
7897488081;386962
7897508491;386963
7897528899;386964
7897549309;386965
7897569717;386966
7897590126;386967
7897610535;386968
7897630944;386969
7897651352;386970
7897671762;386971
7897692170;386972
7897712580;386973
7897732988;386974
7897753398;386975
7897773807;386976
7897794215;386977
7897814625;386978
7897835037;386979
7897855443;386980
7897875855;386981
7897896264;386982
7897916669;386983
7897937078;386984
7897957487;386985
7897977896;386986
7897998304;386987
7898018714;386988
7898039122;386989
7898059532;386990
7898079941;386991
7898100349;386992
7898120759;386993
7898141167;386994
7898161577;386995
7898181985;386996
7898202394;386997
7898222803;386998
7898243212;386999
7898263621;387000
7898284030;387001
7898304438;387002
7898324852;387003
7898345256;387004
7898365666;387005
7898386074;387006
7898406483;387007
7898426893;387008
7898447301;387009
7898467711;387010
7898488119;387011
7898508532;387012
7898528937;387013
7898549346;387014
7898569755;387015
7898590164;387016
7898610572;387017
7898630982;387018
7898651390;387019
7898671800;387020
7898692208;387021
7898712617;387022
7898733026;387023
7898753435;387024
7898773845;387025
7898794253;387026
7898814663;387027
7898835071;387028
7898855480;387029
7898875889;387030
7898896298;387031
7898916707;387032
7898937120;387033
7898957524;387034
7898977934;387035
7898998342;387036
7899018752;387037
7899039160;387038
7899059573;387039
7899079979;387040
7899100387;387041
7899120797;387042
7899141209;387043
7899161614;387044
7899182023;387045
7899202432;387046
7899222841;387047
7899243250;387048
7899263658;387049
7899284072;387050
7899304476;387051
7899324886;387052
7899345294;387053
7899365703;387054
7899386112;387055
7899406521;387056
7899426931;387057
7899447339;387058
7899467748;387059
7899488157;387060
7899508566;387061
7899528975;387062
7899549384;387063
7899569793;387064
7899590202;387065
7899610610;387066
7899631020;387067
7899651428;387068
7899671837;387069
7899692246;387070
7899712655;387071
7899733064;387072
7899753473;387073
7899773883;387074
7899794291;387075
7899814700;387076
7899835109;387077
7899855518;387078
7899875927;387079
7899896336;387080
7899916744;387081
7899937154;387082
7899957562;387083
7899977972;387084
7899998380;387085
7900018789;387086
7900039198;387087
7900059607;387088
7900080017;387089
7900100425;387090
7900120834;387091
7900141243;387092
7900161652;387093
7900182061;387094
7900202470;387095
7900222878;387096
7900243292;387097
7900263696;387098
7900284106;387099
7900304514;387100
7900324923;387101
7900345332;387102
7900365745;387103
7900386150;387104
7900406559;387105
7900426968;387106
7900447377;387107
7900467786;387108
7900488198;387109
7900508604;387110
7900529012;387111
7900549422;387112
7900569830;387113
7900590240;387114
7900610648;387115
7900631057;387116
7900651466;387117
7900671875;387118
7900692284;387119
7900712693;387120
7900733101;387121
7900753515;387122
7900773920;387123
7900794329;387124
7900814738;387125
7900835146;387126
7900855556;387127
7900875964;387128
7900896374;387129
7900916782;387130
7900937191;387131
7900957600;387132
7900978009;387133
7900998418;387134
7901018827;387135
7901039235;387136
7901059645;387137
7901080058;387138
7901100463;387139
7901120872;387140
7901141280;387141
7901161694;387142
7901182098;387143
7901202508;387144
7901222920;387145
7901243326;387146
7901263734;387147
7901284143;387148
7901304552;387149
7901324961;387150
7901345369;387151
7901365779;387152
7901386187;387153
7901406597;387154
7901427006;387155
7901447418;387156
7901467824;387157
7901488236;387158
7901508642;387159
7901529050;387160
7901549460;387161
7901569868;387162
7901590277;387163
7901610686;387164
7901631099;387165
7901651503;387166
7901671913;387167
7901692321;387168
7901712731;387169
7901733139;387170
7901753549;387171
7901773958;387172
7901794366;387173
7901814776;387174
7901835184;387175
7901855594;387176
7901876002;387177
7901896411;387178
7901916820;387179
7901937229;387180
7901957638;387181
7901978047;387182
7901998455;387183
7902018865;387184
7902039273;387185
7902059683;387186
7902080092;387187
7902100500;387188
7902120910;387189
7902141318;387190
7902161728;387191
7902182136;387192
7902202545;387193
7902222954;387194
7902243363;387195
7902263772;387196
7902284181;387197
7902304589;387198
7902324999;387199
7902345407;387200
7902365817;387201
7902386225;387202
7902406634;387203
7902427044;387204
7902447452;387205
7902467862;387206
7902488274;387207
7902508679;387208
7902529088;387209
7902549497;387210
7902569906;387211
7902590315;387212
7902610723;387213
7902631133;387214
7902651541;387215
7902671951;387216
7902692359;387217
7902712768;387218
7902733177;387219
7902753586;387220
7902773996;387221
7902794404;387222
7902814814;387223
7902835222;387224
7902855631;387225
7902876040;387226
