7829211208;383607
7829231614;383608
7829252023;383609
7829272432;383610
7829292841;383611
7829313251;383612
7829333660;383613
7829354070;383614
7829374479;383615
7829394889;383616
7829415298;383617
7829435708;383618
7829456117;383619
7829476527;383620
7829496937;383621
7829517345;383622
7829537759;383623
7829558164;383624
7829578574;383625
7829598987;383626
7829619393;383627
7829639802;383628
7829660212;383629
7829680621;383630
7829701031;383631
7829721439;383632
7829741849;383633
7829762258;383634
7829782668;383635
7829803077;383636
7829823487;383637
7829843896;383638
7829864306;383639
7829884715;383640
7829905125;383641
7829925534;383642
7829945943;383643
7829966352;383644
7829986762;383645
7830007172;383646
7830027581;383647
7830047991;383648
7830068400;383649
7830088810;383650
7830109219;383651
7830129629;383652
7830150037;383653
7830170451;383654
7830190860;383655
7830211266;383656
7830231675;383657
7830252085;383658
7830272494;383659
7830292904;383660
7830313313;383661
7830333723;383662
7830354132;383663
7830374542;383664
7830394954;383665
7830415360;383666
7830435769;383667
7830456179;383668
7830476588;383669
7830496998;383670
7830517408;383671
7830537817;383672
7830558227;383673
7830578636;383674
7830599046;383675
7830619458;383676
7830639864;383677
7830660273;383678
7830680687;383679
7830701092;383680
7830721502;383681
7830741911;383682
7830762321;383683
7830782730;383684
7830803139;383685
7830823549;383686
7830843958;383687
7830864367;383688
7830884777;383689
7830905186;383690
7830925596;383691
7830946005;383692
7830966415;383693
7830986824;383694
7831007234;383695
7831027644;383696
7831048052;383697
7831068462;383698
7831088871;383699
7831109281;383700
7831129690;383701
7831150100;383702
7831170509;383703
7831190923;383704
7831211328;383705
7831231738;383706
7831252146;383707
7831272556;383708
7831292965;383709
7831313375;383710
7831333784;383711
7831354194;383712
7831374603;383713
7831395013;383714
7831415422;383715
7831435832;383716
7831456241;383717
7831476651;383718
7831497060;383719
7831517469;383720
7831537879;383721
7831558292;383722
7831578698;383723
7831599107;383724
7831619517;383725
7831639926;383726
7831660336;383727
7831680745;383728
7831701154;383729
7831721563;383730
7831741973;383731
7831762382;383732
7831782792;383733
7831803201;383734
7831823611;383735
7831844020;383736
7831864430;383737
7831884839;383738
7831905253;383739
7831925661;383740
7831946071;383741
7831966476;383742
7831986890;383743
7832007296;383744
7832027709;383745
7832048115;383746
7832068524;383747
7832088934;383748
7832109343;383749
7832129752;383750
7832150161;383751
7832170575;383752
7832190980;383753
7832211390;383754
7832231799;383755
7832252209;383756
7832272618;383757
7832293028;383758
7832313437;383759
7832333847;383760
7832354259;383761
7832374669;383762
7832395074;383763
7832415484;383764
7832435893;383765
7832456307;383766
7832476712;383767
7832497122;383768
7832517532;383769
7832537941;383770
7832558351;383771
7832578760;383772
7832599169;383773
7832619582;383774
7832639988;383775
7832660397;383776
7832680807;383777
7832701216;383778
7832721626;383779
7832742035;383780
7832762445;383781
7832782854;383782
7832803263;383783
7832823672;383784
7832844082;383785
7832864491;383786
7832884901;383787
7832905310;383788
7832925720;383789
7832946129;383790
7832966539;383791
7832986948;383792
7833007362;383793
7833027768;383794
7833048176;383795
7833068586;383796
7833088995;383797
7833109405;383798
7833129814;383799
7833150224;383800
7833170633;383801
7833191043;383802
7833211452;383803
7833231862;383804
7833252271;383805
7833272680;383806
7833293089;383807
7833313499;383808
7833333908;383809
7833354318;383810
7833374727;383811
7833395137;383812
7833415546;383813
7833435956;383814
7833456365;383815
7833476775;383816
7833497184;383817
7833517597;383818
7833538003;383819
7833558412;383820
7833578822;383821
7833599235;383822
7833619641;383823
7833640050;383824
7833660460;383825
7833680869;383826
7833701282;383827
7833721687;383828
7833742097;383829
7833762506;383830
7833782916;383831
7833803325;383832
7833823735;383833
7833844144;383834
7833864554;383835
7833884963;383836
7833905373;383837
7833925782;383838
7833946191;383839
7833966600;383840
7833987010;383841
7834007420;383842
7834027829;383843
7834048239;383844
7834068648;383845
7834089058;383846
7834109467;383847
7834129877;383848
7834150289;383849
7834170695;383850
7834191104;383851
7834211514;383852
7834231923;383853
7834252333;383854
7834272742;383855
7834293152;383856
7834313561;383857
7834333971;383858
7834354380;383859
7834374789;383860
7834395202;383861
7834415608;383862
7834436017;383863
7834456427;383864
7834476836;383865
7834497246;383866
7834517677;383867
7834538086;383868
7834558496;383869
7834578905;383870
7834599314;383871
7834619723;383872
7834640133;383873
7834660542;383874
7834680952;383875
7834701362;383876
7834721771;383877
7834742181;383878
7834762590;383879
7834783000;383880
7834803408;383881
7834823818;383882
7834844228;383883
7834864637;383884
7834885047;383885
7834905460;383886
7834925866;383887
7834946275;383888
7834966685;383889
7834987094;383890
7835007504;383891
7835027913;383892
7835048322;383893
7835068732;383894
7835089145;383895
7835109551;383896
7835129964;383897
7835150374;383898
7835170780;383899
7835191189;383900
7835211599;383901
7835232008;383902
7835252417;383903
7835272826;383904
7835293236;383905
7835313649;383906
7835334055;383907
7835354465;383908
7835374874;383909
7835395288;383910
7835415693;383911
7835436103;383912
7835456512;383913
7835476922;383914
7835497331;383915
7835517740;383916
7835538150;383917
7835558559;383918
7835578969;383919
7835599382;383920
7835619788;383921
7835640198;383922
7835660607;383923
7835681017;383924
7835701425;383925
7835721835;383926
7835742248;383927
7835762654;383928
7835783063;383929
7835803473;383930
7835823887;383931
7835844292;383932
7835864702;383933
7835885111;383934
7835905520;383935
7835925929;383936
7835946339;383937
7835966749;383938
7835987158;383939
7836007568;383940
7836027977;383941
7836048387;383942
7836068796;383943
7836089206;383944
7836109615;383945
7836130024;383946
7836150434;383947
7836170843;383948
7836191253;383949
7836211662;383950
7836232072;383951
7836252481;383952
7836272891;383953
7836293301;383954
7836313710;383955
7836334119;383956
7836354529;383957
7836374938;383958
7836395347;383959
7836415757;383960
7836436166;383961
7836456576;383962
7836476986;383963
7836497399;383964
7836517805;383965
7836538214;383966
7836558624;383967
7836579032;383968
7836599442;383969
7836619852;383970
7836640261;383971
7836660671;383972
7836681080;383973
7836701490;383974
7836721899;383975
7836742309;383976
7836762718;383977
7836783128;383978
7836803538;383979
7836823946;383980
7836844356;383981
7836864769;383982
7836885175;383983
7836905584;383984
7836925994;383985
7836946404;383986
7836966813;383987
7836987223;383988
7837007632;383989
7837028041;383990
7837048450;383991
7837068860;383992
7837089269;383993
7837109679;383994
7837130089;383995
7837150498;383996
7837170908;383997
7837191317;383998
7837211727;383999
7837232136;384000
7837252545;384001
7837272955;384002
7837293364;384003
7837313774;384004
7837334183;384005
7837354593;384006
7837375002;384007
7837395412;384008
7837415822;384009
7837436231;384010
7837456641;384011
7837477049;384012
7837497459;384013
7837517868;384014
7837538278;384015
7837558687;384016
7837579097;384017
7837599507;384018
7837619916;384019
7837640326;384020
7837660735;384021
7837681144;384022
7837701553;384023
7837721963;384024
7837742373;384025
7837762782;384026
7837783192;384027
7837803601;384028
7837824015;384029
7837844420;384030
7837864830;384031
7837885239;384032
7837905648;384033
7837926058;384034
7837946467;384035
7837966877;384036
7837987286;384037
7838007696;384038
7838028105;384039
7838048515;384040
7838068925;384041
7838089334;384042
7838109744;384043
7838130152;384044
7838150566;384045
7838170971;384046
7838191381;384047
7838211790;384048
7838232200;384049
7838252610;384050
7838273019;384051
7838293429;384052
7838313838;384053
7838334247;384054
7838354656;384055
7838375066;384056
7838395476;384057
7838415885;384058
7838436295;384059
7838456708;384060
7838477114;384061
7838497523;384062
7838517933;384063
7838538342;384064
7838558752;384065
7838579161;384066
7838599570;384067
7838619980;384068
7838640389;384069
7838660799;384070
7838681212;384071
7838701618;384072
7838722028;384073
7838742437;384074
7838762847;384075
7838783255;384076
7838803665;384077
7838824074;384078
7838844484;384079
7838864894;384080
7838885303;384081
7838905713;384082
7838926122;384083
7838946532;384084
7838966941;384085
7838987351;384086
7839007760;384087
7839028169;384088
7839048579;384089
7839068992;384090
7839089398;384091
7839109807;384092
7839130217;384093
7839150626;384094
7839171036;384095
7839191446;384096
7839211855;384097
7839232265;384098
7839252673;384099
7839273087;384100
7839293492;384101
7839313902;384102
7839334311;384103
7839354721;384104
7839375131;384105
7839395540;384106
7839415950;384107
7839436358;384108
7839456768;384109
7839477177;384110
7839497587;384111
7839517997;384112
7839538406;384113
7839558816;384114
7839579225;384115
7839599639;384116
7839620044;384117
7839640458;384118
7839660862;384119
7839681272;384120
7839701682;384121
7839722091;384122
7839742501;384123
7839762910;384124
7839783320;384125
7839803729;384126
7839824139;384127
7839844549;384128
7839864958;384129
7839885367;384130
7839905776;384131
7839926190;384132
7839946595;384133
7839967005;384134
7839987414;384135
7840007824;384136
7840028234;384137
7840048643;384138
7840069053;384139
7840089462;384140
7840109871;384141
7840130280;384142
7840150690;384143
7840171100;384144
7840191509;384145
7840211919;384146
7840232328;384147
7840252738;384148
7840273147;384149
7840293557;384150
7840313966;384151
7840334376;384152
7840354785;384153
7840375194;384154
7840395604;384155
7840416013;384156
7840436427;384157
7840456832;384158
7840477242;384159
7840497656;384160
7840518061;384161
7840538471;384162
7840558883;384163
7840579289;384164
7840599698;384165
7840620108;384166
7840640518;384167
7840660927;384168
7840681337;384169
7840701750;384170
7840722156;384171
7840742565;384172
7840762975;384173
7840783384;384174
7840803797;384175
7840824203;384176
7840844612;384177
7840865022;384178
7840885431;384179
7840905841;384180
7840926249;384181
7840946660;384182
7840967074;384183
7840987479;384184
7841007888;384185
7841028297;384186
7841048707;384187
7841069116;384188
7841089526;384189
7841109935;384190
7841130345;384191
7841150755;384192
7841171164;384193
7841191574;384194
7841211983;384195
7841232392;384196
7841252801;384197
7841273211;384198
7841293621;384199
7841314034;384200
7841334440;384201
7841354849;384202
7841375259;384203
7841395672;384204
7841416078;384205
7841436490;384206
7841456896;384207
7841477306;384208
7841497715;384209
7841518125;384210
7841538534;384211
7841558944;384212
7841579353;384213
7841599767;384214
7841620173;384215
7841640582;384216
7841660991;384217
7841681400;384218
7841701810;384219
7841722219;384220
7841742629;384221
7841763038;384222
7841783448;384223
7841803858;384224
7841824267;384225
7841844677;384226
7841865086;384227
7841885495;384228
7841905904;384229
7841926314;384230
7841946728;384231
7841967133;384232
7841987543;384233
7842007952;384234
7842028362;384235
7842048771;384236
7842069181;384237
7842089590;384238
7842109999;384239
7842130409;384240
7842150818;384241
7842171228;384242
7842191637;384243
7842212047;384244
7842232456;384245
7842252866;384246
7842273276;384247
7842293685;384248
7842314095;384249
7842334507;384250
7842354913;384251
7842375326;384252
7842395732;384253
7842416142;384254
7842436551;384255
7842456961;384256
7842477370;384257
7842497780;384258
7842518189;384259
7842538599;384260
7842559007;384261
7842579417;384262
7842599827;384263
7842620236;384264
7842640646;384265
7842661059;384266
7842681465;384267
7842701874;384268
7842722284;384269
7842742694;384270
7842763103;384271
7842783512;384272
7842803921;384273
7842824331;384274
7842844740;384275
7842865150;384276
7842885559;384277
7842905969;384278
7842926379;384279
7842946792;384280
7842967201;384281
7842987610;384282
7843008016;384283
7843028425;384284
7843048835;384285
7843069245;384286
7843089654;384287
7843110064;384288
7843130473;384289
7843150883;384290
7843171292;384291
7843191702;384292
7843212110;384293
7843232520;384294
7843252930;384295
7843273339;384296
7843293749;384297
7843314158;384298
7843334568;384299
7843354977;384300
7843375387;384301
7843395797;384302
7843416206;384303
7843436616;384304
7843457024;384305
7843477434;384306
7843497843;384307
7843518253;384308
7843538662;384309
7843559072;384310
7843579482;384311
7843599891;384312
7843620301;384313
7843640710;384314
7843661120;384315
7843681528;384316
7843701938;384317
7843722348;384318
7843742757;384319
7843763167;384320
7843783576;384321
7843803986;384322
7843824395;384323
7843844805;384324
7843865215;384325
7843885623;384326
7843906033;384327
7843926442;384328
7843946852;384329
7843967265;384330
7843987671;384331
7844008080;384332
7844028490;384333
7844048900;384334
7844069309;384335
7844089719;384336
7844110127;384337
7844130537;384338
7844150946;384339
7844171356;384340
7844191766;384341
7844212175;384342
7844232585;384343
7844252994;384344
7844273404;384345
7844293813;384346
7844314223;384347
7844334631;384348
7844355041;384349
7844375451;384350
7844395860;384351
7844416270;384352
7844436679;384353
7844457089;384354
7844477498;384355
7844497908;384356
7844518341;384357
7844538749;384358
7844559159;384359
7844579568;384360
7844599982;384361
7844620388;384362
7844640797;384363
7844661207;384364
7844681616;384365
7844702030;384366
7844722436;384367
7844742845;384368
7844763254;384369
7844783663;384370
7844804073;384371
7844824483;384372
7844844896;384373
7844865302;384374
7844885712;384375
7844906121;384376
7844926531;384377
7844946940;384378
7844967350;384379
7844987759;384380
7845008168;384381
7845028578;384382
7845048987;384383
7845069397;384384
7845089807;384385
7845110216;384386
7845130626;384387
7845151035;384388
7845171445;384389
7845191854;384390
7845212263;384391
7845232673;384392
7845253082;384393
7845273492;384394
7845293902;384395
7845314311;384396
7845334721;384397
7845355131;384398
7845375540;384399
7845395954;384400
7845416358;384401
7845436768;384402
7845457178;384403
7845477587;384404
7845497997;384405
7845518406;384406
7845538820;384407
7845559226;384408
7845579635;384409
7845600045;384410
7845620454;384411
7845640864;384412
7845661277;384413
7845681682;384414
7845702092;384415
7845722502;384416
7845742911;384417
7845763321;384418
7845783730;384419
7845804140;384420
7845824550;384421
7845844959;384422
7845865369;384423
7845885777;384424
7845906187;384425
7845926597;384426
7845947006;384427
7845967416;384428
7845987825;384429
7846008235;384430
7846028645;384431
7846049054;384432
7846069464;384433
7846089874;384434
7846110282;384435
7846130692;384436
7846151101;384437
7846171511;384438
7846191921;384439
7846212330;384440
7846232744;384441
7846253149;384442
7846273559;384443
7846293969;384444
7846314378;384445
7846334787;384446
7846355196;384447
7846375606;384448
7846396016;384449
7846416425;384450
7846436835;384451
7846457245;384452
7846477654;384453
7846498064;384454
7846518473;384455
7846538882;384456
7846559292;384457
7846579701;384458
7846600111;384459
7846620520;384460
7846640930;384461
7846661340;384462
7846681749;384463
7846702159;384464
7846722568;384465
7846742977;384466
7846763387;384467
7846783796;384468
7846804206;384469
7846824615;384470
7846845025;384471
7846865435;384472
7846885848;384473
7846906254;384474
7846926664;384475
7846947073;384476
7846967483;384477
7846987891;384478
7847008301;384479
7847028711;384480
7847049120;384481
7847069530;384482
7847089939;384483
7847110349;384484
7847130759;384485
7847151168;384486
7847171578;384487
7847191987;384488
7847212396;384489
7847232806;384490
7847253215;384491
7847273625;384492
7847294035;384493
7847314444;384494
7847334854;384495
7847355263;384496
7847375673;384497
7847396083;384498
7847416491;384499
7847436901;384500
7847457310;384501
7847477720;384502
7847498130;384503
7847518539;384504
7847538949;384505
7847559358;384506
7847579768;384507
7847600178;384508
7847620587;384509
7847640996;384510
7847661406;384511
7847681815;384512
7847702225;384513
7847722634;384514
7847743044;384515
7847763454;384516
7847783863;384517
7847804273;384518
7847824682;384519
7847845092;384520
7847865501;384521
7847885910;384522
7847906324;384523
7847926729;384524
7847947139;384525
7847967549;384526
7847987958;384527
7848008368;384528
7848028777;384529
7848049187;384530
7848069597;384531
7848090005;384532
7848110415;384533
7848130825;384534
7848151234;384535
7848171644;384536
7848192053;384537
7848212463;384538
7848232877;384539
7848253282;384540
7848273692;384541
7848294101;384542
7848314514;384543
7848334920;384544
7848355329;384545
7848375739;384546
7848396148;384547
7848416558;384548
7848436968;384549
7848457377;384550
7848477787;384551
7848498197;384552
7848518605;384553
7848539015;384554
7848559424;384555
7848579834;384556
7848600244;384557
7848620653;384558
7848641063;384559
7848661472;384560
7848681882;384561
7848702292;384562
7848722701;384563
7848743110;384564
7848763523;384565
7848783929;384566
7848804339;384567
7848824748;384568
7848845158;384569
7848865568;384570
7848885977;384571
7848906387;384572
7848926800;384573
7848947206;384574
7848967615;384575
7848988024;384576
7849008438;384577
7849028843;384578
7849049253;384579
7849069663;384580
7849090072;384581
7849110482;384582
7849130891;384583
7849151304;384584
7849171711;384585
7849192119;384586
7849212529;384587
7849232938;384588
7849253348;384589
7849273758;384590
7849294167;384591
7849314577;384592
7849334987;384593
7849355396;384594
7849375806;384595
7849396215;384596
7849416624;384597
7849437034;384598
7849457443;384599
7849477853;384600
7849498262;384601
7849518672;384602
7849539082;384603
7849559491;384604
7849579901;384605
7849600310;384606
7849620720;384607
7849641133;384608
7849661538;384609
7849681948;384610
7849702358;384611
7849722767;384612
7849743177;384613
7849763586;384614
7849783996;384615
7849804406;384616
7849824815;384617
7849845225;384618
7849865633;384619
7849886043;384620
7849906457;384621
7849926862;384622
7849947272;384623
7849967681;384624
7849988091;384625
7850008501;384626
7850028910;384627
7850049320;384628
7850069734;384629
7850090138;384630
7850110548;384631
7850130957;384632
7850151367;384633
7850171777;384634
7850192186;384635
7850212596;384636
7850233005;384637
7850253415;384638
7850273825;384639
7850294234;384640
7850314643;384641
7850335052;384642
7850355462;384643
7850375872;384644
7850396281;384645
7850416691;384646
7850437100;384647
7850457510;384648
7850477920;384649
7850498329;384650
7850518742;384651
7850539148;384652
7850559557;384653
7850579967;384654
7850600376;384655
7850620786;384656
7850641196;384657
7850661605;384658
7850682015;384659
7850702428;384660
7850722834;384661
7850743243;384662
7850763652;384663
7850784062;384664
7850804471;384665
7850824881;384666
7850845291;384667
7850865700;384668
7850886110;384669
7850906524;384670
7850926929;384671
7850947339;384672
7850967751;384673
7850988157;384674
7851008567;384675
7851028976;384676
7851049386;384677
7851069795;384678
7851090205;384679
7851110615;384680
7851131024;384681
7851151434;384682
7851171842;384683
7851192252;384684
7851212662;384685
7851233071;384686
7851253481;384687
7851273891;384688
7851294300;384689
7851314710;384690
7851335119;384691
7851355529;384692
7851375939;384693
7851396347;384694
7851416757;384695
7851437166;384696
7851457576;384697
7851477986;384698
7851498395;384699
7851518805;384700
7851539214;384701
7851559628;384702
7851580034;384703
7851600446;384704
7851620853;384705
7851641265;384706
7851661671;384707
7851682081;384708
7851702490;384709
7851722900;384710
7851743310;384711
7851763719;384712
7851784129;384713
7851804538;384714
7851824948;384715
7851845357;384716
7851865770;384717
7851886176;384718
7851906585;384719
7851926995;384720
7851947405;384721
7851967814;384722
7851988224;384723
7852008633;384724
7852029043;384725
7852049452;384726
7852069865;384727
7852090271;384728
7852110681;384729
7852131090;384730
7852151500;384731
7852171909;384732
7852192319;384733
7852212729;384734
7852233138;384735
7852253548;384736
7852273957;384737
7852294366;384738
7852314776;384739
7852335185;384740
7852355595;384741
7852376004;384742
7852396414;384743
7852416824;384744
7852437233;384745
7852457643;384746
7852478053;384747
7852498462;384748
7852518871;384749
7852539284;384750
7852559690;384751
7852580100;384752
7852600509;384753
7852620919;384754
7852641328;384755
7852661738;384756
7852682152;384757
7852702557;384758
7852722967;384759
7852743375;384760
7852763785;384761
7852784199;384762
7852804604;384763
7852825014;384764
7852845423;384765
7852865833;384766
7852886243;384767
7852906652;384768
7852927062;384769
7852947471;384770
7852967880;384771
7852988290;384772
7853008699;384773
7853029109;384774
7853049519;384775
7853069928;384776
7853090338;384777
7853110747;384778
7853131157;384779
7853151571;384780
7853171975;384781
7853192385;384782
7853212794;384783
7853233204;384784
7853253614;384785
7853274023;384786
7853294433;384787
7853314843;384788
7853335252;384789
7853355662;384790
7853376070;384791
7853396480;384792
7853416890;384793
7853437299;384794
7853457709;384795
7853478118;384796
7853498528;384797
7853518938;384798
7853539347;384799
7853559757;384800
7853580166;384801
7853600576;384802
7853620985;384803
7853641394;384804
7853661804;384805
7853682214;384806
7853702623;384807
7853723033;384808
7853743442;384809
7853763852;384810
7853784266;384811
7853804671;384812
7853825081;384813
7853845489;384814
7853865899;384815
7853886309;384816
7853906718;384817
7853927128;384818
7853947537;384819
7853967947;384820
7853988357;384821
7854008766;384822
7854029176;384823
7854049584;384824
7854069994;384825
7854090404;384826
7854110813;384827
7854131227;384828
7854151633;384829
7854172042;384830
7854192452;384831
7854212861;384832
7854233271;384833
7854253684;384834
7854274089;384835
7854294499;384836
7854314912;384837
7854335322;384838
7854355728;384839
7854376137;384840
7854396547;384841
7854416956;384842
7854437366;384843
7854457776;384844
7854478184;384845
7854498594;384846
7854519003;384847
7854539408;384848
7854559818;384849
7854580227;384850
7854600637;384851
7854621047;384852
7854641456;384853
7854661866;384854
7854682275;384855
7854702685;384856
7854723094;384857
7854743503;384858
7854763913;384859
7854784322;384860
7854804732;384861
7854825146;384862
7854845551;384863
7854865961;384864
7854886370;384865
7854906780;384866
7854927189;384867
7854947598;384868
7854968008;384869
7854988417;384870
7855008831;384871
7855029237;384872
7855049650;384873
7855070056;384874
7855090465;384875
7855110875;384876
7855131284;384877
7855151697;384878
7855172103;384879
7855192512;384880
7855212922;384881
7855233332;384882
7855253741;384883
7855274151;384884
7855294560;384885
7855314970;384886
7855335384;384887
7855355788;384888
7855376198;384889
7855396607;384890
7855417017;384891
7855437427;384892
7855457836;384893
7855478246;384894
7855498655;384895
7855519065;384896
7855539475;384897
7855559884;384898
7855580293;384899
7855600702;384900
7855621112;384901
7855641522;384902
7855661931;384903
7855682341;384904
7855702750;384905
7855723160;384906
7855743570;384907
7855763979;384908
7855784389;384909
7855804798;384910
7855825207;384911
7855845617;384912
7855866026;384913
7855886436;384914
7855906845;384915
7855927255;384916
7855947665;384917
7855968074;384918
7855988484;384919
7856008893;384920
7856029306;384921
7856049712;384922
7856070121;384923
7856090531;384924
7856110940;384925
7856131350;384926
7856151760;384927
7856172169;384928
7856192579;384929
7856212988;384930
7856233398;384931
7856253807;384932
7856274216;384933
7856294626;384934
7856315035;384935
7856335445;384936
7856355855;384937
7856376264;384938
7856396674;384939
7856417083;384940
7856437493;384941
7856457902;384942
7856478311;384943
7856498721;384944
7856519130;384945
7856539540;384946
7856559950;384947
7856580359;384948
7856600769;384949
7856621178;384950
7856641588;384951
7856661998;384952
7856682406;384953
7856702816;384954
7856723225;384955
7856743635;384956
7856764049;384957
7856784454;384958
7856804864;384959
7856825273;384960
7856845683;384961
7856866093;384962
7856886502;384963
7856906911;384964
7856927320;384965
7856947734;384966
7856968140;384967
7856988549;384968
7857008959;384969
7857029368;384970
7857049778;384971
7857070188;384972
7857090597;384973
7857111007;384974
7857131416;384975
7857151825;384976
7857172235;384977
7857192644;384978
7857213054;384979
7857233463;384980
7857253873;384981
7857274283;384982
7857294692;384983
7857315102;384984
7857335511;384985
7857355921;384986
7857376330;384987
7857396739;384988
7857417149;384989
7857437558;384990
7857457972;384991
7857478378;384992
7857498787;384993
7857519197;384994
7857539606;384995
7857560016;384996
7857580425;384997
7857600834;384998
7857621244;384999
7857641653;385000
7857662063;385001
7857682473;385002
7857702882;385003
7857723292;385004
7857743701;385005
7857764111;385006
7857784521;385007
7857804933;385008
7857825339;385009
7857845748;385010
7857866158;385011
7857886568;385012
7857906977;385013
7857927387;385014
7857947796;385015
7857968206;385016
7857988616;385017
7858009024;385018
7858029434;385019
7858049843;385020
7858070253;385021
7858090663;385022
7858111072;385023
7858131482;385024
7858151891;385025
7858172301;385026
7858192711;385027
7858213120;385028
7858233530;385029
7858253938;385030
7858274348;385031
7858294758;385032
7858315167;385033
7858335577;385034
7858355986;385035
7858376396;385036
7858396806;385037
7858417215;385038
7858437625;385039
7858458033;385040
7858478443;385041
7858498853;385042
7858519266;385043
7858539672;385044
7858560081;385045
7858580491;385046
7858600901;385047
7858621310;385048
7858641720;385049
7858662129;385050
7858682539;385051
7858702948;385052
7858723357;385053
7858743767;385054
7858764176;385055
7858784586;385056
7858805000;385057
7858825405;385058
7858845815;385059
7858866224;385060
7858886634;385061
7858907043;385062
7858927452;385063
7858947862;385064
7858968271;385065
7858988681;385066
7859009091;385067
7859029500;385068
7859049910;385069
7859070319;385070
7859090729;385071
7859111139;385072
7859131547;385073
7859151957;385074
7859172366;385075
7859192776;385076
7859213186;385077
7859233595;385078
7859254005;385079
7859274414;385080
7859294824;385081
7859315234;385082
7859335643;385083
7859356052;385084
7859376465;385085
7859396871;385086
7859417281;385087
7859437690;385088
7859458100;385089
7859478509;385090
7859498919;385091
7859519329;385092
7859539737;385093
7859560151;385094
7859580556;385095
7859600966;385096
7859621376;385097
7859641785;385098
7859662195;385099
7859682604;385100
7859703014;385101
7859723424;385102
7859743833;385103
7859764243;385104
7859784651;385105
7859805061;385106
7859825471;385107
7859845880;385108
7859866289;385109
7859886699;385110
7859907109;385111
7859927519;385112
7859947928;385113
7859968338;385114
7859988747;385115
7860009156;385116
7860029566;385117
7860049975;385118
7860070385;385119
7860090794;385120
7860111204;385121
7860131614;385122
7860152023;385123
7860172433;385124
7860192842;385125
7860213251;385126
7860233661;385127
7860254070;385128
7860274480;385129
7860294889;385130
7860315299;385131
7860335709;385132
7860356118;385133
7860376528;385134
7860396937;385135
7860417347;385136
7860437756;385137
7860458165;385138
7860478575;385139
7860498984;385140
7860519394;385141
7860539804;385142
7860560213;385143
7860580623;385144
7860601032;385145
7860621442;385146
7860641852;385147
7860662260;385148
7860682670;385149
7860703079;385150
7860723489;385151
7860743899;385152
7860764308;385153
7860784718;385154
7860805127;385155
7860825537;385156
7860845947;385157
7860866355;385158
7860886765;385159
7860907174;385160
7860927584;385161
7860947994;385162
7860968403;385163
7860988813;385164
7861009222;385165
7861029632;385166
7861050042;385167
7861070451;385168
7861090860;385169
7861111269;385170
7861131679;385171
7861152089;385172
7861172498;385173
7861192908;385174
7861213321;385175
7861233727;385176
7861254137;385177
7861274546;385178
7861294956;385179
7861315365;385180
7861335774;385181
7861356184;385182
7861376593;385183
7861397003;385184
7861417412;385185
7861437822;385186
7861458232;385187
7861478641;385188
7861499051;385189
7861519460;385190
7861539869;385191
7861560283;385192
7861580688;385193
7861601098;385194
7861621507;385195
7861641917;385196
7861662327;385197
7861682740;385198
7861703146;385199
7861723555;385200
7861743964;385201
7861764374;385202
7861784783;385203
7861805193;385204
7861825602;385205
7861846012;385206
7861866422;385207
7861886831;385208
7861907241;385209
7861927654;385210
7861948059;385211
7861968469;385212
7861988882;385213
7862009288;385214
7862029697;385215
7862050107;385216
7862070517;385217
7862090926;385218
7862111336;385219
7862131749;385220
7862152155;385221
7862172565;385222
7862192973;385223
7862213383;385224
7862233792;385225
7862254202;385226
7862274612;385227
7862295021;385228
7862315431;385229
7862335840;385230
7862356250;385231
7862376660;385232
7862397072;385233
7862417478;385234
7862437887;385235
7862458297;385236
7862478707;385237
7862499116;385238
7862519526;385239
7862539935;385240
7862560345;385241
7862580755;385242
7862601164;385243
7862621574;385244
7862641982;385245
7862662392;385246
7862682802;385247
7862703211;385248
7862723625;385249
7862744034;385250
7862764440;385251
7862784850;385252
7862805259;385253
7862825669;385254
7862846077;385255
7862866487;385256
7862886897;385257
7862907306;385258
7862927716;385259
7862948125;385260
7862968535;385261
7862988945;385262
7863009354;385263
7863029764;385264
7863050173;385265
7863070583;385266
7863090992;385267
7863111401;385268
7863131811;385269
7863152220;385270
7863172630;385271
7863193044;385272
7863213449;385273
7863233859;385274
7863254268;385275
7863274678;385276
7863295087;385277
7863315496;385278
7863335906;385279
7863356315;385280
7863376725;385281
7863397135;385282
7863417544;385283
7863437954;385284
7863458363;385285
7863478773;385286
7863499183;385287
7863519591;385288
7863540001;385289
7863560410;385290
7863580820;385291
7863601230;385292
7863621639;385293
7863642049;385294
7863662458;385295
7863682868;385296
7863703278;385297
7863723687;385298
7863744096;385299
7863764505;385300
7863784915;385301
7863805329;385302
7863825738;385303
7863846144;385304
7863866553;385305
7863886963;385306
7863907373;385307
7863927782;385308
7863948195;385309
7863968600;385310
7863989010;385311
7864009420;385312
7864029829;385313
7864050239;385314
7864070648;385315
7864091058;385316
7864111468;385317
7864131877;385318
7864152287;385319
7864172695;385320
7864193105;385321
7864213519;385322
7864233924;385323
7864254334;385324
7864274743;385325
7864295153;385326
7864315563;385327
7864335972;385328
7864356382;385329
7864376791;385330
7864397201;385331
7864417610;385332
7864438019;385333
7864458429;385334
7864478838;385335
7864499248;385336
7864519041;385337
7864539448;385338
7864559856;385339
7864580265;385340
7864600672;385341
7864621080;385342
7864641489;385343
7864661897;385344
7864682305;385345
7864702714;385346
7864723122;385347
7864743530;385348
7864763939;385349
7864784347;385350
7864804755;385351
7864825164;385352
7864845571;385353
7864865979;385354
7864886388;385355
7864906796;385356
7864927204;385357
7864947613;385358
7864968021;385359
7864988429;385360
7865008838;385361
7865029246;385362
7865049653;385363
7865070062;385364
7865090470;385365
7865110878;385366
7865131291;385367
7865151695;385368
7865172103;385369
7865192512;385370
7865212920;385371
7865233328;385372
7865253737;385373
7865274145;385374
7865294552;385375
7865314961;385376
7865335369;385377
7865355777;385378
7865376186;385379
7865396594;385380
7865417006;385381
7865437411;385382
7865457819;385383
7865478227;385384
7865498635;385385
7865519043;385386
7865539451;385387
7865559860;385388
7865580268;385389
7865600676;385390
7865621085;385391
7865641493;385392
7865661901;385393
7865682310;385394
7865702718;385395
7865723127;385396
7865743534;385397
7865763942;385398
7865784351;385399
7865804759;385400
7865825167;385401
7865845576;385402
7865865984;385403
7865886392;385404
7865906801;385405
7865927209;385406
7865947620;385407
7865968025;385408
7865988437;385409
7866008841;385410
7866029250;385411
7866049658;385412
7866070066;385413
7866090475;385414
7866110883;385415
7866131291;385416
7866151699;385417
7866172107;385418
7866192519;385419
7866212924;385420
7866233332;385421
7866253740;385422
7866274149;385423
7866294557;385424
7866314965;385425
7866335374;385426
7866355782;385427
7866376193;385428
7866396598;385429
7866417006;385430
7866437414;385431
7866457823;385432
7866478231;385433
7866498643;385434
7866519048;385435
7866539456;385436
7866559864;385437
7866580273;385438
7866600680;385439
7866621088;385440
7866641497;385441
7866661905;385442
7866682313;385443
7866702722;385444
7866723130;385445
7866743538;385446
7866763947;385447
7866784355;385448
7866804763;385449
7866825171;385450
7866845579;385451
7866865987;385452
7866886400;385453
7866906804;385454
7866927212;385455
7866947621;385456
7866968033;385457
7866988442;385458
7867008846;385459
7867029253;385460
7867049662;385461
7867070070;385462
7867090478;385463
7867110891;385464
7867131295;385465
7867151703;385466
7867172112;385467
7867192520;385468
7867212928;385469
7867233337;385470
7867253745;385471
7867274152;385472
7867294561;385473
7867314973;385474
7867335377;385475
7867355790;385476
7867376194;385477
7867396602;385478
7867417011;385479
7867437419;385480
7867457827;385481
7867478236;385482
7867498647;385483
7867519051;385484
7867539460;385485
7867559868;385486
7867580276;385487
7867600685;385488
7867621093;385489
7867641501;385490
7867661910;385491
7867682318;385492
7867702725;385493
7867723134;385494
7867743542;385495
7867763950;385496
7867784359;385497
7867804767;385498
7867825175;385499
7867845588;385500
7867865992;385501
7867886400;385502
7867906808;385503
7867927216;385504
7867947624;385505
7867968033;385506
7867988441;385507
7868008849;385508
7868029262;385509
7868049666;385510
7868070074;385511
7868090483;385512
7868110891;385513
7868131298;385514
7868151707;385515
7868172115;385516
7868192524;385517
7868212932;385518
7868233340;385519
7868253749;385520
7868274157;385521
7868294565;385522
7868314974;385523
7868335382;385524
7868355790;385525
7868376202;385526
7868396606;385527
7868417014;385528
7868437427;385529
7868457831;385530
7868478239;385531
7868498648;385532
7868519056;385533
7868539464;385534
7868559873;385535
7868580280;385536
7868600688;385537
7868621097;385538
7868641505;385539
7868661913;385540
7868682326;385541
7868702730;385542
7868723138;385543
7868743547;385544
7868763955;385545
7868784363;385546
7868804772;385547
7868825179;385548
7868845587;385549
7868865996;385550
7868886404;385551
7868906812;385552
7868927221;385553
7868947629;385554
7868968037;385555
7868988446;385556
7869008854;385557
7869029261;385558
7869049670;385559
7869070078;385560
7869090486;385561
7869110899;385562
7869131307;385563
7869151711;385564
7869172124;385565
7869192532;385566
7869212936;385567
7869233345;385568
7869253752;385569
7869274160;385570
7869294569;385571
7869314977;385572
7869335385;385573
7869355794;385574
7869376202;385575
7869396610;385576
7869417019;385577
7869437427;385578
7869457836;385579
7869478243;385580
7869498651;385581
7869519060;385582
7869539468;385583
7869559876;385584
7869580285;385585
7869600697;385586
7869621101;385587
7869641510;385588
7869661918;385589
7869682325;385590
7869702734;385591
7869723142;385592
7869743550;385593
7869763959;385594
7869784367;385595
7869804775;385596
7869825184;385597
7869845592;385598
7869866000;385599
7869886409;385600
7869906817;385601
7869927224;385602
7869947633;385603
7869968041;385604
7869988449;385605
7870008858;385606
7870029266;385607
7870049674;385608
7870070083;385609
7870090491;385610
7870110899;385611
7870131308;385612
7870151715;385613
7870172123;385614
7870192532;385615
7870212940;385616
7870233348;385617
7870253757;385618
7870274165;385619
7870294577;385620
7870314982;385621
7870335390;385622
7870355798;385623
7870376206;385624
7870396614;385625
7870417022;385626
7870437431;385627
7870457839;385628
7870478251;385629
7870498656;385630
7870519064;385631
7870539472;385632
7870559884;385633
7870580288;385634
7870600696;385635
7870621109;385636
7870641517;385637
7870661922;385638
7870682330;385639
7870702738;385640
7870723147;385641
7870743555;385642
7870763963;385643
7870784372;385644
7870804779;385645
7870825187;385646
7870845596;385647
7870866004;385648
7870886412;385649
7870906821;385650
7870927229;385651
7870947637;385652
7870968046;385653
7870988454;385654
7871008862;385655
7871029270;385656
7871049678;385657
7871070090;385658
7871090495;385659
7871110903;385660
7871131311;385661
7871151720;385662
7871172128;385663
7871192536;385664
7871212945;385665
7871233352;385666
7871253760;385667
7871274169;385668
7871294577;385669
7871314985;385670
7871335394;385671
7871355802;385672
7871376210;385673
7871396619;385674
7871417027;385675
7871437435;385676
7871457847;385677
7871478251;385678
7871498659;385679
7871519068;385680
7871539476;385681
7871559884;385682
7871580293;385683
7871600701;385684
7871621109;385685
7871641518;385686
7871661926;385687
7871682334;385688
7871702742;385689
7871723150;385690
7871743558;385691
7871763971;385692
7871784375;385693
7871804783;385694
7871825192;385695
7871845604;385696
7871866008;385697
7871886417;385698
7871906824;385699
7871927233;385700
7871947641;385701
7871968049;385702
7871988458;385703
7872008866;385704
7872029274;385705
7872049683;385706
7872070091;385707
7872090503;385708
7872110908;385709
7872131319;385710
7872151723;385711
7872172132;385712
7872192540;385713
7872212948;385714
7872233357;385715
7872253765;385716
7872274173;385717
7872294586;385718
7872314990;385719
7872335398;385720
7872355806;385721
7872376218;385722
7872396622;385723
7872417035;385724
7872437439;385725
7872457851;385726
7872478256;385727
7872498664;385728
7872519072;385729
7872539481;385730
7872559888;385731
7872580296;385732
7872600705;385733
7872621113;385734
7872641521;385735
7872661930;385736
7872682338;385737
7872702750;385738
7872723155;385739
7872743563;385740
7872763975;385741
7872784380;385742
7872804787;385743
7872825199;385744
7872845604;385745
7872866012;385746
7872886420;385747
7872906829;385748
7872927237;385749
7872947645;385750
7872968054;385751
7872988462;385752
7873008869;385753
7873029278;385754
7873049686;385755
7873070094;385756
7873090503;385757
7873110911;385758
7873131324;385759
7873151728;385760
7873172136;385761
7873192545;385762
7873212953;385763
7873233360;385764
7873253769;385765
7873274177;385766
7873294585;385767
7873314994;385768
7873335406;385769
7873355810;385770
7873376219;385771
7873396627;385772
7873417035;385773
7873437444;385774
7873457851;385775
7873478259;385776
7873498668;385777
7873519076;385778
7873539484;385779
7873559893;385780
7873580301;385781
7873600709;385782
7873621118;385783
7873641526;385784
7873661933;385785
7873682342;385786
7873702750;385787
7873723158;385788
7873743567;385789
7873763975;385790
7873784383;385791
7873804792;385792
7873825200;385793
7873845608;385794
7873866021;385795
7873886424;385796
7873906832;385797
7873927241;385798
7873947649;385799
7873968057;385800
7873988466;385801
7874008874;385802
7874029282;385803
7874049691;385804
7874070099;385805
7874090507;385806
7874110915;385807
7874131323;385808
7874151731;385809
7874172144;385810
7874192548;385811
7874212956;385812
7874233365;385813
7874253773;385814
7874274181;385815
7874294590;385816
7874314998;385817
7874335406;385818
7874355814;385819
7874376222;385820
7874396631;385821
7874417039;385822
7874437447;385823
7874457856;385824
7874478264;385825
7874498676;385826
7874519081;385827
7874540694;385828
7874561104;385829
7874581514;385830
7874601925;385831
7874622336;385832
7874642747;385833
7874663157;385834
7874683568;385835
7874703979;385836
7874724390;385837
7874744801;385838
7874765214;385839
7874785625;385840
7874806032;385841
7874826443;385842
7874846853;385843
7874867264;385844
7874887675;385845
7874908086;385846
7874928497;385847
7874948907;385848
7874969318;385849
7874989729;385850
7875010139;385851
7875030550;385852
7875050960;385853
7875071375;385854
7875091782;385855
7875112193;385856
7875132604;385857
7875153014;385858
7875173425;385859
7875193836;385860
7875214246;385861
7875234657;385862
7875255067;385863
7875275478;385864
7875295889;385865
7875316300;385866
7875336710;385867
7875357121;385868
7875377532;385869
7875397943;385870
7875418354;385871
7875438763;385872
7875459174;385873
7875479585;385874
7875499996;385875
7875520407;385876
7875540817;385877
7875561228;385878
7875581639;385879
7875602050;385880
7875622461;385881
7875642871;385882
7875663285;385883
7875683692;385884
7875704103;385885
7875724514;385886
7875744924;385887
7875765335;385888
7875785746;385889
7875806157;385890
7875826568;385891
7875846978;385892
7875867389;385893
7875887799;385894
7875908210;385895
7875928620;385896
7875949031;385897
7875969442;385898
7875989853;385899
7876010264;385900
7876030674;385901
7876051085;385902
7876071496;385903
7876091907;385904
7876112317;385905
7876132727;385906
7876153138;385907
7876173553;385908
7876193960;385909
7876214371;385910
7876234781;385911
7876255192;385912
7876275603;385913
7876296014;385914
7876316425;385915
7876336834;385916
7876357245;385917
7876377656;385918
7876398067;385919
7876418477;385920
7876438888;385921
7876459299;385922
7876479714;385923
7876500121;385924
7876520531;385925
7876540941;385926
7876561352;385927
7876581763;385928
7876602174;385929
7876622584;385930
7876642995;385931
7876663406;385932
7876683817;385933
7876704228;385934
7876724638;385935
7876745049;385936
7876765459;385937
7876785870;385938
7876806281;385939
7876826691;385940
7876847102;385941
7876867513;385942
7876887924;385943
7876908335;385944
7876928745;385945
7876949156;385946
7876969567;385947
7876989977;385948
7877010387;385949
7877030798;385950
7877051209;385951
7877071620;385952
7877092031;385953
7877112441;385954
7877132852;385955
7877153263;385956
7877173674;385957
7877194088;385958
7877214494;385959
7877234905;385960
7877255316;385961
7877275727;385962
7877296138;385963
7877316548;385964
7877336959;385965
7877357370;385966
7877377781;385967
7877398192;385968
7877418602;385969
7877439013;385970
7877459423;385971
7877479834;385972
7877500244;385973
7877520655;385974
7877541066;385975
7877561477;385976
7877581888;385977
7877602298;385978
7877622709;385979
7877643119;385980
7877663530;385981
7877683941;385982
7877704351;385983
7877724762;385984
7877745173;385985
7877765584;385986
7877785995;385987
7877806405;385988
7877826816;385989
7877847227;385990
7877867641;385991
7877888048;385992
7877908458;385993
7877928869;385994
7877949280;385995
7877969691;385996
7877990102;385997
7878010512;385998
7878030923;385999
7878051334;386000
7878071745;386001
7878092154;386002
7878112565;386003
7878132976;386004
7878153387;386005
7878173798;386006
7878194208;386007
7878214619;386008
7878235030;386009
7878255441;386010
7878275852;386011
7878296261;386012
7878316673;386013
7878337083;386014
7878357494;386015
7878377905;386016
7878398319;386017
7878418726;386018
7878439137;386019
7878459548;386020
7878479959;386021
7878500369;386022
7878520780;386023
7878541190;386024
7878561601;386025
7878582011;386026
7878602422;386027
7878622833;386028
7878643244;386029
7878663655;386030
7878684065;386031
7878704476;386032
7878724887;386033
7878745298;386034
7878765708;386035
7878786118;386036
7878806529;386037
7878826940;386038
7878847351;386039
7878867762;386040
7878888172;386041
7878908583;386042
7878928994;386043
7878949409;386044
7878969816;386045
7878990225;386046
7879010636;386047
7879031047;386048
7879051458;386049
7879071869;386050
7879092279;386051
7879112690;386052
7879133101;386053
7879153512;386054
7879173922;386055
7879194336;386056
7879214743;386057
7879235154;386058
7879255565;386059
7879275975;386060
7879296390;386061
7879316797;386062
7879337208;386063
7879357619;386064
7879378029;386065
7879398440;386066
7879418851;386067
7879439261;386068
7879459672;386069
7879480082;386070
7879500493;386071
7879520904;386072
7879541315;386073
7879561726;386074
7879582136;386075
7879602547;386076
7879622958;386077
7879643369;386078
7879663778;386079
7879684189;386080
7879704600;386081
7879725011;386082
7879745422;386083
7879765832;386084
7879786243;386085
7879806654;386086
7879827065;386087
7879847476;386088
7879867886;386089
7879888296;386090
7879908707;386091
7879929118;386092
7879949529;386093
7879969939;386094
7879990350;386095
7880010761;386096
7880031176;386097
7880051587;386098
7880071993;386099
7880092403;386100
7880112814;386101
7880133225;386102
7880153636;386103
7880174046;386104
7880194457;386105
7880214868;386106
7880235279;386107
7880255689;386108
7880276100;386109
7880296511;386110
7880316921;386111
7880337332;386112
7880357742;386113
7880378153;386114
7880398564;386115
7880418975;386116
7880439386;386117
7880459796;386118
7880480207;386119
7880500618;386120
7880521029;386121
7880541439;386122
7880561849;386123
7880582260;386124
7880602671;386125
7880623082;386126
7880643493;386127
7880663903;386128
7880684314;386129
7880704725;386130
7880725136;386131
7880745546;386132
7880765956;386133
7880786367;386134
7880806778;386135
7880827189;386136
7880847599;386137
7880868010;386138
7880888421;386139
7880908832;386140
7880929243;386141
7880949653;386142
7880970063;386143
7880990474;386144
7881010885;386145
7881031296;386146
7881051706;386147
7881072117;386148
7881092528;386149
7881112939;386150
7881133354;386151
7881153760;386152
7881174171;386153
7881194581;386154
7881214992;386155
7881235403;386156
7881255813;386157
7881276224;386158
7881296635;386159
7881317046;386160
7881337456;386161
7881357867;386162
7881378278;386163
7881398689;386164
7881419099;386165
7881439509;386166
7881459920;386167
7881480331;386168
7881500742;386169
7881521153;386170
7881541563;386171
7881561978;386172
7881582385;386173
7881602796;386174
7881623206;386175
7881643616;386176
7881664027;386177
7881684438;386178
7881704849;386179
7881725260;386180
7881745674;386181
7881766081;386182
7881786492;386183
7881806903;386184
7881827313;386185
7881847723;386186
7881868134;386187
7881888545;386188
7881908956;386189
7881929366;386190
7881949777;386191
7881970188;386192
7881990598;386193
7882011010;386194
7882031420;386195
7882051831;386196
7882072241;386197
7882092652;386198
7882113063;386199
7882133473;386200
7882153884;386201
7882174295;386202
7882194706;386203
7882215117;386204
7882235527;386205
7882255938;386206
7882276349;386207
7882296759;386208
7882317170;386209
7882337580;386210
7882357991;386211
7882378402;386212
7882398813;386213
7882419223;386214
7882439634;386215
7882460049;386216
7882480456;386217
7882500867;386218
7882521276;386219
7882541687;386220
7882562098;386221
7882582509;386222
7882602920;386223
7882623330;386224
7882643741;386225
7882664152;386226
7882684567;386227
7882704974;386228
7882725383;386229
7882745794;386230
7882766205;386231
7882786616;386232
7882807027;386233
7882827437;386234
7882847848;386235
7882868259;386236
7882888670;386237
7882909080;386238
7882929491;386239
7882949902;386240
7882970316;386241
7882990723;386242
7883011133;386243
7883031544;386244
7883051955;386245
7883072366;386246
7883092777;386247
7883113187;386248
7883133598;386249
7883154009;386250
7883174419;386251
7883194830;386252
7883215244;386253
7883235651;386254
7883256062;386255
7883276473;386256
7883296884;386257
7883317294;386258
7883337705;386259
7883358116;386260
7883378527;386261
7883398937;386262
7883419347;386263
7883439758;386264
7883460173;386265
7883480584;386266
7883500990;386267
7883521401;386268
7883541812;386269
7883562223;386270
7883582634;386271
7883603044;386272
7883623454;386273
7883643865;386274
7883664276;386275
7883684687;386276
7883705097;386277
7883725508;386278
7883745919;386279
7883766330;386280
7883786741;386281
7883807151;386282
7883827562;386283
7883847972;386284
7883868383;386285
7883888794;386286
7883909204;386287
7883929615;386288
7883950026;386289
7883970437;386290
7883990847;386291
7884011258;386292
7884031669;386293
7884052080;386294
7884072490;386295
7884092904;386296
7884113311;386297
7884133722;386298
7884154133;386299
7884174544;386300
7884194954;386301
7884215365;386302
7884235776;386303
7884256187;386304
7884276598;386305
7884297011;386306
7884317418;386307
7884337829;386308
7884358240;386309
7884378651;386310
7884399061;386311
7884419472;386312
7884439883;386313
7884460294;386314
7884480708;386315
7884501115;386316
7884521525;386317
7884541349;386318
7884561758;386319
7884582168;386320
7884602577;386321
7884622987;386322
7884643397;386323
7884663806;386324
7884684216;386325
7884704625;386326
7884725035;386327
7884745443;386328
7884765853;386329
7884786263;386330
7884806672;386331
7884827082;386332
7884847491;386333
7884867901;386334
7884888311;386335
7884908720;386336
7884929130;386337
7884949539;386338
7884969948;386339
7884990358;386340
7885010767;386341
7885031177;386342
7885051586;386343
7885072000;386344
7885092406;386345
7885112815;386346
7885133225;386347
7885153634;386348
7885174043;386349
7885194453;386350
7885214862;386351
7885235272;386352
7885255681;386353
7885276095;386354
7885296501;386355
7885316910;386356
7885337324;386357
7885357729;386358
7885378139;386359
7885398548;386360
7885418957;386361
7885439367;386362
7885459776;386363
7885480186;386364
7885500595;386365
7885521005;386366
7885541415;386367
7885561824;386368
7885582234;386369
7885602643;386370
7885623052;386371
7885643462;386372
7885663871;386373
7885684285;386374
7885704690;386375
7885725100;386376
7885745514;386377
7885765919;386378
7885786333;386379
7885806738;386380
7885827148;386381
7885847557;386382
7885867966;386383
7885888380;386384
7885908785;386385
7885929199;386386
7885949605;386387
7885970014;386388
7885990424;386389
7886010833;386390
7886031243;386391
7886051652;386392
7886072065;386393
7886092471;386394
7886112880;386395
7886133290;386396
7886153699;386397
7886174109;386398
7886194519;386399
7886214928;386400
7886235338;386401
7886255747;386402
7886276157;386403
7886296566;386404
7886316975;386405
7886337385;386406
7886357794;386407
7886378204;386408
7886398618;386409
7886419023;386410
7886439433;386411
7886459842;386412
7886480252;386413
7886500665;386414
7886521071;386415
7886541480;386416
7886561889;386417
7886582299;386418
7886602709;386419
7886623122;386420
7886643528;386421
7886663941;386422
7886684347;386423
7886704756;386424
7886725166;386425
7886745575;386426
7886765984;386427
7886786394;386428
7886806803;386429
7886827213;386430
7886847623;386431
7886868032;386432
7886888442;386433
7886908851;386434
7886929261;386435
7886949671;386436
7886970079;386437
7886990493;386438
7887010902;386439
7887031308;386440
7887051718;386441
7887072127;386442
7887092537;386443
7887112946;386444
7887133356;386445
7887153766;386446
7887174175;386447
7887194584;386448
7887214993;386449
7887235403;386450
7887255813;386451
7887276222;386452
7887296632;386453
7887317041;386454
7887337451;386455
7887357860;386456
7887378270;386457
7887398684;386458
7887419092;386459
7887439498;386460
7887459911;386461
7887480317;386462
7887500727;386463
7887521136;386464
7887541546;386465
7887561955;386466
7887582365;386467
7887602775;386468
7887623187;386469
7887643593;386470
7887664002;386471
7887684412;386472
7887704822;386473
7887725231;386474
7887745641;386475
7887766050;386476
7887786460;386477
7887806870;386478
7887827279;386479
7887847689;386480
7887868097;386481
7887888507;386482
7887908917;386483
7887929326;386484
7887949736;386485
7887970145;386486
7887990555;386487
7888010964;386488
7888031374;386489
7888051784;386490
7888072193;386491
7888092602;386492
7888113011;386493
7888133421;386494
7888153831;386495
7888174240;386496
7888194650;386497
7888215059;386498
7888235469;386499
7888255879;386500
7888276288;386501
7888296698;386502
7888317106;386503
7888337516;386504
7888357926;386505
7888378335;386506
7888398745;386507
7888419154;386508
7888439564;386509
7888459974;386510
7888480383;386511
7888500793;386512
7888521202;386513
7888541611;386514
7888562025;386515
7888582430;386516
7888602840;386517
7888623249;386518
7888643659;386519
7888664072;386520
7888684478;386521
7888704892;386522
7888725297;386523
7888745707;386524
7888766115;386525
7888786525;386526
7888806935;386527
7888827344;386528
7888847754;386529
7888868163;386530
7888888573;386531
7888908983;386532
7888929392;386533
7888949802;386534
7888970210;386535
7888990620;386536
7889011030;386537
7889031439;386538
7889051849;386539
7889072258;386540
7889092668;386541
7889113078;386542
7889133487;386543
7889153897;386544
7889174306;386545
7889194715;386546
7889215125;386547
7889235534;386548
7889255944;386549
7889276353;386550
7889296763;386551
7889317173;386552
7889337582;386553
7889357992;386554
7889378401;386555
7889398811;386556
7889419219;386557
7889439629;386558
7889460039;386559
7889480448;386560
7889500862;386561
7889521267;386562
7889541677;386563
7889562087;386564
7889582496;386565
7889602906;386566
7889623315;386567
7889643725;386568
7889664134;386569
7889684547;386570
7889704953;386571
7889725366;386572
7889745772;386573
7889766182;386574
7889786591;386575
7889807001;386576
7889827414;386577
7889847819;386578
7889868229;386579
7889888638;386580
7889909048;386581
7889929457;386582
7889949867;386583
7889970277;386584
7889990686;386585
7890011096;386586
7890031505;386587
7890051915;386588
7890072323;386589
7890092733;386590
7890113143;386591
7890133552;386592
7890153962;386593
7890174371;386594
7890194781;386595
7890215195;386596
7890235600;386597
7890256010;386598
7890276423;386599
7890296828;386600
7890317242;386601
7890337647;386602
7890358057;386603
7890378466;386604
7890398876;386605
7890419286;386606
7890439695;386607
7890460105;386608
7890480514;386609
7890500924;386610
7890521334;386611
7890541742;386612
7890562152;386613
7890582561;386614
7890602971;386615
7890623381;386616
7890643790;386617
7890664200;386618
7890684609;386619
7890705023;386620
7890725428;386621
7890745837;386622
7890766247;386623
7890786656;386624
7890807066;386625
7890827475;386626
7890847885;386627
7890868295;386628
7890888704;386629
7890909114;386630
7890929523;386631
7890949933;386632
7890970342;386633
7890990755;386634
7891011161;386635
7891031570;386636
7891051980;386637
7891072390;386638
7891092799;386639
7891113209;386640
7891133618;386641
7891154028;386642
7891174437;386643
7891194846;386644
7891215256;386645
7891235665;386646
7891256075;386647
7891276485;386648
7891296894;386649
7891317304;386650
7891337713;386651
7891358127;386652
7891378532;386653
7891398941;386654
7891419351;386655
7891439760;386656
7891460170;386657
7891480579;386658
7891500989;386659
7891521399;386660
7891541808;386661
7891562218;386662
7891582627;386663
7891603037;386664
7891623447;386665
7891643855;386666
7891664265;386667
7891684674;386668
7891705084;386669
7891725494;386670
7891745903;386671
7891766317;386672
7891786722;386673
7891807132;386674
7891827542;386675
7891847951;386676
7891868360;386677
7891888769;386678
7891909179;386679
7891929589;386680
7891949998;386681
7891970408;386682
7891990817;386683
7892011227;386684
7892031636;386685
7892052046;386686
7892072455;386687
7892092864;386688
7892113274;386689
7892133683;386690
7892154093;386691
7892174503;386692
7892194912;386693
7892215322;386694
7892235731;386695
7892256141;386696
7892276551;386697
7892296959;386698
7892317373;386699
7892337778;386700
7892358188;386701
7892378598;386702
7892399007;386703
7892419417;386704
7892439826;386705
7892460236;386706
7892480646;386707
7892501054;386708
7892521464;386709
7892541873;386710
7892562283;386711
7892582693;386712
7892603102;386713
7892623512;386714
7892643921;386715
7892664331;386716
7892684740;386717
7892705150;386718
7892725559;386719
7892745968;386720
7892766378;386721
7892786791;386722
7892807197;386723
7892827607;386724
7892848016;386725
7892868426;386726
7892888835;386727
7892909245;386728
7892929655;386729
7892950067;386730
7892970473;386731
7892990882;386732
7893011292;386733
7893031702;386734
7893052111;386735
7893072521;386736
7893092930;386737
7893113340;386738
7893133750;386739
7893154159;386740
7893174572;386741
7893194977;386742
7893215387;386743
7893235797;386744
7893256206;386745
7893276616;386746
7893297025;386747
7893317435;386748
7893337844;386749
7893358254;386750
7893378664;386751
7893399072;386752
7893419482;386753
7893439891;386754
7893460301;386755
7893480711;386756
7893501120;386757
7893521530;386758
7893541939;386759
7893562349;386760
7893582759;386761
7893603167;386762
7893623577;386763
7893643986;386764
7893664396;386765
7893684806;386766
7893705215;386767
7893725625;386768
7893746034;386769
7893766444;386770
7893786854;386771
7893807263;386772
7893827673;386773
7893848081;386774
7893868491;386775
7893888901;386776
7893909310;386777
7893929720;386778
7893950129;386779
7893970539;386780
7893990949;386781
7894011358;386782
7894031768;386783
7894052176;386784
7894072586;386785
7894092995;386786
7894113405;386787
7894133815;386788
7894154224;386789
7894174638;386790
7894195043;386791
7894215453;386792
7894235863;386793
7894256272;386794
7894276681;386795
7894297090;386796
7894317500;386797
7894337910;386798
7894358323;386799
7894378729;386800
7894399138;386801
7894419548;386802
7894439958;386803
7894460367;386804
7894480780;386805
7894501185;386806
7894521595;386807
7894541974;386808
7894562383;386809
7894582793;386810
7894603202;386811
7894623612;386812
7894644021;386813
7894664431;386814
7894684840;386815
7894705250;386816
7894725658;386817
7894746068;386818
7894766477;386819
7894786887;386820
7894807296;386821
7894827706;386822
7894848115;386823
7894868525;386824
7894888935;386825
7894909348;386826
7894929754;386827
7894950162;386828
7894970576;386829
7894990981;386830
7895011391;386831
7895031800;386832
7895052210;386833
7895072619;386834
7895093029;386835
7895113438;386836
7895133848;386837
7895154257;386838
7895174667;386839
7895195076;386840
7895215485;386841
7895235895;386842
7895256308;386843
7895276714;386844
7895297123;386845
7895317533;386846
7895337942;386847
7895358352;386848
7895378764;386849
7895399170;386850
7895419579;386851
7895439989;386852
7895460398;386853
7895480808;386854
7895501217;386855
7895521627;386856
7895542037;386857
7895562446;386858
7895582856;386859
7895603265;386860
7895623674;386861
7895644087;386862
7895664493;386863
7895684906;386864
7895705312;386865
7895725721;386866
7895746131;386867
7895766540;386868
7895786950;386869
7895807359;386870
7895827772;386871
7895848177;386872
7895868587;386873
7895888997;386874
7895909406;386875
7895929816;386876
7895950225;386877
7895970635;386878
7895991044;386879
7896011454;386880
7896031863;386881
7896052273;386882
7896072681;386883
7896093091;386884
7896113500;386885
7896133914;386886
7896154319;386887
7896174729;386888
7896195139;386889
7896215548;386890
7896235958;386891
7896256367;386892
7896276777;386893
7896297186;386894
7896317595;386895
7896338004;386896
7896358414;386897
7896378823;386898
7896399237;386899
7896419642;386900
7896440052;386901
7896460461;386902
7896480871;386903
7896501280;386904
7896521689;386905
7896542099;386906
7896562508;386907
7896582918;386908
7896603331;386909
7896623737;386910
7896644146;386911
7896664556;386912
7896684965;386913
7896705375;386914
7896725783;386915
7896746197;386916
7896766602;386917
7896787012;386918
7896807421;386919
7896827831;386920
7896848240;386921
7896868650;386922
7896889060;386923
7896909469;386924
7896929879;386925
7896950287;386926
7896970697;386927
7896991106;386928
7897011516;386929
7897031925;386930
7897052335;386931
7897072744;386932
7897093154;386933
7897113563;386934
7897133973;386935
7897154382;386936
7897174791;386937
7897195201;386938
7897215610;386939
7897236020;386940
7897256429;386941
7897276839;386942
7897297248;386943
7897317658;386944
7897338067;386945
7897358477;386946
7897378886;386947
7897399295;386948
7897419704;386949
7897440114;386950
7897460523;386951
7897480933;386952
7897501342;386953
7897521752;386954
7897542162;386955
7897562571;386956
7897582981;386957
7897603390;386958
7897623800;386959
7897644208;386960
7897664618;386961
7897685027;386962
7897705437;386963
7897725846;386964
7897746256;386965
7897766665;386966
7897787075;386967
7897807484;386968
7897827898;386969
7897848303;386970
7897868712;386971
7897889122;386972
7897909531;386973
7897929941;386974
7897950350;386975
7897970760;386976
7897991169;386977
7898011579;386978
7898031988;386979
7898052398;386980
7898072806;386981
7898093216;386982
7898113625;386983
7898134035;386984
7898154444;386985
7898174854;386986
7898195264;386987
7898215673;386988
7898236083;386989
7898256492;386990
7898276902;386991
7898297310;386992
7898317720;386993
7898338129;386994
7898358539;386995
7898378948;386996
7898399358;386997
7898419767;386998
7898440177;386999
7898460586;387000
7898480996;387001
7898501405;387002
7898521814;387003
7898542228;387004
7898562633;387005
7898583043;387006
7898603452;387007
7898623862;387008
7898644271;387009
7898664681;387010
7898685090;387011
7898705500;387012
7898725909;387013
7898746318;387014
7898766727;387015
7898787137;387016
7898807546;387017
7898827956;387018
7898848365;387019
7898868775;387020
7898889185;387021
7898909598;387022
7898930004;387023
7898950413;387024
7898970822;387025
7898991231;387026
7899011641;387027
7899032050;387028
7899052460;387029
7899072869;387030
7899093279;387031
7899113692;387032
7899134098;387033
7899154507;387034
7899174917;387035
7899195330;387036
7899215735;387037
7899236145;387038
7899256554;387039
7899276964;387040
7899297373;387041
7899317783;387042
7899338192;387043
7899358602;387044
7899379011;387045
7899399421;387046
7899419829;387047
7899440239;387048
7899460648;387049
7899481058;387050
7899501467;387051
7899521877;387052
7899542287;387053
7899562696;387054
7899583106;387055
7899603515;387056
7899623925;387057
7899644333;387058
7899664743;387059
7899685152;387060
7899705562;387061
7899725971;387062
7899746381;387063
7899766790;387064
7899787200;387065
7899807609;387066
7899828019;387067
7899848428;387068
7899868837;387069
7899889247;387070
7899909656;387071
7899930066;387072
7899950475;387073
7899970885;387074
7899991294;387075
7900011704;387076
7900032113;387077
7900052523;387078
7900072932;387079
7900093345;387080
7900113750;387081
7900134160;387082
7900154569;387083
7900174979;387084
7900195389;387085
7900215798;387086
7900236208;387087
7900256617;387088
7900277027;387089
7900297436;387090
7900317845;387091
7900338254;387092
7900358664;387093
7900379073;387094
7900399483;387095
7900419892;387096
7900440302;387097
7900460711;387098
7900481121;387099
7900501530;387100
7900521940;387101
7900542349;387102
7900562758;387103
7900583168;387104
7900603577;387105
7900623987;387106
7900644396;387107
7900664806;387108
7900685215;387109
7900705625;387110
7900726034;387111
7900746443;387112
7900766856;387113
7900787266;387114
7900807671;387115
7900828081;387116
7900848494;387117
7900868900;387118
7900889310;387119
7900909719;387120
7900930129;387121
7900950538;387122
7900970947;387123
7900991356;387124
7901011770;387125
7901032175;387126
7901052585;387127
7901072994;387128
7901093404;387129
7901113813;387130
7901134223;387131
7901154636;387132
7901175042;387133
7901195451;387134
7901215860;387135
7901236270;387136
7901256679;387137
7901277089;387138
7901297502;387139
7901317908;387140
7901338317;387141
7901358727;387142
7901379136;387143
7901399546;387144
7901419954;387145
7901440364;387146
7901460773;387147
7901481183;387148
7901501592;387149
7901522002;387150
7901542412;387151
7901562821;387152
7901583231;387153
7901603640;387154
7901624050;387155
7901644458;387156
7901664868;387157
7901685277;387158
7901705687;387159
7901726096;387160
7901746506;387161
7901766915;387162
7901787329;387163
7901807738;387164
7901828144;387165
7901848553;387166
7901868966;387167
7901889372;387168
7901909781;387169
7901930191;387170
7901950600;387171
7901971010;387172
7901991419;387173
7902011829;387174
7902032238;387175
7902052648;387176
7902073057;387177
7902093470;387178
7902113875;387179
7902134285;387180
7902154694;387181
7902175104;387182
7902195514;387183
7902215923;387184
7902236333;387185
7902256742;387186
7902277152;387187
7902297560;387188
7902317974;387189
7902338379;387190
7902358789;387191
7902379198;387192
7902399608;387193
7902420017;387194
7902440427;387195
7902460836;387196
7902481246;387197
7902501655;387198
7902522064;387199
7902542474;387200
7902562883;387201
7902583293;387202
7902603702;387203
7902624112;387204
7902644521;387205
7902664931;387206
7902685340;387207
7902705750;387208
7902726158;387209
7902746569;387210
7902766977;387211
7902787387;387212
7902807796;387213
7902828206;387214
7902848615;387215
7902869025;387216
