7829215638;383617
7829236047;383618
7829256456;383619
7829276869;383620
7829297273;383621
7829317683;383622
7829338091;383623
7829358500;383624
7829378909;383625
7829399318;383626
7829419732;383627
7829440136;383628
7829460545;383629
7829480954;383630
7829501363;383631
7829521772;383632
7829542181;383633
7829562589;383634
7829582999;383635
7829603407;383636
7829623816;383637
7829644229;383638
7829664634;383639
7829685043;383640
7829705452;383641
7829725860;383642
7829746270;383643
7829766678;383644
7829787088;383645
7829807496;383646
7829827905;383647
7829848314;383648
7829868723;383649
7829889133;383650
7829909541;383651
7829929950;383652
7829950359;383653
7829970768;383654
7829991177;383655
7830011586;383656
7830031994;383657
7830052404;383658
7830072812;383659
7830093221;383660
7830113630;383661
7830134039;383662
7830154448;383663
7830174857;383664
7830195265;383665
7830215675;383666
7830236083;383667
7830256493;383668
7830276901;383669
7830297310;383670
7830317719;383671
7830338128;383672
7830358540;383673
7830378946;383674
7830399359;383675
7830419764;383676
7830440173;383677
7830460581;383678
7830480991;383679
7830501399;383680
7830521809;383681
7830542217;383682
7830562627;383683
7830583035;383684
7830603448;383685
7830623853;383686
7830644266;383687
7830664674;383688
7830685080;383689
7830705488;383690
7830725898;383691
7830746306;383692
7830766715;383693
7830787124;383694
7830807533;383695
7830827942;383696
7830848351;383697
7830868763;383698
7830889169;383699
7830909578;383700
7830929987;383701
7830950396;383702
7830970804;383703
7830991214;383704
7831011622;383705
7831032031;383706
7831052440;383707
7831072849;383708
7831093258;383709
7831113667;383710
7831134075;383711
7831154485;383712
7831174893;383713
7831195303;383714
7831215711;383715
7831236120;383716
7831256533;383717
7831276942;383718
7831297346;383719
7831317756;383720
7831338164;383721
7831358574;383722
7831378982;383723
7831399391;383724
7831419801;383725
7831440209;383726
7831460619;383727
7831481027;383728
7831501436;383729
7831521845;383730
7831542258;383731
7831562663;383732
7831583072;383733
7831603480;383734
7831623890;383735
7831644298;383736
7831664708;383737
7831685116;383738
7831705529;383739
7831725938;383740
7831746343;383741
7831766752;383742
7831787161;383743
7831807569;383744
7831827979;383745
7831848387;383746
7831868797;383747
7831889206;383748
7831909614;383749
7831930024;383750
7831950432;383751
7831970841;383752
7831991250;383753
7832011659;383754
7832032068;383755
7832052477;383756
7832072885;383757
7832093299;383758
7832113707;383759
7832134113;383760
7832154525;383761
7832174930;383762
7832195339;383763
7832215748;383764
7832236157;383765
7832256566;383766
7832276974;383767
7832297384;383768
7832317796;383769
7832338202;383770
7832358610;383771
7832379019;383772
7832399429;383773
7832419841;383774
7832440246;383775
7832460655;383776
7832481064;383777
7832501473;383778
7832521882;383779
7832542290;383780
7832562700;383781
7832583108;383782
7832603518;383783
7832623926;383784
7832644335;383785
7832664744;383786
7832685153;383787
7832705561;383788
7832725971;383789
7832746379;383790
7832766789;383791
7832787197;383792
7832807606;383793
7832828015;383794
7832848424;383795
7832868837;383796
7832889242;383797
7832909651;383798
7832930060;383799
7832950469;383800
7832970878;383801
7832991287;383802
7833011699;383803
7833032105;383804
7833052513;383805
7833072923;383806
7833093331;383807
7833113740;383808
7833134149;383809
7833154562;383810
7833174966;383811
7833195380;383812
7833215784;383813
7833236194;383814
7833256602;383815
7833277011;383816
7833297420;383817
7833317829;383818
7833338238;383819
7833358647;383820
7833379055;383821
7833399465;383822
7833419874;383823
7833440283;383824
7833460692;383825
7833481100;383826
7833501510;383827
7833521918;383828
7833542327;383829
7833562736;383830
7833583145;383831
7833603554;383832
7833623963;383833
7833644371;383834
7833664781;383835
7833685193;383836
7833705599;383837
7833726007;383838
7833746420;383839
7833766829;383840
7833787238;383841
7833807643;383842
7833828052;383843
7833848460;383844
7833868870;383845
7833889279;383846
7833909688;383847
7833930097;383848
7833950505;383849
7833970915;383850
7833991323;383851
7834011732;383852
7834032141;383853
7834052550;383854
7834072959;383855
7834093368;383856
7834113776;383857
7834134186;383858
7834154594;383859
7834175004;383860
7834195412;383861
7834215821;383862
7834236230;383863
7834256639;383864
7834277048;383865
7834297457;383866
7834317865;383867
7834338275;383868
7834358683;383869
7834379093;383870
7834399502;383871
7834419910;383872
7834440320;383873
7834460728;383874
7834481138;383875
7834501546;383876
7834521976;383877
7834542385;383878
7834562794;383879
7834583203;383880
7834603612;383881
7834624020;383882
7834644434;383883
7834664843;383884
7834685247;383885
7834705661;383886
7834726065;383887
7834746475;383888
7834766883;383889
7834787292;383890
7834807702;383891
7834828110;383892
7834848520;383893
7834868928;383894
7834889337;383895
7834909746;383896
7834930159;383897
7834950564;383898
7834970973;383899
7834991382;383900
7835011791;383901
7835032200;383902
7835052608;383903
7835073018;383904
7835093426;383905
7835113836;383906
7835134245;383907
7835154657;383908
7835175063;383909
7835195471;383910
7835215881;383911
7835236289;383912
7835256698;383913
7835277107;383914
7835297516;383915
7835317926;383916
7835338334;383917
7835358743;383918
7835379152;383919
7835399561;383920
7835419969;383921
7835440379;383922
7835460788;383923
7835481197;383924
7835501606;383925
7835522014;383926
7835542424;383927
7835562832;383928
7835583242;383929
7835603650;383930
7835624063;383931
7835644469;383932
7835664877;383933
7835685291;383934
7835705695;383935
7835726104;383936
7835746513;383937
7835766922;383938
7835787335;383939
7835807740;383940
7835828149;383941
7835848558;383942
7835868967;383943
7835889375;383944
7835909785;383945
7835930194;383946
7835950603;383947
7835971012;383948
7835991420;383949
7836011834;383950
7836032238;383951
7836052648;383952
7836073056;383953
7836093465;383954
7836113875;383955
7836134283;383956
7836154693;383957
7836175101;383958
7836195510;383959
7836215919;383960
7836236328;383961
7836256737;383962
7836277146;383963
7836297555;383964
7836317964;383965
7836338373;383966
7836358781;383967
7836379191;383968
7836399599;383969
7836420009;383970
7836440418;383971
7836460826;383972
7836481236;383973
7836501644;383974
7836522054;383975
7836542462;383976
7836562871;383977
7836583281;383978
7836603689;383979
7836624099;383980
7836644507;383981
7836664916;383982
7836685325;383983
7836705734;383984
7836726143;383985
7836746552;383986
7836766961;383987
7836787370;383988
7836807779;383989
7836828187;383990
7836848597;383991
7836869005;383992
7836889415;383993
7836909824;383994
7836930232;383995
7836950646;383996
7836971050;383997
7836991460;383998
7837011868;383999
7837032277;384000
7837052686;384001
7837073095;384002
7837093504;384003
7837113913;384004
7837134326;384005
7837154731;384006
7837175140;384007
7837195549;384008
7837215958;384009
7837236367;384010
7837256776;384011
7837277185;384012
7837297593;384013
7837318003;384014
7837338411;384015
7837358821;384016
7837379230;384017
7837399638;384018
7837420048;384019
7837440456;384020
7837460866;384021
7837481274;384022
7837501687;384023
7837522092;384024
7837542501;384025
7837562910;384026
7837583319;384027
7837603732;384028
7837624137;384029
7837644546;384030
7837664954;384031
7837685364;384032
7837705773;384033
7837726182;384034
7837746591;384035
7837766999;384036
7837787409;384037
7837807817;384038
7837828227;384039
7837848635;384040
7837869044;384041
7837889454;384042
7837909862;384043
7837930272;384044
7837950680;384045
7837971089;384046
7837991498;384047
7838011907;384048
7838032316;384049
7838052725;384050
7838073134;384051
7838093543;384052
7838113952;384053
7838134360;384054
7838154770;384055
7838175178;384056
7838195588;384057
7838215997;384058
7838236405;384059
7838256815;384060
7838277223;384061
7838297633;384062
7838318041;384063
7838338450;384064
7838358860;384065
7838379268;384066
7838399677;384067
7838420086;384068
7838440495;384069
7838460904;384070
7838481313;384071
7838501721;384072
7838522135;384073
7838542540;384074
7838562949;384075
7838583358;384076
7838603766;384077
7838624176;384078
7838644584;384079
7838664994;384080
7838685403;384081
7838705811;384082
7838726221;384083
7838746629;384084
7838767038;384085
7838787451;384086
7838807856;384087
7838828265;384088
7838848674;384089
7838869083;384090
7838889492;384091
7838909901;384092
7838930310;384093
7838950723;384094
7838971127;384095
7838991537;384096
7839011946;384097
7839032358;384098
7839052764;384099
7839073172;384100
7839093582;384101
7839113990;384102
7839134399;384103
7839154809;384104
7839175217;384105
7839195627;384106
7839216035;384107
7839236444;384108
7839256857;384109
7839277262;384110
7839297671;384111
7839318080;384112
7839338489;384113
7839358898;384114
7839379307;384115
7839399716;384116
7839420125;384117
7839440533;384118
7839460943;384119
7839481352;384120
7839501761;384121
7839522170;384122
7839542582;384123
7839562988;384124
7839583396;384125
7839603806;384126
7839624217;384127
7839644623;384128
7839665033;384129
7839685441;384130
7839705851;384131
7839726259;384132
7839746668;384133
7839767077;384134
7839787486;384135
7839807895;384136
7839828304;384137
7839848713;384138
7839869122;384139
7839889531;384140
7839909939;384141
7839930349;384142
7839950757;384143
7839971171;384144
7839991576;384145
7840011984;384146
7840032394;384147
7840052802;384148
7840073212;384149
7840093620;384150
7840114033;384151
7840134443;384152
7840154847;384153
7840175257;384154
7840195665;384155
7840216074;384156
7840236483;384157
7840256892;384158
7840277304;384159
7840297710;384160
7840318123;384161
7840338528;384162
7840358937;384163
7840379345;384164
7840399755;384165
7840420163;384166
7840440573;384167
7840460982;384168
7840481390;384169
7840501800;384170
7840522208;384171
7840542618;384172
7840563026;384173
7840583435;384174
7840603844;384175
7840624253;384176
7840644662;384177
7840665071;384178
7840685480;384179
7840705889;384180
7840726298;384181
7840746706;384182
7840767116;384183
7840787525;384184
7840807934;384185
7840828343;384186
7840848751;384187
7840869161;384188
7840889569;384189
7840909979;384190
7840930388;384191
7840950800;384192
7840971206;384193
7840991614;384194
7841012024;384195
7841032436;384196
7841052841;384197
7841073250;384198
7841093659;384199
7841114069;384200
7841134477;384201
7841154886;384202
7841175295;384203
7841195704;384204
7841216116;384205
7841236522;384206
7841256935;384207
7841277340;384208
7841297753;384209
7841318161;384210
7841338567;384211
7841358975;384212
7841379384;384213
7841399793;384214
7841420202;384215
7841440612;384216
7841461020;384217
7841481429;384218
7841501838;384219
7841522251;384220
7841542656;384221
7841563065;384222
7841583474;384223
7841603883;384224
7841624296;384225
7841644701;384226
7841665110;384227
7841685518;384228
7841705928;384229
7841726340;384230
7841746746;384231
7841767155;384232
7841787567;384233
7841807973;384234
7841828385;384235
7841848791;384236
7841869199;384237
7841889608;384238
7841910018;384239
7841930426;384240
7841950836;384241
7841971244;384242
7841991653;384243
7842012062;384244
7842032471;384245
7842052879;384246
7842073289;384247
7842093698;384248
7842114107;384249
7842134516;384250
7842154924;384251
7842175334;384252
7842195742;384253
7842216152;384254
7842236561;384255
7842256969;384256
7842277379;384257
7842297787;384258
7842318196;384259
7842338605;384260
7842359014;384261
7842379427;384262
7842399832;384263
7842420241;384264
7842440650;384265
7842461063;384266
7842481468;384267
7842501877;384268
7842522285;384269
7842542695;384270
7842563104;384271
7842583516;384272
7842603922;384273
7842624330;384274
7842644740;384275
7842665148;384276
7842685558;384277
7842705967;384278
7842726375;384279
7842746785;384280
7842767197;384281
7842787602;384282
7842808011;384283
7842828420;384284
7842848829;384285
7842869242;384286
7842889647;384287
7842910056;384288
7842930465;384289
7842950874;384290
7842971283;384291
7842991691;384292
7843012101;384293
7843032510;384294
7843052919;384295
7843073328;384296
7843093736;384297
7843114146;384298
7843134554;384299
7843154967;384300
7843175376;384301
7843195781;384302
7843216191;384303
7843236599;384304
7843257009;384305
7843277417;384306
7843297826;384307
7843318239;384308
7843338644;384309
7843359053;384310
7843379462;384311
7843399875;384312
7843420280;384313
7843440689;384314
7843461097;384315
7843481507;384316
7843501919;384317
7843522325;384318
7843542734;384319
7843563142;384320
7843583552;384321
7843603960;384322
7843624370;384323
7843644778;384324
7843665187;384325
7843685597;384326
7843706005;384327
7843726414;384328
7843746823;384329
7843767232;384330
7843787641;384331
7843808050;384332
7843828458;384333
7843848868;384334
7843869277;384335
7843889686;384336
7843910095;384337
7843930503;384338
7843950913;384339
7843971321;384340
7843991731;384341
7844012140;384342
7844032548;384343
7844052958;384344
7844073366;384345
7844093775;384346
7844114184;384347
7844134593;384348
7844155003;384349
7844175411;384350
7844195820;384351
7844216229;384352
7844236638;384353
7844257047;384354
7844277456;384355
7844297864;384356
7844318274;384357
7844338683;384358
7844359091;384359
7844379501;384360
7844399909;384361
7844420319;384362
7844440727;384363
7844461137;384364
7844481546;384365
7844501954;384366
7844522387;384367
7844542799;384368
7844563204;384369
7844583613;384370
7844604022;384371
7844624432;384372
7844644840;384373
7844665249;384374
7844685659;384375
7844706067;384376
7844726477;384377
7844746885;384378
7844767294;384379
7844787704;384380
7844808112;384381
7844828522;384382
7844848930;384383
7844869339;384384
7844889753;384385
7844910157;384386
7844930566;384387
7844950975;384388
7844971384;384389
7844991794;384390
7845012202;384391
7845032611;384392
7845053021;384393
7845073429;384394
7845093839;384395
7845114251;384396
7845134660;384397
7845155066;384398
7845175474;384399
7845195884;384400
7845216292;384401
7845236701;384402
7845257111;384403
7845277519;384404
7845297928;384405
7845318337;384406
7845338746;384407
7845359156;384408
7845379564;384409
7845399973;384410
7845420383;384411
7845440791;384412
7845461201;384413
7845481609;384414
7845502018;384415
7845522428;384416
7845542836;384417
7845563246;384418
7845583658;384419
7845604063;384420
7845624473;384421
7845644881;384422
7845665291;384423
7845685699;384424
7845706108;384425
7845726522;384426
7845746926;384427
7845767336;384428
7845787744;384429
7845808153;384430
7845828563;384431
7845848971;384432
7845869380;384433
7845889790;384434
7845910198;384435
7845930608;384436
7845951016;384437
7845971425;384438
7845991835;384439
7846012243;384440
7846032653;384441
7846053061;384442
7846073470;384443
7846093880;384444
7846114288;384445
7846134698;384446
7846155106;384447
7846175515;384448
7846195925;384449
7846216333;384450
7846236742;384451
7846257152;384452
7846277560;384453
7846297970;384454
7846318382;384455
7846338787;384456
7846359197;384457
7846379605;384458
7846400015;384459
7846420423;384460
7846440832;384461
7846461242;384462
7846481650;384463
7846502060;384464
7846522468;384465
7846542877;384466
7846563287;384467
7846583695;384468
7846604104;384469
7846624514;384470
7846644922;384471
7846665332;384472
7846685740;384473
7846706149;384474
7846726559;384475
7846746967;384476
7846767377;384477
7846787785;384478
7846808194;384479
7846828604;384480
7846849012;384481
7846869422;384482
7846889830;384483
7846910239;384484
7846930649;384485
7846951057;384486
7846971467;384487
7846991875;384488
7847012284;384489
7847032694;384490
7847053102;384491
7847073511;384492
7847093921;384493
7847114329;384494
7847134739;384495
7847155147;384496
7847175556;384497
7847195966;384498
7847216374;384499
7847236787;384500
7847257192;384501
7847277601;384502
7847298015;384503
7847318419;384504
7847338829;384505
7847359237;384506
7847379646;384507
7847400056;384508
7847420464;384509
7847440874;384510
7847461287;384511
7847481691;384512
7847502101;384513
7847522509;384514
7847542918;384515
7847563328;384516
7847583736;384517
7847604146;384518
7847624554;384519
7847644963;384520
7847665373;384521
7847685781;384522
7847706191;384523
7847726599;384524
7847747008;384525
7847767418;384526
7847787826;384527
7847808236;384528
7847828645;384529
7847849053;384530
7847869467;384531
7847889871;384532
7847910281;384533
7847930690;384534
7847951098;384535
7847971508;384536
7847991916;384537
7848012325;384538
7848032735;384539
7848053143;384540
7848073553;384541
7848093961;384542
7848114370;384543
7848134780;384544
7848155188;384545
7848175598;384546
7848196006;384547
7848216415;384548
7848236825;384549
7848257233;384550
7848277643;384551
7848298052;384552
7848318460;384553
7848338870;384554
7848359278;384555
7848379687;384556
7848400097;384557
7848420505;384558
7848440915;384559
7848461323;384560
7848481732;384561
7848502146;384562
7848522554;384563
7848542960;384564
7848563368;384565
7848583777;384566
7848604187;384567
7848624595;384568
7848645005;384569
7848665414;384570
7848685822;384571
7848706232;384572
7848726640;384573
7848747053;384574
7848767459;384575
7848787871;384576
7848808281;384577
7848828685;384578
7848849094;384579
7848869508;384580
7848889912;384581
7848910322;384582
7848930730;384583
7848951139;384584
7848971549;384585
7848991957;384586
7849012367;384587
7849032776;384588
7849053184;384589
7849073594;384590
7849094002;384591
7849114412;384592
7849134821;384593
7849155229;384594
7849175639;384595
7849196047;384596
7849216460;384597
7849236866;384598
7849257274;384599
7849277684;384600
7849298092;384601
7849318501;384602
7849338911;384603
7849359323;384604
7849379729;384605
7849400141;384606
7849420546;384607
7849440956;384608
7849461364;384609
7849481774;384610
7849502187;384611
7849522591;384612
7849543001;384613
7849563409;384614
7849583819;384615
7849604228;384616
7849624636;384617
7849645046;384618
7849665454;384619
7849685864;384620
7849706273;384621
7849726681;384622
7849747091;384623
7849767499;384624
7849787908;384625
7849808318;384626
7849828726;384627
7849849136;384628
7849869545;384629
7849889953;384630
7849910363;384631
7849930771;384632
7849951181;384633
7849971590;384634
7849991998;384635
7850012408;384636
7850032820;384637
7850053225;384638
7850073635;384639
7850094043;384640
7850114453;384641
7850134861;384642
7850155271;384643
7850175680;384644
7850196088;384645
7850216498;384646
7850236907;384647
7850257315;384648
7850277725;384649
7850298133;384650
7850318542;384651
7850338952;384652
7850359360;384653
7850379770;384654
7850400178;384655
7850420588;384656
7850440997;384657
7850461405;384658
7850481819;384659
7850502227;384660
7850522632;384661
7850543042;384662
7850563450;384663
7850583860;384664
7850604268;384665
7850624677;384666
7850645087;384667
7850665495;384668
7850685905;384669
7850706314;384670
7850726722;384671
7850747132;384672
7850767540;384673
7850787950;384674
7850808359;384675
7850828767;384676
7850849177;384677
7850869585;384678
7850889994;384679
7850910404;384680
7850930812;384681
7850951222;384682
7850971634;384683
7850992039;384684
7851012449;384685
7851032861;384686
7851053271;384687
7851073680;384688
7851094084;384689
7851114494;384690
7851134902;384691
7851155311;384692
7851175725;384693
7851196129;384694
7851216539;384695
7851236947;384696
7851257357;384697
7851277766;384698
7851298174;384699
7851318584;384700
7851338992;384701
7851359401;384702
7851379811;384703
7851400219;384704
7851420629;384705
7851441038;384706
7851461446;384707
7851481856;384708
7851502264;384709
7851522674;384710
7851543083;384711
7851563491;384712
7851583901;384713
7851604309;384714
7851624718;384715
7851645128;384716
7851665536;384717
7851685946;384718
7851706354;384719
7851726767;384720
7851747173;384721
7851767585;384722
7851787991;384723
7851808403;384724
7851828808;384725
7851849218;384726
7851869626;384727
7851890036;384728
7851910445;384729
7851930853;384730
7851951263;384731
7851971671;384732
7851992081;384733
7852012490;384734
7852032898;384735
7852053308;384736
7852073720;384737
7852094126;384738
7852114535;384739
7852134947;384740
7852155353;384741
7852175765;384742
7852196170;384743
7852216580;384744
7852236988;384745
7852257398;384746
7852277807;384747
7852298215;384748
7852318625;384749
7852339033;384750
7852359443;384751
7852379856;384752
7852400260;384753
7852420670;384754
7852441078;384755
7852461487;384756
7852481897;384757
7852502305;384758
7852522715;384759
7852543123;384760
7852563532;384761
7852583942;384762
7852604350;384763
7852624760;384764
7852645169;384765
7852665577;384766
7852685987;384767
7852706395;384768
7852726805;384769
7852747214;384770
7852767622;384771
7852788032;384772
7852808440;384773
7852828850;384774
7852849263;384775
7852869667;384776
7852890077;384777
7852910485;384778
7852930894;384779
7852951304;384780
7852971712;384781
7852992122;384782
7853012530;384783
7853032939;384784
7853053349;384785
7853073757;384786
7853094167;384787
7853114576;384788
7853134984;384789
7853155394;384790
7853175802;384791
7853196212;384792
7853216621;384793
7853237029;384794
7853257439;384795
7853277847;384796
7853298256;384797
7853318666;384798
7853339074;384799
7853359484;384800
7853379892;384801
7853400301;384802
7853420711;384803
7853441119;384804
7853461532;384805
7853481938;384806
7853502346;384807
7853522756;384808
7853543164;384809
7853563574;384810
7853583983;384811
7853604391;384812
7853624801;384813
7853645209;384814
7853665618;384815
7853686028;384816
7853706436;384817
7853726846;384818
7853747254;384819
7853767663;384820
7853788073;384821
7853808481;384822
7853828894;384823
7853849300;384824
7853869708;384825
7853890118;384826
7853910526;384827
7853930939;384828
7853951345;384829
7853971753;384830
7853992163;384831
7854012571;384832
7854032981;384833
7854053390;384834
7854073798;384835
7854094208;384836
7854114616;384837
7854135026;384838
7854155435;384839
7854175843;384840
7854196253;384841
7854216661;384842
7854237070;384843
7854257480;384844
7854277888;384845
7854298298;384846
7854318707;384847
7854339119;384848
7854359525;384849
7854379933;384850
7854400343;384851
7854420756;384852
7854441160;384853
7854461570;384854
7854481978;384855
7854502388;384856
7854522792;384857
7854543200;384858
7854563610;384859
7854584018;384860
7854604427;384861
7854624837;384862
7854645245;384863
7854665655;384864
7854686063;384865
7854706472;384866
7854726882;384867
7854747290;384868
7854767700;384869
7854788108;384870
7854808517;384871
7854828927;384872
7854849335;384873
7854869744;384874
7854890153;384875
7854910562;384876
7854930972;384877
7854951380;384878
7854971790;384879
7854992198;384880
7855012607;384881
7855033017;384882
7855053425;384883
7855073834;384884
7855094243;384885
7855114652;384886
7855135062;384887
7855155470;384888
7855175879;384889
7855196288;384890
7855216697;384891
7855237107;384892
7855257515;384893
7855277924;384894
7855298333;384895
7855318742;384896
7855339151;384897
7855359560;384898
7855379969;384899
7855400378;384900
7855420787;384901
7855441196;384902
7855461605;384903
7855482014;384904
7855502423;384905
7855522836;384906
7855543241;384907
7855563650;384908
7855584059;384909
7855604468;384910
7855624877;384911
7855645286;384912
7855665695;384913
7855686104;384914
7855706512;384915
7855726922;384916
7855747331;384917
7855767740;384918
7855788149;384919
7855808557;384920
7855828967;384921
7855849376;384922
7855869785;384923
7855890194;384924
7855910602;384925
7855931012;384926
7855951421;384927
7855971830;384928
7855992243;384929
7856012647;384930
7856033057;384931
7856053466;384932
7856073875;384933
7856094284;384934
7856114692;384935
7856135102;384936
7856155511;384937
7856175919;384938
7856196329;384939
7856216737;384940
7856237147;384941
7856257556;384942
7856277964;384943
7856298374;384944
7856318782;384945
7856339192;384946
7856359601;384947
7856380009;384948
7856400419;384949
7856420827;384950
7856441237;384951
7856461646;384952
7856482054;384953
7856502464;384954
7856522872;384955
7856543282;384956
7856563691;384957
7856584099;384958
7856604509;384959
7856624917;384960
7856645326;384961
7856665736;384962
7856686144;384963
7856706554;384964
7856726962;384965
7856747371;384966
7856767781;384967
7856788189;384968
7856808599;384969
7856829007;384970
7856849420;384971
7856869826;384972
7856890234;384973
7856910643;384974
7856931052;384975
7856951461;384976
7856971871;384977
7856992279;384978
7857012688;384979
7857033097;384980
7857053506;384981
7857073916;384982
7857094324;384983
7857114733;384984
7857135142;384985
7857155551;384986
7857175961;384987
7857196369;384988
7857216778;384989
7857237187;384990
7857257596;384991
7857278006;384992
7857298414;384993
7857318823;384994
7857339232;384995
7857359641;384996
7857380050;384997
7857400459;384998
7857420868;384999
7857441277;385000
7857461690;385001
7857482095;385002
7857502504;385003
7857522913;385004
7857543322;385005
7857563731;385006
7857584144;385007
7857604549;385008
7857624958;385009
7857645371;385010
7857665780;385011
7857686185;385012
7857706598;385013
7857727003;385014
7857747412;385015
7857767821;385016
7857788230;385017
7857808639;385018
7857829048;385019
7857849456;385020
7857869866;385021
7857890275;385022
7857910684;385023
7857931093;385024
7857951501;385025
7857971911;385026
7857992320;385027
7858012729;385028
7858033138;385029
7858053546;385030
7858073956;385031
7858094365;385032
7858114774;385033
7858135183;385034
7858155591;385035
7858176001;385036
7858196410;385037
7858216819;385038
7858237228;385039
7858257636;385040
7858278046;385041
7858298455;385042
7858318863;385043
7858339273;385044
7858359681;385045
7858380091;385046
7858400500;385047
7858420908;385048
7858441318;385049
7858461726;385050
7858482136;385051
7858502545;385052
7858522953;385053
7858543363;385054
7858563771;385055
7858584181;385056
7858604590;385057
7858624998;385058
7858645408;385059
7858665816;385060
7858686225;385061
7858706635;385062
7858727043;385063
7858747453;385064
7858767861;385065
7858788270;385066
7858808680;385067
7858829088;385068
7858849498;385069
7858869906;385070
7858890315;385071
7858910725;385072
7858931133;385073
7858951543;385074
7858971951;385075
7858992360;385076
7859012770;385077
7859033178;385078
7859053588;385079
7859073996;385080
7859094405;385081
7859114819;385082
7859135223;385083
7859155632;385084
7859176041;385085
7859196450;385086
7859216860;385087
7859237268;385088
7859257677;385089
7859278090;385090
7859298495;385091
7859318905;385092
7859339313;385093
7859359722;385094
7859380131;385095
7859400540;385096
7859420950;385097
7859441358;385098
7859461767;385099
7859482176;385100
7859502585;385101
7859522994;385102
7859543403;385103
7859563812;385104
7859584225;385105
7859604630;385106
7859625039;385107
7859645448;385108
7859665857;385109
7859686266;385110
7859706675;385111
7859727084;385112
7859747493;385113
7859767902;385114
7859788314;385115
7859808720;385116
7859829129;385117
7859849538;385118
7859869947;385119
7859890355;385120
7859910765;385121
7859931174;385122
7859951587;385123
7859971992;385124
7859992400;385125
7860012810;385126
7860033219;385127
7860053628;385128
7860074037;385129
7860094445;385130
7860114855;385131
7860135264;385132
7860155673;385133
7860176082;385134
7860196494;385135
7860216900;385136
7860237309;385137
7860257717;385138
7860278127;385139
7860298535;385140
7860318945;385141
7860339354;385142
7860359762;385143
7860380172;385144
7860400580;385145
7860420990;385146
7860441399;385147
7860461807;385148
7860482217;385149
7860502625;385150
7860523035;385151
7860543444;385152
7860563852;385153
7860584262;385154
7860604670;385155
7860625079;385156
7860645489;385157
7860665901;385158
7860686307;385159
7860706715;385160
7860727124;385161
7860747534;385162
7860767942;385163
7860788352;385164
7860808760;385165
7860829169;385166
7860849583;385167
7860869987;385168
7860890397;385169
7860910805;385170
7860931214;385171
7860951624;385172
7860972036;385173
7860992441;385174
7861012850;385175
7861033263;385176
7861053669;385177
7861074077;385178
7861094486;385179
7861114895;385180
7861135304;385181
7861155714;385182
7861176122;385183
7861196531;385184
7861216944;385185
7861237349;385186
7861257759;385187
7861278167;385188
7861298576;385189
7861318989;385190
7861339394;385191
7861359803;385192
7861380212;385193
7861400621;385194
7861421030;385195
7861441439;385196
7861461848;385197
7861482257;385198
7861502666;385199
7861523075;385200
7861543484;385201
7861563897;385202
7861584302;385203
7861604715;385204
7861625120;385205
7861645529;385206
7861665938;385207
7861686347;385208
7861706756;385209
7861727165;385210
7861747574;385211
7861767983;385212
7861788392;385213
7861808805;385214
7861829209;385215
7861849619;385216
7861870028;385217
7861890437;385218
7861910846;385219
7861931254;385220
7861951664;385221
7861972073;385222
7861992482;385223
7862012891;385224
7862033299;385225
7862053713;385226
7862074118;385227
7862094527;385228
7862114936;385229
7862135344;385230
7862155754;385231
7862176163;385232
7862196571;385233
7862216981;385234
7862237389;385235
7862257799;385236
7862278208;385237
7862298616;385238
7862319026;385239
7862339434;385240
7862359844;385241
7862380253;385242
7862400661;385243
7862421071;385244
7862441479;385245
7862461889;385246
7862482298;385247
7862502706;385248
7862523116;385249
7862543524;385250
7862563934;385251
7862584343;385252
7862604751;385253
7862625165;385254
7862645569;385255
7862665978;385256
7862686388;385257
7862706796;385258
7862727209;385259
7862747614;385260
7862768023;385261
7862788433;385262
7862808841;385263
7862829251;385264
7862849659;385265
7862870068;385266
7862890478;385267
7862910890;385268
7862931296;385269
7862951704;385270
7862972113;385271
7862992523;385272
7863012931;385273
7863033340;385274
7863053749;385275
7863074158;385276
7863094568;385277
7863114976;385278
7863135385;385279
7863155794;385280
7863176203;385281
7863196613;385282
7863217021;385283
7863237430;385284
7863257839;385285
7863278248;385286
7863298658;385287
7863319066;385288
7863339475;385289
7863359884;385290
7863380293;385291
7863400702;385292
7863421111;385293
7863441520;385294
7863461929;385295
7863482338;385296
7863502747;385297
7863523156;385298
7863543565;385299
7863563974;385300
7863584383;385301
7863604792;385302
7863625201;385303
7863645614;385304
7863666019;385305
7863686428;385306
7863706837;385307
7863727250;385308
7863747655;385309
7863768064;385310
7863788473;385311
7863808882;385312
7863829291;385313
7863849700;385314
7863870108;385315
7863890518;385316
7863910927;385317
7863931336;385318
7863951745;385319
7863972153;385320
7863992563;385321
7864012972;385322
7864033381;385323
7864053790;385324
7864074198;385325
7864094608;385326
7864115017;385327
7864135426;385328
7864155835;385329
7864176243;385330
7864196657;385331
7864217062;385332
7864237470;385333
7864257884;385334
7864278288;385335
7864298698;385336
7864319107;385337
7864339515;385338
7864359925;385339
7864380333;385340
7864400743;385341
7864421152;385342
7864441560;385343
7864461970;385344
7864482378;385345
7864502788;385346
7864522578;385347
7864542986;385348
7864563394;385349
7864583801;385350
7864604210;385351
7864624621;385352
7864645024;385353
7864665433;385354
7864685840;385355
7864706251;385356
7864726656;385357
7864747063;385358
7864767471;385359
7864787879;385360
7864808286;385361
7864828694;385362
7864849102;385363
7864869510;385364
7864889917;385365
7864910325;385366
7864930733;385367
7864951141;385368
7864971549;385369
7864991956;385370
7865012364;385371
7865032772;385372
7865053179;385373
7865073587;385374
7865093995;385375
7865114402;385376
7865134811;385377
7865155218;385378
7865175625;385379
7865196034;385380
7865216441;385381
7865236849;385382
7865257257;385383
7865277664;385384
7865298072;385385
7865318480;385386
7865338887;385387
7865359295;385388
7865379703;385389
7865400111;385390
7865420522;385391
7865440927;385392
7865461334;385393
7865481741;385394
7865502154;385395
7865522561;385396
7865542968;385397
7865563377;385398
7865583780;385399
7865604188;385400
7865624596;385401
7865645003;385402
7865665411;385403
7865685823;385404
7865706227;385405
7865726634;385406
7865747042;385407
7865767450;385408
7865787857;385409
7865808270;385410
7865828673;385411
7865849080;385412
7865869489;385413
7865889896;385414
7865910304;385415
7865930712;385416
7865951119;385417
7865971527;385418
7865991935;385419
7866012342;385420
7866032750;385421
7866053158;385422
7866073566;385423
7866093973;385424
7866114381;385425
7866134789;385426
7866155197;385427
7866175605;385428
7866196012;385429
7866216420;385430
7866236828;385431
7866257235;385432
7866277644;385433
7866298051;385434
7866318458;385435
7866338867;385436
7866359274;385437
7866379681;385438
7866400094;385439
7866420497;385440
7866440905;385441
7866461313;385442
7866481724;385443
7866502128;385444
7866522536;385445
7866542944;385446
7866563351;385447
7866583759;385448
7866604167;385449
7866624574;385450
7866644983;385451
7866665390;385452
7866685797;385453
7866706206;385454
7866726613;385455
7866747021;385456
7866767429;385457
7866787836;385458
7866808244;385459
7866828652;385460
7866849059;385461
7866869467;385462
7866889875;385463
7866910283;385464
7866930690;385465
7866951098;385466
7866971506;385467
7866991913;385468
7867012322;385469
7867032729;385470
7867053136;385471
7867073545;385472
7867093952;385473
7867114360;385474
7867134768;385475
7867155175;385476
7867175583;385477
7867195991;385478
7867216398;385479
7867236806;385480
7867257218;385481
7867277622;385482
7867298029;385483
7867318441;385484
7867338845;385485
7867359252;385486
7867379661;385487
7867400068;385488
7867420476;385489
7867440884;385490
7867461291;385491
7867481700;385492
7867502107;385493
7867522514;385494
7867542927;385495
7867563330;385496
7867583737;385497
7867604146;385498
7867624553;385499
7867644961;385500
7867665369;385501
7867685776;385502
7867706184;385503
7867726592;385504
7867747000;385505
7867767407;385506
7867787815;385507
7867808223;385508
7867828630;385509
7867849039;385510
7867869446;385511
7867889853;385512
7867910262;385513
7867930669;385514
7867951076;385515
7867971485;385516
7867991892;385517
7868012300;385518
7868032708;385519
7868053116;385520
7868073523;385521
7868093931;385522
7868114339;385523
7868134746;385524
7868155154;385525
7868175562;385526
7868195969;385527
7868216378;385528
7868236785;385529
7868257192;385530
7868277601;385531
7868298008;385532
7868318416;385533
7868338824;385534
7868359231;385535
7868379639;385536
7868400047;385537
7868420455;385538
7868440862;385539
7868461270;385540
7868481678;385541
7868502085;385542
7868522493;385543
7868542901;385544
7868563308;385545
7868583717;385546
7868604128;385547
7868624532;385548
7868644940;385549
7868665347;385550
7868685756;385551
7868706163;385552
7868726570;385553
7868746979;385554
7868767386;385555
7868787794;385556
7868808202;385557
7868828609;385558
7868849017;385559
7868869425;385560
7868889832;385561
7868910240;385562
7868930648;385563
7868951056;385564
7868971463;385565
7868991871;385566
7869012279;385567
7869032686;385568
7869053095;385569
7869073502;385570
7869093909;385571
7869114318;385572
7869134725;385573
7869155133;385574
7869175541;385575
7869195948;385576
7869216360;385577
7869236764;385578
7869257171;385579
7869277579;385580
7869297987;385581
7869318395;385582
7869338802;385583
7869359210;385584
7869379618;385585
7869400025;385586
7869420434;385587
7869440841;385588
7869461248;385589
7869481657;385590
7869502064;385591
7869522472;385592
7869542880;385593
7869563287;385594
7869583695;385595
7869604107;385596
7869624511;385597
7869644918;385598
7869665326;385599
7869685734;385600
7869706141;385601
7869726549;385602
7869746957;385603
7869767364;385604
7869787773;385605
7869808180;385606
7869828588;385607
7869848996;385608
7869869403;385609
7869889812;385610
7869910219;385611
7869930626;385612
7869951035;385613
7869971442;385614
7869991853;385615
7870012258;385616
7870032665;385617
7870053073;385618
7870073481;385619
7870093892;385620
7870114296;385621
7870134704;385622
7870155112;385623
7870175519;385624
7870195927;385625
7870216335;385626
7870236742;385627
7870257151;385628
7870277558;385629
7870297965;385630
7870318374;385631
7870338781;385632
7870359189;385633
7870379597;385634
7870400004;385635
7870420412;385636
7870440824;385637
7870461228;385638
7870481635;385639
7870502043;385640
7870522451;385641
7870542858;385642
7870563266;385643
7870583674;385644
7870604081;385645
7870624490;385646
7870644897;385647
7870665304;385648
7870685713;385649
7870706120;385650
7870726528;385651
7870746936;385652
7870767343;385653
7870787751;385654
7870808159;385655
7870828567;385656
7870848974;385657
7870869382;385658
7870889793;385659
7870910197;385660
7870930605;385661
7870951013;385662
7870971420;385663
7870991829;385664
7871012236;385665
7871032643;385666
7871053056;385667
7871073459;385668
7871093868;385669
7871114275;385670
7871134682;385671
7871155091;385672
7871175498;385673
7871195906;385674
7871216317;385675
7871236721;385676
7871257129;385677
7871277537;385678
7871297945;385679
7871318356;385680
7871338760;385681
7871359168;385682
7871379575;385683
7871399983;385684
7871420391;385685
7871440798;385686
7871461207;385687
7871481614;385688
7871502021;385689
7871522430;385690
7871542837;385691
7871563249;385692
7871583653;385693
7871604060;385694
7871624468;385695
7871644876;385696
7871665284;385697
7871685691;385698
7871706099;385699
7871726507;385700
7871746914;385701
7871767323;385702
7871787730;385703
7871808137;385704
7871828546;385705
7871848957;385706
7871869361;385707
7871889769;385708
7871910176;385709
7871930584;385710
7871950992;385711
7871971399;385712
7871991807;385713
7872012215;385714
7872032622;385715
7872053030;385716
7872073438;385717
7872093846;385718
7872114253;385719
7872134662;385720
7872155069;385721
7872175480;385722
7872195885;385723
7872216296;385724
7872236700;385725
7872257108;385726
7872277515;385727
7872297924;385728
7872318331;385729
7872338738;385730
7872359147;385731
7872379554;385732
7872399962;385733
7872420370;385734
7872440777;385735
7872461185;385736
7872481593;385737
7872502001;385738
7872522408;385739
7872542816;385740
7872563224;385741
7872583631;385742
7872604040;385743
7872624447;385744
7872644854;385745
7872665263;385746
7872685670;385747
7872706077;385748
7872726490;385749
7872746893;385750
7872767301;385751
7872787709;385752
7872808116;385753
7872828524;385754
7872848932;385755
7872869340;385756
7872889747;385757
7872910155;385758
7872930563;385759
7872950970;385760
7872971379;385761
7872991786;385762
7873012193;385763
7873032602;385764
7873053009;385765
7873073420;385766
7873093825;385767
7873114232;385768
7873134640;385769
7873155048;385770
7873175455;385771
7873195863;385772
7873216271;385773
7873236679;385774
7873257086;385775
7873277494;385776
7873297902;385777
7873318309;385778
7873338718;385779
7873359125;385780
7873379532;385781
7873399941;385782
7873420348;385783
7873440756;385784
7873461164;385785
7873481571;385786
7873501979;385787
7873522387;385788
7873542794;385789
7873563203;385790
7873583610;385791
7873604018;385792
7873624426;385793
7873644833;385794
7873665241;385795
7873685649;385796
7873706057;385797
7873726468;385798
7873746872;385799
7873767280;385800
7873787687;385801
7873808096;385802
7873828503;385803
7873848910;385804
7873869319;385805
7873889726;385806
7873910133;385807
7873930542;385808
7873950949;385809
7873971357;385810
7873991765;385811
7874012172;385812
7874032580;385813
7874052988;385814
7874073396;385815
7874093803;385816
7874114211;385817
7874134619;385818
7874155026;385819
7874175435;385820
7874195842;385821
7874216249;385822
7874236658;385823
7874257065;385824
7874277473;385825
7874297881;385826
7874318288;385827
7874338696;385828
7874359104;385829
7874379515;385830
7874399919;385831
7874420327;385832
7874440735;385833
7874461142;385834
7874481550;385835
7874501958;385836
7874522365;385837
7874543979;385838
7874564389;385839
7874584798;385840
7874605209;385841
7874625619;385842
7874646030;385843
7874666444;385844
7874686849;385845
7874707260;385846
7874727670;385847
7874748080;385848
7874768491;385849
7874788900;385850
7874809311;385851
7874829721;385852
7874850131;385853
7874870542;385854
7874890951;385855
7874911362;385856
7874931772;385857
7874952182;385858
7874972593;385859
7874993006;385860
7875013413;385861
7875033823;385862
7875054233;385863
7875074643;385864
7875095053;385865
7875115464;385866
7875135874;385867
7875156284;385868
7875176694;385869
7875197104;385870
7875217514;385871
7875237925;385872
7875258335;385873
7875278745;385874
7875299155;385875
7875319565;385876
7875339976;385877
7875360386;385878
7875380796;385879
7875401206;385880
7875421616;385881
7875442027;385882
7875462437;385883
7875482847;385884
7875503257;385885
7875523667;385886
7875544078;385887
7875564487;385888
7875584898;385889
7875605308;385890
7875625718;385891
7875646129;385892
7875666538;385893
7875686948;385894
7875707359;385895
7875727773;385896
7875748180;385897
7875768589;385898
7875788999;385899
7875809410;385900
7875829820;385901
7875850231;385902
7875870640;385903
7875891050;385904
7875911461;385905
7875931871;385906
7875952282;385907
7875972691;385908
7875993101;385909
7876013512;385910
7876033922;385911
7876054333;385912
7876074742;385913
7876095152;385914
7876115563;385915
7876135973;385916
7876156382;385917
7876176793;385918
7876197203;385919
7876217614;385920
7876238024;385921
7876258433;385922
7876278844;385923
7876299254;385924
7876319665;385925
7876340075;385926
7876360488;385927
7876380899;385928
7876401305;385929
7876421716;385930
7876442126;385931
7876462535;385932
7876482946;385933
7876503356;385934
7876523766;385935
7876544177;385936
7876564590;385937
7876584997;385938
7876605407;385939
7876625817;385940
7876646227;385941
7876666637;385942
7876687048;385943
7876707458;385944
7876727868;385945
7876748278;385946
7876768688;385947
7876789099;385948
7876809509;385949
7876829919;385950
7876850329;385951
7876870739;385952
7876891149;385953
7876911560;385954
7876931970;385955
7876952380;385956
7876972790;385957
7876993200;385958
7877013611;385959
7877034021;385960
7877054431;385961
7877074841;385962
7877095251;385963
7877115662;385964
7877136072;385965
7877156482;385966
7877176892;385967
7877197302;385968
7877217713;385969
7877238122;385970
7877258532;385971
7877278943;385972
7877299353;385973
7877319768;385974
7877340173;385975
7877360587;385976
7877380994;385977
7877401404;385978
7877421815;385979
7877442224;385980
7877462638;385981
7877483045;385982
7877503455;385983
7877523866;385984
7877544275;385985
7877564685;385986
7877585096;385987
7877605510;385988
7877625917;385989
7877646326;385990
7877666736;385991
7877687151;385992
7877707557;385993
7877727970;385994
7877748377;385995
7877768787;385996
7877789198;385997
7877809608;385998
7877830018;385999
7877850432;386000
7877870838;386001
7877891249;386002
7877911659;386003
7877932068;386004
7877952479;386005
7877972889;386006
7877993300;386007
7878013710;386008
7878034119;386009
7878054530;386010
7878074940;386011
7878095351;386012
7878115761;386013
7878136170;386014
7878156585;386015
7878176991;386016
7878197402;386017
7878217812;386018
7878238221;386019
7878258636;386020
7878279042;386021
7878299452;386022
7878319862;386023
7878340272;386024
7878360683;386025
7878381093;386026
7878401503;386027
7878421913;386028
7878442323;386029
7878462734;386030
7878483144;386031
7878503554;386032
7878523964;386033
7878544374;386034
7878564785;386035
7878585199;386036
7878605605;386037
7878626015;386038
7878646425;386039
7878666836;386040
7878687246;386041
7878707656;386042
7878728066;386043
7878748476;386044
7878768886;386045
7878789297;386046
7878809706;386047
7878830117;386048
7878850527;386049
7878870937;386050
7878891348;386051
7878911757;386052
7878932168;386053
7878952578;386054
7878972988;386055
7878993399;386056
7879013808;386057
7879034218;386058
7879054629;386059
7879075043;386060
7879095450;386061
7879115859;386062
7879136269;386063
7879156680;386064
7879177090;386065
7879197501;386066
7879217910;386067
7879238320;386068
7879258731;386069
7879279141;386070
7879299552;386071
7879319961;386072
7879340371;386073
7879360782;386074
7879381196;386075
7879401602;386076
7879422012;386077
7879442422;386078
7879462837;386079
7879483243;386080
7879503653;386081
7879524063;386082
7879544473;386083
7879564884;386084
7879585294;386085
7879605703;386086
7879626114;386087
7879646524;386088
7879666935;386089
7879687345;386090
7879707754;386091
7879728165;386092
7879748575;386093
7879768985;386094
7879789396;386095
7879809805;386096
7879830216;386097
7879850626;386098
7879871037;386099
7879891446;386100
7879911856;386101
7879932267;386102
7879952677;386103
7879973087;386104
7879993501;386105
7880013907;386106
7880034318;386107
7880054728;386108
7880075138;386109
7880095548;386110
7880115962;386111
7880136369;386112
7880156779;386113
7880177193;386114
7880197599;386115
7880218009;386116
7880238419;386117
7880258830;386118
7880279240;386119
7880299650;386120
7880320060;386121
7880340470;386122
7880360881;386123
7880381291;386124
7880401701;386125
7880422111;386126
7880442521;386127
7880462932;386128
7880483341;386129
7880503752;386130
7880524162;386131
7880544572;386132
7880564983;386133
7880585392;386134
7880605802;386135
7880626217;386136
7880646623;386137
7880667034;386138
7880687443;386139
7880707853;386140
7880728264;386141
7880748674;386142
7880769085;386143
7880789494;386144
7880809904;386145
7880830315;386146
7880850725;386147
7880871136;386148
7880891549;386149
7880911955;386150
7880932366;386151
7880952776;386152
7880973186;386153
7880993596;386154
7881014006;386155
7881034417;386156
7881054827;386157
7881075236;386158
7881095647;386159
7881116057;386160
7881136468;386161
7881156878;386162
7881177287;386163
7881197698;386164
7881218108;386165
7881238519;386166
7881258929;386167
7881279338;386168
7881299749;386169
7881320159;386170
7881340570;386171
7881360980;386172
7881381389;386173
7881401800;386174
7881422214;386175
7881442620;386176
7881463031;386177
7881483440;386178
7881503851;386179
7881524261;386180
7881544671;386181
7881565081;386182
7881585491;386183
7881605902;386184
7881626312;386185
7881646722;386186
7881667132;386187
7881687542;386188
7881707953;386189
7881728363;386190
7881748773;386191
7881769183;386192
7881789593;386193
7881810004;386194
7881830414;386195
7881850824;386196
7881871234;386197
7881891644;386198
7881912054;386199
7881932465;386200
7881952875;386201
7881973285;386202
7881993695;386203
7882014105;386204
7882034516;386205
7882054925;386206
7882075340;386207
7882095746;386208
7882116156;386209
7882136567;386210
7882156976;386211
7882177387;386212
7882197797;386213
7882218207;386214
7882238618;386215
7882259027;386216
7882279438;386217
7882299848;386218
7882320258;386219
7882340669;386220
7882361078;386221
7882381488;386222
7882401903;386223
7882422309;386224
7882442720;386225
7882463129;386226
7882483539;386227
7882503950;386228
7882524360;386229
7882544771;386230
7882565184;386231
7882585590;386232
7882606001;386233
7882626411;386234
7882646821;386235
7882667231;386236
7882687641;386237
7882708052;386238
7882728462;386239
7882748871;386240
7882769282;386241
7882789692;386242
7882810103;386243
7882830513;386244
7882850923;386245
7882871333;386246
7882891743;386247
7882912154;386248
7882932564;386249
7882952973;386250
7882973384;386251
7882993794;386252
7883014205;386253
7883034615;386254
7883055024;386255
7883075435;386256
7883095845;386257
7883116256;386258
7883136665;386259
7883157075;386260
7883177486;386261
7883197896;386262
7883218306;386263
7883238716;386264
7883259126;386265
7883279537;386266
7883299951;386267
7883320361;386268
7883340767;386269
7883361177;386270
7883381588;386271
7883401998;386272
7883422408;386273
7883442818;386274
7883463228;386275
7883483638;386276
7883504049;386277
7883524459;386278
7883544869;386279
7883565279;386280
7883585693;386281
7883606100;386282
7883626510;386283
7883646920;386284
7883667330;386285
7883687740;386286
7883708151;386287
7883728560;386288
7883748975;386289
7883769381;386290
7883789791;386291
7883810202;386292
7883830611;386293
7883851022;386294
7883871432;386295
7883891842;386296
7883912253;386297
7883932662;386298
7883953072;386299
7883973483;386300
7883993893;386301
7884014308;386302
7884034713;386303
7884055123;386304
7884075534;386305
7884095944;386306
7884116355;386307
7884136764;386308
7884157174;386309
7884177585;386310
7884197995;386311
7884218405;386312
7884238815;386313
7884259225;386314
7884279640;386315
7884300050;386316
7884320456;386317
7884340866;386318
7884361276;386319
7884381687;386320
7884402097;386321
7884422510;386322
7884442917;386323
7884463327;386324
7884483738;386325
7884504148;386326
7884524558;386327
7884544381;386328
7884564789;386329
7884585203;386330
7884605607;386331
7884626016;386332
7884646426;386333
7884666834;386334
7884687244;386335
7884707656;386336
7884728061;386337
7884748471;386338
7884768879;386339
7884789289;386340
7884809697;386341
7884830106;386342
7884850516;386343
7884870924;386344
7884891333;386345
7884911742;386346
7884932155;386347
7884952560;386348
7884972969;386349
7884993378;386350
7885013787;386351
7885034196;386352
7885054605;386353
7885075014;386354
7885095423;386355
7885115832;386356
7885136241;386357
7885156650;386358
7885177059;386359
7885197468;386360
7885217877;386361
7885238286;386362
7885258695;386363
7885279104;386364
7885299513;386365
7885319922;386366
7885340331;386367
7885360740;386368
7885381149;386369
7885401558;386370
7885421967;386371
7885442376;386372
7885462784;386373
7885483198;386374
7885503603;386375
7885524012;386376
7885544421;386377
7885564829;386378
7885585239;386379
7885605648;386380
7885626057;386381
7885646466;386382
7885666874;386383
7885687284;386384
7885707692;386385
7885728102;386386
7885748511;386387
7885768923;386388
7885789329;386389
7885809737;386390
7885830147;386391
7885850556;386392
7885870964;386393
7885891374;386394
7885911782;386395
7885932191;386396
7885952601;386397
7885973009;386398
7885993419;386399
7886013827;386400
7886034236;386401
7886054646;386402
7886075054;386403
7886095464;386404
7886115872;386405
7886136281;386406
7886156691;386407
7886177099;386408
7886197509;386409
7886217917;386410
7886238326;386411
7886258736;386412
7886279144;386413
7886299553;386414
7886319962;386415
7886340371;386416
7886360780;386417
7886381189;386418
7886401598;386419
7886422007;386420
7886442416;386421
7886462825;386422
7886483234;386423
7886503647;386424
7886524052;386425
7886544461;386426
7886564869;386427
7886585279;386428
7886605688;386429
7886626097;386430
7886646506;386431
7886666915;386432
7886687324;386433
7886707733;386434
7886728142;386435
7886748551;386436
7886768959;386437
7886789369;386438
7886809778;386439
7886830187;386440
7886850596;386441
7886871005;386442
7886891418;386443
7886911827;386444
7886932232;386445
7886952641;386446
7886973049;386447
7886993459;386448
7887013867;386449
7887034277;386450
7887054686;386451
7887075094;386452
7887095504;386453
7887115912;386454
7887136322;386455
7887156731;386456
7887177139;386457
7887197549;386458
7887217957;386459
7887238367;386460
7887258776;386461
7887279184;386462
7887299594;386463
7887320006;386464
7887340411;386465
7887360825;386466
7887381229;386467
7887401639;386468
7887422047;386469
7887442456;386470
7887462866;386471
7887483274;386472
7887503684;386473
7887524092;386474
7887544501;386475
7887564911;386476
7887585319;386477
7887605729;386478
7887626137;386479
7887646546;386480
7887666955;386481
7887687364;386482
7887707773;386483
7887728182;386484
7887748591;386485
7887769000;386486
7887789409;386487
7887809818;386488
7887830227;386489
7887850636;386490
7887871045;386491
7887891454;386492
7887911863;386493
7887932272;386494
7887952681;386495
7887973090;386496
7887993499;386497
7888013908;386498
7888034317;386499
7888054726;386500
7888075135;386501
7888095544;386502
7888115953;386503
7888136362;386504
7888156771;386505
7888177180;386506
7888197589;386507
7888217998;386508
7888238407;386509
7888258816;386510
7888279224;386511
7888299634;386512
7888320042;386513
7888340452;386514
7888360861;386515
7888381269;386516
7888401679;386517
7888422087;386518
7888442497;386519
7888462906;386520
7888483314;386521
7888503724;386522
7888524132;386523
7888544545;386524
7888564951;386525
7888585359;386526
7888605769;386527
7888626177;386528
7888646587;386529
7888666996;386530
7888687404;386531
7888707814;386532
7888728222;386533
7888748631;386534
7888769041;386535
7888789449;386536
7888809859;386537
7888830267;386538
7888850676;386539
7888871086;386540
7888891494;386541
7888911904;386542
7888932312;386543
7888952721;386544
7888973130;386545
7888993539;386546
7889013948;386547
7889034357;386548
7889054766;386549
7889075175;386550
7889095584;386551
7889115993;386552
7889136402;386553
7889156811;386554
7889177220;386555
7889197629;386556
7889218038;386557
7889238451;386558
7889258856;386559
7889279265;386560
7889299674;386561
7889320083;386562
7889340492;386563
7889360901;386564
7889381310;386565
7889401719;386566
7889422128;386567
7889442537;386568
7889462946;386569
7889483355;386570
7889503764;386571
7889524173;386572
7889544582;386573
7889564991;386574
7889585399;386575
7889605809;386576
7889626217;386577
7889646627;386578
7889667036;386579
7889687444;386580
7889707858;386581
7889728262;386582
7889748672;386583
7889769081;386584
7889789489;386585
7889809899;386586
7889830307;386587
7889850717;386588
7889871126;386589
7889891534;386590
7889911944;386591
7889932356;386592
7889952762;386593
7889973171;386594
7889993579;386595
7890013989;386596
7890034397;386597
7890054806;386598
7890075216;386599
7890095624;386600
7890116034;386601
7890136442;386602
7890156851;386603
7890177261;386604
7890197669;386605
7890218079;386606
7890238487;386607
7890258896;386608
7890279305;386609
7890299714;386610
7890320123;386611
7890340532;386612
7890360941;386613
7890381350;386614
7890401759;386615
7890422172;386616
7890442577;386617
7890462986;386618
7890483395;386619
7890503804;386620
7890524213;386621
7890544622;386622
7890565031;386623
7890585440;386624
7890605849;386625
7890626258;386626
7890646667;386627
7890667076;386628
7890687485;386629
7890707894;386630
7890728303;386631
7890748712;386632
7890769121;386633
7890789529;386634
7890809939;386635
7890830352;386636
7890850757;386637
7890871166;386638
7890891574;386639
7890911984;386640
7890932393;386641
7890952802;386642
7890973211;386643
7890993619;386644
7891014029;386645
7891034437;386646
7891054846;386647
7891075256;386648
7891095664;386649
7891116074;386650
7891136482;386651
7891156891;386652
7891177301;386653
7891197709;386654
7891218119;386655
7891238527;386656
7891258936;386657
7891279346;386658
7891299754;386659
7891320164;386660
7891340572;386661
7891360981;386662
7891381391;386663
7891401799;386664
7891422209;386665
7891442617;386666
7891463026;386667
7891483436;386668
7891503844;386669
7891524253;386670
7891544662;386671
7891565071;386672
7891585485;386673
7891605889;386674
7891626298;386675
7891646707;386676
7891667116;386677
7891687525;386678
7891707934;386679
7891728343;386680
7891748752;386681
7891769161;386682
7891789573;386683
7891809979;386684
7891830388;386685
7891850797;386686
7891871206;386687
7891891615;386688
7891912024;386689
7891932433;386690
7891952842;386691
7891973251;386692
7891993659;386693
7892014069;386694
7892034478;386695
7892054887;386696
7892075296;386697
7892095704;386698
7892116114;386699
7892136523;386700
7892156932;386701
7892177341;386702
7892197749;386703
7892218159;386704
7892238568;386705
7892258976;386706
7892279386;386707
7892299794;386708
7892320204;386709
7892340612;386710
7892361021;386711
7892381431;386712
7892401839;386713
7892422253;386714
7892442657;386715
7892463066;386716
7892483480;386717
7892503884;386718
7892524294;386719
7892544702;386720
7892565115;386721
7892585521;386722
7892605929;386723
7892626339;386724
7892646747;386725
7892667156;386726
7892687566;386727
7892707974;386728
7892728383;386729
7892748792;386730
7892769201;386731
7892789611;386732
7892810019;386733
7892830432;386734
7892850837;386735
7892871246;386736
7892891656;386737
7892912064;386738
7892932477;386739
7892952882;386740
7892973291;386741
7892993699;386742
7893014109;386743
7893034518;386744
7893054927;386745
7893075336;386746
7893095745;386747
7893116154;386748
7893136563;386749
7893156976;386750
7893177381;386751
7893197789;386752
7893218199;386753
7893238608;386754
7893259017;386755
7893279426;386756
7893299838;386757
7893320244;386758
7893340653;386759
7893361062;386760
7893381471;386761
7893401879;386762
7893422289;386763
7893442698;386764
7893463107;386765
7893483516;386766
7893503924;386767
7893524334;386768
7893544743;386769
7893565155;386770
7893585561;386771
7893605973;386772
7893626379;386773
7893646787;386774
7893667196;386775
7893687606;386776
7893708014;386777
7893728424;386778
7893748836;386779
7893769241;386780
7893789651;386781
7893810059;386782
7893830469;386783
7893850877;386784
7893871286;386785
7893891696;386786
7893912104;386787
7893932514;386788
7893952922;386789
7893973331;386790
7893993741;386791
7894014149;386792
7894034559;386793
7894054971;386794
7894075376;386795
7894095786;386796
7894116194;386797
7894136603;386798
7894157012;386799
7894177421;386800
7894197831;386801
7894218239;386802
7894238652;386803
7894259057;386804
7894279466;386805
7894299875;386806
7894320284;386807
7894340693;386808
7894361102;386809
7894381511;386810
7894401920;386811
7894422329;386812
7894442738;386813
7894463151;386814
7894483556;386815
7894503964;386816
7894524378;386817
7894544752;386818
7894565161;386819
7894585570;386820
7894605982;386821
7894626388;386822
7894646796;386823
7894667206;386824
7894687614;386825
7894708023;386826
7894728432;386827
7894748841;386828
7894769249;386829
7894789659;386830
7894810071;386831
7894830477;386832
7894850886;386833
7894871295;386834
7894891704;386835
7894912112;386836
7894932522;386837
7894952930;386838
7894973339;386839
7894993748;386840
7895014157;386841
7895034566;386842
7895054975;386843
7895075383;386844
7895095797;386845
7895116201;386846
7895136611;386847
7895157020;386848
7895177428;386849
7895197838;386850
7895218246;386851
7895238655;386852
7895259064;386853
7895279473;386854
7895299882;386855
7895320291;386856
7895340700;386857
7895361109;386858
7895381517;386859
7895401927;386860
7895422335;386861
7895442744;386862
7895463153;386863
7895483562;386864
7895503976;386865
7895524380;386866
7895544789;386867
7895565198;386868
7895585607;386869
7895606016;386870
7895626425;386871
7895646833;386872
7895667247;386873
7895687651;386874
7895708060;386875
7895728469;386876
7895748878;386877
7895769287;386878
7895789696;386879
7895810104;386880
7895830514;386881
7895850923;386882
7895871332;386883
7895891745;386884
7895912149;386885
7895932559;386886
7895952967;386887
7895973377;386888
7895993785;386889
7896014194;386890
7896034603;386891
7896055012;386892
7896075421;386893
7896095830;386894
7896116238;386895
7896136648;386896
7896157057;386897
7896177466;386898
7896197875;386899
7896218283;386900
7896238693;386901
7896259101;386902
7896279510;386903
7896299919;386904
7896320328;386905
7896340737;386906
7896361146;386907
7896381554;386908
7896401968;386909
7896422372;386910
7896442782;386911
7896463190;386912
7896483599;386913
7896504009;386914
7896524417;386915
7896544827;386916
7896565239;386917
7896585644;386918
7896606053;386919
7896626462;386920
7896646871;386921
7896667280;386922
7896687688;386923
7896708098;386924
7896728506;386925
7896748916;386926
7896769324;386927
7896789733;386928
7896810142;386929
7896830551;386930
7896850964;386931
7896871369;386932
7896891778;386933
7896912187;386934
7896932596;386935
7896953004;386936
7896973414;386937
7896993826;386938
7897014232;386939
7897034640;386940
7897055049;386941
7897075458;386942
7897095867;386943
7897116275;386944
7897136685;386945
7897157094;386946
7897177503;386947
7897197912;386948
7897218320;386949
7897238730;386950
7897259138;386951
7897279548;386952
7897299956;386953
7897320365;386954
7897340774;386955
7897361183;386956
7897381592;386957
7897402001;386958
7897422409;386959
7897442819;386960
7897463227;386961
7897483637;386962
7897504046;386963
7897524454;386964
7897544864;386965
7897565276;386966
7897585681;386967
7897606090;386968
7897626499;386969
7897646908;386970
7897667317;386971
7897687725;386972
7897708135;386973
7897728543;386974
7897748953;386975
7897769361;386976
7897789770;386977
7897810179;386978
7897830588;386979
7897850998;386980
7897871406;386981
7897891815;386982
7897912224;386983
7897932633;386984
7897953042;386985
7897973451;386986
7897993859;386987
7898014269;386988
7898034677;386989
7898055087;386990
7898075495;386991
7898095904;386992
7898116313;386993
7898136722;386994
7898157131;386995
7898177540;386996
7898197949;386997
7898218358;386998
7898238767;386999
7898259176;387000
7898279585;387001
7898299993;387002
7898320403;387003
7898340811;387004
7898361220;387005
7898381629;387006
7898402038;387007
7898422447;387008
7898442856;387009
7898463264;387010
7898483674;387011
7898504083;387012
7898524491;387013
7898544901;387014
7898565309;387015
7898585719;387016
7898606127;387017
7898626536;387018
7898646945;387019
7898667354;387020
7898687763;387021
7898708172;387022
7898728580;387023
7898748990;387024
7898769398;387025
7898789808;387026
7898810216;387027
7898830625;387028
7898851035;387029
7898871443;387030
7898891853;387031
7898912261;387032
7898932670;387033
7898953079;387034
7898973488;387035
7898993896;387036
7899014306;387037
7899034714;387038
7899055124;387039
7899075536;387040
7899095941;387041
7899116350;387042
7899136759;387043
7899157169;387044
7899177577;387045
7899197986;387046
7899218395;387047
7899238804;387048
7899259213;387049
7899279622;387050
7899300030;387051
7899320440;387052
7899340852;387053
7899361258;387054
7899381666;387055
7899402075;387056
7899422484;387057
7899442893;387058
7899463301;387059
7899483711;387060
7899504120;387061
7899524529;387062
7899544938;387063
7899565346;387064
7899585756;387065
7899606164;387066
7899626574;387067
7899646982;387068
7899667391;387069
7899687800;387070
7899708209;387071
7899728618;387072
7899749027;387073
7899769435;387074
7899789845;387075
7899810253;387076
7899830663;387077
7899851072;387078
7899871480;387079
7899891890;387080
7899912298;387081
7899932711;387082
7899953116;387083
7899973525;387084
7899993934;387085
7900014343;387086
7900034751;387087
7900055161;387088
7900075569;387089
7900095979;387090
7900116387;387091
7900136796;387092
7900157206;387093
7900177614;387094
7900198023;387095
7900218432;387096
7900238841;387097
7900259250;387098
7900279659;387099
7900300067;387100
7900320477;387101
7900340885;387102
7900361295;387103
7900381703;387104
7900402112;387105
7900422521;387106
7900442930;387107
7900463339;387108
7900483748;387109
7900504157;387110
7900524566;387111
7900544975;387112
7900565384;387113
7900585793;387114
7900606201;387115
7900626611;387116
7900647019;387117
7900667429;387118
7900687837;387119
7900708246;387120
7900728655;387121
7900749064;387122
7900769473;387123
7900789882;387124
7900810290;387125
7900830700;387126
7900851109;387127
7900871517;387128
7900891927;387129
7900912335;387130
7900932745;387131
7900953153;387132
7900973562;387133
7900993971;387134
7901014380;387135
7901034789;387136
7901055198;387137
7901075606;387138
7901096016;387139
7901116428;387140
7901136834;387141
7901157243;387142
7901177651;387143
7901198061;387144
7901218469;387145
7901238878;387146
7901259287;387147
7901279696;387148
7901300105;387149
7901320514;387150
7901340922;387151
7901361332;387152
7901381740;387153
7901402150;387154
7901422558;387155
7901442967;387156
7901463376;387157
7901483785;387158
7901504195;387159
7901524603;387160
7901545012;387161
7901565421;387162
7901585830;387163
7901606238;387164
7901626648;387165
7901647056;387166
7901667466;387167
7901687874;387168
7901708283;387169
7901728692;387170
7901749101;387171
7901769510;387172
7901789919;387173
7901810327;387174
7901830737;387175
7901851146;387176
7901871555;387177
7901891964;387178
7901912372;387179
7901932782;387180
7901953190;387181
7901973599;387182
7901994008;387183
7902014417;387184
7902034830;387185
7902055235;387186
7902075643;387187
7902096053;387188
7902116461;387189
7902136871;387190
7902157284;387191
7902177688;387192
7902198098;387193
7902218506;387194
7902238916;387195
7902259324;387196
7902279733;387197
7902300142;387198
7902320551;387199
7902340960;387200
7902361369;387201
7902381777;387202
7902402187;387203
7902422595;387204
7902443005;387205
7902463413;387206
7902483822;387207
7902504232;387208
7902524640;387209
7902545049;387210
7902565458;387211
7902585867;387212
7902606276;387213
7902626685;387214
7902647093;387215
7902667503;387216
7902687911;387217
7902708321;387218
7902728729;387219
7902749138;387220
7902769547;387221
7902789960;387222
7902810365;387223
7902830774;387224
7902851183;387225
7902871592;387226
