8261701884;404808
8261722292;404809
8261742702;404810
8261763110;404811
8261783519;404812
8261803928;404813
8261824337;404814
8261844745;404815
8261865155;404816
8261885567;404817
8261905977;404818
8261926381;404819
8261946790;404820
8261967199;404821
8261987608;404822
8262008016;404823
8262028426;404824
8262048834;404825
8262069244;404826
8262089652;404827
8262110062;404828
8262130470;404829
8262150879;404830
8262171288;404831
8262191697;404832
8262212109;404833
8262232515;404834
8262252923;404835
8262273333;404836
8262293741;404837
8262314150;404838
8262334559;404839
8262354968;404840
8262375377;404841
8262395786;404842
8262416194;404843
8262436608;404844
8262457012;404845
8262477422;404846
8262497830;404847
8262518239;404848
8262538648;404849
8262559061;404850
8262579466;404851
8262599875;404852
8262620283;404853
8262640693;404854
8262661101;404855
8262681510;404856
8262701919;404857
8262722328;404858
8262742737;404859
8262763146;404860
8262783554;404861
8262803964;404862
8262824372;404863
8262844782;404864
8262865190;404865
8262885599;404866
8262906008;404867
8262926417;404868
8262946826;404869
8262967235;404870
8262987643;404871
8263008053;404872
8263028461;404873
8263048874;404874
8263069279;404875
8263089688;404876
8263110101;404877
8263130506;404878
8263150914;404879
8263171324;404880
8263191732;404881
8263212142;404882
8263232554;404883
8263252959;404884
8263273372;404885
8263293781;404886
8263314186;404887
8263334595;404888
8263355007;404889
8263375413;404890
8263395821;404891
8263416231;404892
8263436639;404893
8263457048;404894
8263477457;404895
8263497866;404896
8263518274;404897
8263538684;404898
8263559092;404899
8263579502;404900
8263599910;404901
8263620319;404902
8263640728;404903
8263661137;404904
8263681546;404905
8263701955;404906
8263722363;404907
8263742773;404908
8263763181;404909
8263783595;404910
8263803999;404911
8263824408;404912
8263844817;404913
8263865226;404914
8263885635;404915
8263906044;404916
8263926452;404917
8263946861;404918
8263967270;404919
8263987679;404920
8264008088;404921
8264028500;404922
8264048905;404923
8264069314;404924
8264089723;404925
8264110132;404926
8264130541;404927
8264150950;404928
8264171359;404929
8264191767;404930
8264212177;404931
8264232585;404932
8264252995;404933
8264273403;404934
8264293812;404935
8264314221;404936
8264334630;404937
8264355038;404938
8264375448;404939
8264395856;404940
8264416266;404941
8264436674;404942
8264457083;404943
8264477492;404944
8264497901;404945
8264518310;404946
8264538719;404947
8264559127;404948
8264579550;404949
8264599958;404950
8264620368;404951
8264640776;404952
8264661185;404953
8264681594;404954
8264702003;404955
8264722413;404956
8264742821;404957
8264763230;404958
8264783639;404959
8264804048;404960
8264824456;404961
8264844866;404962
8264865274;404963
8264885684;404964
8264906092;404965
8264926501;404966
8264946910;404967
8264967319;404968
8264987728;404969
8265008137;404970
8265028545;404971
8265048955;404972
8265069363;404973
8265089773;404974
8265110181;404975
8265130590;404976
8265151000;404977
8265171408;404978
8265191817;404979
8265212226;404980
8265232635;404981
8265253044;404982
8265273453;404983
8265293861;404984
8265314271;404985
8265334679;404986
8265355089;404987
8265375497;404988
8265395906;404989
8265416315;404990
8265436724;404991
8265457133;404992
8265477546;404993
8265497950;404994
8265518360;404995
8265538768;404996
8265559178;404997
8265579586;404998
8265599995;404999
8265620405;405000
8265640817;405001
8265661223;405002
8265681631;405003
8265702040;405004
8265722449;405005
8265742858;405006
8265763266;405007
8265783676;405008
8265804084;405009
8265824494;405010
8265844902;405011
8265865311;405012
8265885720;405013
8265906129;405014
8265926538;405015
8265946947;405016
8265967355;405017
8265987765;405018
8266008173;405019
8266028582;405020
8266048992;405021
8266069400;405022
8266089810;405023
8266110222;405024
8266130628;405025
8266151036;405026
8266171445;405027
8266191854;405028
8266212263;405029
8266232671;405030
8266253081;405031
8266273489;405032
8266293899;405033
8266314307;405034
8266334716;405035
8266355125;405036
8266375534;405037
8266395946;405038
8266416352;405039
8266436760;405040
8266457170;405041
8266477578;405042
8266497988;405043
8266518397;405044
8266538805;405045
8266559215;405046
8266579623;405047
8266600036;405048
8266620441;405049
8266640850;405050
8266661262;405051
8266681668;405052
8266702076;405053
8266722486;405054
8266742894;405055
8266763304;405056
8266783712;405057
8266804125;405058
8266824530;405059
8266844939;405060
8266865347;405061
8266885757;405062
8266906165;405063
8266926575;405064
8266946983;405065
8266967392;405066
8266987802;405067
8267008214;405068
8267028620;405069
8267049028;405070
8267069437;405071
8267089846;405072
8267110255;405073
8267130664;405074
8267151073;405075
8267171481;405076
8267191891;405077
8267212299;405078
8267232709;405079
8267253117;405080
8267273526;405081
8267293935;405082
8267314344;405083
8267334752;405084
8267355162;405085
8267375570;405086
8267395980;405087
8267416389;405088
8267436797;405089
8267457207;405090
8267477615;405091
8267498025;405092
8267518437;405093
8267538846;405094
8267559251;405095
8267579660;405096
8267600072;405097
8267620478;405098
8267640890;405099
8267661296;405100
8267681704;405101
8267702113;405102
8267722522;405103
8267742931;405104
8267763340;405105
8267783749;405106
8267804157;405107
8267824567;405108
8267844975;405109
8267865385;405110
8267885794;405111
8267906206;405112
8267926612;405113
8267947020;405114
8267967430;405115
8267987838;405116
8268008247;405117
8268028656;405118
8268049065;405119
8268069474;405120
8268089883;405121
8268110291;405122
8268130701;405123
8268151109;405124
8268171518;405125
8268191927;405126
8268212336;405127
8268232745;405128
8268253154;405129
8268273562;405130
8268293972;405131
8268314380;405132
8268334790;405133
8268355199;405134
8268375607;405135
8268396017;405136
8268416425;405137
8268436834;405138
8268457243;405139
8268477652;405140
8268498061;405141
8268518470;405142
8268538878;405143
8268559288;405144
8268579696;405145
8268600106;405146
8268620514;405147
8268640923;405148
8268661332;405149
8268681741;405150
8268702154;405151
8268722559;405152
8268742967;405153
8268763377;405154
8268783786;405155
8268804195;405156
8268824604;405157
8268845012;405158
8268865422;405159
8268885830;405160
8268906240;405161
8268926648;405162
8268947057;405163
8268967466;405164
8268987875;405165
8269008283;405166
8269028693;405167
8269049105;405168
8269069511;405169
8269089919;405170
8269110328;405171
8269130737;405172
8269151146;405173
8269171555;405174
8269191964;405175
8269212376;405176
8269232782;405177
8269253191;405178
8269273603;405179
8269294009;405180
8269314417;405181
8269334827;405182
8269355235;405183
8269375645;405184
8269396053;405185
8269416462;405186
8269436871;405187
8269457280;405188
8269477688;405189
8269498098;405190
8269518506;405191
8269538916;405192
8269559324;405193
8269579733;405194
8269600142;405195
8269620551;405196
8269640960;405197
8269661369;405198
8269681777;405199
8269702187;405200
8269722596;405201
8269743008;405202
8269763414;405203
8269783822;405204
8269804232;405205
8269824640;405206
8269845050;405207
8269865458;405208
8269885867;405209
8269906276;405210
8269926689;405211
8269947093;405212
8269967503;405213
8269987911;405214
8270008321;405215
8270028729;405216
8270049138;405217
8270069551;405218
8270089956;405219
8270110365;405220
8270130774;405221
8270151183;405222
8270171592;405223
8270192001;405224
8270212409;405225
8270232819;405226
8270253227;405227
8270273637;405228
8270294045;405229
8270314455;405230
8270334863;405231
8270355272;405232
8270375681;405233
8270396090;405234
8270416498;405235
8270436908;405236
8270457316;405237
8270477730;405238
8270498134;405239
8270518543;405240
8270538952;405241
8270559361;405242
8270579770;405243
8270600179;405244
8270620592;405245
8270640997;405246
8270661406;405247
8270681814;405248
8270702228;405249
8270722636;405250
8270743042;405251
8270763450;405252
8270783859;405253
8270804268;405254
8270824677;405255
8270845086;405256
8270865495;405257
8270885903;405258
8270906313;405259
8270926721;405260
8270947131;405261
8270967539;405262
8270987948;405263
8271008357;405264
8271028766;405265
8271049175;405266
8271069584;405267
8271089993;405268
8271110402;405269
8271130811;405270
8271151219;405271
8271171629;405272
8271192037;405273
8271212447;405274
8271232855;405275
8271253264;405276
8271273673;405277
8271294082;405278
8271314491;405279
8271334900;405280
8271355308;405281
8271375718;405282
8271396126;405283
8271416536;405284
8271436944;405285
8271457353;405286
8271477762;405287
8271498171;405288
8271518581;405289
8271538989;405290
8271559398;405291
8271579807;405292
8271600216;405293
8271620625;405294
8271641034;405295
8271661442;405296
8271681852;405297
8271702260;405298
8271722669;405299
8271743078;405300
8271763487;405301
8271783896;405302
8271804305;405303
8271824713;405304
8271845123;405305
8271865531;405306
8271885944;405307
8271906349;405308
8271926758;405309
8271947167;405310
8271967576;405311
8271987985;405312
8272008394;405313
8272028803;405314
8272049216;405315
8272069621;405316
8272090029;405317
8272110439;405318
8272130847;405319
8272151257;405320
8272171665;405321
8272192074;405322
8272212483;405323
8272232892;405324
8272253301;405325
8272273710;405326
8272294118;405327
8272314528;405328
8272334936;405329
8272355346;405330
8272375754;405331
8272396163;405332
8272416573;405333
8272436985;405334
8272457390;405335
8272477799;405336
8272498208;405337
8272518617;405338
8272539026;405339
8272559434;405340
8272579844;405341
8272600252;405342
8272620662;405343
8272641070;405344
8272661479;405345
8272681888;405346
8272702297;405347
8272722706;405348
8272743115;405349
8272763523;405350
8272783933;405351
8272804341;405352
8272824750;405353
8272845159;405354
8272865568;405355
8272885978;405356
8272906390;405357
8272926799;405358
8272947204;405359
8272967613;405360
8272988022;405361
8273008431;405362
8273028839;405363
8273049249;405364
8273069657;405365
8273090067;405366
8273110475;405367
8273130884;405368
8273151293;405369
8273171702;405370
8273192111;405371
8273212520;405372
8273232928;405373
8273253338;405374
8273273750;405375
8273294156;405376
8273314564;405377
8273334973;405378
8273355383;405379
8273375791;405380
8273396200;405381
8273416609;405382
8273437018;405383
8273457427;405384
8273477836;405385
8273498244;405386
8273518654;405387
8273539062;405388
8273559472;405389
8273579880;405390
8273600289;405391
8273620698;405392
8273641107;405393
8273661516;405394
8273681925;405395
8273702333;405396
8273722743;405397
8273743151;405398
8273763561;405399
8273783970;405400
8273804378;405401
8273824788;405402
8273845196;405403
8273865606;405404
8273886014;405405
8273906423;405406
8273926832;405407
8273947241;405408
8273967649;405409
8273988059;405410
8274008467;405411
8274028877;405412
8274049285;405413
8274069694;405414
8274090103;405415
8274110512;405416
8274130921;405417
8274151330;405418
8274171738;405419
8274192148;405420
8274212560;405421
8274232965;405422
8274253375;405423
8274273787;405424
8274294193;405425
8274314605;405426
8274335010;405427
8274355419;405428
8274375828;405429
8274396237;405430
8274416646;405431
8274437054;405432
8274457464;405433
8274477872;405434
8274498282;405435
8274518690;405436
8274539099;405437
8274559508;405438
8274579963;405439
8274600373;405440
8274620785;405441
8274641190;405442
8274661603;405443
8274682012;405444
8274702418;405445
8274722826;405446
8274743235;405447
8274763644;405448
8274784053;405449
8274804462;405450
8274824871;405451
8274845280;405452
8274865690;405453
8274886098;405454
8274906511;405455
8274926916;405456
8274947325;405457
8274967735;405458
8274988143;405459
8275008556;405460
8275028962;405461
8275049370;405462
8275069780;405463
8275090188;405464
8275110597;405465
8275131007;405466
8275151415;405467
8275171825;405468
8275192233;405469
8275212642;405470
8275233052;405471
8275253460;405472
8275273869;405473
8275294279;405474
8275314687;405475
8275335097;405476
8275355505;405477
8275375914;405478
8275396324;405479
8275416732;405480
8275437142;405481
8275457554;405482
8275477959;405483
8275498369;405484
8275518777;405485
8275539187;405486
8275559596;405487
8275580004;405488
8275600414;405489
8275620822;405490
8275641231;405491
8275661641;405492
8275682049;405493
8275702459;405494
8275722867;405495
8275743276;405496
8275763686;405497
8275784094;405498
8275804504;405499
8275824913;405500
8275845321;405501
8275865731;405502
8275886139;405503
8275906549;405504
8275926958;405505
8275947366;405506
8275967776;405507
8275988184;405508
8276008593;405509
8276029003;405510
8276049411;405511
8276069821;405512
8276090230;405513
8276110639;405514
8276131048;405515
8276151456;405516
8276171866;405517
8276192275;405518
8276212683;405519
8276233093;405520
8276253501;405521
8276273911;405522
8276294320;405523
8276314728;405524
8276335142;405525
8276355547;405526
8276375956;405527
8276396365;405528
8276416773;405529
8276437183;405530
8276457592;405531
8276478000;405532
8276498410;405533
8276518818;405534
8276539228;405535
8276559637;405536
8276580045;405537
8276600455;405538
8276620864;405539
8276641273;405540
8276661682;405541
8276682090;405542
8276702504;405543
8276722909;405544
8276743318;405545
8276763731;405546
8276784136;405547
8276804545;405548
8276824954;405549
8276845362;405550
8276865772;405551
8276886181;405552
8276906590;405553
8276926999;405554
8276947407;405555
8276967817;405556
8276988226;405557
8277008635;405558
8277029044;405559
8277049453;405560
8277069862;405561
8277090275;405562
8277110680;405563
8277131089;405564
8277151498;405565
8277171907;405566
8277192316;405567
8277212725;405568
8277233134;405569
8277253543;405570
8277273952;405571
8277294361;405572
8277314771;405573
8277335179;405574
8277355588;405575
8277375997;405576
8277396406;405577
8277416815;405578
8277437224;405579
8277457633;405580
8277478042;405581
8277498451;405582
8277518864;405583
8277539273;405584
8277559682;405585
8277580088;405586
8277600496;405587
8277620905;405588
8277641314;405589
8277661723;405590
8277682133;405591
8277702545;405592
8277722950;405593
8277743363;405594
8277763768;405595
8277784177;405596
8277804586;405597
8277824995;405598
8277845405;405599
8277865813;405600
8277886222;405601
8277906631;405602
8277927044;405603
8277947450;405604
8277967858;405605
8277988267;405606
8278008676;405607
8278029085;405608
8278049495;405609
8278069903;405610
8278090312;405611
8278110722;405612
8278131130;405613
8278151540;405614
8278171948;405615
8278192357;405616
8278212767;405617
8278233175;405618
8278253584;405619
8278273994;405620
8278294402;405621
8278314812;405622
8278335220;405623
8278355629;405624
8278376039;405625
8278396447;405626
8278416857;405627
8278437265;405628
8278457674;405629
8278478084;405630
8278498492;405631
8278518902;405632
8278539311;405633
8278559723;405634
8278580129;405635
8278600537;405636
8278620947;405637
8278641356;405638
8278661768;405639
8278682174;405640
8278702582;405641
8278722991;405642
8278743401;405643
8278763809;405644
8278784219;405645
8278804628;405646
8278825036;405647
8278845446;405648
8278865854;405649
8278886263;405650
8278906673;405651
8278927081;405652
8278947491;405653
8278967899;405654
8278988309;405655
8279008718;405656
8279029126;405657
8279049536;405658
8279069945;405659
8279090353;405660
8279110763;405661
8279131171;405662
8279151585;405663
8279171990;405664
8279192398;405665
8279212808;405666
8279233216;405667
8279253626;405668
8279274035;405669
8279294443;405670
8279314853;405671
8279335262;405672
8279355671;405673
8279376080;405674
8279396488;405675
8279416898;405676
8279437307;405677
8279457716;405678
8279478125;405679
8279498533;405680
8279518943;405681
8279539352;405682
8279559760;405683
8279580170;405684
8279600579;405685
8279620988;405686
8279641397;405687
8279661805;405688
8279682215;405689
8279702624;405690
8279723033;405691
8279743442;405692
8279763850;405693
8279784260;405694
8279804669;405695
8279825077;405696
8279845487;405697
8279865896;405698
8279886305;405699
8279906714;405700
8279927122;405701
8279947532;405702
8279967941;405703
8279988350;405704
8280008759;405705
8280029168;405706
8280049577;405707
8280069986;405708
8280090395;405709
8280110804;405710
8280131213;405711
8280151622;405712
8280172031;405713
8280192440;405714
8280212849;405715
8280233262;405716
8280253667;405717
8280274076;405718
8280294486;405719
8280314894;405720
8280335303;405721
8280355712;405722
8280376121;405723
8280396530;405724
8280416939;405725
8280437348;405726
8280457757;405727
8280478166;405728
8280498575;405729
8280518984;405730
8280539393;405731
8280559803;405732
8280580211;405733
8280600620;405734
8280621029;405735
8280641438;405736
8280661848;405737
8280682256;405738
8280702665;405739
8280723074;405740
8280743483;405741
8280763892;405742
8280784305;405743
8280804710;405744
8280825120;405745
8280845528;405746
8280865937;405747
8280886346;405748
8280906755;405749
8280927165;405750
8280947573;405751
8280967982;405752
8280988391;405753
8281008800;405754
8281029214;405755
8281049618;405756
8281070027;405757
8281090441;405758
8281110845;405759
8281131255;405760
8281151663;405761
8281172072;405762
8281192482;405763
8281212890;405764
8281233299;405765
8281253708;405766
8281274117;405767
8281294527;405768
8281314935;405769
8281335344;405770
8281355754;405771
8281376162;405772
8281396572;405773
8281416980;405774
8281437389;405775
8281457799;405776
8281478207;405777
8281498620;405778
8281519025;405779
8281539434;405780
8281559844;405781
8281580252;405782
8281600662;405783
8281621071;405784
8281641479;405785
8281661889;405786
8281682297;405787
8281702707;405788
8281723116;405789
8281743524;405790
8281763934;405791
8281784343;405792
8281804751;405793
8281825161;405794
8281845569;405795
8281865979;405796
8281886388;405797
8281906796;405798
8281927206;405799
8281947614;405800
8281968027;405801
8281988433;405802
8282008841;405803
8282029251;405804
8282049660;405805
8282070069;405806
8282090478;405807
8282110886;405808
8282131296;405809
8282151705;405810
8282172113;405811
8282192523;405812
8282212931;405813
8282233341;405814
8282253750;405815
8282274162;405816
8282294568;405817
8282314977;405818
8282335386;405819
8282355795;405820
8282376203;405821
8282396613;405822
8282417022;405823
8282437430;405824
8282457840;405825
8282478248;405826
8282498658;405827
8282519067;405828
8282539476;405829
8282559885;405830
8282580294;405831
8282600703;405832
8282621112;405833
8282641520;405834
8282661930;405835
8282682339;405836
8282702748;405837
8282723157;405838
8282743565;405839
8282763975;405840
8282784384;405841
8282804793;405842
8282825202;405843
8282845611;405844
8282866020;405845
8282886429;405846
8282906837;405847
8282927247;405848
8282947656;405849
8282968065;405850
8282988478;405851
8283008882;405852
8283029292;405853
8283049701;405854
8283070110;405855
8283090519;405856
8283110928;405857
8283131337;405858
8283151746;405859
8283172155;405860
8283192564;405861
8283212973;405862
8283233382;405863
8283253791;405864
8283274200;405865
8283294609;405866
8283315018;405867
8283335427;405868
8283355836;405869
8283376245;405870
8283396654;405871
8283417063;405872
8283437472;405873
8283457881;405874
8283478290;405875
8283498699;405876
8283519108;405877
8283539518;405878
8283559926;405879
8283580335;405880
8283600744;405881
8283621153;405882
8283641563;405883
8283661971;405884
8283682380;405885
8283702789;405886
8283723198;405887
8283743608;405888
8283764016;405889
8283784425;405890
8283804835;405891
8283825243;405892
8283845653;405893
8283866061;405894
8283886470;405895
8283906884;405896
8283927288;405897
8283947697;405898
8283968106;405899
8283988515;405900
8284008925;405901
8284029333;405902
8284049742;405903
8284070152;405904
8284090560;405905
8284110970;405906
8284131378;405907
8284151787;405908
8284172197;405909
8284192605;405910
8284213014;405911
8284233427;405912
8284253832;405913
8284274242;405914
8284294650;405915
8284315059;405916
8284335469;405917
8284355877;405918
8284376287;405919
8284396695;405920
8284417108;405921
8284437514;405922
8284457926;405923
8284478332;405924
8284498740;405925
8284519149;405926
8284539559;405927
8284559967;405928
8284580323;405929
8284600731;405930
8284621140;405931
8284641549;405932
8284661958;405933
8284682367;405934
8284702776;405935
8284723184;405936
8284743594;405937
8284764002;405938
8284784415;405939
8284804820;405940
8284825229;405941
8284845638;405942
8284866047;405943
8284886455;405944
8284906865;405945
8284927273;405946
8284947686;405947
8284968091;405948
8284988500;405949
8285008909;405950
8285029318;405951
8285049731;405952
8285070136;405953
8285090545;405954
8285110954;405955
8285131363;405956
8285151771;405957
8285172181;405958
8285192589;405959
8285212999;405960
8285233411;405961
8285253816;405962
8285274229;405963
8285294634;405964
8285315043;405965
8285335452;405966
8285355860;405967
8285376270;405968
8285396678;405969
8285417088;405970
8285437500;405971
8285457905;405972
8285478314;405973
8285498723;405974
8285519132;405975
8285539541;405976
8285559953;405977
8285580363;405978
8285600767;405979
8285621176;405980
8285641585;405981
8285661994;405982
8285682403;405983
8285702812;405984
8285723220;405985
8285743630;405986
8285764038;405987
8285784448;405988
8285804856;405989
8285825265;405990
8285845674;405991
8285866083;405992
8285886492;405993
8285906901;405994
8285927309;405995
8285947719;405996
8285968127;405997
8285988540;405998
8286008945;405999
8286029354;406000
8286049763;406001
8286070172;406002
8286090580;406003
8286110990;406004
8286131398;406005
8286151808;406006
8286172220;406007
8286192625;406008
8286213034;406009
8286233443;406010
8286253852;406011
8286274265;406012
8286294669;406013
8286315083;406014
8286335487;406015
8286355897;406016
8286376305;406017
8286396714;406018
8286417123;406019
8286437532;406020
8286457940;406021
8286478350;406022
8286498758;406023
8286519168;406024
8286539576;406025
8286559985;406026
8286580394;406027
8286600803;406028
8286621212;406029
8286641621;406030
8286662029;406031
8286682439;406032
8286702847;406033
8286723260;406034
8286743666;406035
8286764074;406036
8286784484;406037
8286804892;406038
8286825302;406039
8286845710;406040
8286866119;406041
8286886528;406042
8286906937;406043
8286927345;406044
8286947755;406045
8286968163;406046
8286988573;406047
8287008981;406048
8287029390;406049
8287049803;406050
8287070208;406051
8287090617;406052
8287111026;406053
8287131434;406054
8287151844;406055
8287172252;406056
8287192662;406057
8287213070;406058
8287233479;406059
8287253888;406060
8287274297;406061
8287294705;406062
8287315115;406063
8287335527;406064
8287355933;406065
8287376341;406066
8287396750;406067
8287417159;406068
8287437568;406069
8287457977;406070
8287478386;406071
8287498794;406072
8287519208;406073
8287539612;406074
8287560022;406075
8287580434;406076
8287600839;406077
8287621248;406078
8287641661;406079
8287662066;406080
8287682475;406081
8287702887;406082
8287723293;406083
8287743701;406084
8287764114;406085
8287784519;406086
8287804928;406087
8287825337;406088
8287845746;406089
8287866154;406090
8287886564;406091
8287906972;406092
8287927382;406093
8287947790;406094
8287968199;406095
8287988608;406096
8288009017;406097
8288029426;406098
8288049835;406099
8288070243;406100
8288090653;406101
8288111061;406102
8288131470;406103
8288151879;406104
8288172288;406105
8288192701;406106
8288213106;406107
8288233514;406108
8288253924;406109
8288274332;406110
8288294742;406111
8288315150;406112
8288335559;406113
8288355968;406114
8288376377;406115
8288396787;406116
8288417195;406117
8288437604;406118
8288458013;406119
8288478422;406120
8288498831;406121
8288519240;406122
8288539648;406123
8288560062;406124
8288580466;406125
8288600879;406126
8288621284;406127
8288641693;406128
8288662106;406129
8288682511;406130
8288702919;406131
8288723329;406132
8288743737;406133
8288764147;406134
8288784555;406135
8288804964;406136
8288825373;406137
8288845782;406138
8288866190;406139
8288886600;406140
8288907008;406141
8288927418;406142
8288947826;406143
8288968236;406144
8288988644;406145
8289009057;406146
8289029462;406147
8289049871;406148
8289070280;406149
8289090693;406150
8289111097;406151
8289131507;406152
8289151915;406153
8289172324;406154
8289192733;406155
8289213142;406156
8289233551;406157
8289253960;406158
8289274368;406159
8289294778;406160
8289315186;406161
8289335596;406162
8289356004;406163
8289376413;406164
8289396822;406165
8289417231;406166
8289437640;406167
8289458049;406168
8289478457;406169
8289498867;406170
8289519275;406171
8289539684;406172
8289560093;406173
8289580502;406174
8289600911;406175
8289621320;406176
8289641728;406177
8289662138;406178
8289682546;406179
8289702956;406180
8289723364;406181
8289743773;406182
8289764182;406183
8289784591;406184
8289805000;406185
8289825409;406186
8289845817;406187
8289866227;406188
8289886635;406189
8289907045;406190
8289927453;406191
8289947862;406192
8289968271;406193
8289988680;406194
8290009088;406195
8290029498;406196
8290049906;406197
8290070316;406198
8290090725;406199
8290111133;406200
8290131543;406201
8290151951;406202
8290172361;406203
8290192773;406204
8290213178;406205
8290233587;406206
8290253996;406207
8290274408;406208
8290294814;406209
8290315222;406210
8290335632;406211
8290356040;406212
8290376449;406213
8290396858;406214
8290417267;406215
8290437680;406216
8290458085;406217
8290478493;406218
8290498903;406219
8290519311;406220
8290539721;406221
8290560129;406222
8290580538;406223
8290600947;406224
8290621356;406225
8290641765;406226
8290662174;406227
8290682582;406228
8290702992;406229
8290723400;406230
8290743810;406231
8290764218;406232
8290784627;406233
8290805036;406234
8290825445;406235
8290845853;406236
8290866263;406237
8290886671;406238
8290907081;406239
8290927489;406240
8290947898;406241
8290968307;406242
8290988716;406243
8291009125;406244
8291029534;406245
8291049942;406246
8291070352;406247
8291090760;406248
8291111170;406249
8291131578;406250
8291151987;406251
8291172396;406252
8291192805;406253
8291213213;406254
8291233623;406255
8291254031;406256
8291274441;406257
8291294849;406258
8291315258;406259
8291335667;406260
8291356076;406261
8291376485;406262
8291396894;406263
8291417302;406264
8291437712;406265
8291458120;406266
8291478530;406267
8291498938;406268
8291519351;406269
8291539756;406270
8291560165;406271
8291580574;406272
8291600983;406273
8291621391;406274
8291641801;406275
8291662209;406276
8291682618;406277
8291703031;406278
8291723436;406279
8291743846;406280
8291764254;406281
8291784663;406282
8291805072;406283
8291825481;406284
8291845890;406285
8291866303;406286
8291886711;406287
8291907117;406288
8291927525;406289
8291947935;406290
8291968343;406291
8291988752;406292
8292009161;406293
8292029570;406294
8292049979;406295
8292070388;406296
8292090796;406297
8292111206;406298
8292131614;406299
8292152023;406300
8292172432;406301
8292192841;406302
8292213250;406303
8292233659;406304
8292254067;406305
8292274477;406306
8292294885;406307
8292315295;406308
8292335703;406309
8292356112;406310
8292376521;406311
8292396930;406312
8292417339;406313
8292437748;406314
8292458156;406315
8292478570;406316
8292498974;406317
8292519384;406318
8292539792;406319
8292560201;406320
8292580610;406321
8292601019;406322
8292621427;406323
8292641837;406324
8292662245;406325
8292682655;406326
8292703063;406327
8292723472;406328
8292743881;406329
8292764294;406330
8292784699;406331
8292805108;406332
8292825516;406333
8292845926;406334
8292866334;406335
8292886744;406336
8292907152;406337
8292927561;406338
8292947974;406339
8292968379;406340
8292988787;406341
8293009197;406342
8293029605;406343
8293050015;406344
8293070423;406345
8293090832;406346
8293111241;406347
8293131650;406348
8293152059;406349
8293172468;406350
8293192876;406351
8293213286;406352
8293233694;406353
8293254104;406354
8293274512;406355
8293294921;406356
8293315330;406357
8293335739;406358
8293356148;406359
8293376557;406360
8293396966;406361
8293417375;406362
8293437784;406363
8293458193;406364
8293478602;406365
8293499010;406366
8293519420;406367
8293539828;406368
8293560237;406369
8293580650;406370
8293601055;406371
8293621464;406372
8293641873;406373
8293662281;406374
8293682691;406375
8293703099;406376
8293723509;406377
8293743917;406378
8293764326;406379
8293784735;406380
8293805144;406381
8293825553;406382
8293845962;406383
8293866370;406384
8293886780;406385
8293907188;406386
8293927597;406387
8293948006;406388
8293968415;406389
8293988824;406390
8294009233;406391
8294029645;406392
8294050051;406393
8294070459;406394
8294090869;406395
8294111277;406396
8294131686;406397
8294152095;406398
8294172504;406399
8294192916;406400
8294213322;406401
8294233734;406402
8294254140;406403
8294274552;406404
8294294958;406405
8294315370;406406
8294335775;406407
8294356184;406408
8294376593;406409
8294397001;406410
8294417411;406411
8294437819;406412
8294458229;406413
8294478637;406414
8294499046;406415
8294519455;406416
8294539864;406417
8294560273;406418
8294580718;406419
8294601126;406420
8294621536;406421
8294641949;406422
8294662354;406423
8294682763;406424
8294703171;406425
8294723581;406426
8294743990;406427
8294764399;406428
8294784808;406429
8294805216;406430
8294825626;406431
8294846034;406432
8294866447;406433
8294886853;406434
8294907261;406435
8294927671;406436
8294948079;406437
8294968488;406438
8294988897;406439
8295009306;406440
8295029715;406441
8295050128;406442
8295070533;406443
8295090946;406444
8295111351;406445
8295131761;406446
8295152169;406447
8295172578;406448
8295192987;406449
8295213400;406450
8295233804;406451
8295254214;406452
8295274623;406453
8295295036;406454
8295315441;406455
8295335849;406456
8295356259;406457
8295376668;406458
8295397077;406459
8295417486;406460
8295437894;406461
8295458304;406462
8295478712;406463
8295499122;406464
8295519531;406465
8295539939;406466
8295560349;406467
8295580757;406468
8295601166;406469
8295621575;406470
8295641984;406471
8295662394;406472
8295682802;406473
8295703211;406474
8295723620;406475
8295744033;406476
8295764439;406477
8295784847;406478
8295805256;406479
8295825665;406480
8295846074;406481
8295866483;406482
8295886892;406483
8295907301;406484
8295927710;406485
8295948119;406486
8295968528;406487
8295988941;406488
8296009345;406489
8296029755;406490
8296050164;406491
8296070572;406492
8296090982;406493
8296111390;406494
8296131800;406495
8296152209;406496
8296172617;406497
8296193027;406498
8296213435;406499
8296233845;406500
8296254253;406501
8296274662;406502
8296295076;406503
8296315480;406504
8296335890;406505
8296356298;406506
8296376707;406507
8296397116;406508
8296417525;406509
8296437935;406510
8296458347;406511
8296478752;406512
8296499161;406513
8296519574;406514
8296539980;406515
8296560388;406516
8296580797;406517
8296601206;406518
8296621615;406519
8296642023;406520
8296662433;406521
8296682842;406522
8296703251;406523
8296723660;406524
8296744068;406525
8296764478;406526
8296784887;406527
8296805296;406528
8296825705;406529
8296846113;406530
8296866523;406531
8296886931;406532
8296907341;406533
8296927750;406534
8296948158;406535
8296968568;406536
8296988976;406537
8297009385;406538
8297029794;406539
8297050207;406540
8297070613;406541
8297091021;406542
8297111430;406543
8297131839;406544
8297152248;406545
8297172658;406546
8297193066;406547
8297213479;406548
8297233884;406549
8297254293;406550
8297274705;406551
8297295111;406552
8297315520;406553
8297335929;406554
8297356338;406555
8297376747;406556
8297397156;406557
8297417564;406558
8297437974;406559
8297458383;406560
8297478792;406561
8297499201;406562
8297519613;406563
8297540019;406564
8297560428;406565
8297580836;406566
8297601246;406567
8297621654;406568
8297642064;406569
8297662472;406570
8297682881;406571
8297703291;406572
8297723699;406573
8297744109;406574
8297764517;406575
8297784930;406576
8297805335;406577
8297825744;406578
8297846153;406579
8297866562;406580
8297886971;406581
8297907380;406582
8297927789;406583
8297948199;406584
8297968607;406585
8297989016;406586
8298009425;406587
8298029834;406588
8298050242;406589
8298070652;406590
8298091061;406591
8298111470;406592
8298131879;406593
8298152287;406594
8298172697;406595
8298193105;406596
8298213515;406597
8298233928;406598
8298254332;406599
8298274742;406600
8298295150;406601
8298315560;406602
8298335973;406603
8298356377;406604
8298376791;406605
8298397195;406606
8298417605;406607
8298438013;406608
8298458422;406609
8298478832;406610
8298499240;406611
8298519649;406612
8298540058;406613
8298560467;406614
8298580877;406615
8298601285;406616
8298621694;406617
8298642103;406618
8298662512;406619
8298682921;406620
8298703330;406621
8298723739;406622
8298744148;406623
8298764557;406624
8298784966;406625
8298805375;406626
8298825783;406627
8298846193;406628
8298866602;406629
8298887011;406630
8298907420;406631
8298927828;406632
8298948238;406633
8298968647;406634
8298989055;406635
8299009465;406636
8299029877;406637
8299050283;406638
8299070691;406639
8299091100;406640
8299111510;406641
8299131918;406642
8299152328;406643
8299172736;406644
8299193145;406645
8299213554;406646
8299233963;406647
8299254373;406648
8299274785;406649
8299295190;406650
8299315599;406651
8299336008;406652
8299356417;406653
8299376826;406654
8299397235;406655
8299417644;406656
8299438053;406657
8299458461;406658
8299478871;406659
8299499280;406660
8299519689;406661
8299540102;406662
8299560506;406663
8299580916;406664
8299601328;406665
8299621734;406666
8299642143;406667
8299662551;406668
8299682961;406669
8299703369;406670
8299723778;406671
8299744192;406672
8299764596;406673
8299785010;406674
8299805414;406675
8299825823;406676
8299846232;406677
8299866641;406678
8299887051;406679
8299907459;406680
8299927868;406681
8299948277;406682
8299968690;406683
8299989095;406684
8300009504;406685
8300029913;406686
8300050322;406687
8300070731;406688
8300091140;406689
8300111549;406690
8300131958;406691
8300152367;406692
8300172776;406693
8300193184;406694
8300213594;406695
8300234002;406696
8300254412;406697
8300274825;406698
8300295229;406699
8300315639;406700
8300336047;406701
8300356457;406702
8300376866;406703
8300397275;406704
8300417684;406705
8300438092;406706
8300458502;406707
8300478910;406708
8300499319;406709
8300519729;406710
8300540137;406711
8300560547;406712
8300580955;406713
8300601364;406714
8300621773;406715
8300642182;406716
8300662591;406717
8300683000;406718
8300703409;406719
8300723818;406720
8300744227;406721
8300764636;406722
8300785045;406723
8300805454;406724
8300825863;406725
8300846272;406726
8300866680;406727
8300887090;406728
8300907499;406729
8300927908;406730
8300948317;406731
8300968729;406732
8300989135;406733
8301009543;406734
8301029953;406735
8301050362;406736
8301070774;406737
8301091180;406738
8301111588;406739
8301131997;406740
8301152407;406741
8301172815;406742
8301193225;406743
8301213633;406744
8301234042;406745
8301254451;406746
8301274860;406747
8301295270;406748
8301315678;406749
8301336087;406750
8301356496;406751
8301376905;406752
8301397314;406753
8301417723;406754
8301438132;406755
8301458541;406756
8301478950;406757
8301499362;406758
8301519768;406759
8301540177;406760
8301560586;406761
8301580995;406762
8301601404;406763
8301621813;406764
8301642221;406765
8301662631;406766
8301683040;406767
8301703448;406768
8301723862;406769
8301744266;406770
8301764676;406771
8301785088;406772
8301805493;406773
8301825903;406774
8301846311;406775
8301866721;406776
8301887129;406777
8301907538;406778
8301927948;406779
8301948356;406780
8301968766;406781
8301989174;406782
8302009583;406783
8302029992;406784
8302050401;406785
8302070811;406786
8302091219;406787
8302111628;406788
8302132037;406789
8302152446;406790
8302172855;406791
8302193264;406792
8302213673;406793
8302234082;406794
8302254491;406795
8302274899;406796
8302295309;406797
8302315718;406798
8302336127;406799
8302356536;406800
8302376948;406801
8302397354;406802
8302417762;406803
8302438171;406804
8302458581;406805
8302478989;406806
8302499399;406807
8302519807;406808
8302540216;406809
8302560626;406810
8302581034;406811
8302601444;406812
8302621852;406813
8302642261;406814
8302662670;406815
8302683079;406816
8302703488;406817
8302723897;406818
8302744306;406819
8302764719;406820
8302785124;406821
8302805532;406822
8302825942;406823
8302846351;406824
8302866760;406825
8302887173;406826
8302907577;406827
8302927987;406828
8302948396;406829
8302968805;406830
8302989214;406831
8303009622;406832
8303030032;406833
8303050440;406834
8303070850;406835
8303091259;406836
8303111667;406837
8303132077;406838
8303152485;406839
8303172894;406840
8303193307;406841
8303213712;406842
8303234122;406843
8303254530;406844
8303274939;406845
8303295348;406846
8303315757;406847
8303336167;406848
8303356575;406849
8303376984;406850
8303397393;406851
8303417802;406852
8303438211;406853
8303458620;406854
8303479029;406855
8303499438;406856
8303519847;406857
8303540256;406858
8303560669;406859
8303581074;406860
8303601483;406861
8303621892;406862
8303642300;406863
8303662710;406864
8303683118;406865
8303703528;406866
8303723937;406867
8303744345;406868
8303764759;406869
8303785163;406870
8303805573;406871
8303825981;406872
8303846390;406873
8303866800;406874
8303887208;406875
8303907618;406876
8303928026;406877
8303948435;406878
8303968845;406879
8303989253;406880
8304009667;406881
8304030071;406882
8304050480;406883
8304070889;406884
8304091298;406885
8304111707;406886
8304132116;406887
8304152525;406888
8304172934;406889
8304193343;406890
8304213751;406891
8304234161;406892
8304254570;406893
8304274979;406894
8304295388;406895
8304315796;406896
8304336210;406897
8304356615;406898
8304377024;406899
8304397433;406900
8304417841;406901
8304438251;406902
8304458659;406903
8304479068;406904
8304499478;406905
8304519886;406906
8304540296;406907
8304560704;406908
8304581097;406909
8304601510;406910
8304621919;406911
8304642325;406912
8304662733;406913
8304683142;406914
8304703551;406915
8304723960;406916
8304744369;406917
8304764778;406918
8304785186;406919
8304805596;406920
8304826004;406921
8304846414;406922
8304866827;406923
8304887231;406924
8304907641;406925
8304928049;406926
8304948458;406927
8304968871;406928
8304989276;406929
8305009685;406930
8305030094;406931
8305050502;406932
8305070912;406933
8305091321;406934
8305111730;406935
8305132139;406936
8305152547;406937
8305172957;406938
8305193365;406939
8305213775;406940
8305234183;406941
8305254596;406942
8305275001;406943
8305295410;406944
8305315820;406945
8305336228;406946
8305356637;406947
8305377046;406948
8305397455;406949
8305417863;406950
8305438273;406951
8305458681;406952
8305479095;406953
8305499499;406954
8305519908;406955
8305540318;406956
8305560726;406957
8305581136;406958
8305601544;406959
8305621953;406960
8305642362;406961
8305662771;406962
8305683180;406963
8305703589;406964
8305724002;406965
8305744407;406966
8305764816;406967
8305785224;406968
8305805634;406969
8305826042;406970
8305846452;406971
8305866860;406972
8305887269;406973
8305907678;406974
8305928087;406975
8305948497;406976
8305968905;406977
8305989314;406978
8306009723;406979
8306030132;406980
8306050541;406981
8306070954;406982
8306091358;406983
8306111768;406984
8306132176;406985
8306152586;406986
8306172995;406987
8306193407;406988
8306213813;406989
8306234221;406990
8306254631;406991
8306275039;406992
8306295448;406993
8306315857;406994
8306336269;406995
8306356674;406996
8306377084;406997
8306397493;406998
8306417902;406999
8306438311;407000
8306458719;407001
8306479129;407002
8306499537;407003
8306519947;407004
8306540355;407005
8306560764;407006
8306581177;407007
8306601586;407008
8306621991;407009
8306642400;407010
8306662809;407011
8306683218;407012
8306703627;407013
8306724035;407014
8306744445;407015
8306764857;407016
8306785263;407017
8306805671;407018
8306826080;407019
8306846490;407020
8306866898;407021
8306887308;407022
8306907716;407023
8306928125;407024
8306948534;407025
8306968943;407026
8306989352;407027
8307009761;407028
8307030170;407029
8307050579;407030
8307070988;407031
8307091396;407032
8307111806;407033
8307132214;407034
8307152624;407035
8307173032;407036
8307193441;407037
8307213850;407038
8307234259;407039
8307254669;407040
8307275077;407041
8307295486;407042
8307315895;407043
8307336304;407044
8307356713;407045
8307377122;407046
8307397530;407047
8307417940;407048
8307438352;407049
8307458758;407050
8307479167;407051
8307499575;407052
8307519985;407053
8307540393;407054
8307560803;407055
8307581211;407056
8307601620;407057
8307622029;407058
8307642438;407059
8307662846;407060
8307683256;407061
8307703665;407062
8307724074;407063
8307744483;407064
8307764891;407065
8307785301;407066
8307805709;407067
8307826119;407068
8307846527;407069
8307866936;407070
8307887345;407071
8307907754;407072
8307928164;407073
8307948572;407074
8307968981;407075
8307989390;407076
8308009799;407077
8308030208;407078
8308050617;407079
8308071029;407080
8308091435;407081
8308111843;407082
8308132252;407083
8308152662;407084
8308173070;407085
8308193480;407086
8308213888;407087
8308234301;407088
8308254706;407089
8308275115;407090
8308295524;407091
8308315933;407092
8308336342;407093
8308356755;407094
8308377160;407095
8308397569;407096
8308417978;407097
8308438386;407098
8308458800;407099
8308479204;407100
8308499614;407101
8308520022;407102
8308540431;407103
8308560841;407104
8308581249;407105
8308601659;407106
8308622067;407107
8308642476;407108
8308662885;407109
8308683298;407110
8308703702;407111
8308724116;407112
8308744520;407113
8308764930;407114
8308785339;407115
8308805747;407116
8308826157;407117
8308846565;407118
8308866975;407119
8308887387;407120
8308907792;407121
8308928201;407122
8308948610;407123
8308969019;407124
8308989428;407125
8309009837;407126
8309030246;407127
8309050655;407128
8309071063;407129
8309091473;407130
8309111881;407131
8309132291;407132
8309152699;407133
8309173108;407134
8309193517;407135
8309213930;407136
8309234336;407137
8309254744;407138
8309275153;407139
8309295562;407140
8309315971;407141
8309336380;407142
8309356789;407143
8309377197;407144
8309397607;407145
8309418015;407146
8309438424;407147
8309458838;407148
8309479242;407149
8309499652;407150
8309520060;407151
8309540469;407152
8309560878;407153
8309581291;407154
8309601696;407155
8309622105;407156
8309642514;407157
8309662923;407158
8309683332;407159
8309703745;407160
8309724150;407161
8309744558;407162
8309764968;407163
8309785376;407164
8309805786;407165
8309826194;407166
8309846603;407167
8309867013;407168
8309887421;407169
8309907834;407170
8309928239;407171
8309948648;407172
8309969057;407173
8309989470;407174
8310009874;407175
8310030288;407176
8310050692;407177
8310071102;407178
8310091511;407179
8310111919;407180
8310132333;407181
8310152737;407182
8310173147;407183
8310193555;407184
8310213964;407185
8310234373;407186
8310254782;407187
8310275191;407188
8310295600;407189
8310316009;407190
8310336418;407191
8310356827;407192
8310377235;407193
8310397645;407194
8310418053;407195
8310438467;407196
8310458871;407197
8310479281;407198
8310499689;407199
8310520098;407200
8310540508;407201
8310560916;407202
8310581325;407203
8310601734;407204
8310622143;407205
8310642552;407206
8310662961;407207
8310683369;407208
8310703779;407209
8310724188;407210
8310744597;407211
8310765010;407212
8310785414;407213
8310805824;407214
8310826232;407215
8310846645;407216
8310867050;407217
8310887459;407218
8310907868;407219
8310928277;407220
8310948687;407221
8310969095;407222
8310989504;407223
8311009913;407224
8311030322;407225
8311050730;407226
8311071140;407227
8311091548;407228
8311111958;407229
8311132366;407230
8311152775;407231
8311173185;407232
8311193593;407233
8311214007;407234
8311234411;407235
8311254820;407236
8311275229;407237
8311295638;407238
8311316047;407239
8311336456;407240
8311356864;407241
8311377274;407242
8311397683;407243
8311418091;407244
8311438501;407245
8311458909;407246
8311479319;407247
8311499727;407248
8311520136;407249
8311540545;407250
8311560954;407251
8311581363;407252
8311601776;407253
8311622181;407254
8311642590;407255
8311662999;407256
8311683408;407257
8311703817;407258
8311724225;407259
8311744635;407260
8311765047;407261
8311785453;407262
8311805861;407263
8311826270;407264
8311846680;407265
8311867088;407266
8311887498;407267
8311907906;407268
8311928315;407269
8311948724;407270
8311969133;407271
8311989541;407272
8312009951;407273
8312030360;407274
8312050769;407275
8312071182;407276
8312091586;407277
8312111996;407278
8312132404;407279
8312152814;407280
8312173222;407281
8312193631;407282
8312214040;407283
8312234449;407284
8312254862;407285
8312275267;407286
8312295676;407287
8312316089;407288
8312336494;407289
8312356906;407290
8312377312;407291
8312397720;407292
8312418130;407293
8312438538;407294
8312458948;407295
8312479357;407296
8312499765;407297
8312520175;407298
8312540583;407299
8312560992;407300
8312581401;407301
8312601810;407302
8312622219;407303
8312642628;407304
8312663036;407305
8312683446;407306
8312703855;407307
8312724264;407308
8312744673;407309
8312765081;407310
8312785491;407311
8312805899;407312
8312826309;407313
8312846717;407314
8312867130;407315
8312887535;407316
8312907944;407317
8312928354;407318
8312948762;407319
8312969171;407320
8312989580;407321
8313009989;407322
8313030397;407323
8313050807;407324
8313071215;407325
8313091625;407326
8313112033;407327
8313132442;407328
8313152852;407329
8313173260;407330
8313193670;407331
8313214078;407332
8313234487;407333
8313254896;407334
8313275305;407335
8313295714;407336
8313316123;407337
8313336532;407338
8313356941;407339
8313377350;407340
8313397759;407341
8313418168;407342
8313438576;407343
8313458986;407344
8313479394;407345
8313499804;407346
8313520212;407347
8313540621;407348
8313561031;407349
8313581443;407350
8313601848;407351
8313622257;407352
8313642666;407353
8313663075;407354
8313683484;407355
8313703892;407356
8313724302;407357
8313744710;407358
8313765120;407359
8313785529;407360
8313805937;407361
8313826347;407362
8313846755;407363
8313867165;407364
8313887573;407365
8313907982;407366
8313928391;407367
8313948800;407368
8313969208;407369
8313989618;407370
8314010027;407371
8314030436;407372
8314050845;407373
8314071253;407374
8314091663;407375
8314112071;407376
8314132481;407377
8314152889;407378
8314173298;407379
8314193707;407380
8314214116;407381
8314234526;407382
8314254937;407383
8314275343;407384
8314295752;407385
8314316161;407386
8314336570;407387
8314356979;407388
8314377387;407389
8314397797;407390
8314418205;407391
8314438614;407392
8314459024;407393
8314479432;407394
8314499842;407395
8314520254;407396
8314540663;407397
8314561068;407398
8314581495;407399
8314601904;407400
8314622313;407401
8314642722;407402
8314663131;407403
8314683544;407404
8314703952;407405
8314724358;407406
8314744767;407407
8314765176;407408
8314785585;407409
8314805993;407410
8314826403;407411
8314846811;407412
8314867221;407413
8314887630;407414
8314908038;407415
8314928448;407416
8314948856;407417
8314969266;407418
8314989679;407419
8315010083;407420
8315030493;407421
8315050901;407422
8315071310;407423
8315091719;407424
8315112128;407425
8315132538;407426
8315152946;407427
8315173356;407428
8315193768;407429
8315214173;407430
8315234583;407431
8315254991;407432
8315275401;407433
8315295809;407434
8315316218;407435
8315336627;407436
8315357036;407437
8315377445;407438
8315397854;407439
8315418263;407440
8315438672;407441
8315459081;407442
8315479490;407443
8315499899;407444
8315520308;407445
8315540717;407446
8315561126;407447
8315581534;407448
8315601948;407449
8315622353;407450
8315642762;407451
8315663171;407452
8315683579;407453
8315703989;407454
8315724398;407455
8315744806;407456
8315765216;407457
8315785624;407458
8315806037;407459
8315826442;407460
8315846851;407461
8315867261;407462
8315887669;407463
8315908079;407464
8315928487;407465
8315948896;407466
8315969306;407467
8315989714;407468
8316010127;407469
8316030532;407470
8316050941;407471
8316071351;407472
8316091759;407473
8316112168;407474
8316132577;407475
8316152986;407476
8316173395;407477
8316193808;407478
8316214213;407479
8316234622;407480
8316255031;407481
8316275440;407482
8316295849;407483
8316316258;407484
8316336671;407485
8316357076;407486
8316377488;407487
8316397894;407488
8316418302;407489
8316438712;407490
8316459121;407491
8316479529;407492
8316499939;407493
8316520347;407494
8316540757;407495
8316561166;407496
8316581574;407497
8316601984;407498
8316622392;407499
