8261708416;404798
8261728826;404799
8261749235;404800
8261769645;404801
8261790054;404802
8261810464;404803
8261830873;404804
8261851283;404805
8261871692;404806
8261892101;404807
8261912510;404808
8261932920;404809
8261953329;404810
8261973739;404811
8261994148;404812
8262014558;404813
8262034967;404814
8262055377;404815
8262075786;404816
8262096195;404817
8262116604;404818
8262137014;404819
8262157423;404820
8262177833;404821
8262198242;404822
8262218651;404823
8262239061;404824
8262259470;404825
8262279880;404826
8262300289;404827
8262320698;404828
8262341107;404829
8262361521;404830
8262381926;404831
8262402336;404832
8262422745;404833
8262443159;404834
8262463564;404835
8262483974;404836
8262504383;404837
8262524792;404838
8262545201;404839
8262565611;404840
8262586020;404841
8262606430;404842
8262626839;404843
8262647249;404844
8262667658;404845
8262688068;404846
8262708477;404847
8262728887;404848
8262749296;404849
8262769705;404850
8262790114;404851
8262810524;404852
8262830933;404853
8262851343;404854
8262871752;404855
8262892162;404856
8262912571;404857
8262932981;404858
8262953390;404859
8262973800;404860
8262994209;404861
8263014618;404862
8263035027;404863
8263055437;404864
8263075846;404865
8263096260;404866
8263116665;404867
8263137075;404868
8263157484;404869
8263177894;404870
8263198303;404871
8263218712;404872
8263239121;404873
8263259531;404874
8263279940;404875
8263300350;404876
8263320759;404877
8263341169;404878
8263361578;404879
8263381988;404880
8263402397;404881
8263422807;404882
8263443219;404883
8263463625;404884
8263484034;404885
8263504444;404886
8263524853;404887
8263545263;404888
8263565672;404889
8263586082;404890
8263606491;404891
8263626901;404892
8263647310;404893
8263667719;404894
8263688132;404895
8263708538;404896
8263728947;404897
8263749357;404898
8263769766;404899
8263790176;404900
8263810585;404901
8263830995;404902
8263851404;404903
8263871814;404904
8263892222;404905
8263912632;404906
8263933045;404907
8263953451;404908
8263973860;404909
8263994270;404910
8264014683;404911
8264035089;404912
8264055502;404913
8264075912;404914
8264096320;404915
8264116726;404916
8264137135;404917
8264157545;404918
8264177954;404919
8264198364;404920
8264218773;404921
8264239183;404922
8264259592;404923
8264280002;404924
8264300411;404925
8264320821;404926
8264341229;404927
8264361643;404928
8264382048;404929
8264402458;404930
8264422867;404931
8264443277;404932
8264463686;404933
8264484100;404934
8264504505;404935
8264524914;404936
8264545324;404937
8264565746;404938
8264586155;404939
8264606565;404940
8264626974;404941
8264647388;404942
8264667793;404943
8264688203;404944
8264708616;404945
8264729022;404946
8264749431;404947
8264769840;404948
8264790249;404949
8264810659;404950
8264831068;404951
8264851478;404952
8264871887;404953
8264892297;404954
8264912706;404955
8264933116;404956
8264953525;404957
8264973934;404958
8264994344;404959
8265014753;404960
8265035163;404961
8265055572;404962
8265075986;404963
8265096391;404964
8265116801;404965
8265137210;404966
8265157620;404967
8265178029;404968
8265198439;404969
8265218847;404970
8265239257;404971
8265259666;404972
8265280076;404973
8265300489;404974
8265320899;404975
8265341304;404976
8265361714;404977
8265382127;404978
8265402537;404979
8265422941;404980
8265443351;404981
8265463761;404982
8265484170;404983
8265504580;404984
8265524989;404985
8265545399;404986
8265565808;404987
8265586222;404988
8265606627;404989
8265627037;404990
8265647446;404991
8265667855;404992
8265688264;404993
8265708674;404994
8265729083;404995
8265749493;404996
8265769902;404997
8265790312;404998
8265810721;404999
8265831131;405000
8265851539;405001
8265871949;405002
8265892358;405003
8265912768;405004
8265933178;405005
8265953587;405006
8265973997;405007
8265994406;405008
8266014816;405009
8266035225;405010
8266055635;405011
8266076044;405012
8266096457;405013
8266116862;405014
8266137272;405015
8266157681;405016
8266178091;405017
8266198500;405018
8266218910;405019
8266239319;405020
8266259729;405021
8266280138;405022
8266300548;405023
8266320956;405024
8266341370;405025
8266361776;405026
8266382185;405027
8266402595;405028
8266423004;405029
8266443414;405030
8266463827;405031
8266484237;405032
8266504642;405033
8266525051;405034
8266545460;405035
8266565870;405036
8266586279;405037
8266606689;405038
8266627098;405039
8266647508;405040
8266667917;405041
8266688327;405042
8266708736;405043
8266729146;405044
8266749555;405045
8266769964;405046
8266790373;405047
8266810783;405048
8266831197;405049
8266851606;405050
8266872012;405051
8266892421;405052
8266912831;405053
8266933240;405054
8266953650;405055
8266974058;405056
8266994468;405057
8267014877;405058
8267035287;405059
8267055696;405060
8267076106;405061
8267096515;405062
8267116925;405063
8267137334;405064
8267157744;405065
8267178153;405066
8267198562;405067
8267218971;405068
8267239381;405069
8267259790;405070
8267280200;405071
8267300610;405072
8267321019;405073
8267341429;405074
8267361838;405075
8267382248;405076
8267402657;405077
8267423066;405078
8267443475;405079
8267463885;405080
8267484294;405081
8267504704;405082
8267525113;405083
8267545523;405084
8267565932;405085
8267586342;405086
8267606751;405087
8267627161;405088
8267647569;405089
8267667979;405090
8267688388;405091
8267708798;405092
8267729208;405093
8267749617;405094
8267770027;405095
8267790436;405096
8267810846;405097
8267831255;405098
8267851664;405099
8267872073;405100
8267892483;405101
8267912892;405102
8267933302;405103
8267953715;405104
8267974121;405105
8267994530;405106
8268014940;405107
8268035349;405108
8268055759;405109
8268076168;405110
8268096577;405111
8268116986;405112
8268137396;405113
8268157805;405114
8268178215;405115
8268198625;405116
8268219034;405117
8268239444;405118
8268259853;405119
8268280263;405120
8268300672;405121
8268321081;405122
8268341490;405123
8268361900;405124
8268382309;405125
8268402719;405126
8268423128;405127
8268443538;405128
8268463947;405129
8268484357;405130
8268504765;405131
8268525175;405132
8268545584;405133
8268565994;405134
8268586403;405135
8268606813;405136
8268627223;405137
8268647632;405138
8268668042;405139
8268688451;405140
8268708865;405141
8268729270;405142
8268749679;405143
8268770088;405144
8268790498;405145
8268810907;405146
8268831317;405147
8268851726;405148
8268872136;405149
8268892545;405150
8268912955;405151
8268933364;405152
8268953774;405153
8268974182;405154
8268994592;405155
8269015001;405156
8269035411;405157
8269055820;405158
8269076230;405159
8269096644;405160
8269117049;405161
8269137459;405162
8269157868;405163
8269178278;405164
8269198686;405165
8269219096;405166
8269239505;405167
8269259915;405168
8269280324;405169
8269300734;405170
8269321143;405171
8269341553;405172
8269361962;405173
8269382372;405174
8269402784;405175
8269423190;405176
8269443599;405177
8269464009;405178
8269484418;405179
8269504828;405180
8269525241;405181
8269545647;405182
8269566057;405183
8269586466;405184
8269606876;405185
8269627284;405186
8269647694;405187
8269668103;405188
8269688513;405189
8269708922;405190
8269729332;405191
8269749741;405192
8269770151;405193
8269790560;405194
8269810970;405195
8269831379;405196
8269851788;405197
8269872197;405198
8269892607;405199
8269913016;405200
8269933426;405201
8269953835;405202
8269974249;405203
8269994655;405204
8270015064;405205
8270035474;405206
8270055882;405207
8270076292;405208
8270096701;405209
8270117111;405210
8270137520;405211
8270157930;405212
8270178339;405213
8270198749;405214
8270219158;405215
8270239568;405216
8270259976;405217
8270280387;405218
8270300795;405219
8270321205;405220
8270341614;405221
8270362024;405222
8270382433;405223
8270402843;405224
8270423252;405225
8270443662;405226
8270464072;405227
8270484481;405228
8270504890;405229
8270525299;405230
8270545709;405231
8270566118;405232
8270586528;405233
8270606937;405234
8270627347;405235
8270647756;405236
8270668166;405237
8270688575;405238
8270708985;405239
8270729394;405240
8270749803;405241
8270770216;405242
8270790622;405243
8270811031;405244
8270831441;405245
8270851850;405246
8270872260;405247
8270892669;405248
8270913079;405249
8270933489;405250
8270953898;405251
8270974307;405252
8270994716;405253
8271015126;405254
8271035535;405255
8271055945;405256
8271076358;405257
8271096764;405258
8271117173;405259
8271137583;405260
8271157992;405261
8271178401;405262
8271198810;405263
8271219220;405264
8271239629;405265
8271260039;405266
8271280448;405267
8271300858;405268
8271321267;405269
8271341677;405270
8271362087;405271
8271382496;405272
8271402909;405273
8271423314;405274
8271443724;405275
8271464133;405276
8271484543;405277
8271504952;405278
8271525362;405279
8271545771;405280
8271566181;405281
8271586590;405282
8271607004;405283
8271627408;405284
8271647818;405285
8271668227;405286
8271688637;405287
8271709046;405288
8271729456;405289
8271749865;405290
8271770275;405291
8271790684;405292
8271811094;405293
8271831504;405294
8271851912;405295
8271872322;405296
8271892731;405297
8271913141;405298
8271933550;405299
8271953960;405300
8271974369;405301
8271994779;405302
8272015188;405303
8272035598;405304
8272056007;405305
8272076416;405306
8272096825;405307
8272117235;405308
8272137644;405309
8272158054;405310
8272178463;405311
8272198873;405312
8272219282;405313
8272239692;405314
8272260101;405315
8272280511;405316
8272300920;405317
8272321329;405318
8272341739;405319
8272362148;405320
8272382558;405321
8272402967;405322
8272423377;405323
8272443786;405324
8272464196;405325
8272484605;405326
8272505015;405327
8272525423;405328
8272545833;405329
8272566242;405330
8272586652;405331
8272607065;405332
8272627471;405333
8272647884;405334
8272668290;405335
8272688699;405336
8272709113;405337
8272729519;405338
8272749927;405339
8272770337;405340
8272790746;405341
8272811156;405342
8272831565;405343
8272851975;405344
8272872384;405345
8272892794;405346
8272913203;405347
8272933613;405348
8272954021;405349
8272974431;405350
8272994840;405351
8273015250;405352
8273035659;405353
8273056069;405354
8273076478;405355
8273096888;405356
8273117297;405357
8273137707;405358
8273158116;405359
8273178525;405360
8273198935;405361
8273219344;405362
8273239754;405363
8273260163;405364
8273280573;405365
8273300982;405366
8273321392;405367
8273341801;405368
8273362211;405369
8273382620;405370
8273403030;405371
8273423438;405372
8273443848;405373
8273464257;405374
8273484667;405375
8273505076;405376
8273525486;405377
8273545895;405378
8273566305;405379
8273586714;405380
8273607124;405381
8273627533;405382
8273647942;405383
8273668352;405384
8273688761;405385
8273709171;405386
8273729580;405387
8273749990;405388
8273770399;405389
8273790809;405390
8273811218;405391
8273831628;405392
8273852036;405393
8273872446;405394
8273892855;405395
8273913265;405396
8273933678;405397
8273954084;405398
8273974493;405399
8273994903;405400
8274015312;405401
8274035722;405402
8274056131;405403
8274076540;405404
8274096950;405405
8274117359;405406
8274137769;405407
8274158178;405408
8274178592;405409
8274198997;405410
8274219411;405411
8274239816;405412
8274260226;405413
8274280635;405414
8274301044;405415
8274321453;405416
8274341863;405417
8274362272;405418
8274382682;405419
8274403091;405420
8274423501;405421
8274443910;405422
8274464320;405423
8274484729;405424
8274505139;405425
8274525547;405426
8274545957;405427
8274566413;405428
8274586822;405429
8274607232;405430
8274627641;405431
8274648051;405432
8274668461;405433
8274688870;405434
8274709280;405435
8274729692;405436
8274750098;405437
8274770508;405438
8274790921;405439
8274811327;405440
8274831737;405441
8274852146;405442
8274872556;405443
8274892965;405444
8274913375;405445
8274933785;405446
8274954194;405447
8274974604;405448
8274995012;405449
8275015422;405450
8275035832;405451
8275056241;405452
8275076651;405453
8275097061;405454
8275117470;405455
8275137880;405456
8275158289;405457
8275178699;405458
8275199108;405459
8275219517;405460
8275239927;405461
8275260336;405462
8275280746;405463
8275301156;405464
8275321565;405465
8275341975;405466
8275362385;405467
8275382794;405468
8275403203;405469
8275423612;405470
8275444022;405471
8275464432;405472
8275484841;405473
8275505251;405474
8275525665;405475
8275546070;405476
8275566480;405477
8275586889;405478
8275607299;405479
8275627709;405480
8275648121;405481
8275668527;405482
8275688936;405483
8275709346;405484
8275729756;405485
8275750165;405486
8275770575;405487
8275790985;405488
8275811394;405489
8275831804;405490
8275852213;405491
8275872626;405492
8275893032;405493
8275913441;405494
8275933851;405495
8275954260;405496
8275974670;405497
8275995080;405498
8276015489;405499
8276035899;405500
8276056309;405501
8276076717;405502
8276097127;405503
8276117536;405504
8276137946;405505
8276158356;405506
8276178765;405507
8276199175;405508
8276219584;405509
8276239994;405510
8276260404;405511
8276280813;405512
8276301222;405513
8276321636;405514
8276342045;405515
8276362451;405516
8276382860;405517
8276403270;405518
8276423680;405519
8276444089;405520
8276464499;405521
8276484908;405522
8276505318;405523
8276525727;405524
8276546136;405525
8276566546;405526
8276586956;405527
8276607365;405528
8276627775;405529
8276648184;405530
8276668594;405531
8276689004;405532
8276709413;405533
8276729822;405534
8276750231;405535
8276770641;405536
8276791051;405537
8276811460;405538
8276831870;405539
8276852280;405540
8276872689;405541
8276893099;405542
8276913508;405543
8276933918;405544
8276954328;405545
8276974736;405546
8276995146;405547
8277015555;405548
8277035965;405549
8277056375;405550
8277076784;405551
8277097194;405552
8277117604;405553
8277138017;405554
8277158423;405555
8277178832;405556
8277199241;405557
8277219651;405558
8277240060;405559
8277260470;405560
8277280880;405561
8277301289;405562
8277321699;405563
8277342108;405564
8277362522;405565
8277382928;405566
8277403337;405567
8277423746;405568
8277444155;405569
8277464565;405570
8277484975;405571
8277505384;405572
8277525794;405573
8277546204;405574
8277566613;405575
8277587023;405576
8277607432;405577
8277627841;405578
8277648251;405579
8277668664;405580
8277689070;405581
8277709479;405582
8277729893;405583
8277750299;405584
8277770708;405585
8277791118;405586
8277811528;405587
8277831937;405588
8277852346;405589
8277872755;405590
8277893165;405591
8277913575;405592
8277933984;405593
8277954394;405594
8277974803;405595
8277995213;405596
8278015623;405597
8278036032;405598
8278056442;405599
8278076851;405600
8278097260;405601
8278117670;405602
8278138079;405603
8278158489;405604
8278178899;405605
8278199308;405606
8278219718;405607
8278240127;405608
8278260537;405609
8278280947;405610
8278301355;405611
8278321765;405612
8278342179;405613
8278362584;405614
8278382994;405615
8278403403;405616
8278423813;405617
8278444223;405618
8278464632;405619
8278485042;405620
8278505451;405621
8278525860;405622
8278546270;405623
8278566679;405624
8278587089;405625
8278607499;405626
8278627908;405627
8278648318;405628
8278668727;405629
8278689137;405630
8278709547;405631
8278729956;405632
8278750365;405633
8278770775;405634
8278791184;405635
8278811594;405636
8278832003;405637
8278852413;405638
8278872823;405639
8278893232;405640
8278913642;405641
8278934051;405642
8278954461;405643
8278974870;405644
8278995279;405645
8279015689;405646
8279036099;405647
8279056508;405648
8279076918;405649
8279097327;405650
8279117737;405651
8279138147;405652
8279158556;405653
8279178966;405654
8279199374;405655
8279219784;405656
8279240194;405657
8279260603;405658
8279281013;405659
8279301423;405660
8279321832;405661
8279342242;405662
8279362651;405663
8279383064;405664
8279403471;405665
8279423883;405666
8279444293;405667
8279464698;405668
8279485108;405669
8279505518;405670
8279525927;405671
8279546337;405672
8279566747;405673
8279587156;405674
8279607566;405675
8279627974;405676
8279648384;405677
8279668794;405678
8279689203;405679
8279709613;405680
8279730022;405681
8279750432;405682
8279770842;405683
8279791251;405684
8279811661;405685
8279832071;405686
8279852479;405687
8279872889;405688
8279893298;405689
8279913708;405690
8279934118;405691
8279954527;405692
8279974937;405693
8279995346;405694
8280015756;405695
8280036166;405696
8280056575;405697
8280076984;405698
8280097394;405699
8280117803;405700
8280138213;405701
8280158622;405702
8280179032;405703
8280199442;405704
8280219851;405705
8280240261;405706
8280260670;405707
8280281080;405708
8280301489;405709
8280321898;405710
8280342308;405711
8280362718;405712
8280383127;405713
8280403537;405714
8280423946;405715
8280444356;405716
8280464766;405717
8280485175;405718
8280505584;405719
8280525994;405720
8280546403;405721
8280566813;405722
8280587222;405723
8280607636;405724
8280628046;405725
8280648451;405726
8280668861;405727
8280689270;405728
8280709684;405729
8280730090;405730
8280750498;405731
8280770908;405732
8280791318;405733
8280811727;405734
8280832137;405735
8280852546;405736
8280872956;405737
8280893366;405738
8280913775;405739
8280934185;405740
8280954594;405741
8280975003;405742
8280995413;405743
8281015822;405744
8281036232;405745
8281056642;405746
8281077051;405747
8281097461;405748
8281117870;405749
8281138284;405750
8281158690;405751
8281179099;405752
8281199508;405753
8281219917;405754
8281240327;405755
8281260737;405756
8281281146;405757
8281301556;405758
8281321966;405759
8281342375;405760
8281362785;405761
8281383194;405762
8281403603;405763
8281424013;405764
8281444422;405765
8281464832;405766
8281485241;405767
8281505651;405768
8281526061;405769
8281546470;405770
8281566880;405771
8281587290;405772
8281607699;405773
8281628108;405774
8281648517;405775
8281668927;405776
8281689337;405777
8281709746;405778
8281730156;405779
8281750565;405780
8281770975;405781
8281791385;405782
8281811794;405783
8281832204;405784
8281852613;405785
8281873022;405786
8281893432;405787
8281913841;405788
8281934251;405789
8281954665;405790
8281975070;405791
8281995480;405792
8282015890;405793
8282036299;405794
8282056709;405795
8282077117;405796
8282097527;405797
8282117937;405798
8282138346;405799
8282158756;405800
8282179169;405801
8282199575;405802
8282219985;405803
8282240394;405804
8282260804;405805
8282281214;405806
8282301622;405807
8282322032;405808
8282342441;405809
8282362851;405810
8282383261;405811
8282403670;405812
8282424080;405813
8282444489;405814
8282464899;405815
8282485309;405816
8282505717;405817
8282526131;405818
8282546541;405819
8282566946;405820
8282587356;405821
8282607765;405822
8282628175;405823
8282648585;405824
8282668994;405825
8282689404;405826
8282709813;405827
8282730226;405828
8282750632;405829
8282771041;405830
8282791451;405831
8282811861;405832
8282832270;405833
8282852684;405834
8282873089;405835
8282893499;405836
8282913909;405837
8282934318;405838
8282954727;405839
8282975136;405840
8282995546;405841
8283015956;405842
8283036365;405843
8283056775;405844
8283077185;405845
8283097594;405846
8283118004;405847
8283138413;405848
8283158823;405849
8283179232;405850
8283199641;405851
8283220051;405852
8283240460;405853
8283260870;405854
8283281280;405855
8283301689;405856
8283322099;405857
8283342509;405858
8283362918;405859
8283383331;405860
8283403736;405861
8283424146;405862
8283444556;405863
8283464965;405864
8283485375;405865
8283505784;405866
8283526194;405867
8283546604;405868
8283567013;405869
8283587423;405870
8283607832;405871
8283628241;405872
8283648655;405873
8283669060;405874
8283689470;405875
8283709884;405876
8283730289;405877
8283750699;405878
8283771109;405879
8283791518;405880
8283811928;405881
8283832337;405882
8283852746;405883
8283873156;405884
8283893565;405885
8283913975;405886
8283934384;405887
8283954794;405888
8283975204;405889
8283995613;405890
8284016023;405891
8284036433;405892
8284056842;405893
8284077251;405894
8284097660;405895
8284118070;405896
8284138480;405897
8284158889;405898
8284179299;405899
8284199708;405900
8284220118;405901
8284240528;405902
8284260937;405903
8284281347;405904
8284301760;405905
8284322165;405906
8284342575;405907
8284362984;405908
8284383394;405909
8284403804;405910
8284424213;405911
8284444623;405912
8284465032;405913
8284485442;405914
8284505851;405915
8284526260;405916
8284546670;405917
8284567026;405918
8284587435;405919
8284607845;405920
8284628254;405921
8284648664;405922
8284669073;405923
8284689483;405924
8284709892;405925
8284730301;405926
8284750710;405927
8284771120;405928
8284791533;405929
8284811939;405930
8284832348;405931
8284852758;405932
8284873167;405933
8284893577;405934
8284913986;405935
8284934396;405936
8284954804;405937
8284975214;405938
8284995623;405939
8285016033;405940
8285036442;405941
8285056852;405942
8285077261;405943
8285097671;405944
8285118080;405945
8285138490;405946
8285158898;405947
8285179308;405948
8285199717;405949
8285220131;405950
8285240536;405951
8285260946;405952
8285281355;405953
8285301765;405954
8285322174;405955
8285342584;405956
8285362993;405957
8285383402;405958
8285403811;405959
8285424221;405960
8285444630;405961
8285465040;405962
8285485449;405963
8285505859;405964
8285526268;405965
8285546678;405966
8285567087;405967
8285587497;405968
8285607906;405969
8285628315;405970
8285648724;405971
8285669134;405972
8285689543;405973
8285709953;405974
8285730362;405975
8285750772;405976
8285771181;405977
8285791591;405978
8285812003;405979
8285832409;405980
8285852818;405981
8285873228;405982
8285893637;405983
8285914047;405984
8285934456;405985
8285954866;405986
8285975275;405987
8285995685;405988
8286016094;405989
8286036504;405990
8286056912;405991
8286077322;405992
8286097735;405993
8286118141;405994
8286138551;405995
8286158960;405996
8286179370;405997
8286199779;405998
8286220189;405999
8286240598;406000
8286261008;406001
8286281416;406002
8286301826;406003
8286322235;406004
8286342645;406005
8286363054;406006
8286383464;406007
8286403873;406008
8286424283;406009
8286444692;406010
8286465106;406011
8286485511;406012
8286505921;406013
8286526333;406014
8286546739;406015
8286567152;406016
8286587558;406017
8286607967;406018
8286628381;406019
8286648786;406020
8286669200;406021
8286689605;406022
8286710015;406023
8286730423;406024
8286750833;406025
8286771242;406026
8286791652;406027
8286812061;406028
8286832471;406029
8286852880;406030
8286873290;406031
8286893703;406032
8286914109;406033
8286934521;406034
8286954927;406035
8286975336;406036
8286995746;406037
8287016155;406038
8287036565;406039
8287056974;406040
8287077384;406041
8287097793;406042
8287118203;406043
8287138615;406044
8287159022;406045
8287179431;406046
8287199840;406047
8287220249;406048
8287240659;406049
8287261068;406050
8287281478;406051
8287301887;406052
8287322297;406053
8287342706;406054
8287363116;406055
8287383525;406056
8287403935;406057
8287424343;406058
8287444753;406059
8287465162;406060
8287485572;406061
8287505981;406062
8287526391;406063
8287546800;406064
8287567210;406065
8287587619;406066
8287608028;406067
8287628437;406068
8287648847;406069
8287669256;406070
8287689666;406071
8287710075;406072
8287730485;406073
8287750894;406074
8287771304;406075
8287791713;406076
8287812123;406077
8287832533;406078
8287852945;406079
8287873351;406080
8287893760;406081
8287914170;406082
8287934579;406083
8287954989;406084
8287975398;406085
8287995808;406086
8288016217;406087
8288036627;406088
8288057035;406089
8288077445;406090
8288097854;406091
8288118264;406092
8288138673;406093
8288159083;406094
8288179492;406095
8288199902;406096
8288220311;406097
8288240721;406098
8288261130;406099
8288281540;406100
8288301948;406101
8288322358;406102
8288342767;406103
8288363177;406104
8288383586;406105
8288404000;406106
8288424405;406107
8288444815;406108
8288465224;406109
8288485634;406110
8288506042;406111
8288526452;406112
8288546861;406113
8288567271;406114
8288587680;406115
8288608094;406116
8288628499;406117
8288648909;406118
8288669318;406119
8288689728;406120
8288710137;406121
8288730547;406122
8288750955;406123
8288771365;406124
8288791774;406125
8288812188;406126
8288832593;406127
8288853007;406128
8288873412;406129
8288893822;406130
8288914231;406131
8288934641;406132
8288955049;406133
8288975459;406134
8288995868;406135
8289016278;406136
8289036687;406137
8289057097;406138
8289077506;406139
8289097916;406140
8289118325;406141
8289138735;406142
8289159144;406143
8289179553;406144
8289199962;406145
8289220372;406146
8289240781;406147
8289261191;406148
8289281600;406149
8289302010;406150
8289322419;406151
8289342833;406152
8289363238;406153
8289383651;406154
8289404056;406155
8289424466;406156
8289444875;406157
8289465285;406158
8289485695;406159
8289506104;406160
8289526514;406161
8289546923;406162
8289567333;406163
8289587742;406164
8289608152;406165
8289628560;406166
8289648970;406167
8289669379;406168
8289689789;406169
8289710198;406170
8289730608;406171
8289751017;406172
8289771427;406173
8289791836;406174
8289812246;406175
8289832655;406176
8289853064;406177
8289873473;406178
8289893883;406179
8289914292;406180
8289934702;406181
8289955111;406182
8289975521;406183
8289995930;406184
8290016340;406185
8290036749;406186
8290057159;406187
8290077567;406188
8290097977;406189
8290118386;406190
8290138796;406191
8290159205;406192
8290179615;406193
8290200024;406194
8290220434;406195
8290240843;406196
8290261253;406197
8290281662;406198
8290302071;406199
8290322480;406200
8290342890;406201
8290363299;406202
8290383709;406203
8290404122;406204
8290424528;406205
8290444937;406206
8290465347;406207
8290485756;406208
8290506165;406209
8290526574;406210
8290546984;406211
8290567393;406212
8290587803;406213
8290608212;406214
8290628622;406215
8290649031;406216
8290669441;406217
8290689854;406218
8290710260;406219
8290730669;406220
8290751082;406221
8290771487;406222
8290791897;406223
8290812306;406224
8290832716;406225
8290853125;406226
8290873535;406227
8290893944;406228
8290914354;406229
8290934763;406230
8290955172;406231
8290975581;406232
8290995991;406233
8291016400;406234
8291036810;406235
8291057219;406236
8291077629;406237
8291098038;406238
8291118448;406239
8291138858;406240
8291159270;406241
8291179676;406242
8291200085;406243
8291220495;406244
8291240904;406245
8291261314;406246
8291281723;406247
8291302133;406248
8291322542;406249
8291342956;406250
8291363364;406251
8291383771;406252
8291404179;406253
8291424589;406254
8291444998;406255
8291465408;406256
8291485817;406257
8291506227;406258
8291526636;406259
8291547046;406260
8291567455;406261
8291587865;406262
8291608277;406263
8291628683;406264
8291649092;406265
8291669502;406266
8291689911;406267
8291710321;406268
8291730730;406269
8291751140;406270
8291771549;406271
8291791963;406272
8291812368;406273
8291832781;406274
8291853186;406275
8291873596;406276
8291894005;406277
8291914415;406278
8291934824;406279
8291955234;406280
8291975643;406281
8291996053;406282
8292016462;406283
8292036872;406284
8292057281;406285
8292077690;406286
8292098099;406287
8292118509;406288
8292138918;406289
8292159328;406290
8292179737;406291
8292200147;406292
8292220556;406293
8292240966;406294
8292261375;406295
8292281784;406296
8292302193;406297
8292322603;406298
8292343012;406299
8292363422;406300
8292383831;406301
8292404241;406302
8292424650;406303
8292445060;406304
8292465469;406305
8292485878;406306
8292506287;406307
8292526701;406308
8292547106;406309
8292567516;406310
8292587925;406311
8292608335;406312
8292628744;406313
8292649154;406314
8292669563;406315
8292689977;406316
8292710382;406317
8292730791;406318
8292751200;406319
8292771610;406320
8292792019;406321
8292812429;406322
8292832839;406323
8292853252;406324
8292873658;406325
8292894067;406326
8292914477;406327
8292934885;406328
8292955295;406329
8292975704;406330
8292996114;406331
8293016523;406332
8293036933;406333
8293057342;406334
8293077752;406335
8293098161;406336
8293118571;406337
8293138980;406338
8293159389;406339
8293179798;406340
8293200208;406341
8293220617;406342
8293241027;406343
8293261436;406344
8293281846;406345
8293302255;406346
8293322669;406347
8293343074;406348
8293363484;406349
8293383892;406350
8293404306;406351
8293424711;406352
8293445121;406353
8293465530;406354
8293485940;406355
8293506349;406356
8293526759;406357
8293547168;406358
8293567578;406359
8293587987;406360
8293608397;406361
8293628805;406362
8293649215;406363
8293669624;406364
8293690034;406365
8293710443;406366
8293730853;406367
8293751262;406368
8293771672;406369
8293792081;406370
8293812491;406371
8293832903;406372
8293853309;406373
8293873718;406374
8293894128;406375
8293914537;406376
8293934947;406377
8293955356;406378
8293975766;406379
8293996175;406380
8294016585;406381
8294036994;406382
8294057403;406383
8294077812;406384
8294098226;406385
8294118631;406386
8294139041;406387
8294159450;406388
8294179860;406389
8294200269;406390
8294220679;406391
8294241088;406392
8294261497;406393
8294281906;406394
8294302316;406395
8294322725;406396
8294343135;406397
8294363544;406398
8294383954;406399
8294404363;406400
8294424773;406401
8294445182;406402
8294465592;406403
8294486001;406404
8294506410;406405
8294526820;406406
8294547229;406407
8294567675;406408
8294588084;406409
8294608494;406410
8294628903;406411
8294649313;406412
8294669722;406413
8294690132;406414
8294710542;406415
8294730950;406416
8294751360;406417
8294771769;406418
8294792179;406419
8294812588;406420
8294832998;406421
8294853412;406422
8294873817;406423
8294894231;406424
8294914636;406425
8294935046;406426
8294955455;406427
8294975864;406428
8294996274;406429
8295016683;406430
8295037097;406431
8295057502;406432
8295077916;406433
8295098326;406434
8295118731;406435
8295139141;406436
8295159550;406437
8295179959;406438
8295200369;406439
8295220782;406440
8295241188;406441
8295261597;406442
8295282007;406443
8295302416;406444
8295322826;406445
8295343236;406446
8295363645;406447
8295384055;406448
8295404463;406449
8295424873;406450
8295445282;406451
8295465692;406452
8295486102;406453
8295506511;406454
8295526921;406455
8295547330;406456
8295567740;406457
8295588150;406458
8295608558;406459
8295628968;406460
8295649377;406461
8295669787;406462
8295690196;406463
8295710606;406464
8295731016;406465
8295751425;406466
8295771835;406467
8295792248;406468
8295812654;406469
8295833063;406470
8295853472;406471
8295873882;406472
8295894291;406473
8295914701;406474
8295935110;406475
8295955520;406476
8295975934;406477
8295996339;406478
8296016749;406479
8296037158;406480
8296057567;406481
8296077976;406482
8296098386;406483
8296118796;406484
8296139205;406485
8296159615;406486
8296180024;406487
8296200438;406488
8296220843;406489
8296241253;406490
8296261663;406491
8296282075;406492
8296302481;406493
8296322890;406494
8296343300;406495
8296363710;406496
8296384119;406497
8296404529;406498
8296424938;406499
8296445348;406500
8296465757;406501
8296486167;406502
8296506576;406503
8296526985;406504
8296547395;406505
8296567804;406506
8296588214;406507
8296608623;406508
8296629033;406509
8296649443;406510
8296669856;406511
8296690262;406512
8296710671;406513
8296731081;406514
8296751490;406515
8296771899;406516
8296792313;406517
8296812718;406518
8296833128;406519
8296853537;406520
8296873947;406521
8296894357;406522
8296914766;406523
8296935176;406524
8296955584;406525
8296975994;406526
8296996404;406527
8297016813;406528
8297037223;406529
8297057632;406530
8297078042;406531
8297098451;406532
8297118861;406533
8297139271;406534
8297159680;406535
8297180090;406536
8297200498;406537
8297220908;406538
8297241317;406539
8297261727;406540
8297282137;406541
8297302546;406542
8297322956;406543
8297343365;406544
8297363775;406545
8297384185;406546
8297404593;406547
8297425003;406548
8297445412;406549
8297465822;406550
8297486231;406551
8297506641;406552
8297527051;406553
8297547460;406554
8297567870;406555
8297588279;406556
8297608689;406557
8297629097;406558
8297649507;406559
8297669917;406560
8297690326;406561
8297710736;406562
8297731145;406563
8297751555;406564
8297771965;406565
8297792374;406566
8297812784;406567
8297833193;406568
8297853602;406569
8297874011;406570
8297894421;406571
8297914831;406572
8297935240;406573
8297955650;406574
8297976059;406575
8297996469;406576
8298016878;406577
8298037288;406578
8298057697;406579
8298078106;406580
8298098516;406581
8298118925;406582
8298139335;406583
8298159745;406584
8298180154;406585
8298200564;406586
8298220973;406587
8298241383;406588
8298261792;406589
8298282202;406590
8298302611;406591
8298323020;406592
8298343430;406593
8298363843;406594
8298384249;406595
8298404659;406596
8298425072;406597
8298445478;406598
8298465887;406599
8298486297;406600
8298506705;406601
8298527115;406602
8298547529;406603
8298567934;406604
8298588344;406605
8298608753;406606
8298629163;406607
8298649572;406608
8298669982;406609
8298690392;406610
8298710801;406611
8298731210;406612
8298751619;406613
8298772029;406614
8298792439;406615
8298812848;406616
8298833258;406617
8298853667;406618
8298874077;406619
8298894486;406620
8298914896;406621
8298935306;406622
8298955715;406623
8298976124;406624
8298996533;406625
8299016943;406626
8299037352;406627
8299057762;406628
8299078172;406629
8299098581;406630
8299118991;406631
8299139400;406632
8299159810;406633
8299180219;406634
8299200628;406635
8299221038;406636
8299241451;406637
8299261857;406638
8299282266;406639
8299302676;406640
8299323086;406641
8299343495;406642
8299363905;406643
8299384314;406644
8299404723;406645
8299425132;406646
8299445546;406647
8299465952;406648
8299486361;406649
8299506771;406650
8299527180;406651
8299547590;406652
8299568000;406653
8299588409;406654
8299608819;406655
8299629227;406656
8299649637;406657
8299670050;406658
8299690456;406659
8299710866;406660
8299731275;406661
8299751685;406662
8299772094;406663
8299792504;406664
8299812913;406665
8299833323;406666
8299853732;406667
8299874145;406668
8299894551;406669
8299914960;406670
8299935370;406671
8299955780;406672
8299976189;406673
8299996599;406674
8300017008;406675
8300037418;406676
8300057827;406677
8300078236;406678
8300098646;406679
8300119055;406680
8300139465;406681
8300159874;406682
8300180284;406683
8300200694;406684
8300221103;406685
8300241513;406686
8300261922;406687
8300282332;406688
8300302740;406689
8300323150;406690
8300343560;406691
8300363969;406692
8300384379;406693
8300404788;406694
8300425198;406695
8300445607;406696
8300466017;406697
8300486427;406698
8300506836;406699
8300527245;406700
8300547654;406701
8300568064;406702
8300588478;406703
8300608883;406704
8300629297;406705
8300649702;406706
8300670112;406707
8300690521;406708
8300710931;406709
8300731341;406710
8300751749;406711
8300772159;406712
8300792568;406713
8300812982;406714
8300833387;406715
8300853801;406716
8300874207;406717
8300894616;406718
8300915030;406719
8300935435;406720
8300955844;406721
8300976254;406722
8300996663;406723
8301017073;406724
8301037482;406725
8301057892;406726
8301078301;406727
8301098711;406728
8301119121;406729
8301139530;406730
8301159940;406731
8301180349;406732
8301200758;406733
8301221167;406734
8301241577;406735
8301261991;406736
8301282396;406737
8301302806;406738
8301323215;406739
8301343625;406740
8301364035;406741
8301384444;406742
8301404857;406743
8301425262;406744
8301445676;406745
8301466081;406746
8301486491;406747
8301506901;406748
8301527310;406749
8301547720;406750
8301568129;406751
8301588539;406752
8301608948;406753
8301629358;406754
8301649767;406755
8301670180;406756
8301690590;406757
8301710995;406758
8301731405;406759
8301751815;406760
8301772224;406761
8301792634;406762
8301813043;406763
8301833452;406764
8301853862;406765
8301874271;406766
8301894681;406767
8301915090;406768
8301935500;406769
8301955909;406770
8301976319;406771
8301996729;406772
8302017138;406773
8302037548;406774
8302057956;406775
8302078366;406776
8302098775;406777
8302119185;406778
8302139595;406779
8302160004;406780
8302180418;406781
8302200823;406782
8302221233;406783
8302241642;406784
8302262052;406785
8302282461;406786
8302302870;406787
8302323280;406788
8302343689;406789
8302364099;406790
8302384509;406791
8302404918;406792
8302425328;406793
8302445737;406794
8302466147;406795
8302486559;406796
8302506966;406797
8302527375;406798
8302547784;406799
8302568194;406800
8302588603;406801
8302609013;406802
8302629422;406803
8302649832;406804
8302670242;406805
8302690651;406806
8302711061;406807
8302731469;406808
8302751879;406809
8302772289;406810
8302792702;406811
8302813108;406812
8302833517;406813
8302853927;406814
8302874336;406815
8302894750;406816
8302915156;406817
8302935565;406818
8302955974;406819
8302976383;406820
8302996793;406821
8303017202;406822
8303037612;406823
8303058022;406824
8303078431;406825
8303098841;406826
8303119250;406827
8303139660;406828
8303160069;406829
8303180478;406830
8303200888;406831
8303221301;406832
8303241707;406833
8303262116;406834
8303282526;406835
8303302936;406836
8303323345;406837
8303343755;406838
8303364164;406839
8303384577;406840
8303404983;406841
8303425392;406842
8303445802;406843
8303466211;406844
8303486621;406845
8303507030;406846
8303527440;406847
8303547850;406848
8303568259;406849
8303588669;406850
8303609077;406851
8303629487;406852
8303649896;406853
8303670306;406854
8303690716;406855
8303711125;406856
8303731535;406857
8303751944;406858
8303772354;406859
8303792764;406860
8303813173;406861
8303833582;406862
8303853991;406863
8303874401;406864
8303894810;406865
8303915220;406866
8303935630;406867
8303956039;406868
8303976449;406869
8303996858;406870
8304017268;406871
8304037677;406872
8304058086;406873
8304078496;406874
8304098905;406875
8304119315;406876
8304139724;406877
8304160134;406878
8304180544;406879
8304200953;406880
8304221367;406881
8304241772;406882
8304262182;406883
8304282591;406884
8304303000;406885
8304323410;406886
8304343819;406887
8304364229;406888
8304384638;406889
8304405048;406890
8304425457;406891
8304445867;406892
8304466277;406893
8304486686;406894
8304507095;406895
8304527504;406896
8304547914;406897
8304568308;406898
8304588717;406899
8304609127;406900
8304629536;406901
8304649946;406902
8304670355;406903
8304690765;406904
8304711174;406905
8304731583;406906
8304751992;406907
8304772402;406908
8304792812;406909
8304813221;406910
8304833635;406911
8304854040;406912
8304874450;406913
8304894863;406914
8304915269;406915
8304935678;406916
8304956087;406917
8304976496;406918
8304996906;406919
8305017316;406920
8305037725;406921
8305058135;406922
8305078544;406923
8305098954;406924
8305119363;406925
8305139773;406926
8305160181;406927
8305180591;406928
8305201000;406929
8305221410;406930
8305241820;406931
8305262229;406932
8305282639;406933
8305303048;406934
8305323458;406935
8305343867;406936
8305364277;406937
8305384686;406938
8305405095;406939
8305425505;406940
8305445914;406941
8305466324;406942
8305486733;406943
8305507143;406944
8305527552;406945
8305547962;406946
8305568375;406947
8305588781;406948
8305609189;406949
8305629599;406950
8305650009;406951
8305670418;406952
8305690828;406953
8305711237;406954
8305731647;406955
8305752056;406956
8305772466;406957
8305792875;406958
8305813285;406959
8305833693;406960
8305854103;406961
8305874513;406962
8305894922;406963
8305915332;406964
8305935741;406965
8305956151;406966
8305976560;406967
8305996970;406968
8306017379;406969
8306037789;406970
8306058197;406971
8306078607;406972
8306099017;406973
8306119426;406974
8306139836;406975
8306160245;406976
8306180655;406977
8306201064;406978
8306221474;406979
8306241883;406980
8306262296;406981
8306282701;406982
8306303111;406983
8306323521;406984
8306343930;406985
8306364340;406986
8306384749;406987
8306405159;406988
8306425568;406989
8306445978;406990
8306466387;406991
8306486797;406992
8306507205;406993
8306527615;406994
8306548025;406995
8306568434;406996
8306588844;406997
8306609253;406998
8306629663;406999
8306650072;407000
8306670482;407001
8306690891;407002
8306711301;407003
8306731714;407004
8306752119;407005
8306772529;407006
8306792938;407007
8306813348;407008
8306833757;407009
8306854171;407010
8306874576;407011
8306894986;407012
8306915399;407013
8306935804;407014
8306956214;407015
8306976623;407016
8306997033;407017
8307017442;407018
8307037852;407019
8307058261;407020
8307078671;407021
8307099080;407022
8307119490;407023
8307139899;407024
8307160308;407025
8307180718;407026
8307201127;407027
8307221537;407028
8307241946;407029
8307262360;407030
8307282765;407031
8307303175;407032
8307323584;407033
8307343994;407034
8307364403;407035
8307384813;407036
8307405222;407037
8307425631;407038
8307446041;407039
8307466450;407040
8307486860;407041
8307507269;407042
8307527679;407043
8307548088;407044
8307568498;407045
8307588907;407046
8307609316;407047
8307629726;407048
8307650135;407049
8307670545;407050
8307690954;407051
8307711364;407052
8307731773;407053
8307752183;407054
8307772592;407055
8307793002;407056
8307813411;407057
8307833820;407058
8307854230;407059
8307874639;407060
8307895049;407061
8307915458;407062
8307935868;407063
8307956277;407064
8307976687;407065
8307997096;407066
8308017506;407067
8308037916;407068
8308058328;407069
8308078734;407070
8308099143;407071
8308119553;407072
8308139962;407073
8308160372;407074
8308180781;407075
8308201191;407076
8308221600;407077
8308242010;407078
8308262420;407079
8308282828;407080
8308303238;407081
8308323647;407082
8308344057;407083
8308364466;407084
8308384876;407085
8308405285;407086
8308425695;407087
8308446108;407088
8308466514;407089
8308486924;407090
8308507332;407091
8308527742;407092
8308548151;407093
8308568561;407094
8308588970;407095
8308609380;407096
8308629789;407097
8308650199;407098
8308670608;407099
8308691022;407100
8308711427;407101
8308731836;407102
8308752246;407103
8308772655;407104
8308793065;407105
8308813474;407106
8308833884;407107
8308854293;407108
8308874703;407109
8308895112;407110
8308915522;407111
8308935931;407112
8308956344;407113
8308976750;407114
8308997159;407115
8309017569;407116
8309037978;407117
8309058388;407118
8309078797;407119
8309099207;407120
8309119617;407121
8309140026;407122
8309160436;407123
8309180844;407124
8309201254;407125
8309221663;407126
8309242073;407127
8309262482;407128
8309282892;407129
8309303301;407130
8309323711;407131
8309344121;407132
8309364530;407133
8309384939;407134
8309405348;407135
8309425758;407136
8309446167;407137
8309466577;407138
8309486986;407139
8309507396;407140
8309527805;407141
8309548215;407142
8309568625;407143
8309589034;407144
8309609444;407145
8309629852;407146
8309650262;407147
8309670671;407148
8309691081;407149
8309711490;407150
8309731900;407151
8309752309;407152
8309772719;407153
8309793133;407154
8309813538;407155
8309833947;407156
8309854356;407157
8309874766;407158
8309895175;407159
8309915585;407160
8309935994;407161
8309956404;407162
8309976813;407163
8309997223;407164
8310017637;407165
8310038042;407166
8310058451;407167
8310078860;407168
8310099270;407169
8310119679;407170
8310140089;407171
8310160498;407172
8310180908;407173
8310201321;407174
8310221727;407175
8310242137;407176
8310262546;407177
8310282955;407178
8310303364;407179
8310323774;407180
8310344183;407181
8310364593;407182
8310385002;407183
8310405412;407184
8310425822;407185
8310446231;407186
8310466641;407187
8310487050;407188
8310507460;407189
8310527868;407190
8310548278;407191
8310568687;407192
8310589097;407193
8310609506;407194
8310629916;407195
8310650326;407196
8310670735;407197
8310691148;407198
8310711554;407199
8310731963;407200
8310752372;407201
8310772782;407202
8310793191;407203
8310813601;407204
8310834010;407205
8310854420;407206
8310874834;407207
8310895239;407208
8310915649;407209
8310936058;407210
8310956471;407211
8310976876;407212
8310997286;407213
8311017695;407214
8311038105;407215
8311058514;407216
8311078924;407217
8311099334;407218
8311119743;407219
8311140153;407220
8311160562;407221
8311180971;407222
8311201380;407223
8311221790;407224
8311242203;407225
8311262609;407226
8311283022;407227
8311303428;407228
8311323838;407229
8311344247;407230
8311364657;407231
8311385066;407232
8311405479;407233
8311425888;407234
8311446294;407235
8311466703;407236
8311487113;407237
8311507522;407238
8311527932;407239
8311548342;407240
8311568751;407241
8311589161;407242
8311609570;407243
8311629979;407244
8311650388;407245
8311670798;407246
8311691207;407247
8311711617;407248
8311732027;407249
8311752436;407250
8311772846;407251
8311793255;407252
8311813665;407253
8311834074;407254
8311854483;407255
8311874892;407256
8311895302;407257
8311915711;407258
8311936121;407259
8311956531;407260
8311976940;407261
8311997350;407262
8312017759;407263
8312038169;407264
8312058578;407265
8312078988;407266
8312099396;407267
8312119806;407268
8312140215;407269
8312160625;407270
8312181035;407271
8312201444;407272
8312221854;407273
8312242267;407274
8312262673;407275
8312283082;407276
8312303491;407277
8312323900;407278
8312344310;407279
8312364719;407280
8312385129;407281
8312405539;407282
8312425948;407283
8312446362;407284
8312466767;407285
8312487177;407286
8312507586;407287
8312527995;407288
8312548404;407289
8312568818;407290
8312589223;407291
8312609633;407292
8312630043;407293
8312650456;407294
8312670866;407295
8312691271;407296
8312711681;407297
8312732090;407298
8312752499;407299
8312772908;407300
8312793318;407301
8312813727;407302
8312834137;407303
8312854547;407304
8312874956;407305
8312895366;407306
8312915775;407307
8312936185;407308
8312956594;407309
8312977003;407310
8312997412;407311
8313017826;407312
8313038232;407313
8313058641;407314
8313079051;407315
8313099460;407316
8313119870;407317
8313140279;407318
8313160689;407319
8313181098;407320
8313201511;407321
8313221916;407322
8313242326;407323
8313262736;407324
8313283145;407325
8313303555;407326
8313323964;407327
8313344374;407328
8313364783;407329
8313385193;407330
8313405602;407331
8313426011;407332
8313446420;407333
8313466830;407334
8313487240;407335
8313507649;407336
8313528059;407337
8313548468;407338
8313568878;407339
8313589287;407340
8313609697;407341
8313630106;407342
8313650515;407343
8313670924;407344
8313691334;407345
8313711744;407346
8313732153;407347
8313752563;407348
8313772972;407349
8313793382;407350
8313813791;407351
8313834201;407352
8313854609;407353
8313875019;407354
8313895428;407355
8313915838;407356
8313936248;407357
8313956657;407358
8313977067;407359
8313997476;407360
8314017886;407361
8314038295;407362
8314058705;407363
8314079114;407364
8314099523;407365
8314119933;407366
8314140342;407367
8314160752;407368
8314181161;407369
8314201571;407370
8314221984;407371
8314242390;407372
8314262799;407373
8314283209;407374
8314303617;407375
8314324027;407376
8314344437;407377
8314364846;407378
8314385256;407379
8314405665;407380
8314426075;407381
8314446484;407382
8314466894;407383
8314487303;407384
8314507713;407385
8314528122;407386
8314548531;407387
8314568959;407388
8314589368;407389
8314609778;407390
8314630187;407391
8314650597;407392
8314671006;407393
8314691416;407394
8314711826;407395
8314732235;407396
8314752648;407397
8314773057;407398
8314793463;407399
8314813873;407400
8314834282;407401
8314854692;407402
8314875101;407403
8314895511;407404
8314915920;407405
8314936330;407406
8314956740;407407
8314977152;407408
8314997558;407409
8315017967;407410
8315038377;407411
8315058791;407412
8315079196;407413
8315099606;407414
8315120019;407415
8315140425;407416
8315160834;407417
8315181244;407418
8315201653;407419
8315222062;407420
8315242476;407421
8315262885;407422
8315283291;407423
8315303701;407424
8315324110;407425
8315344520;407426
8315364929;407427
8315385343;407428
8315405748;407429
8315426157;407430
8315446567;407431
8315466976;407432
8315487386;407433
8315507795;407434
8315528205;407435
8315548615;407436
8315569024;407437
8315589434;407438
8315609843;407439
8315630252;407440
8315650665;407441
8315671071;407442
8315691481;407443
8315711890;407444
8315732300;407445
8315752709;407446
8315773119;407447
8315793529;407448
8315813938;407449
8315834347;407450
8315854760;407451
8315875166;407452
8315895575;407453
8315915985;407454
8315936395;407455
8315956804;407456
8315977214;407457
8315997623;407458
8316018033;407459
8316038443;407460
8316058851;407461
8316079261;407462
8316099670;407463
8316120080;407464
8316140489;407465
8316160899;407466
8316181309;407467
8316201718;407468
8316222128;407469
8316242537;407470
8316262947;407471
8316283360;407472
8316303765;407473
8316324175;407474
8316344584;407475
8316364994;407476
8316385403;407477
8316405813;407478
8316426223;407479
8316446632;407480
8316467042;407481
8316487451;407482
8316507860;407483
8316528270;407484
8316548679;407485
8316569093;407486
8316589498;407487
8316609908;407488
