8261703257;404808
8261723661;404809
8261744071;404810
8261764479;404811
8261784889;404812
8261805297;404813
8261825706;404814
8261846115;404815
8261866528;404816
8261886936;404817
8261907342;404818
8261927750;404819
8261948160;404820
8261968568;404821
8261988977;404822
8262009386;404823
8262029795;404824
8262050204;404825
8262070617;404826
8262091021;404827
8262111431;404828
8262131843;404829
8262152253;404830
8262172657;404831
8262193066;404832
8262213475;404833
8262233884;404834
8262254293;404835
8262274702;404836
8262295110;404837
8262315520;404838
8262335932;404839
8262356338;404840
8262376746;404841
8262397159;404842
8262417568;404843
8262437973;404844
8262458382;404845
8262478795;404846
8262499199;404847
8262519609;404848
8262540017;404849
8262560426;404850
8262580834;404851
8262601244;404852
8262621653;404853
8262642062;404854
8262662471;404855
8262682880;404856
8262703288;404857
8262723698;404858
8262744106;404859
8262764515;404860
8262784928;404861
8262805333;404862
8262825742;404863
8262846151;404864
8262866559;404865
8262886969;404866
8262907381;404867
8262927790;404868
8262948195;404869
8262968604;404870
8262989013;404871
8263009422;404872
8263029831;404873
8263050240;404874
8263070648;404875
8263091058;404876
8263111466;404877
8263131876;404878
8263152284;404879
8263172697;404880
8263193106;404881
8263213511;404882
8263233919;404883
8263254329;404884
8263274737;404885
8263295151;404886
8263315559;404887
8263335964;404888
8263356373;404889
8263376782;404890
8263397191;404891
8263417604;404892
8263438012;404893
8263458418;404894
8263478826;404895
8263499236;404896
8263519644;404897
8263540053;404898
8263560462;404899
8263580875;404900
8263601280;404901
8263621689;404902
8263642097;404903
8263662507;404904
8263682915;404905
8263703325;404906
8263723737;404907
8263744146;404908
8263764555;404909
8263784960;404910
8263805369;404911
8263825778;404912
8263846186;404913
8263866596;404914
8263887004;404915
8263907414;404916
8263927822;404917
8263948231;404918
8263968640;404919
8263989053;404920
8264009457;404921
8264029867;404922
8264050275;404923
8264070685;404924
8264091093;404925
8264111501;404926
8264131911;404927
8264152319;404928
8264172729;404929
8264193137;404930
8264213546;404931
8264233955;404932
8264254364;404933
8264274773;404934
8264295182;404935
8264315590;404936
8264336004;404937
8264356408;404938
8264376818;404939
8264397226;404940
8264417635;404941
8264438048;404942
8264458453;404943
8264478861;404944
8264499271;404945
8264519679;404946
8264540089;404947
8264560501;404948
8264580919;404949
8264601328;404950
8264621737;404951
8264642146;404952
8264662555;404953
8264682964;404954
8264703373;404955
8264723786;404956
8264744191;404957
8264764600;404958
8264785008;404959
8264805418;404960
8264825830;404961
8264846236;404962
8264866644;404963
8264887053;404964
8264907462;404965
8264927871;404966
8264948283;404967
8264968689;404968
8264989097;404969
8265009507;404970
8265029915;404971
8265050325;404972
8265070733;404973
8265091142;404974
8265111552;404975
8265131960;404976
8265152370;404977
8265172778;404978
8265193187;404979
8265213596;404980
8265234005;404981
8265254413;404982
8265274823;404983
8265295231;404984
8265315641;404985
8265336049;404986
8265356462;404987
8265376867;404988
8265397276;404989
8265417685;404990
8265438094;404991
8265458503;404992
8265478912;404993
8265499320;404994
8265519734;404995
8265540138;404996
8265560547;404997
8265580957;404998
8265601365;404999
8265621775;405000
8265642183;405001
8265662592;405002
8265683001;405003
8265703410;405004
8265723822;405005
8265744228;405006
8265764636;405007
8265785046;405008
8265805454;405009
8265825864;405010
8265846272;405011
8265866681;405012
8265887090;405013
8265907499;405014
8265927908;405015
8265948317;405016
8265968725;405017
8265989135;405018
8266009543;405019
8266029953;405020
8266050362;405021
8266070770;405022
8266091184;405023
8266111588;405024
8266131998;405025
8266152406;405026
8266172819;405027
8266193224;405028
8266213633;405029
8266234041;405030
8266254451;405031
8266274859;405032
8266295269;405033
8266315677;405034
8266336086;405035
8266356495;405036
8266376904;405037
8266397313;405038
8266417722;405039
8266438134;405040
8266458540;405041
8266478949;405042
8266499358;405043
8266519771;405044
8266540175;405045
8266560585;405046
8266580993;405047
8266601403;405048
8266621811;405049
8266642220;405050
8266662633;405051
8266683038;405052
8266703447;405053
8266723856;405054
8266744264;405055
8266764674;405056
8266785082;405057
8266805492;405058
8266825900;405059
8266846309;405060
8266866718;405061
8266887127;405062
8266907539;405063
8266927945;405064
8266948354;405065
8266968763;405066
8266989172;405067
8267009580;405068
8267029990;405069
8267050398;405070
8267070812;405071
8267091216;405072
8267111625;405073
8267132034;405074
8267152447;405075
8267172852;405076
8267193261;405077
8267213669;405078
8267234079;405079
8267254487;405080
8267274897;405081
8267295305;405082
8267315714;405083
8267336127;405084
8267356532;405085
8267376941;405086
8267397350;405087
8267417759;405088
8267438172;405089
8267458577;405090
8267478989;405091
8267499395;405092
8267519803;405093
8267540213;405094
8267560621;405095
8267581030;405096
8267601439;405097
8267621852;405098
8267642261;405099
8267662666;405100
8267683074;405101
8267703484;405102
8267723896;405103
8267744302;405104
8267764710;405105
8267785119;405106
8267805528;405107
8267825937;405108
8267846347;405109
8267866755;405110
8267887164;405111
8267907577;405112
8267927986;405113
8267948394;405114
8267968800;405115
8267989208;405116
8268009618;405117
8268030026;405118
8268050436;405119
8268070844;405120
8268091253;405121
8268111662;405122
8268132071;405123
8268152479;405124
8268172889;405125
8268193297;405126
8268213707;405127
8268234115;405128
8268254524;405129
8268274933;405130
8268295342;405131
8268315752;405132
8268336160;405133
8268356569;405134
8268376978;405135
8268397387;405136
8268417796;405137
8268438205;405138
8268458613;405139
8268479027;405140
8268499431;405141
8268519841;405142
8268540249;405143
8268560658;405144
8268581067;405145
8268601476;405146
8268621884;405147
8268642294;405148
8268662702;405149
8268683112;405150
8268703520;405151
8268723929;405152
8268744338;405153
8268764747;405154
8268785157;405155
8268805565;405156
8268825974;405157
8268846383;405158
8268866792;405159
8268887201;405160
8268907614;405161
8268928018;405162
8268948428;405163
8268968840;405164
8268989246;405165
8269009654;405166
8269030063;405167
8269050472;405168
8269070881;405169
8269091290;405170
8269111703;405171
8269132111;405172
8269152517;405173
8269172929;405174
8269193335;405175
8269213744;405176
8269234152;405177
8269254562;405178
8269274970;405179
8269295379;405180
8269315788;405181
8269336197;405182
8269356610;405183
8269377019;405184
8269397423;405185
8269417833;405186
8269438245;405187
8269458651;405188
8269479059;405189
8269499468;405190
8269519877;405191
8269540286;405192
8269560695;405193
8269581104;405194
8269601512;405195
8269621922;405196
8269642330;405197
8269662740;405198
8269683149;405199
8269703557;405200
8269723971;405201
8269744375;405202
8269764785;405203
8269785193;405204
8269805602;405205
8269826011;405206
8269846420;405207
8269866829;405208
8269887242;405209
8269907646;405210
8269928056;405211
8269948464;405212
8269968874;405213
8269989282;405214
8270009695;405215
8270030100;405216
8270050509;405217
8270070917;405218
8270091327;405219
8270111736;405220
8270132145;405221
8270152554;405222
8270172962;405223
8270193372;405224
8270213780;405225
8270234190;405226
8270254598;405227
8270275007;405228
8270295416;405229
8270315829;405230
8270336234;405231
8270356643;405232
8270377051;405233
8270397461;405234
8270417869;405235
8270438279;405236
8270458687;405237
8270479096;405238
8270499505;405239
8270519914;405240
8270540326;405241
8270560732;405242
8270581141;405243
8270601550;405244
8270621959;405245
8270642368;405246
8270662777;405247
8270683185;405248
8270703595;405249
8270724003;405250
8270744412;405251
8270764821;405252
8270785230;405253
8270805639;405254
8270826048;405255
8270846456;405256
8270866866;405257
8270887274;405258
8270907684;405259
8270928092;405260
8270948505;405261
8270968910;405262
8270989319;405263
8271009728;405264
8271030137;405265
8271050546;405266
8271070955;405267
8271091364;405268
8271111773;405269
8271132182;405270
8271152590;405271
8271173000;405272
8271193408;405273
8271213818;405274
8271234230;405275
8271254635;405276
8271275048;405277
8271295453;405278
8271315865;405279
8271336271;405280
8271356679;405281
8271377089;405282
8271397497;405283
8271417907;405284
8271438315;405285
8271458724;405286
8271479134;405287
8271499542;405288
8271519951;405289
8271540360;405290
8271560773;405291
8271581178;405292
8271601587;405293
8271621995;405294
8271642405;405295
8271662817;405296
8271683226;405297
8271703631;405298
8271724044;405299
8271744449;405300
8271764858;405301
8271785267;405302
8271805676;405303
8271826084;405304
8271846494;405305
8271866902;405306
8271887312;405307
8271907720;405308
8271928129;405309
8271948539;405310
8271968947;405311
8271989356;405312
8272009765;405313
8272030174;405314
8272050583;405315
8272070996;405316
8272091400;405317
8272111810;405318
8272132218;405319
8272152628;405320
8272173036;405321
8272193449;405322
8272213854;405323
8272234263;405324
8272254672;405325
8272275081;405326
8272295489;405327
8272315903;405328
8272336307;405329
8272356717;405330
8272377129;405331
8272397538;405332
8272417944;405333
8272438352;405334
8272458765;405335
8272479170;405336
8272499583;405337
8272519988;405338
8272540397;405339
8272560805;405340
8272581219;405341
8272601623;405342
8272622037;405343
8272642441;405344
8272662850;405345
8272683263;405346
8272703668;405347
8272724081;405348
8272744490;405349
8272764898;405350
8272785304;405351
8272805712;405352
8272826126;405353
8272846531;405354
8272866939;405355
8272887349;405356
8272907757;405357
8272928167;405358
8272948575;405359
8272968984;405360
8272989393;405361
8273009802;405362
8273030215;405363
8273050624;405364
8273071028;405365
8273091438;405366
8273111846;405367
8273132256;405368
8273152664;405369
8273173073;405370
8273193486;405371
8273213895;405372
8273234300;405373
8273254709;405374
8273275121;405375
8273295527;405376
8273315936;405377
8273336345;405378
8273356754;405379
8273377166;405380
8273397572;405381
8273417984;405382
8273438389;405383
8273458802;405384
8273479207;405385
8273499616;405386
8273520025;405387
8273540433;405388
8273560843;405389
8273581251;405390
8273601661;405391
8273622073;405392
8273642478;405393
8273662891;405394
8273683296;405395
8273703705;405396
8273724114;405397
8273744522;405398
8273764932;405399
8273785341;405400
8273805750;405401
8273826159;405402
8273846567;405403
8273866977;405404
8273887385;405405
8273907794;405406
8273928203;405407
8273948616;405408
8273969021;405409
8273989430;405410
8274009839;405411
8274030248;405412
8274050656;405413
8274071066;405414
8274091474;405415
8274111883;405416
8274132292;405417
8274152705;405418
8274173114;405419
8274193519;405420
8274213928;405421
8274234337;405422
8274254750;405423
8274275159;405424
8274295564;405425
8274315972;405426
8274336382;405427
8274356794;405428
8274377200;405429
8274397608;405430
8274418017;405431
8274438426;405432
8274458835;405433
8274479244;405434
8274499653;405435
8274520061;405436
8274540475;405437
8274560879;405438
8274581335;405439
8274601744;405440
8274622152;405441
8274642566;405442
8274662970;405443
8274683379;405444
8274703789;405445
8274724197;405446
8274744607;405447
8274765016;405448
8274785425;405449
8274805834;405450
8274826242;405451
8274846652;405452
8274867061;405453
8274887469;405454
8274907879;405455
8274928287;405456
8274948697;405457
8274969106;405458
8274989514;405459
8275009928;405460
8275030333;405461
8275050742;405462
8275071155;405463
8275091559;405464
8275111969;405465
8275132378;405466
8275152787;405467
8275173196;405468
8275193608;405469
8275214014;405470
8275234423;405471
8275254832;405472
8275275241;405473
8275295650;405474
8275316059;405475
8275336468;405476
8275356877;405477
8275377286;405478
8275397695;405479
8275418104;405480
8275438517;405481
8275458922;405482
8275479331;405483
8275499744;405484
8275520149;405485
8275540558;405486
8275560968;405487
8275581376;405488
8275601785;405489
8275622198;405490
8275642603;405491
8275663012;405492
8275683421;405493
8275703830;405494
8275724240;405495
8275744652;405496
8275765057;405497
8275785466;405498
8275805875;405499
8275826288;405500
8275846693;405501
8275867102;405502
8275887511;405503
8275907924;405504
8275928330;405505
8275948738;405506
8275969147;405507
8275989557;405508
8276009965;405509
8276030375;405510
8276050783;405511
8276071192;405512
8276091606;405513
8276112014;405514
8276132420;405515
8276152832;405516
8276173237;405517
8276193647;405518
8276214059;405519
8276234468;405520
8276254878;405521
8276275282;405522
8276295692;405523
8276316100;405524
8276336509;405525
8276356919;405526
8276377327;405527
8276397737;405528
8276418145;405529
8276438554;405530
8276458964;405531
8276479372;405532
8276499782;405533
8276520191;405534
8276540599;405535
8276561009;405536
8276581417;405537
8276601827;405538
8276622236;405539
8276642644;405540
8276663054;405541
8276683462;405542
8276703872;405543
8276724281;405544
8276744689;405545
8276765099;405546
8276785508;405547
8276805916;405548
8276826326;405549
8276846734;405550
8276867144;405551
8276887553;405552
8276907961;405553
8276928371;405554
8276948779;405555
8276969189;405556
8276989598;405557
8277010006;405558
8277030416;405559
8277050825;405560
8277071234;405561
8277091643;405562
8277112051;405563
8277132465;405564
8277152870;405565
8277173283;405566
8277193692;405567
8277214096;405568
8277234510;405569
8277254915;405570
8277275324;405571
8277295733;405572
8277316142;405573
8277336551;405574
8277356960;405575
8277377369;405576
8277397778;405577
8277418187;405578
8277438596;405579
8277459005;405580
8277479414;405581
8277499823;405582
8277520232;405583
8277540641;405584
8277561050;405585
8277581459;405586
8277601868;405587
8277622277;405588
8277642690;405589
8277663099;405590
8277683505;405591
8277703913;405592
8277724322;405593
8277744732;405594
8277765140;405595
8277785553;405596
8277805958;405597
8277826367;405598
8277846777;405599
8277867185;405600
8277887594;405601
8277908003;405602
8277928412;405603
8277948822;405604
8277969230;405605
8277989639;405606
8278010049;405607
8278030461;405608
8278050867;405609
8278071275;405610
8278091684;405611
8278112094;405612
8278132506;405613
8278152911;405614
8278173320;405615
8278193733;405616
8278214143;405617
8278234547;405618
8278254957;405619
8278275366;405620
8278295774;405621
8278316188;405622
8278336592;405623
8278357001;405624
8278377411;405625
8278397819;405626
8278418229;405627
8278438641;405628
8278459046;405629
8278479456;405630
8278499864;405631
8278520274;405632
8278540683;405633
8278561091;405634
8278581505;405635
8278601909;405636
8278622322;405637
8278642728;405638
8278663136;405639
8278683546;405640
8278703954;405641
8278724367;405642
8278744773;405643
8278765181;405644
8278785591;405645
8278806004;405646
8278826409;405647
8278846818;405648
8278867226;405649
8278887636;405650
8278908049;405651
8278928453;405652
8278948863;405653
8278969275;405654
8278989681;405655
8279010090;405656
8279030498;405657
8279050908;405658
8279071317;405659
8279091726;405660
8279112135;405661
8279132543;405662
8279152953;405663
8279173362;405664
8279193775;405665
8279214184;405666
8279234589;405667
8279254998;405668
8279275407;405669
8279295816;405670
8279316225;405671
8279336634;405672
8279357043;405673
8279377456;405674
8279397861;405675
8279418270;405676
8279438679;405677
8279459092;405678
8279479497;405679
8279499907;405680
8279520315;405681
8279540724;405682
8279561133;405683
8279581542;405684
8279601952;405685
8279622360;405686
8279642773;405687
8279663182;405688
8279683587;405689
8279703997;405690
8279724409;405691
8279744814;405692
8279765224;405693
8279785632;405694
8279806041;405695
8279826450;405696
8279846859;405697
8279867269;405698
8279887681;405699
8279908086;405700
8279928499;405701
8279948904;405702
8279969314;405703
8279989722;405704
8280010131;405705
8280030541;405706
8280050949;405707
8280071359;405708
8280091767;405709
8280112176;405710
8280132586;405711
8280152994;405712
8280173403;405713
8280193812;405714
8280214225;405715
8280234631;405716
8280255039;405717
8280275449;405718
8280295858;405719
8280316266;405720
8280336676;405721
8280357084;405722
8280377493;405723
8280397903;405724
8280418311;405725
8280438721;405726
8280459129;405727
8280479538;405728
8280499952;405729
8280520356;405730
8280540766;405731
8280561179;405732
8280581587;405733
8280601993;405734
8280622401;405735
8280642811;405736
8280663220;405737
8280683628;405738
8280704038;405739
8280724447;405740
8280744856;405741
8280765265;405742
8280785673;405743
8280806083;405744
8280826492;405745
8280846901;405746
8280867314;405747
8280887718;405748
8280908128;405749
8280928537;405750
8280948949;405751
8280969355;405752
8280989764;405753
8281010173;405754
8281030582;405755
8281050990;405756
8281071400;405757
8281091809;405758
8281112218;405759
8281132627;405760
8281153036;405761
8281173445;405762
8281193854;405763
8281214263;405764
8281234672;405765
8281255081;405766
8281275494;405767
8281295903;405768
8281316308;405769
8281336717;405770
8281357126;405771
8281377535;405772
8281397944;405773
8281418353;405774
8281438762;405775
8281459175;405776
8281479580;405777
8281499989;405778
8281520399;405779
8281540807;405780
8281561216;405781
8281581625;405782
8281602034;405783
8281622443;405784
8281642852;405785
8281663261;405786
8281683670;405787
8281704079;405788
8281724488;405789
8281744897;405790
8281765306;405791
8281785716;405792
8281806124;405793
8281826533;405794
8281846942;405795
8281867355;405796
8281887761;405797
8281908169;405798
8281928578;405799
8281948991;405800
8281969396;405801
8281989810;405802
8282010218;405803
8282030623;405804
8282051033;405805
8282071441;405806
8282091851;405807
8282112259;405808
8282132668;405809
8282153078;405810
8282173490;405811
8282193896;405812
8282214308;405813
8282234713;405814
8282255123;405815
8282275531;405816
8282295940;405817
8282316350;405818
8282336758;405819
8282357168;405820
8282377576;405821
8282397986;405822
8282418399;405823
8282438803;405824
8282459213;405825
8282479622;405826
8282500030;405827
8282520440;405828
8282540852;405829
8282561262;405830
8282581667;405831
8282602075;405832
8282622489;405833
8282642893;405834
8282663303;405835
8282683712;405836
8282704120;405837
8282724530;405838
8282744939;405839
8282765352;405840
8282785757;405841
8282806165;405842
8282826575;405843
8282846984;405844
8282867392;405845
8282887802;405846
8282908210;405847
8282928620;405848
8282949029;405849
8282969437;405850
8282989847;405851
8283010256;405852
8283030665;405853
8283051074;405854
8283071483;405855
8283091896;405856
8283112301;405857
8283132710;405858
8283153123;405859
8283173531;405860
8283193937;405861
8283214346;405862
8283234755;405863
8283255168;405864
8283275573;405865
8283295982;405866
8283316395;405867
8283336800;405868
8283357209;405869
8283377618;405870
8283398027;405871
8283418436;405872
8283438845;405873
8283459254;405874
8283479667;405875
8283500072;405876
8283520481;405877
8283540890;405878
8283561299;405879
8283581708;405880
8283602117;405881
8283622526;405882
8283642935;405883
8283663344;405884
8283683753;405885
8283704162;405886
8283724571;405887
8283744984;405888
8283765389;405889
8283785802;405890
8283806212;405891
8283826616;405892
8283847025;405893
8283867434;405894
8283887843;405895
8283908253;405896
8283928661;405897
8283949070;405898
8283969479;405899
8283989888;405900
8284010298;405901
8284030706;405902
8284051115;405903
8284071529;405904
8284091933;405905
8284112343;405906
8284132751;405907
8284153160;405908
8284173570;405909
8284193978;405910
8284214388;405911
8284234797;405912
8284255205;405913
8284275615;405914
8284296027;405915
8284316433;405916
8284336842;405917
8284357250;405918
8284377660;405919
8284398068;405920
8284418478;405921
8284438891;405922
8284459295;405923
8284479705;405924
8284500114;405925
8284520522;405926
8284540932;405927
8284561340;405928
8284581700;405929
8284602104;405930
8284622513;405931
8284642922;405932
8284663331;405933
8284683743;405934
8284704149;405935
8284724557;405936
8284744967;405937
8284765375;405938
8284785789;405939
8284806193;405940
8284826602;405941
8284847011;405942
8284867420;405943
8284887828;405944
8284908242;405945
8284928651;405946
8284949056;405947
8284969465;405948
8284989874;405949
8285010287;405950
8285030691;405951
8285051101;405952
8285071509;405953
8285091919;405954
8285112331;405955
8285132736;405956
8285153145;405957
8285173554;405958
8285193962;405959
8285214372;405960
8285234780;405961
8285255190;405962
8285275598;405963
8285296007;405964
8285316416;405965
8285336825;405966
8285357234;405967
8285377643;405968
8285398051;405969
8285418461;405970
8285438869;405971
8285459279;405972
8285479687;405973
8285500096;405974
8285520505;405975
8285540914;405976
8285561323;405977
8285581732;405978
8285602140;405979
8285622550;405980
8285642958;405981
8285663368;405982
8285683776;405983
8285704185;405984
8285724594;405985
8285745003;405986
8285765411;405987
8285785821;405988
8285806233;405989
8285826639;405990
8285847047;405991
8285867456;405992
8285887869;405993
8285908278;405994
8285928687;405995
8285949092;405996
8285969504;405997
8285989910;405998
8286010322;405999
8286030732;406000
8286051140;406001
8286071545;406002
8286091954;406003
8286112367;406004
8286132772;406005
8286153181;406006
8286173593;406007
8286193999;406008
8286214407;406009
8286234817;406010
8286255225;406011
8286275634;406012
8286296043;406013
8286316456;406014
8286336861;406015
8286357270;406016
8286377678;406017
8286398088;406018
8286418496;406019
8286438905;406020
8286459314;406021
8286479727;406022
8286500132;406023
8286520541;406024
8286540949;406025
8286561359;406026
8286581767;406027
8286602177;406028
8286622586;406029
8286642994;406030
8286663408;406031
8286683812;406032
8286704222;406033
8286724630;406034
8286745043;406035
8286765448;406036
8286785861;406037
8286806266;406038
8286826675;406039
8286847083;406040
8286867493;406041
8286887901;406042
8286908311;406043
8286928719;406044
8286949128;406045
8286969537;406046
8286989946;406047
8287010355;406048
8287030764;406049
8287051172;406050
8287071582;406051
8287091990;406052
8287112400;406053
8287132808;406054
8287153217;406055
8287173626;406056
8287194035;406057
8287214444;406058
8287234853;406059
8287255261;406060
8287275671;406061
8287296079;406062
8287316489;406063
8287336897;406064
8287357306;406065
8287377715;406066
8287398124;406067
8287418533;406068
8287438942;406069
8287459354;406070
8287479760;406071
8287500168;406072
8287520577;406073
8287540986;406074
8287561399;406075
8287581804;406076
8287602217;406077
8287622621;406078
8287643031;406079
8287663443;406080
8287683849;406081
8287704257;406082
8287724666;406083
8287745075;406084
8287765484;406085
8287785893;406086
8287806302;406087
8287826710;406088
8287847120;406089
8287867532;406090
8287887938;406091
8287908346;406092
8287928755;406093
8287949164;406094
8287969573;406095
8287989981;406096
8288010391;406097
8288030799;406098
8288051209;406099
8288071617;406100
8288092027;406101
8288112435;406102
8288132844;406103
8288153253;406104
8288173666;406105
8288194070;406106
8288214480;406107
8288234888;406108
8288255298;406109
8288275707;406110
8288296115;406111
8288316525;406112
8288336933;406113
8288357343;406114
8288377755;406115
8288398160;406116
8288418569;406117
8288438978;406118
8288459387;406119
8288479800;406120
8288500204;406121
8288520614;406122
8288541022;406123
8288561432;406124
8288581840;406125
8288602249;406126
8288622658;406127
8288643067;406128
8288663476;406129
8288683885;406130
8288704293;406131
8288724703;406132
8288745111;406133
8288765520;406134
8288785929;406135
8288806342;406136
8288826751;406137
8288847156;406138
8288867565;406139
8288887978;406140
8288908382;406141
8288928792;406142
8288949200;406143
8288969609;406144
8288990018;406145
8289010431;406146
8289030840;406147
8289051245;406148
8289071653;406149
8289092063;406150
8289112471;406151
8289132881;406152
8289153289;406153
8289173698;406154
8289194107;406155
8289214516;406156
8289234925;406157
8289255334;406158
8289275742;406159
8289296152;406160
8289316560;406161
8289336970;406162
8289357378;406163
8289377787;406164
8289398196;406165
8289418609;406166
8289439014;406167
8289459423;406168
8289479831;406169
8289500241;406170
8289520649;406171
8289541058;406172
8289561467;406173
8289581876;406174
8289602289;406175
8289622694;406176
8289643106;406177
8289663512;406178
8289683924;406179
8289704330;406180
8289724738;406181
8289745151;406182
8289765556;406183
8289785965;406184
8289806374;406185
8289826783;406186
8289847191;406187
8289867605;406188
8289888013;406189
8289908419;406190
8289928831;406191
8289949240;406192
8289969646;406193
8289990054;406194
8290010463;406195
8290030872;406196
8290051281;406197
8290071690;406198
8290092099;406199
8290112508;406200
8290132917;406201
8290153325;406202
8290173739;406203
8290194143;406204
8290214552;406205
8290234961;406206
8290255370;406207
8290275783;406208
8290296192;406209
8290316596;406210
8290337006;406211
8290357414;406212
8290377824;406213
8290398236;406214
8290418641;406215
8290439054;406216
8290459459;406217
8290479868;406218
8290500277;406219
8290520689;406220
8290541095;406221
8290561503;406222
8290581916;406223
8290602321;406224
8290622734;406225
8290643139;406226
8290663548;406227
8290683957;406228
8290704366;406229
8290724778;406230
8290745188;406231
8290765592;406232
8290786001;406233
8290806410;406234
8290826819;406235
8290847228;406236
8290867637;406237
8290888045;406238
8290908455;406239
8290928863;406240
8290949273;406241
8290969681;406242
8290990090;406243
8291010503;406244
8291030908;406245
8291051317;406246
8291071726;406247
8291092134;406248
8291112544;406249
8291132952;406250
8291153362;406251
8291173774;406252
8291194179;406253
8291214588;406254
8291235001;406255
8291255406;406256
8291275815;406257
8291296223;406258
8291316633;406259
8291337041;406260
8291357450;406261
8291377863;406262
8291398268;406263
8291418677;406264
8291439086;406265
8291459495;406266
8291479904;406267
8291500312;406268
8291520722;406269
8291541130;406270
8291561539;406271
8291581948;406272
8291602357;406273
8291622767;406274
8291643175;406275
8291663584;406276
8291683993;406277
8291704402;406278
8291724811;406279
8291745220;406280
8291765628;406281
8291786042;406282
8291806446;406283
8291826856;406284
8291847268;406285
8291867673;406286
8291888082;406287
8291908491;406288
8291928900;406289
8291949309;406290
8291969717;406291
8291990127;406292
8292010535;406293
8292030944;406294
8292051353;406295
8292071762;406296
8292092171;406297
8292112580;406298
8292132989;406299
8292153398;406300
8292173806;406301
8292194216;406302
8292214624;406303
8292235037;406304
8292255442;406305
8292275851;406306
8292296260;406307
8292316669;406308
8292337077;406309
8292357487;406310
8292377895;406311
8292398305;406312
8292418713;406313
8292439122;406314
8292459531;406315
8292479940;406316
8292500352;406317
8292520758;406318
8292541166;406319
8292561580;406320
8292581984;406321
8292602394;406322
8292622806;406323
8292643211;406324
8292663620;406325
8292684029;406326
8292704437;406327
8292724847;406328
8292745255;406329
8292765665;406330
8292786073;406331
8292806486;406332
8292826891;406333
8292847300;406334
8292867709;406335
8292888118;406336
8292908526;406337
8292928936;406338
8292949344;406339
8292969754;406340
8292990166;406341
8293010571;406342
8293030980;406343
8293051389;406344
8293071798;406345
8293092207;406346
8293112615;406347
8293133025;406348
8293153433;406349
8293173843;406350
8293194251;406351
8293214664;406352
8293235069;406353
8293255478;406354
8293275887;406355
8293296296;406356
8293316705;406357
8293337114;406358
8293357523;406359
8293377932;406360
8293398341;406361
8293418749;406362
8293439159;406363
8293459567;406364
8293479980;406365
8293500385;406366
8293520798;406367
8293541203;406368
8293561612;406369
8293582020;406370
8293602430;406371
8293622838;406372
8293643248;406373
8293663656;406374
8293684069;406375
8293704474;406376
8293724883;406377
8293745292;406378
8293765701;406379
8293786113;406380
8293806519;406381
8293826927;406382
8293847337;406383
8293867749;406384
8293888154;406385
8293908567;406386
8293928976;406387
8293949381;406388
8293969790;406389
8293990202;406390
8294010608;406391
8294031016;406392
8294051426;406393
8294071834;406394
8294092243;406395
8294112652;406396
8294133061;406397
8294153470;406398
8294173879;406399
8294194287;406400
8294214697;406401
8294235105;406402
8294255514;406403
8294275923;406404
8294296332;406405
8294316741;406406
8294337150;406407
8294357559;406408
8294377972;406409
8294398380;406410
8294418786;406411
8294439194;406412
8294459603;406413
8294480012;406414
8294500421;406415
8294520829;406416
8294541239;406417
8294561647;406418
8294582097;406419
8294602502;406420
8294622911;406421
8294643320;406422
8294663732;406423
8294684138;406424
8294704546;406425
8294724956;406426
8294745365;406427
8294765773;406428
8294786183;406429
8294806591;406430
8294827001;406431
8294847413;406432
8294867818;406433
8294888228;406434
8294908636;406435
8294929046;406436
8294949454;406437
8294969867;406438
8294990277;406439
8295010681;406440
8295031091;406441
8295051503;406442
8295071908;406443
8295092317;406444
8295112726;406445
8295133135;406446
8295153544;406447
8295173953;406448
8295194362;406449
8295214771;406450
8295235179;406451
8295255593;406452
8295276002;406453
8295296407;406454
8295316820;406455
8295337224;406456
8295357634;406457
8295378043;406458
8295398452;406459
8295418861;406460
8295439269;406461
8295459679;406462
8295480087;406463
8295500500;406464
8295520906;406465
8295541314;406466
8295561724;406467
8295582132;406468
8295602545;406469
8295622955;406470
8295643359;406471
8295663769;406472
8295684177;406473
8295704587;406474
8295724995;406475
8295745404;406476
8295765814;406477
8295786226;406478
8295806631;406479
8295827040;406480
8295847449;406481
8295867862;406482
8295888267;406483
8295908676;406484
8295929089;406485
8295949494;406486
8295969903;406487
8295990312;406488
8296010721;406489
8296031134;406490
8296051539;406491
8296071948;406492
8296092361;406493
8296112765;406494
8296133175;406495
8296153584;406496
8296173993;406497
8296194406;406498
8296214810;406499
8296235220;406500
8296255628;406501
8296276038;406502
8296296447;406503
8296316855;406504
8296337269;406505
8296357673;406506
8296378083;406507
8296398492;406508
8296418900;406509
8296439310;406510
8296459718;406511
8296480128;406512
8296500536;406513
8296520945;406514
8296541355;406515
8296561763;406516
8296582172;406517
8296602581;406518
8296622994;406519
8296643399;406520
8296663808;406521
8296684217;406522
8296704626;406523
8296725035;406524
8296745444;406525
8296765853;406526
8296786262;406527
8296806675;406528
8296827080;406529
8296847492;406530
8296867898;406531
8296888306;406532
8296908716;406533
8296929125;406534
8296949534;406535
8296969943;406536
8296990351;406537
8297010765;406538
8297031173;406539
8297051579;406540
8297071988;406541
8297092396;406542
8297112806;406543
8297133218;406544
8297153627;406545
8297174037;406546
8297194441;406547
8297214851;406548
8297235263;406549
8297255668;406550
8297276081;406551
8297296486;406552
8297316896;406553
8297337304;406554
8297357713;406555
8297378122;406556
8297398531;406557
8297418945;406558
8297439349;406559
8297459759;406560
8297480171;406561
8297500576;406562
8297520985;406563
8297541394;406564
8297561807;406565
8297582212;406566
8297602621;406567
8297623034;406568
8297643439;406569
8297663847;406570
8297684257;406571
8297704666;406572
8297725079;406573
8297745484;406574
8297765892;406575
8297786306;406576
8297806711;406577
8297827123;406578
8297847529;406579
8297867941;406580
8297888347;406581
8297908755;406582
8297929165;406583
8297949574;406584
8297969982;406585
8297990392;406586
8298010800;406587
8298031209;406588
8298051618;406589
8298072027;406590
8298092437;406591
8298112845;406592
8298133258;406593
8298153667;406594
8298174072;406595
8298194486;406596
8298214894;406597
8298235300;406598
8298255708;406599
8298276117;406600
8298296526;406601
8298316935;406602
8298337344;406603
8298357753;406604
8298378162;406605
8298398571;406606
8298418980;406607
8298439388;406608
8298459798;406609
8298480211;406610
8298500616;406611
8298521025;406612
8298541433;406613
8298561843;406614
8298582252;406615
8298602661;406616
8298623070;406617
8298643478;406618
8298663888;406619
8298684300;406620
8298704709;406621
8298725115;406622
8298745523;406623
8298765933;406624
8298786341;406625
8298806751;406626
8298827159;406627
8298847568;406628
8298867978;406629
8298888386;406630
8298908795;406631
8298929204;406632
8298949613;406633
8298970023;406634
8298990431;406635
8299010841;406636
8299031249;406637
8299051658;406638
8299072067;406639
8299092480;406640
8299112889;406641
8299133294;406642
8299153707;406643
8299174112;406644
8299194521;406645
8299214934;406646
8299235339;406647
8299255748;406648
8299276161;406649
8299296570;406650
8299316974;406651
8299337388;406652
8299357793;406653
8299378202;406654
8299398611;406655
8299419019;406656
8299439433;406657
8299459837;406658
8299480247;406659
8299500656;406660
8299521068;406661
8299541474;406662
8299561882;406663
8299582292;406664
8299602701;406665
8299623109;406666
8299643519;406667
8299663927;406668
8299684336;406669
8299704745;406670
8299725154;406671
8299745564;406672
8299765972;406673
8299786381;406674
8299806790;406675
8299827203;406676
8299847612;406677
8299868021;406678
8299888430;406679
8299908835;406680
8299929244;406681
8299949653;406682
8299970062;406683
8299990471;406684
8300010884;406685
8300031293;406686
8300051698;406687
8300072107;406688
8300092515;406689
8300112929;406690
8300133334;406691
8300153743;406692
8300174152;406693
8300194560;406694
8300214970;406695
8300235378;406696
8300255788;406697
8300276197;406698
8300296605;406699
8300317015;406700
8300337423;406701
8300357832;406702
8300378242;406703
8300398650;406704
8300419060;406705
8300439468;406706
8300459878;406707
8300480286;406708
8300500695;406709
8300521105;406710
8300541513;406711
8300561922;406712
8300582331;406713
8300602740;406714
8300623154;406715
8300643562;406716
8300663967;406717
8300684376;406718
8300704789;406719
8300725194;406720
8300745603;406721
8300766012;406722
8300786420;406723
8300806830;406724
8300827239;406725
8300847652;406726
8300868056;406727
8300888466;406728
8300908875;406729
8300929284;406730
8300949693;406731
8300970101;406732
8300990511;406733
8301010920;406734
8301031328;406735
8301051738;406736
8301072146;406737
8301092556;406738
8301112964;406739
8301133374;406740
8301153783;406741
8301174191;406742
8301194601;406743
8301215009;406744
8301235418;406745
8301255827;406746
8301276240;406747
8301296646;406748
8301317054;406749
8301337467;406750
8301357872;406751
8301378281;406752
8301398691;406753
8301419099;406754
8301439508;406755
8301459917;406756
8301480330;406757
8301500735;406758
8301521144;406759
8301541553;406760
8301561962;406761
8301582371;406762
8301602780;406763
8301623189;406764
8301643597;406765
8301664007;406766
8301684416;406767
8301704825;406768
8301725234;406769
8301745642;406770
8301766052;406771
8301786461;406772
8301806869;406773
8301827283;406774
8301847687;406775
8301868097;406776
8301888505;406777
8301908914;406778
8301929324;406779
8301949732;406780
8301970142;406781
8301990550;406782
8302010959;406783
8302031368;406784
8302051777;406785
8302072187;406786
8302092595;406787
8302113004;406788
8302133413;406789
8302153822;406790
8302174232;406791
8302194644;406792
8302215049;406793
8302235458;406794
8302255867;406795
8302276276;406796
8302296685;406797
8302317094;406798
8302337503;406799
8302357912;406800
8302378321;406801
8302398730;406802
8302419139;406803
8302439548;406804
8302459957;406805
8302480365;406806
8302500775;406807
8302521183;406808
8302541593;406809
8302562002;406810
8302582411;406811
8302602824;406812
8302623228;406813
8302643638;406814
8302664046;406815
8302684456;406816
8302704865;406817
8302725273;406818
8302745683;406819
8302766091;406820
8302786500;406821
8302806910;406822
8302827318;406823
8302847728;406824
8302868136;406825
8302888549;406826
8302908954;406827
8302929363;406828
8302949777;406829
8302970185;406830
8302990590;406831
8303010999;406832
8303031408;406833
8303051816;406834
8303072226;406835
8303092635;406836
8303113044;406837
8303133453;406838
8303153861;406839
8303174271;406840
8303194680;406841
8303215089;406842
8303235498;406843
8303255907;406844
8303276316;406845
8303296728;406846
8303317134;406847
8303337543;406848
8303357951;406849
8303378361;406850
8303398769;406851
8303419179;406852
8303439587;406853
8303459996;406854
8303480410;406855
8303500814;406856
8303521224;406857
8303541632;406858
8303562041;406859
8303582451;406860
8303602859;406861
8303623273;406862
8303643677;406863
8303664086;406864
8303684499;406865
8303704904;406866
8303725317;406867
8303745722;406868
8303766131;406869
8303786540;406870
8303806953;406871
8303827358;406872
8303847767;406873
8303868176;406874
8303888585;406875
8303908994;406876
8303929403;406877
8303949812;406878
8303970221;406879
8303990634;406880
8304011039;406881
8304031447;406882
8304051857;406883
8304072265;406884
8304092679;406885
8304113084;406886
8304133492;406887
8304153902;406888
8304174310;406889
8304194724;406890
8304215129;406891
8304235537;406892
8304255947;406893
8304276355;406894
8304296765;406895
8304317173;406896
8304337582;406897
8304357992;406898
8304378400;406899
8304398809;406900
8304419218;406901
8304439627;406902
8304460036;406903
8304480445;406904
8304500855;406905
8304521263;406906
8304541672;406907
8304562081;406908
8304582474;406909
8304602882;406910
8304623292;406911
8304643701;406912
8304664110;406913
8304684519;406914
8304704927;406915
8304725337;406916
8304745745;406917
8304766155;406918
8304786563;406919
8304806972;406920
8304827381;406921
8304847790;406922
8304868200;406923
8304888608;406924
8304909017;406925
8304929426;406926
8304949835;406927
8304970244;406928
8304990653;406929
8305011061;406930
8305031471;406931
8305051879;406932
8305072289;406933
8305092698;406934
8305113106;406935
8305133516;406936
8305153924;406937
8305174334;406938
8305194742;406939
8305215151;406940
8305235560;406941
8305255969;406942
8305276379;406943
8305296787;406944
8305317200;406945
8305337609;406946
8305358014;406947
8305378422;406948
8305398832;406949
8305419240;406950
8305439650;406951
8305460058;406952
8305480467;406953
8305500877;406954
8305521285;406955
8305541695;406956
8305562103;406957
8305582512;406958
8305602921;406959
8305623330;406960
8305643743;406961
8305664148;406962
8305684560;406963
8305704966;406964
8305725375;406965
8305745784;406966
8305766193;406967
8305786601;406968
8305807015;406969
8305827419;406970
8305847829;406971
8305868237;406972
8305888650;406973
8305909055;406974
8305929464;406975
8305949874;406976
8305970282;406977
8305990695;406978
8306011100;406979
8306031513;406980
8306051921;406981
8306072331;406982
8306092735;406983
8306113149;406984
8306133553;406985
8306153962;406986
8306174372;406987
8306194780;406988
8306215194;406989
8306235598;406990
8306256007;406991
8306276416;406992
8306296825;406993
8306317234;406994
8306337643;406995
8306358051;406996
8306378461;406997
8306398870;406998
8306419279;406999
8306439688;407000
8306460096;407001
8306480510;407002
8306500918;407003
8306521324;407004
8306541732;407005
8306562141;407006
8306582551;407007
8306602959;407008
8306623369;407009
8306643777;407010
8306664186;407011
8306684595;407012
8306705004;407013
8306725412;407014
8306745822;407015
8306766230;407016
8306786640;407017
8306807049;407018
8306827461;407019
8306847867;407020
8306868275;407021
8306888685;407022
8306909093;407023
8306929502;407024
8306949911;407025
8306970320;407026
8306990729;407027
8307011138;407028
8307031547;407029
8307051956;407030
8307072365;407031
8307092774;407032
8307113183;407033
8307133595;407034
8307154001;407035
8307174409;407036
8307194819;407037
8307215231;407038
8307235636;407039
8307256046;407040
8307276458;407041
8307296864;407042
8307317272;407043
8307337681;407044
8307358090;407045
8307378499;407046
8307398908;407047
8307419321;407048
8307439729;407049
8307460135;407050
8307480544;407051
8307500953;407052
8307521362;407053
8307541770;407054
8307562180;407055
8307582588;407056
8307602997;407057
8307623406;407058
8307643815;407059
8307664224;407060
8307684637;407061
8307705042;407062
8307725451;407063
8307745860;407064
8307766269;407065
8307786678;407066
8307807086;407067
8307827496;407068
8307847904;407069
8307868314;407070
8307888727;407071
8307909135;407072
8307929541;407073
8307949949;407074
8307970359;407075
8307990767;407076
8308011176;407077
8308031585;407078
8308051994;407079
8308072403;407080
8308092812;407081
8308113221;407082
8308133630;407083
8308154039;407084
8308174448;407085
8308194857;407086
8308215265;407087
8308235679;407088
8308256083;407089
8308276492;407090
8308296901;407091
8308317310;407092
8308337720;407093
8308358128;407094
8308378541;407095
8308398946;407096
8308419355;407097
8308439764;407098
8308460173;407099
8308480581;407100
8308500991;407101
8308521399;407102
8308541809;407103
8308562222;407104
8308582630;407105
8308603040;407106
8308623444;407107
8308643854;407108
8308664262;407109
8308684671;407110
8308705084;407111
8308725489;407112
8308745898;407113
8308766307;407114
8308786716;407115
8308807129;407116
8308827534;407117
8308847943;407118
8308868352;407119
8308888760;407120
8308909170;407121
8308929578;407122
8308949988;407123
8308970397;407124
8308990805;407125
8309011219;407126
8309031623;407127
8309052033;407128
8309072441;407129
8309092850;407130
8309113259;407131
8309133672;407132
8309154076;407133
8309174486;407134
8309194895;407135
8309215304;407136
8309235717;407137
8309256125;407138
8309276531;407139
8309296943;407140
8309317352;407141
8309337757;407142
8309358166;407143
8309378575;407144
8309398984;407145
8309419394;407146
8309439802;407147
8309460215;407148
8309480620;407149
8309501029;407150
8309521442;407151
8309541847;407152
8309562255;407153
8309582665;407154
8309603073;407155
8309623483;407156
8309643892;407157
8309664300;407158
8309684710;407159
8309705122;407160
8309725528;407161
8309745936;407162
8309766345;407163
8309786754;407164
8309807163;407165
8309827572;407166
8309847981;407167
8309868390;407168
8309888799;407169
8309909208;407170
8309929616;407171
8309950030;407172
8309970434;407173
8309990844;407174
8310011252;407175
8310031661;407176
8310052070;407177
8310072483;407178
8310092889;407179
8310113301;407180
8310133706;407181
8310154115;407182
8310174524;407183
8310194937;407184
8310215342;407185
8310235750;407186
8310256160;407187
8310276569;407188
8310296978;407189
8310317387;407190
8310337795;407191
8310358205;407192
8310378613;407193
8310399023;407194
8310419431;407195
8310439840;407196
8310460249;407197
8310480662;407198
8310501068;407199
8310521476;407200
8310541885;407201
8310562294;407202
8310582703;407203
8310603111;407204
8310623521;407205
8310643929;407206
8310664339;407207
8310684747;407208
8310705156;407209
8310725566;407210
8310745974;407211
8310766384;407212
8310786792;407213
8310807201;407214
8310827610;407215
8310848019;407216
8310868428;407217
8310888837;407218
8310909245;407219
8310929655;407220
8310950064;407221
8310970473;407222
8310990882;407223
8311011290;407224
8311031700;407225
8311052108;407226
8311072518;407227
8311092926;407228
8311113335;407229
8311133744;407230
8311154153;407231
8311174563;407232
8311194971;407233
8311215380;407234
8311235793;407235
8311256198;407236
8311276607;407237
8311297016;407238
8311317424;407239
8311337838;407240
8311358242;407241
8311378652;407242
8311399065;407243
8311419473;407244
8311439879;407245
8311460287;407246
8311480696;407247
8311501105;407248
8311521514;407249
8311541923;407250
8311562332;407251
8311582741;407252
8311603150;407253
8311623559;407254
8311643968;407255
8311664381;407256
8311684786;407257
8311705195;407258
8311725603;407259
8311746013;407260
8311766421;407261
8311786830;407262
8311807240;407263
8311827648;407264
8311848062;407265
8311868466;407266
8311888875;407267
8311909284;407268
8311929693;407269
8311950102;407270
8311970511;407271
8311990923;407272
8312011333;407273
8312031742;407274
8312052147;407275
8312072556;407276
8312092964;407277
8312113374;407278
8312133782;407279
8312154192;407280
8312174600;407281
8312195009;407282
8312215418;407283
8312235827;407284
8312256237;407285
8312276645;407286
8312297054;407287
8312317463;407288
8312337872;407289
8312358281;407290
8312378690;407291
8312399098;407292
8312419508;407293
8312439916;407294
8312460326;407295
8312480735;407296
8312501143;407297
8312521553;407298
8312541961;407299
8312562371;407300
8312582779;407301
8312603192;407302
8312623597;407303
8312644006;407304
8312664415;407305
8312684824;407306
8312705233;407307
8312725642;407308
8312746051;407309
8312766459;407310
8312786869;407311
8312807277;407312
8312827687;407313
8312848095;407314
8312868504;407315
8312888914;407316
8312909322;407317
8312929732;407318
8312950144;407319
8312970553;407320
8312990958;407321
8313011367;407322
8313031776;407323
8313052185;407324
8313072593;407325
8313093003;407326
8313113412;407327
8313133824;407328
8313154230;407329
8313174638;407330
8313195048;407331
8313215456;407332
8313235870;407333
8313256274;407334
8313276683;407335
8313297092;407336
8313317501;407337
8313337911;407338
8313358319;407339
8313378728;407340
8313399137;407341
8313419546;407342
8313439958;407343
8313460364;407344
8313480772;407345
8313501182;407346
8313521590;407347
8313542003;407348
8313562409;407349
8313582817;407350
8313603227;407351
8313623635;407352
8313644044;407353
8313664453;407354
8313684862;407355
8313705271;407356
8313725680;407357
8313746088;407358
8313766498;407359
8313786907;407360
8313807316;407361
8313827725;407362
8313848133;407363
8313868543;407364
8313888951;407365
8313909361;407366
8313929769;407367
8313950178;407368
8313970587;407369
8313991000;407370
8314011406;407371
8314031818;407372
8314052223;407373
8314072632;407374
8314093045;407375
8314113449;407376
8314133859;407377
8314154267;407378
8314174677;407379
8314195090;407380
8314215495;407381
8314235904;407382
8314256312;407383
8314276722;407384
8314297130;407385
8314317539;407386
8314337948;407387
8314358357;407388
8314378766;407389
8314399179;407390
8314419584;407391
8314439997;407392
8314460402;407393
8314480811;407394
8314501220;407395
8314521628;407396
8314542038;407397
8314562446;407398
8314582877;407399
8314603283;407400
8314623691;407401
8314644101;407402
8314664509;407403
8314684919;407404
8314705327;407405
8314725736;407406
8314746146;407407
8314766554;407408
8314786964;407409
8314807372;407410
8314827781;407411
8314848191;407412
8314868599;407413
8314889008;407414
8314909417;407415
8314929826;407416
8314950235;407417
8314970648;407418
8314991057;407419
8315011462;407420
8315031871;407421
8315052284;407422
8315072689;407423
8315093102;407424
8315113507;407425
8315133916;407426
8315154325;407427
8315174738;407428
8315195142;407429
8315215556;407430
8315235961;407431
8315256370;407432
8315276779;407433
8315297187;407434
8315317601;407435
8315338006;407436
8315358415;407437
8315378824;407438
8315399232;407439
8315419642;407440
8315440050;407441
8315460460;407442
8315480869;407443
8315501277;407444
8315521691;407445
8315542095;407446
8315562505;407447
8315582918;407448
8315603322;407449
8315623732;407450
8315644140;407451
8315664553;407452
8315684958;407453
8315705367;407454
8315725777;407455
8315746185;407456
8315766594;407457
8315787003;407458
8315807412;407459
8315827822;407460
8315848230;407461
8315868643;407462
8315889052;407463
8315909457;407464
8315929866;407465
8315950275;407466
8315970684;407467
8315991093;407468
8316011502;407469
8316031910;407470
8316052320;407471
8316072729;407472
8316093138;407473
8316113547;407474
8316133956;407475
8316154369;407476
8316174777;407477
8316195183;407478
8316215596;407479
8316236000;407480
8316256414;407481
8316276822;407482
8316297228;407483
8316317637;407484
8316338045;407485
8316358455;407486
8316378863;407487
8316399273;407488
8316419681;407489
8316440090;407490
8316460500;407491
8316480908;407492
8316501318;407493
8316521726;407494
8316542135;407495
8316562545;407496
8316582957;407497
8316603363;407498
8316623771;407499
