8261702766;404798
8261723175;404799
8261743585;404800
8261763994;404801
8261784408;404802
8261804813;404803
8261825223;404804
8261845631;404805
8261866041;404806
8261886450;404807
8261906860;404808
8261927273;404809
8261947679;404810
8261968088;404811
8261988498;404812
8262008907;404813
8262029317;404814
8262049725;404815
8262070135;404816
8262090544;404817
8262110954;404818
8262131363;404819
8262151773;404820
8262172182;404821
8262192592;404822
8262213005;404823
8262233410;404824
8262253819;404825
8262274229;404826
8262294638;404827
8262315048;404828
8262335457;404829
8262355867;404830
8262376276;404831
8262396686;404832
8262417098;404833
8262437504;404834
8262457913;404835
8262478327;404836
8262498732;404837
8262519142;404838
8262539555;404839
8262559961;404840
8262580370;404841
8262600780;404842
8262621192;404843
8262641598;404844
8262662007;404845
8262682417;404846
8262702826;404847
8262723236;404848
8262743645;404849
8262764055;404850
8262784464;404851
8262804874;404852
8262825282;404853
8262845692;404854
8262866101;404855
8262886515;404856
8262906920;404857
8262927330;404858
8262947739;404859
8262968149;404860
8262988558;404861
8263008967;404862
8263029376;404863
8263049786;404864
8263070195;404865
8263090605;404866
8263111018;404867
8263131424;404868
8263151837;404869
8263172243;404870
8263192652;404871
8263213061;404872
8263233470;404873
8263253884;404874
8263274289;404875
8263294699;404876
8263315112;404877
8263335518;404878
8263355927;404879
8263376337;404880
8263396745;404881
8263417155;404882
8263437564;404883
8263457974;404884
8263478387;404885
8263498793;404886
8263519202;404887
8263539612;404888
8263560021;404889
8263580431;404890
8263600840;404891
8263621249;404892
8263641662;404893
8263662068;404894
8263682477;404895
8263702891;404896
8263723296;404897
8263743706;404898
8263764115;404899
8263784525;404900
8263804933;404901
8263825347;404902
8263845752;404903
8263866162;404904
8263886575;404905
8263906981;404906
8263927390;404907
8263947800;404908
8263968212;404909
8263988618;404910
8264009027;404911
8264029440;404912
8264049846;404913
8264070255;404914
8264090665;404915
8264111074;404916
8264131484;404917
8264151897;404918
8264172302;404919
8264192711;404920
8264213121;404921
8264233530;404922
8264253940;404923
8264274349;404924
8264294763;404925
8264315168;404926
8264335578;404927
8264355987;404928
8264376397;404929
8264396805;404930
8264417215;404931
8264437624;404932
8264458034;404933
8264478447;404934
8264498853;404935
8264519262;404936
8264539672;404937
8264560081;404938
8264580503;404939
8264600916;404940
8264621322;404941
8264641731;404942
8264662141;404943
8264682551;404944
8264702960;404945
8264723370;404946
8264743779;404947
8264764189;404948
8264784597;404949
8264805007;404950
8264825416;404951
8264845830;404952
8264866235;404953
8264886649;404954
8264907054;404955
8264927464;404956
8264947873;404957
8264968282;404958
8264988691;404959
8265009105;404960
8265029510;404961
8265049924;404962
8265070329;404963
8265090739;404964
8265111148;404965
8265131561;404966
8265151967;404967
8265172376;404968
8265192786;404969
8265213195;404970
8265233609;404971
8265254014;404972
8265274428;404973
8265294833;404974
8265315247;404975
8265335656;404976
8265356061;404977
8265376470;404978
8265396880;404979
8265417289;404980
8265437699;404981
8265458108;404982
8265478518;404983
8265498927;404984
8265519337;404985
8265539745;404986
8265560155;404987
8265580565;404988
8265600974;404989
8265621388;404990
8265641797;404991
8265662203;404992
8265682612;404993
8265703022;404994
8265723434;404995
8265743840;404996
8265764249;404997
8265784663;404998
8265805068;404999
8265825478;405000
8265845887;405001
8265866297;405002
8265886706;405003
8265907116;405004
8265927525;405005
8265947938;405006
8265968343;405007
8265988757;405008
8266009162;405009
8266029572;405010
8266049982;405011
8266070391;405012
8266090801;405013
8266111213;405014
8266131619;405015
8266152028;405016
8266172438;405017
8266192847;405018
8266213257;405019
8266233670;405020
8266254076;405021
8266274489;405022
8266294895;405023
8266315304;405024
8266335713;405025
8266356126;405026
8266376532;405027
8266396941;405028
8266417351;405029
8266437760;405030
8266458170;405031
8266478579;405032
8266498989;405033
8266519398;405034
8266539807;405035
8266560217;405036
8266580626;405037
8266601036;405038
8266621445;405039
8266641855;405040
8266662264;405041
8266682674;405042
8266703083;405043
8266723496;405044
8266743901;405045
8266764311;405046
8266784720;405047
8266805130;405048
8266825539;405049
8266845949;405050
8266866362;405051
8266886768;405052
8266907176;405053
8266927590;405054
8266947996;405055
8266968405;405056
8266988815;405057
8267009224;405058
8267029634;405059
8267050043;405060
8267070453;405061
8267090862;405062
8267111271;405063
8267131680;405064
8267152090;405065
8267172499;405066
8267192909;405067
8267213318;405068
8267233728;405069
8267254137;405070
8267274547;405071
8267294955;405072
8267315365;405073
8267335774;405074
8267356184;405075
8267376593;405076
8267397003;405077
8267417413;405078
8267437822;405079
8267458232;405080
8267478641;405081
8267499050;405082
8267519459;405083
8267539869;405084
8267560278;405085
8267580692;405086
8267601097;405087
8267621507;405088
8267641916;405089
8267662326;405090
8267682734;405091
8267703148;405092
8267723553;405093
8267743963;405094
8267764372;405095
8267784782;405096
8267805191;405097
8267825601;405098
8267846011;405099
8267866420;405100
8267886829;405101
8267907238;405102
8267927648;405103
8267948057;405104
8267968467;405105
8267988880;405106
8268009290;405107
8268029695;405108
8268050105;405109
8268070513;405110
8268090927;405111
8268111332;405112
8268131746;405113
8268152151;405114
8268172561;405115
8268192970;405116
8268213380;405117
8268233789;405118
8268254199;405119
8268274607;405120
8268295017;405121
8268315431;405122
8268335836;405123
8268356246;405124
8268376659;405125
8268397065;405126
8268417474;405127
8268437884;405128
8268458296;405129
8268478702;405130
8268499111;405131
8268519521;405132
8268539930;405133
8268560340;405134
8268580749;405135
8268601159;405136
8268621568;405137
8268641981;405138
8268662390;405139
8268682796;405140
8268703209;405141
8268723619;405142
8268744028;405143
8268764434;405144
8268784844;405145
8268805253;405146
8268825663;405147
8268846071;405148
8268866481;405149
8268886890;405150
8268907300;405151
8268927709;405152
8268948119;405153
8268968528;405154
8268988938;405155
8269009351;405156
8269029757;405157
8269050165;405158
8269070575;405159
8269090984;405160
8269111394;405161
8269131803;405162
8269152213;405163
8269172622;405164
8269193032;405165
8269213442;405166
8269233850;405167
8269254260;405168
8269274673;405169
8269295079;405170
8269315488;405171
8269335902;405172
8269356307;405173
8269376717;405174
8269397130;405175
8269417535;405176
8269437944;405177
8269458354;405178
8269478763;405179
8269499173;405180
8269519582;405181
8269539992;405182
8269560401;405183
8269580811;405184
8269601220;405185
8269621629;405186
8269642038;405187
8269662448;405188
8269682858;405189
8269703267;405190
8269723677;405191
8269744086;405192
8269764496;405193
8269784905;405194
8269805315;405195
8269825723;405196
8269846133;405197
8269866542;405198
8269886956;405199
8269907361;405200
8269927771;405201
8269948180;405202
8269968594;405203
8269988999;405204
8270009408;405205
8270029817;405206
8270050227;405207
8270070636;405208
8270091046;405209
8270111455;405210
8270131865;405211
8270152275;405212
8270172688;405213
8270193093;405214
8270213502;405215
8270233916;405216
8270254321;405217
8270274731;405218
8270295140;405219
8270315554;405220
8270335959;405221
8270356369;405222
8270376778;405223
8270397188;405224
8270417596;405225
8270438006;405226
8270458415;405227
8270478825;405228
8270499234;405229
8270519648;405230
8270540053;405231
8270560463;405232
8270580873;405233
8270601281;405234
8270621691;405235
8270642100;405236
8270662510;405237
8270682919;405238
8270703329;405239
8270723738;405240
8270744148;405241
8270764557;405242
8270784966;405243
8270805379;405244
8270825785;405245
8270846194;405246
8270866604;405247
8270887013;405248
8270907423;405249
8270927832;405250
8270948246;405251
8270968651;405252
8270989060;405253
8271009469;405254
8271029879;405255
8271050289;405256
8271070698;405257
8271091108;405258
8271111517;405259
8271131927;405260
8271152336;405261
8271172745;405262
8271193154;405263
8271213568;405264
8271233973;405265
8271254383;405266
8271274792;405267
8271295202;405268
8271315611;405269
8271336025;405270
8271356433;405271
8271376839;405272
8271397248;405273
8271417658;405274
8271438067;405275
8271458477;405276
8271478886;405277
8271499296;405278
8271519706;405279
8271540115;405280
8271560525;405281
8271580933;405282
8271601343;405283
8271621752;405284
8271642162;405285
8271662571;405286
8271682985;405287
8271703390;405288
8271723800;405289
8271744209;405290
8271764619;405291
8271785027;405292
8271805437;405293
8271825846;405294
8271846256;405295
8271866665;405296
8271887079;405297
8271907484;405298
8271927894;405299
8271948304;405300
8271968712;405301
8271989122;405302
8272009531;405303
8272029941;405304
8272050350;405305
8272070760;405306
8272091169;405307
8272111579;405308
8272131988;405309
8272152401;405310
8272172806;405311
8272193216;405312
8272213629;405313
8272234035;405314
8272254444;405315
8272274854;405316
8272295263;405317
8272315673;405318
8272336081;405319
8272356491;405320
8272376900;405321
8272397310;405322
8272417720;405323
8272438129;405324
8272458539;405325
8272478948;405326
8272499358;405327
8272519767;405328
8272540180;405329
8272560589;405330
8272580995;405331
8272601404;405332
8272621818;405333
8272642223;405334
8272662633;405335
8272683042;405336
8272703452;405337
8272723860;405338
8272744270;405339
8272764679;405340
8272785089;405341
8272805498;405342
8272825908;405343
8272846318;405344
8272866731;405345
8272887137;405346
8272907546;405347
8272927955;405348
8272948364;405349
8272968774;405350
8272989183;405351
8273009593;405352
8273030002;405353
8273050412;405354
8273070821;405355
8273091231;405356
8273111640;405357
8273132053;405358
8273152458;405359
8273172872;405360
8273193277;405361
8273213687;405362
8273234100;405363
8273254506;405364
8273274919;405365
8273295325;405366
8273315734;405367
8273336143;405368
8273356553;405369
8273376962;405370
8273397372;405371
8273417785;405372
8273438191;405373
8273458600;405374
8273479010;405375
8273499419;405376
8273519828;405377
8273540237;405378
8273560647;405379
8273581060;405380
8273601466;405381
8273621875;405382
8273642285;405383
8273662694;405384
8273683108;405385
8273703512;405386
8273723922;405387
8273744331;405388
8273764741;405389
8273785151;405390
8273805564;405391
8273825970;405392
8273846379;405393
8273866789;405394
8273887197;405395
8273907607;405396
8273928016;405397
8273948430;405398
8273968835;405399
8273989245;405400
8274009654;405401
8274030064;405402
8274050473;405403
8274070883;405404
8274091291;405405
8274111705;405406
8274132110;405407
8274152520;405408
8274172929;405409
8274193339;405410
8274213749;405411
8274234158;405412
8274254568;405413
8274274977;405414
8274295386;405415
8274315795;405416
8274336205;405417
8274356614;405418
8274377028;405419
8274397433;405420
8274417843;405421
8274438252;405422
8274458662;405423
8274479074;405424
8274499480;405425
8274519893;405426
8274540299;405427
8274560712;405428
8274581168;405429
8274601574;405430
8274621983;405431
8274642397;405432
8274662802;405433
8274683211;405434
8274703621;405435
8274724030;405436
8274744440;405437
8274764854;405438
8274785259;405439
8274805673;405440
8274826078;405441
8274846491;405442
8274866898;405443
8274887306;405444
8274907716;405445
8274928129;405446
8274948535;405447
8274968949;405448
8274989354;405449
8275009768;405450
8275030178;405451
8275050583;405452
8275070996;405453
8275091401;405454
8275111811;405455
8275132221;405456
8275152630;405457
8275173040;405458
8275193449;405459
8275213859;405460
8275234273;405461
8275254677;405462
8275275087;405463
8275295497;405464
8275315906;405465
8275336316;405466
8275356725;405467
8275377135;405468
8275397545;405469
8275417954;405470
8275438364;405471
8275458776;405472
8275479182;405473
8275499592;405474
8275520001;405475
8275540411;405476
8275560821;405477
8275581230;405478
8275601640;405479
8275622049;405480
8275642459;405481
8275662868;405482
8275683277;405483
8275703687;405484
8275724097;405485
8275744506;405486
8275764916;405487
8275785329;405488
8275805735;405489
8275826145;405490
8275846557;405491
8275866963;405492
8275887372;405493
8275907782;405494
8275928196;405495
8275948601;405496
8275969011;405497
8275989421;405498
8276009830;405499
8276030240;405500
8276050648;405501
8276071062;405502
8276091468;405503
8276111877;405504
8276132287;405505
8276152696;405506
8276173106;405507
8276193516;405508
8276213925;405509
8276234334;405510
8276254744;405511
8276275153;405512
8276295563;405513
8276315976;405514
8276336382;405515
8276356792;405516
8276377201;405517
8276397611;405518
8276418019;405519
8276438429;405520
8276458839;405521
8276479248;405522
8276499658;405523
8276520068;405524
8276540477;405525
8276560887;405526
8276581296;405527
8276601706;405528
8276622115;405529
8276642524;405530
8276662938;405531
8276683343;405532
8276703753;405533
8276724163;405534
8276744572;405535
8276764982;405536
8276785392;405537
8276805801;405538
8276826210;405539
8276846623;405540
8276867033;405541
8276887439;405542
8276907848;405543
8276928258;405544
8276948667;405545
8276969081;405546
8276989487;405547
8277009896;405548
8277030309;405549
8277050715;405550
8277071124;405551
8277091534;405552
8277111943;405553
8277132353;405554
8277152763;405555
8277173172;405556
8277193582;405557
8277213990;405558
8277234400;405559
8277254810;405560
8277275219;405561
8277295629;405562
8277316039;405563
8277336448;405564
8277356862;405565
8277377267;405566
8277397677;405567
8277418086;405568
8277438495;405569
8277458905;405570
8277479319;405571
8277499724;405572
8277520134;405573
8277540543;405574
8277560953;405575
8277581366;405576
8277601775;405577
8277622181;405578
8277642590;405579
8277663000;405580
8277683410;405581
8277703819;405582
8277724233;405583
8277744639;405584
8277765051;405585
8277785457;405586
8277805866;405587
8277826276;405588
8277846686;405589
8277867095;405590
8277887505;405591
8277907914;405592
8277928324;405593
8277948737;405594
8277969142;405595
8277989556;405596
8278009962;405597
8278030371;405598
8278050781;405599
8278071190;405600
8278091600;405601
8278112014;405602
8278132423;405603
8278152829;405604
8278173237;405605
8278193647;405606
8278214057;405607
8278234466;405608
8278254876;405609
8278275290;405610
8278295695;405611
8278316105;405612
8278336514;405613
8278356924;405614
8278377333;405615
8278397742;405616
8278418156;405617
8278438561;405618
8278458971;405619
8278479381;405620
8278499790;405621
8278520200;405622
8278540610;405623
8278561019;405624
8278581432;405625
8278601837;405626
8278622247;405627
8278642661;405628
8278663070;405629
8278683480;405630
8278703885;405631
8278724299;405632
8278744708;405633
8278765117;405634
8278785523;405635
8278805933;405636
8278826342;405637
8278846756;405638
8278867161;405639
8278887575;405640
8278907981;405641
8278928390;405642
8278948803;405643
8278969208;405644
8278989618;405645
8279010028;405646
8279030437;405647
8279050847;405648
8279071257;405649
8279091666;405650
8279112076;405651
8279132485;405652
8279152895;405653
8279173304;405654
8279193713;405655
8279214123;405656
8279234533;405657
8279254946;405658
8279275352;405659
8279295765;405660
8279316171;405661
8279336580;405662
8279356993;405663
8279377399;405664
8279397808;405665
8279418218;405666
8279438628;405667
8279459037;405668
8279479447;405669
8279499857;405670
8279520265;405671
8279540675;405672
8279561084;405673
8279581494;405674
8279601908;405675
8279622313;405676
8279642723;405677
8279663132;405678
8279683542;405679
8279703952;405680
8279724364;405681
8279744770;405682
8279765180;405683
8279785589;405684
8279805999;405685
8279826408;405686
8279846818;405687
8279867232;405688
8279887637;405689
8279908047;405690
8279928455;405691
8279948865;405692
8279969275;405693
8279989684;405694
8280010094;405695
8280030504;405696
8280050913;405697
8280071327;405698
8280091732;405699
8280112142;405700
8280132551;405701
8280152960;405702
8280173370;405703
8280193783;405704
8280214189;405705
8280234599;405706
8280255008;405707
8280275422;405708
8280295828;405709
8280316236;405710
8280336646;405711
8280357055;405712
8280377465;405713
8280397875;405714
8280418284;405715
8280438694;405716
8280459103;405717
8280479517;405718
8280499923;405719
8280520331;405720
8280540741;405721
8280561151;405722
8280581564;405723
8280601974;405724
8280622379;405725
8280642789;405726
8280663199;405727
8280683611;405728
8280704017;405729
8280724427;405730
8280744836;405731
8280765250;405732
8280785655;405733
8280806065;405734
8280826475;405735
8280846884;405736
8280867294;405737
8280887703;405738
8280908112;405739
8280928522;405740
8280948931;405741
8280969341;405742
8280989751;405743
8281010160;405744
8281030570;405745
8281050979;405746
8281071389;405747
8281091802;405748
8281112207;405749
8281132617;405750
8281153026;405751
8281173436;405752
8281193850;405753
8281214255;405754
8281234665;405755
8281255075;405756
8281275483;405757
8281295893;405758
8281316302;405759
8281336712;405760
8281357122;405761
8281377531;405762
8281397941;405763
8281418350;405764
8281438764;405765
8281459170;405766
8281479579;405767
8281499988;405768
8281520398;405769
8281540807;405770
8281561217;405771
8281581630;405772
8281602036;405773
8281622446;405774
8281642859;405775
8281663264;405776
8281683673;405777
8281704083;405778
8281724493;405779
8281744902;405780
8281765312;405781
8281785722;405782
8281806131;405783
8281826541;405784
8281846950;405785
8281867359;405786
8281887769;405787
8281908178;405788
8281928588;405789
8281948997;405790
8281969407;405791
8281989817;405792
8282010230;405793
8282030640;405794
8282051046;405795
8282071454;405796
8282091868;405797
8282112277;405798
8282132683;405799
8282153093;405800
8282173502;405801
8282193912;405802
8282214321;405803
8282234735;405804
8282255141;405805
8282275549;405806
8282295963;405807
8282316373;405808
8282336778;405809
8282357188;405810
8282377601;405811
8282398007;405812
8282418417;405813
8282438829;405814
8282459235;405815
8282479645;405816
8282500054;405817
8282520464;405818
8282540873;405819
8282561283;405820
8282581693;405821
8282602102;405822
8282622512;405823
8282642921;405824
8282663330;405825
8282683740;405826
8282704153;405827
8282724563;405828
8282744969;405829
8282765378;405830
8282785788;405831
8282806197;405832
8282826607;405833
8282847016;405834
8282867429;405835
8282887835;405836
8282908244;405837
8282928654;405838
8282949064;405839
8282969473;405840
8282989887;405841
8283010293;405842
8283030701;405843
8283051111;405844
8283071520;405845
8283091930;405846
8283112340;405847
8283132749;405848
8283153159;405849
8283173568;405850
8283193978;405851
8283214388;405852
8283234796;405853
8283255206;405854
8283275620;405855
8283296025;405856
8283316435;405857
8283336844;405858
8283357254;405859
8283377664;405860
8283398073;405861
8283418482;405862
8283438891;405863
8283459305;405864
8283479711;405865
8283500120;405866
8283520530;405867
8283540940;405868
8283561349;405869
8283581759;405870
8283602168;405871
8283622577;405872
8283642987;405873
8283663396;405874
8283683806;405875
8283704215;405876
8283724625;405877
8283745035;405878
8283765444;405879
8283785854;405880
8283806263;405881
8283826672;405882
8283847082;405883
8283867491;405884
8283887901;405885
8283908311;405886
8283928720;405887
8283949130;405888
8283969539;405889
8283989949;405890
8284010362;405891
8284030767;405892
8284051177;405893
8284071587;405894
8284091996;405895
8284112406;405896
8284132815;405897
8284153225;405898
8284173635;405899
8284194043;405900
8284214453;405901
8284234863;405902
8284255276;405903
8284275682;405904
8284296091;405905
8284316505;405906
8284336911;405907
8284357320;405908
8284377730;405909
8284398138;405910
8284418548;405911
8284438958;405912
8284459371;405913
8284479777;405914
8284500187;405915
8284520596;405916
8284541006;405917
8284561415;405918
8284581771;405919
8284602179;405920
8284622593;405921
8284642998;405922
8284663408;405923
8284683817;405924
8284704227;405925
8284724636;405926
8284745046;405927
8284765455;405928
8284785864;405929
8284806273;405930
8284826683;405931
8284847092;405932
8284867502;405933
8284887911;405934
8284908321;405935
8284928731;405936
8284949140;405937
8284969550;405938
8284989958;405939
8285010368;405940
8285030781;405941
8285051187;405942
8285071600;405943
8285092006;405944
8285112415;405945
8285132825;405946
8285153234;405947
8285173643;405948
8285194056;405949
8285214462;405950
8285234875;405951
8285255285;405952
8285275690;405953
8285296104;405954
8285316509;405955
8285336919;405956
8285357331;405957
8285377737;405958
8285398146;405959
8285418556;405960
8285438965;405961
8285459375;405962
8285479784;405963
8285500194;405964
8285520603;405965
8285541013;405966
8285561421;405967
8285581831;405968
8285602240;405969
8285622650;405970
8285643059;405971
8285663469;405972
8285683878;405973
8285704288;405974
8285724697;405975
8285745106;405976
8285765515;405977
8285785925;405978
8285806334;405979
8285826744;405980
8285847157;405981
8285867567;405982
8285887972;405983
8285908382;405984
8285928791;405985
8285949201;405986
8285969609;405987
8285990019;405988
8286010428;405989
8286030838;405990
8286051247;405991
8286071657;405992
8286092070;405993
8286112476;405994
8286132885;405995
8286153294;405996
8286173703;405997
8286194113;405998
8286214526;405999
8286234932;406000
8286255341;406001
8286275751;406002
8286296160;406003
8286316570;406004
8286336982;406005
8286357388;406006
8286377797;406007
8286398211;406008
8286418616;406009
8286439026;406010
8286459435;406011
8286479845;406012
8286500258;406013
8286520667;406014
8286541072;406015
8286561486;406016
8286581891;406017
8286602301;406018
8286622711;406019
8286643120;406020
8286663534;406021
8286683939;406022
8286704349;406023
8286724757;406024
8286745167;406025
8286765576;406026
8286785986;406027
8286806399;406028
8286826805;406029
8286847214;406030
8286867624;406031
8286888033;406032
8286908443;406033
8286928851;406034
8286949261;406035
8286969670;406036
8286990080;406037
8287010489;406038
8287030899;406039
8287051308;406040
8287071718;406041
8287092127;406042
8287112536;406043
8287132949;406044
8287153355;406045
8287173764;406046
8287194178;406047
8287214583;406048
8287234993;406049
8287255402;406050
8287275812;406051
8287296220;406052
8287316631;406053
8287337039;406054
8287357449;406055
8287377858;406056
8287398268;406057
8287418677;406058
8287439087;406059
8287459496;406060
8287479906;406061
8287500315;406062
8287520724;406063
8287541133;406064
8287561543;406065
8287581952;406066
8287602362;406067
8287622771;406068
8287643181;406069
8287663590;406070
8287684003;406071
8287704412;406072
8287724818;406073
8287745227;406074
8287765637;406075
8287786046;406076
8287806456;406077
8287826865;406078
8287847275;406079
8287867684;406080
8287888093;406081
8287908502;406082
8287928912;406083
8287949321;406084
8287969731;406085
8287990144;406086
8288010550;406087
8288030959;406088
8288051369;406089
8288071778;406090
8288092187;406091
8288112596;406092
8288133006;406093
8288153415;406094
8288173825;406095
8288194234;406096
8288214644;406097
8288235053;406098
8288255463;406099
8288275872;406100
8288296281;406101
8288316691;406102
8288337100;406103
8288357510;406104
8288377919;406105
8288398329;406106
8288418738;406107
8288439148;406108
8288459557;406109
8288479966;406110
8288500379;406111
8288520785;406112
8288541194;406113
8288561604;406114
8288582013;406115
8288602427;406116
8288622832;406117
8288643242;406118
8288663650;406119
8288684064;406120
8288704469;406121
8288724879;406122
8288745288;406123
8288765698;406124
8288786107;406125
8288806517;406126
8288826926;406127
8288847340;406128
8288867744;406129
8288888154;406130
8288908563;406131
8288928973;406132
8288949382;406133
8288969792;406134
8288990205;406135
8289010615;406136
8289031020;406137
8289051429;406138
8289071838;406139
8289092248;406140
8289112661;406141
8289133067;406142
8289153480;406143
8289173886;406144
8289194295;406145
8289214709;406146
8289235114;406147
8289255523;406148
8289275932;406149
8289296346;406150
8289316751;406151
8289337161;406152
8289357570;406153
8289377980;406154
8289398389;406155
8289418803;406156
8289439207;406157
8289459617;406158
8289480026;406159
8289500436;406160
8289520845;406161
8289541255;406162
8289561664;406163
8289582074;406164
8289602483;406165
8289622893;406166
8289643305;406167
8289663711;406168
8289684120;406169
8289704530;406170
8289724943;406171
8289745349;406172
8289765758;406173
8289786168;406174
8289806580;406175
8289826987;406176
8289847395;406177
8289867805;406178
8289888214;406179
8289908624;406180
8289929034;406181
8289949443;406182
8289969853;406183
8289990262;406184
8290010676;406185
8290031084;406186
8290051490;406187
8290071903;406188
8290092309;406189
8290112718;406190
8290133132;406191
8290153537;406192
8290173947;406193
8290194356;406194
8290214766;406195
8290235174;406196
8290255584;406197
8290275993;406198
8290296403;406199
8290316812;406200
8290337222;406201
8290357631;406202
8290378041;406203
8290398450;406204
8290418859;406205
8290439268;406206
8290459678;406207
8290480087;406208
8290500497;406209
8290520906;406210
8290541316;406211
8290561725;406212
8290582135;406213
8290602547;406214
8290622957;406215
8290643362;406216
8290663776;406217
8290684181;406218
8290704595;406219
8290725000;406220
8290745410;406221
8290765819;406222
8290786229;406223
8290806638;406224
8290827047;406225
8290847456;406226
8290867866;406227
8290888279;406228
8290908685;406229
8290929094;406230
8290949504;406231
8290969913;406232
8290990326;406233
8291010731;406234
8291031141;406235
8291051550;406236
8291071960;406237
8291092369;406238
8291112779;406239
8291133188;406240
8291153598;406241
8291174007;406242
8291194416;406243
8291214829;406244
8291235235;406245
8291255644;406246
8291276054;406247
8291296467;406248
8291316873;406249
8291337282;406250
8291357692;406251
8291378100;406252
8291398514;406253
8291418919;406254
8291439329;406255
8291459742;406256
8291480148;406257
8291500557;406258
8291520967;406259
8291541376;406260
8291561786;406261
8291582194;406262
8291602608;406263
8291623018;406264
8291643423;406265
8291663833;406266
8291684242;406267
8291704652;406268
8291725061;406269
8291745475;406270
8291765880;406271
8291786289;406272
8291806698;406273
8291827112;406274
8291847517;406275
8291867927;406276
8291888336;406277
8291908746;406278
8291929159;406279
8291949565;406280
8291969974;406281
8291990383;406282
8292010796;406283
8292031202;406284
8292051611;406285
8292072021;406286
8292092430;406287
8292112840;406288
8292133249;406289
8292153659;406290
8292174067;406291
8292194477;406292
8292214886;406293
8292235300;406294
8292255705;406295
8292276115;406296
8292296524;406297
8292316934;406298
8292337343;406299
8292357756;406300
8292378161;406301
8292398575;406302
8292418980;406303
8292439390;406304
8292459803;406305
8292480209;406306
8292500622;406307
8292521028;406308
8292541437;406309
8292561847;406310
8292582255;406311
8292602669;406312
8292623074;406313
8292643484;406314
8292663897;406315
8292684303;406316
8292704712;406317
8292725122;406318
8292745534;406319
8292765940;406320
8292786349;406321
8292806763;406322
8292827168;406323
8292847578;406324
8292867991;406325
8292888397;406326
8292908806;406327
8292929216;406328
8292949624;406329
8292970034;406330
8292990443;406331
8293010853;406332
8293031266;406333
8293051672;406334
8293072081;406335
8293092491;406336
8293112900;406337
8293133313;406338
8293153722;406339
8293174128;406340
8293194537;406341
8293214947;406342
8293235356;406343
8293255766;406344
8293276176;406345
8293296585;406346
8293316995;406347
8293337403;406348
8293357813;406349
8293378222;406350
8293398632;406351
8293419045;406352
8293439451;406353
8293459860;406354
8293480274;406355
8293500679;406356
8293521089;406357
8293541497;406358
8293561907;406359
8293582316;406360
8293602726;406361
8293623135;406362
8293643545;406363
8293663954;406364
8293684364;406365
8293704773;406366
8293725182;406367
8293745591;406368
8293766001;406369
8293786410;406370
8293806824;406371
8293827229;406372
8293847639;406373
8293868048;406374
8293888458;406375
8293908867;406376
8293929276;406377
8293949685;406378
8293970095;406379
8293990504;406380
8294010914;406381
8294031327;406382
8294051733;406383
8294072142;406384
8294092552;406385
8294112961;406386
8294133374;406387
8294153779;406388
8294174189;406389
8294194598;406390
8294215008;406391
8294235421;406392
8294255827;406393
8294276236;406394
8294296649;406395
8294317058;406396
8294337464;406397
8294357877;406398
8294378283;406399
8294398692;406400
8294419102;406401
8294439511;406402
8294459925;406403
8294480330;406404
8294500740;406405
8294521148;406406
8294541558;406407
8294561967;406408
8294582413;406409
8294602823;406410
8294623232;406411
8294643646;406412
8294664051;406413
8294684461;406414
8294704869;406415
8294725279;406416
8294745689;406417
8294766098;406418
8294786508;406419
8294806917;406420
8294827327;406421
8294847736;406422
8294868146;406423
8294888559;406424
8294908964;406425
8294929374;406426
8294949783;406427
8294970193;406428
8294990607;406429
8295011012;406430
8295031422;406431
8295051831;406432
8295072241;406433
8295092649;406434
8295113059;406435
8295133469;406436
8295153878;406437
8295174288;406438
8295194697;406439
8295215107;406440
8295235517;406441
8295255926;406442
8295276339;406443
8295296744;406444
8295317154;406445
8295337563;406446
8295357973;406447
8295378383;406448
8295398792;406449
8295419202;406450
8295439611;406451
8295460021;406452
8295480429;406453
8295500839;406454
8295521249;406455
8295541662;406456
8295562068;406457
8295582481;406458
8295602891;406459
8295623297;406460
8295643706;406461
8295664119;406462
8295684528;406463
8295704934;406464
8295725343;406465
8295745753;406466
8295766163;406467
8295786572;406468
8295806982;406469
8295827391;406470
8295847801;406471
8295868209;406472
8295888619;406473
8295909033;406474
8295929438;406475
8295949848;406476
8295970257;406477
8295990667;406478
8296011077;406479
8296031486;406480
8296051895;406481
8296072304;406482
8296092714;406483
8296113127;406484
8296133537;406485
8296153947;406486
8296174352;406487
8296194762;406488
8296215175;406489
8296235581;406490
8296255993;406491
8296276399;406492
8296296809;406493
8296317218;406494
8296337628;406495
8296358041;406496
8296378447;406497
8296398857;406498
8296419266;406499
8296439675;406500
8296460084;406501
8296480494;406502
8296500903;406503
8296521313;406504
8296541727;406505
8296562132;406506
8296582542;406507
8296602951;406508
8296623361;406509
8296643773;406510
8296664179;406511
8296684589;406512
8296705002;406513
8296725408;406514
8296745817;406515
8296766227;406516
8296786637;406517
8296807046;406518
8296827456;406519
8296847864;406520
8296868274;406521
8296888687;406522
8296909093;406523
8296929503;406524
8296949912;406525
8296970322;406526
8296990731;406527
8297011144;406528
8297031554;406529
8297051963;406530
8297072369;406531
8297092778;406532
8297113188;406533
8297133597;406534
8297154011;406535
8297174417;406536
8297194826;406537
8297215236;406538
8297235644;406539
8297256054;406540
8297276463;406541
8297296877;406542
8297317287;406543
8297337692;406544
8297358102;406545
8297378511;406546
8297398921;406547
8297419331;406548
8297439739;406549
8297460149;406550
8297480558;406551
8297500968;406552
8297521381;406553
8297541787;406554
8297562201;406555
8297582606;406556
8297603016;406557
8297623424;406558
8297643834;406559
8297664243;406560
8297684653;406561
8297705063;406562
8297725472;406563
8297745882;406564
8297766291;406565
8297786701;406566
8297807110;406567
8297827519;406568
8297847929;406569
8297868338;406570
8297888748;406571
8297909157;406572
8297929567;406573
8297949977;406574
8297970390;406575
8297990796;406576
8298011204;406577
8298031614;406578
8298052023;406579
8298072433;406580
8298092843;406581
8298113252;406582
8298133662;406583
8298154075;406584
8298174481;406585
8298194891;406586
8298215299;406587
8298235709;406588
8298256122;406589
8298276528;406590
8298296937;406591
8298317347;406592
8298337761;406593
8298358166;406594
8298378575;406595
8298398984;406596
8298419394;406597
8298439803;406598
8298460213;406599
8298480623;406600
8298501036;406601
8298521442;406602
8298541851;406603
8298562261;406604
8298582670;406605
8298603079;406606
8298623489;406607
8298643898;406608
8298664308;406609
8298684717;406610
8298705131;406611
8298725537;406612
8298745946;406613
8298766356;406614
8298786764;406615
8298807174;406616
8298827584;406617
8298847993;406618
8298868403;406619
8298888816;406620
8298909222;406621
8298929631;406622
8298950041;406623
8298970450;406624
8298990859;406625
8299011269;406626
8299031678;406627
8299052088;406628
8299072497;406629
8299092907;406630
8299113321;406631
8299133726;406632
8299154139;406633
8299174544;406634
8299194954;406635
8299215364;406636
8299235773;406637
8299256187;406638
8299276596;406639
8299297002;406640
8299317411;406641
8299337821;406642
8299358231;406643
8299378639;406644
8299399049;406645
8299419458;406646
8299439868;406647
8299460281;406648
8299480687;406649
8299501097;406650
8299521506;406651
8299541916;406652
8299562324;406653
8299582734;406654
8299603144;406655
8299623553;406656
8299643963;406657
8299664372;406658
8299684782;406659
8299705191;406660
8299725601;406661
8299746010;406662
8299766419;406663
8299786829;406664
8299807238;406665
8299827648;406666
8299848057;406667
8299868467;406668
8299888877;406669
8299909286;406670
8299929696;406671
8299950104;406672
8299970514;406673
8299990924;406674
8300011337;406675
8300031743;406676
8300052152;406677
8300072562;406678
8300092971;406679
8300113381;406680
8300133794;406681
8300154199;406682
8300174609;406683
8300195018;406684
8300215428;406685
8300235838;406686
8300256247;406687
8300276657;406688
8300297066;406689
8300317476;406690
8300337884;406691
8300358294;406692
8300378704;406693
8300399113;406694
8300419527;406695
8300439932;406696
8300460342;406697
8300480751;406698
8300501161;406699
8300521571;406700
8300541979;406701
8300562393;406702
8300582798;406703
8300603208;406704
8300623618;406705
8300644027;406706
8300664437;406707
8300684846;406708
8300705256;406709
8300725668;406710
8300746074;406711
8300766488;406712
8300786893;406713
8300807303;406714
8300827712;406715
8300848122;406716
8300868531;406717
8300888941;406718
8300909354;406719
8300929759;406720
8300950169;406721
8300970578;406722
8300990992;406723
8301011398;406724
8301031807;406725
8301052217;406726
8301072626;406727
8301093036;406728
8301113445;406729
8301133854;406730
8301154264;406731
8301174673;406732
8301195083;406733
8301215496;406734
8301235902;406735
8301256311;406736
8301276721;406737
8301297131;406738
8301317539;406739
8301337949;406740
8301358362;406741
8301378768;406742
8301399182;406743
8301419587;406744
8301439997;406745
8301460406;406746
8301480820;406747
8301501224;406748
8301521634;406749
8301542044;406750
8301562453;406751
8301582863;406752
8301603276;406753
8301623682;406754
8301644095;406755
8301664501;406756
8301684911;406757
8301705319;406758
8301725733;406759
8301746138;406760
8301766548;406761
8301786958;406762
8301807367;406763
8301827777;406764
8301848190;406765
8301868596;406766
8301889004;406767
8301909414;406768
8301929824;406769
8301950233;406770
8301970643;406771
8301991052;406772
8302011462;406773
8302031872;406774
8302052281;406775
8302072691;406776
8302093099;406777
8302113509;406778
8302133922;406779
8302154328;406780
8302174738;406781
8302195147;406782
8302215557;406783
8302235966;406784
8302256376;406785
8302276784;406786
8302297194;406787
8302317608;406788
8302338013;406789
8302358427;406790
8302378832;406791
8302399242;406792
8302419656;406793
8302440065;406794
8302460470;406795
8302480879;406796
8302501289;406797
8302521698;406798
8302542108;406799
8302562518;406800
8302582927;406801
8302603337;406802
8302623746;406803
8302644155;406804
8302664564;406805
8302684974;406806
8302705384;406807
8302725793;406808
8302746207;406809
8302766612;406810
8302787022;406811
8302807432;406812
8302827841;406813
8302848251;406814
8302868659;406815
8302889069;406816
8302909478;406817
8302929888;406818
8302950298;406819
8302970707;406820
8302991117;406821
8303011526;406822
8303031936;406823
8303052344;406824
8303072754;406825
8303093164;406826
8303113573;406827
8303133983;406828
8303154392;406829
8303174802;406830
8303195212;406831
8303215621;406832
8303236034;406833
8303256439;406834
8303276849;406835
8303297258;406836
8303317668;406837
8303338078;406838
8303358487;406839
8303378897;406840
8303399306;406841
8303419716;406842
8303440125;406843
8303460534;406844
8303480944;406845
8303501357;406846
8303521767;406847
8303542172;406848
8303562582;406849
8303582992;406850
8303603404;406851
8303623811;406852
8303644219;406853
8303664629;406854
8303685038;406855
8303705448;406856
8303725858;406857
8303746267;406858
8303766677;406859
8303787086;406860
8303807496;406861
8303827906;406862
8303848318;406863
8303868728;406864
8303889133;406865
8303909543;406866
8303929952;406867
8303950366;406868
8303970772;406869
8303991181;406870
8304011594;406871
8304031999;406872
8304052409;406873
8304072822;406874
8304093232;406875
8304113638;406876
8304134047;406877
8304154457;406878
8304174870;406879
8304195276;406880
8304215686;406881
8304236098;406882
8304256504;406883
8304276913;406884
8304297323;406885
8304317732;406886
8304338142;406887
8304358552;406888
8304378961;406889
8304399370;406890
8304419779;406891
8304440189;406892
8304460598;406893
8304481008;406894
8304501418;406895
8304521827;406896
8304542237;406897
8304562650;406898
8304583040;406899
8304603449;406900
8304623858;406901
8304644268;406902
8304664677;406903
8304685087;406904
8304705500;406905
8304725906;406906
8304746315;406907
8304766725;406908
8304787134;406909
8304807543;406910
8304827952;406911
8304848362;406912
8304868772;406913
8304889181;406914
8304909595;406915
8304930004;406916
8304950410;406917
8304970823;406918
8304991229;406919
8305011637;406920
8305032047;406921
8305052457;406922
8305072866;406923
8305093276;406924
8305113685;406925
8305134095;406926
8305154504;406927
8305174914;406928
8305195323;406929
8305215732;406930
8305236141;406931
8305256551;406932
8305276961;406933
8305297370;406934
8305317780;406935
8305338189;406936
8305358599;406937
8305379007;406938
8305399417;406939
8305419826;406940
8305440236;406941
8305460645;406942
8305481055;406943
8305501465;406944
8305521878;406945
8305542284;406946
8305562692;406947
8305583102;406948
8305603511;406949
8305623921;406950
8305644330;406951
8305664740;406952
8305685149;406953
8305705559;406954
8305725973;406955
8305746378;406956
8305766788;406957
8305787200;406958
8305807606;406959
8305828019;406960
8305848425;406961
8305868834;406962
8305889244;406963
8305909657;406964
8305930063;406965
8305950473;406966
8305970881;406967
8305991291;406968
8306011700;406969
8306032110;406970
8306052519;406971
8306072929;406972
8306093338;406973
8306113748;406974
8306134157;406975
8306154566;406976
8306174980;406977
8306195385;406978
8306215795;406979
8306236204;406980
8306256614;406981
8306277023;406982
8306297433;406983
8306317842;406984
8306338252;406985
8306358662;406986
8306379070;406987
8306399480;406988
8306419889;406989
8306440299;406990
8306460708;406991
8306481118;406992
8306501527;406993
8306521937;406994
8306542345;406995
8306562755;406996
8306583165;406997
8306603574;406998
8306623984;406999
8306644397;407000
8306664803;407001
8306685216;407002
8306705622;407003
8306726031;407004
8306746441;407005
8306766849;407006
8306787259;407007
8306807669;407008
8306828078;407009
8306848488;407010
8306868897;407011
8306889307;407012
8306909716;407013
8306930126;407014
8306950534;407015
8306970944;407016
8306991353;407017
8307011763;407018
8307032173;407019
8307052582;407020
8307072992;407021
8307093401;407022
8307113811;407023
8307134220;407024
8307154629;407025
8307175042;407026
8307195448;407027
8307215857;407028
8307236267;407029
8307256677;407030
8307277086;407031
8307297496;407032
8307317905;407033
8307338314;407034
8307358723;407035
8307379133;407036
8307399542;407037
8307419952;407038
8307440362;407039
8307460771;407040
8307481181;407041
8307501590;407042
8307521999;407043
8307542408;407044
8307562818;407045
8307583227;407046
8307603637;407047
8307624046;407048
8307644456;407049
8307664866;407050
8307685275;407051
8307705685;407052
8307726093;407053
8307746507;407054
8307766912;407055
8307787322;407056
8307807735;407057
8307828141;407058
8307848550;407059
8307868960;407060
8307889374;407061
8307909778;407062
8307930188;407063
8307950601;407064
8307971007;407065
8307991416;407066
8308011826;407067
8308032235;407068
8308052645;407069
8308073054;407070
8308093464;407071
8308113873;407072
8308134282;407073
8308154692;407074
8308175101;407075
8308195511;407076
8308215920;407077
8308236330;407078
8308256739;407079
8308277152;407080
8308297558;407081
8308317967;407082
8308338377;407083
8308358786;407084
8308379196;407085
8308399605;407086
8308420019;407087
8308440424;407088
8308460838;407089
8308481243;407090
8308501652;407091
8308522061;407092
8308542475;407093
8308562881;407094
8308583290;407095
8308603700;407096
8308624109;407097
8308644519;407098
8308664932;407099
8308685338;407100
8308705746;407101
8308726156;407102
8308746570;407103
8308766975;407104
8308787385;407105
8308807794;407106
8308828204;407107
8308848613;407108
8308869026;407109
8308889432;407110
8308909841;407111
8308930250;407112
8308950660;407113
8308971070;407114
8308991479;407115
8309011889;407116
8309032298;407117
8309052708;407118
8309073116;407119
8309093526;407120
8309113935;407121
8309134345;407122
8309154754;407123
8309175164;407124
8309195574;407125
8309215983;407126
8309236393;407127
8309256802;407128
8309277211;407129
8309297620;407130
8309318030;407131
8309338443;407132
8309358853;407133
8309379258;407134
8309399668;407135
8309420078;407136
8309440491;407137
8309460897;407138
8309481305;407139
8309501715;407140
8309522124;407141
8309542534;407142
8309562947;407143
8309583353;407144
8309603766;407145
8309624172;407146
8309644582;407147
8309664990;407148
8309685400;407149
8309705809;407150
8309726219;407151
8309746628;407152
8309767038;407153
8309787451;407154
8309807857;407155
8309828270;407156
8309848675;407157
8309869085;407158
8309889494;407159
8309909904;407160
8309930313;407161
8309950723;407162
8309971132;407163
8309991542;407164
8310011951;407165
8310032365;407166
8310052771;407167
8310073179;407168
8310093589;407169
8310113998;407170
8310134408;407171
8310154817;407172
8310175227;407173
8310195640;407174
8310216046;407175
8310236458;407176
8310256864;407177
8310277274;407178
8310297683;407179
8310318093;407180
8310338502;407181
8310358912;407182
8310379325;407183
8310399731;407184
8310420140;407185
8310440549;407186
8310460962;407187
8310481368;407188
8310501778;407189
8310522187;407190
8310542597;407191
8310563006;407192
8310583416;407193
8310603825;407194
8310624234;407195
8310644643;407196
8310665053;407197
8310685462;407198
8310705872;407199
8310726282;407200
8310746695;407201
8310767101;407202
8310787514;407203
8310807920;407204
8310828328;407205
8310848738;407206
8310869147;407207
8310889561;407208
8310909966;407209
8310930380;407210
8310950786;407211
8310971195;407212
8310991605;407213
8311012014;407214
8311032423;407215
8311052832;407216
8311073242;407217
8311093651;407218
8311114065;407219
8311134470;407220
8311154884;407221
8311175290;407222
8311195702;407223
8311216108;407224
8311236517;407225
8311256927;407226
8311277336;407227
8311297746;407228
8311318155;407229
8311338565;407230
8311358975;407231
8311379384;407232
8311399794;407233
8311420202;407234
8311440612;407235
8311461021;407236
8311481431;407237
8311501840;407238
8311522250;407239
8311542659;407240
8311563069;407241
8311583479;407242
8311603888;407243
8311624301;407244
8311644706;407245
8311665120;407246
8311685525;407247
8311705935;407248
8311726344;407249
8311746758;407250
8311767167;407251
8311787576;407252
8311807982;407253
8311828391;407254
8311848801;407255
8311869210;407256
8311889620;407257
8311910029;407258
8311930439;407259
8311950848;407260
8311971258;407261
8311991667;407262
8312012076;407263
8312032486;407264
8312052895;407265
8312073305;407266
8312093714;407267
8312114124;407268
8312134533;407269
8312154943;407270
8312175355;407271
8312195762;407272
8312216170;407273
8312236580;407274
8312256994;407275
8312277399;407276
8312297809;407277
8312318218;407278
8312338628;407279
8312359037;407280
8312379447;407281
8312399855;407282
8312420269;407283
8312440679;407284
8312461084;407285
8312481494;407286
8312501903;407287
8312522317;407288
8312542722;407289
8312563135;407290
8312583540;407291
8312603954;407292
8312624359;407293
8312644769;407294
8312665179;407295
8312685592;407296
8312705998;407297
8312726407;407298
8312746817;407299
8312767226;407300
8312787635;407301
8312808044;407302
8312828454;407303
8312848863;407304
8312869273;407305
8312889683;407306
8312910092;407307
8312930502;407308
8312950911;407309
8312971320;407310
8312991729;407311
8313012139;407312
8313032548;407313
8313052958;407314
8313073367;407315
8313093777;407316
8313114191;407317
8313134600;407318
8313155006;407319
8313175414;407320
8313195824;407321
8313216233;407322
8313236643;407323
8313257052;407324
8313277462;407325
8313297871;407326
8313318281;407327
8313338691;407328
8313359099;407329
8313379513;407330
8313399922;407331
8313420328;407332
8313440737;407333
8313461147;407334
8313481556;407335
8313501966;407336
8313522375;407337
8313542785;407338
8313563194;407339
8313583607;407340
8313604013;407341
8313624422;407342
8313644832;407343
8313665245;407344
8313685651;407345
8313706064;407346
8313726470;407347
8313746879;407348
8313767288;407349
8313787698;407350
8313808107;407351
8313828517;407352
8313848930;407353
8313869340;407354
8313889745;407355
8313910155;407356
8313930564;407357
8313950973;407358
8313971383;407359
8313991796;407360
8314012202;407361
8314032611;407362
8314053021;407363
8314073430;407364
8314093840;407365
8314114249;407366
8314134662;407367
8314155067;407368
8314175481;407369
8314195887;407370
8314216296;407371
8314236710;407372
8314257115;407373
8314277525;407374
8314297934;407375
8314318344;407376
8314338752;407377
8314359162;407378
8314379571;407379
8314399981;407380
8314420391;407381
8314440800;407382
8314461214;407383
8314481623;407384
8314502032;407385
8314522437;407386
8314542851;407387
8314563256;407388
8314583684;407389
8314604094;407390
8314624503;407391
8314644913;407392
8314665322;407393
8314685732;407394
8314706141;407395
8314726550;407396
8314746960;407397
8314767369;407398
8314787779;407399
8314808188;407400
8314828598;407401
8314849012;407402
8314869417;407403
8314889827;407404
8314910235;407405
8314930645;407406
8314951054;407407
8314971464;407408
8314991874;407409
8315012283;407410
8315032697;407411
8315053102;407412
8315073512;407413
8315093922;407414
8315114330;407415
8315134740;407416
8315155149;407417
8315175559;407418
8315195968;407419
8315216378;407420
8315236788;407421
8315257197;407422
8315277607;407423
8315298019;407424
8315318425;407425
8315338835;407426
8315359244;407427
8315379654;407428
8315400063;407429
8315420473;407430
8315440882;407431
8315461292;407432
8315481702;407433
8315502114;407434
8315522520;407435
8315542929;407436
8315563339;407437
8315583749;407438
8315604158;407439
8315624568;407440
8315644977;407441
8315665387;407442
8315685795;407443
8315706209;407444
8315726615;407445
8315747024;407446
8315767434;407447
8315787843;407448
8315808253;407449
8315828663;407450
8315849072;407451
8315869482;407452
8315889894;407453
8315910300;407454
8315930709;407455
8315951119;407456
8315971529;407457
8315991938;407458
8316012348;407459
8316032757;407460
8316053167;407461
8316073576;407462
8316093985;407463
8316114399;407464
8316134804;407465
8316155214;407466
8316175623;407467
8316196033;407468
8316216443;407469
8316236852;407470
8316257262;407471
8316277671;407472
8316298080;407473
8316318490;407474
8316338899;407475
8316359309;407476
8316379718;407477
8316400132;407478
8316420537;407479
8316440947;407480
8316461357;407481
8316481765;407482
8316502179;407483
8316522584;407484
8316542994;407485
8316563404;407486
8316583813;407487
8316604227;407488
8316624632;407489
